0.0525888951787526	0.0535674992544948	-0.0318754637428181	-0.0311424382834063	0.0167754997008144	0.00156153896812069	0.0209253022246423	0.00520882957310433	0.00351327094221365	0.0293646280268881	-0.0391559633537785	-0.031859750466466	-0.0118311569228657	-0.00552324876838908	-0.0220706028165642	-0.010046839514743
0.0525908188257597	0.0535803305527962	-0.0318886051715738	-0.0310793379118249	0.016778764452489	0.00157544315015592	0.0209185310430564	0.00522072209813858	0.00347992353647036	0.029390199819529	-0.0391818229251293	-0.0318551893136131	-0.0118599222209957	-0.00553178573778698	-0.0220812184981964	-0.010056851699275
0.0525625173263272	0.0535807510449888	-0.0319224052001423	-0.0309796756742508	0.016755201522881	0.00157608715979304	0.0209132965439017	0.00521763336645166	0.00346391549648827	0.0294063559398181	-0.0391914383661972	-0.0318462751585275	-0.0118685988887964	-0.00552215632687883	-0.0220932926311544	-0.0100519161547024
0.0525437097303521	0.0535893690394603	-0.0319464654560644	-0.0308767556699223	0.0167524424794248	0.00159094129096762	0.0209110962940569	0.00522900062549122	0.00342639949040406	0.0294460875625715	-0.0392337599973393	-0.0318387747512787	-0.0118896416592171	-0.00551291248356253	-0.0221321720936504	-0.0100585644016939
0.0525028004500628	0.053570453875715	-0.0319803786403392	-0.0307835991869687	0.0167244972109195	0.00156985800801015	0.0208884930924765	0.00520840908091176	0.00341177586159418	0.0294843705128873	-0.0392297646230179	-0.0318048503911317	-0.0118993702559913	-0.0055009375364706	-0.0221181407860685	-0.0100436166725894
0.052495889570074	0.0535650182108603	-0.0319730291073655	-0.0307526238601057	0.0167390216538634	0.00158040384044097	0.0208922663463374	0.00521432810224033	0.0034139174381098	0.0294724304903961	-0.0392451021106663	-0.031817483317701	-0.0118869468770262	-0.00549825951808805	-0.022151694945448	-0.0100481359159214
0.0524730279264483	0.0535433412096907	-0.0319816973932621	-0.0307390074567804	0.0167254583359311	0.00156283956025118	0.0208837768743964	0.00520179296455299	0.00342630449549013	0.0294755415738275	-0.0392295858090622	-0.0318036657486756	-0.0118760126830355	-0.00548602892291891	-0.022141923042169	-0.0100341618846848
0.0524976260212214	0.0535588421444705	-0.0319635366008921	-0.0307518708857144	0.0167525598260832	0.00158238616077735	0.0209008424312881	0.00521821032085542	0.00341929722360339	0.0294394546824044	-0.0392385376827166	-0.0318234358666463	-0.0118857021642568	-0.0055067154624123	-0.0221503608257009	-0.0100490593223643
0.0525143912265469	0.0535604081635664	-0.0319436197995984	-0.0307979811375417	0.0167605854993266	0.00157413976405737	0.0209037719067957	0.00520953924099079	0.00343389430971673	0.0294194512681009	-0.0392205878349349	-0.0318300952895099	-0.0118847396422612	-0.00551826991731166	-0.0221308687075518	-0.0100500190503918
0.0525003752857894	0.0535298295801675	-0.0319302325016537	-0.0308895352798146	0.0167577677825412	0.00155686046860939	0.0209012894661772	0.00519415984382151	0.00349062164016028	0.0293983721760955	-0.0391880003885031	-0.0318399314540543	-0.0118251065850385	-0.0054983112064971	-0.0221329041132813	-0.0100252547145194
0.0525499500580072	0.0535579019742193	-0.0318920347673636	-0.0309559213578309	0.0167945126534417	0.00158390468241628	0.0209157943513446	0.00521642078431496	0.00347452698716843	0.0293679724066523	-0.0391954449163908	-0.0318579707088138	-0.0118484655549783	-0.00552759338871758	-0.0221289045480078	-0.0100546486554621
0.0525753611974849	0.0535530041482156	-0.0318611474504945	-0.0310822115079715	0.0168081667753359	0.00157587761218877	0.0209275485749601	0.00521856375781462	0.00351701485940991	0.029324808394141	-0.0391627918117096	-0.0318725468401667	-0.0118243061131902	-0.00553832502002419	-0.0221092601585996	-0.0100497564173945
0.0526024794514453	0.0535583741548209	-0.0318315481528995	-0.0311852698137188	0.0168216281134341	0.00157731371177002	0.0209474472154614	0.00522661597375464	0.00353570650571066	0.0292922251386613	-0.0391476987962662	-0.0318906014617504	-0.0118126329146484	-0.00554846712407078	-0.0220955976548013	-0.0100499743469029
0.0526170667586704	0.0535654512759091	-0.0318283155318577	-0.0312298699258113	0.0168185128390506	0.00157325966411944	0.0209475058887906	0.0052204385103808	0.00354139781864259	0.0292898027683559	-0.0391375594861876	-0.0318947002128899	-0.0118158152442652	-0.00554802847108585	-0.0220752659492512	-0.0100438807025708
0.0526020184467159	0.0535536439669006	-0.0318338420006743	-0.0312477569093116	0.0167962672653815	0.00154694607295943	0.0209370396844494	0.00519662831459979	0.00355527266401323	0.0293194355935676	-0.0391200189547263	-0.0318719517249706	-0.011805494326263	-0.0055355617856159	-0.0220486729612855	-0.0100439533457402
0.0526211096304488	0.0535778537001137	-0.0318384660178084	-0.0312294033331458	0.0168022156233747	0.00155991287871157	0.0209446644232767	0.00520601884123907	0.00352505589947771	0.0293248251579493	-0.0391373611144556	-0.0318683950036341	-0.0118341464686866	-0.00555310511104526	-0.0220356838037889	-0.0100650953020269
0.0526276586915742	0.0535906612496866	-0.0318527040790265	-0.0311968591932188	0.0168043613908424	0.00158181758827777	0.0209473242808669	0.00522407905075896	0.00350858266381415	0.029336492768555	-0.0391653007950247	-0.0318796155793507	-0.0118418801722682	-0.00555303805581189	-0.0220644728506473	-0.0100671069590279
0.0525934758893819	0.0535769973489043	-0.0318863280876074	-0.0311227477935252	0.0167720337834398	0.001563370414182	0.0209305758393497	0.00520540835921864	0.00349554461187656	0.0293808316446342	-0.0391629161432882	-0.0318510793866014	-0.0118505149305481	-0.00553006744743198	-0.0220648374634787	-0.0100497466385062
0.0525773421208372	0.0535740064060994	-0.0319008301788068	-0.0310651655088562	0.0167653324510553	0.00156733086390267	0.0209276743035226	0.00521316860549672	0.00347983552647656	0.0294008853503627	-0.0391823803217566	-0.0318466719019916	-0.011852477693108	-0.00552648697736704	-0.0220807924180677	-0.0100507706277991
0.0525613815783121	0.0535840856458647	-0.0319408411983658	-0.0309258484826503	0.0167476284724627	0.00157497376352236	0.0209219061564691	0.00521868808939315	0.00343291781788085	0.0294295165380259	-0.0392060745678633	-0.0318323905342687	-0.0118979648900586	-0.00552934939764135	-0.022078692751073	-0.0100599362400098
0.0525372291214441	0.0535818602503074	-0.0319650607104672	-0.0308195785106216	0.0167401057134695	0.00158385718495932	0.020913064644553	0.00522222944390529	0.00341412977968213	0.029457354238761	-0.0392422969667371	-0.0318301902844239	-0.01189940797456	-0.00551762730465857	-0.0221264486500858	-0.0100492199755275
0.0525379751109153	0.0535919716207053	-0.0319735236397116	-0.0307758054130739	0.0167548438949697	0.00160302101186168	0.0209190632939712	0.00523497832014898	0.00339569797241067	0.0294632411294569	-0.0392597900007415	-0.0318328864635988	-0.011911335424195	-0.00552007761464449	-0.0221594090912532	-0.0100679647072214
0.0525040758964808	0.0535637944528514	-0.0319877086155365	-0.0307642635310308	0.016739787201111	0.00158409746621221	0.0209110250478715	0.00522669420486023	0.00341568881385789	0.0294689268544527	-0.0392450741709857	-0.0318255243577688	-0.0118898470158693	-0.005500220883664	-0.022160630055294	-0.0100408213075484
0.0524761795224165	0.0535358310235537	-0.0319894534485881	-0.0307686011664392	0.0167329014668347	0.00156561117656364	0.0209090790491198	0.00521162773211333	0.00343734625725105	0.029467763166757	-0.0392312174864075	-0.0318183061412938	-0.0118649262177856	-0.00548475487348496	-0.0221534341905635	-0.0100256458700473
0.0524955347361308	0.0535499112255765	-0.0319677289499615	-0.030778705551917	0.0167561905875731	0.00157379051805025	0.0209221087191532	0.00521978472185549	0.00342623604327274	0.0294365140310245	-0.0392326717467811	-0.0318276505674601	-0.0118839042458122	-0.00551173482602654	-0.0221363812065281	-0.0100412934881501
0.0524943920031955	0.0535350445215457	-0.0319478833948533	-0.0308394156838257	0.0167542431918375	0.00155836502040804	0.0209168085617493	0.00520710848878127	0.00345721276711973	0.0294235248735279	-0.0392069476828811	-0.031830246163785	-0.0118596330453018	-0.00551030710834946	-0.0221170497415423	-0.0100352166076263
0.0525185821786323	0.0535446837113421	-0.031928230623541	-0.0308853205790008	0.016765804631657	0.00156331034386877	0.0209213068503209	0.00521138325990835	0.00346642727377144	0.0293853760336788	-0.0391905359145148	-0.0318410588201653	-0.0118615720591333	-0.00552581363106533	-0.0221005038627093	-0.0100438387930499
0.0525550602255833	0.0535533785399352	-0.0318946359516246	-0.030983757661582	0.0167915985447584	0.00156880887300478	0.0209307616382255	0.00521907226000097	0.00347943598904443	0.0293644548008686	-0.0391889489406584	-0.0318566379860506	-0.0118509996840059	-0.00553562604688121	-0.0221037895691442	-0.0100481750314742
0.0525660475049672	0.0535400918248405	-0.03186603549761	-0.0311093171890756	0.0167931533879821	0.00155377872184261	0.020939178466997	0.00520656785596226	0.0035359537718837	0.0293206579545925	-0.0391488373382494	-0.0318713999162793	-0.0118071106367839	-0.00553009259314449	-0.022089002493203	-0.010033633824722
0.0526122276059958	0.0535648813064255	-0.0318283267077299	-0.0312029696013593	0.0168252518900039	0.00157867996214985	0.0209557425066224	0.00522907745961278	0.00354259363697096	0.029283622511014	-0.0391492382726655	-0.0319018862987323	-0.0118080256613226	-0.00555432048715001	-0.0220939855352325	-0.0100533243146031
0.0526303171521803	0.0535798416083862	-0.0318239387808965	-0.0312410052855021	0.0168268905522693	0.00158398431050591	0.0209563529886428	0.00523127491548954	0.0035383984939335	0.0292867810919024	-0.0391442692004763	-0.0319051873719916	-0.0118235531387989	-0.00555932029298786	-0.0220815286286507	-0.010055038414006
0.0526291492735325	0.0535755444855147	-0.0318325274387035	-0.0312598086905251	0.0168174078246841	0.0015673713764395	0.0209584931681744	0.00521937819950321	0.00353991282462035	0.0293049921756973	-0.039133747116774	-0.0318885409103085	-0.0118250786453579	-0.00555852121812358	-0.0220573049255973	-0.0100567203827763
0.0526143761674316	0.0535705614434852	-0.0318468311581708	-0.0312458374532565	0.0167967785615359	0.001559884939031	0.0209482574661979	0.00521137767197223	0.00354335639025049	0.0293293793258821	-0.0391403171326598	-0.0318793082428644	-0.0118145942802244	-0.00554267243432074	-0.022058957557703	-0.0100454537065868
0.0526078354882104	0.0535786835086266	-0.0318679675265214	-0.0311808078467319	0.0167807383909212	0.0015665764925273	0.020937313493319	0.00521274951028818	0.00351517922239652	0.0293523429493419	-0.039150389387505	-0.0318643241921752	-0.0118451407329906	-0.00554145705821598	-0.0220527130390958	-0.0100486192723953
0.0525842739555864	0.05357698198208	-0.0318973405127037	-0.0310925212501015	0.0167588308873869	0.00155211211989666	0.0209221115131213	0.00520014033244733	0.00349362934677355	0.0293936461791272	-0.0391631103240681	-0.0318396283085201	-0.0118576381521092	-0.00552905463401135	-0.0220561356499655	-0.01004629748494
0.0525897641028183	0.0535938268154951	-0.0319050378947005	-0.0310292965469416	0.0167747816510238	0.00158042339821737	0.0209282722126868	0.00522373539268796	0.0034724538628702	0.0293871110878421	-0.0391966686743997	-0.0318564452022547	-0.011868084798674	-0.0055384731003312	-0.0220963101166558	-0.0100600521896842
0.0525334558675833	0.053569570981809	-0.0319549535310213	-0.0309114399893808	0.0167355054450638	0.00156285073612341	0.0209111912889709	0.00520634154454965	0.00345184136353032	0.0294521728249994	-0.03920679820559	-0.0318276826980928	-0.011871128826872	-0.00550774364265724	-0.0221043609356118	-0.0100388222234037
0.0525241924664906	0.0535821005315602	-0.031970944807195	-0.0308158066537448	0.016746760945381	0.00158608677146873	0.0209185352340085	0.00522472725134817	0.00341575586909125	0.0294636965462502	-0.039246415275653	-0.0318289888781594	-0.0118925962804373	-0.00551524125593797	-0.0221390829736391	-0.010052779490832
0.0525130668856879	0.0535819273055407	-0.0319841938037209	-0.0307528585534225	0.0167394351611358	0.00158430421984842	0.0209119917608192	0.00522444226660636	0.00339501903817284	0.029472575776735	-0.0392505671121856	-0.0318190814674296	-0.0119116120270326	-0.00551619679301343	-0.0221370880804465	-0.0100511645772951
0.0524875356055839	0.0535577818335929	-0.0319924248336166	-0.0307343121934607	0.0167300641922729	0.00157238515211763	0.020904028951857	0.00521314904772032	0.00341358774987909	0.0294729501684547	-0.0392397768075498	-0.0318146390582191	-0.0118886847251576	-0.00550138317437568	-0.0221439333021859	-0.0100363286069129
0.0524993792361771	0.053561422373971	-0.0319723781128082	-0.0307506317608812	0.0167584257620186	0.00159162721012559	0.0209216616842641	0.00522839014347078	0.0034185023396912	0.0294419678566716	-0.0392503519766452	-0.0318381782390986	-0.0118809091120552	-0.00551222656440456	-0.0221708252447337	-0.0100458755957634
0.0525013629534975	0.0535539065998979	-0.0319535858836574	-0.0307966148871618	0.0167623540811067	0.00158125041276221	0.0209238912707736	0.00522183549440926	0.00343622168510814	0.0294255337365608	-0.0392305315672495	-0.0318407319259026	-0.0118702082143972	-0.00551138278605137	-0.0221577103586746	-0.0100455906110216
0.0524964846852701	0.0535323539303069	-0.0319434214278664	-0.0308641897985864	0.0167529831122438	0.00155931776351544	0.0209160849240225	0.00520240624054149	0.00347262708888973	0.0294137711310412	-0.0391922709686781	-0.0318344119701579	-0.0118504325084904	-0.00550890733035295	-0.0221211931961707	-0.0100312016755285
0.0525414005157531	0.0535595671791812	-0.0319154035161917	-0.0309103573267588	0.0167822974250969	0.00157937845416408	0.0209294847948235	0.00521906946603292	0.00346881611646009	0.029370956364537	-0.0391978924324086	-0.0318616922742656	-0.0118636982688246	-0.00553355012861492	-0.0221184327557305	-0.0100499436132543
0.0525546076027581	0.0535463545042401	-0.0318787941527419	-0.0310401343490344	0.0167975161691029	0.00156520465421136	0.0209315383613453	0.00520333104396832	0.00351322623872474	0.0293473054249353	-0.0391691061795182	-0.0318657854374689	-0.0118250996001184	-0.00552930609113647	-0.0221104336251835	-0.0100404245640844
0.0525905925143471	0.0535587136219399	-0.0318490230261115	-0.0311299450552398	0.0168090482722578	0.00156028587344716	0.0209386448190981	0.00520359786791776	0.00352945220821526	0.0293060650594312	-0.0391406091023218	-0.0318733193723344	-0.0118321417966058	-0.00555322385468767	-0.0220660444576793	-0.0100520935716741
0.0526089195478165	0.0535626908354689	-0.0318288407978524	-0.0312061211973275	0.0168111702909971	0.00156314549975341	0.0209439854890389	0.00520321649127799	0.00355394832315425	0.0292862823686042	-0.0391313568771013	-0.0318870223886695	-0.0118088973793563	-0.0055521747196823	-0.0220681245668977	-0.0100508209192241
0.0526371972985205	0.0535822961093242	-0.0318179080008457	-0.0312353097816181	0.0168217007566036	0.00157760987238405	0.0209483915766646	0.00521448456445152	0.00353926602101517	0.0292898614416851	-0.039138953676248	-0.0318925628273264	-0.0118304640187876	-0.00556451008865358	-0.0220669818339624	-0.010064117413207
0.0526213946151906	0.0535731318940976	-0.0318351188440763	-0.031235600354296	0.016792218805667	0.00155720272969636	0.0209358075445363	0.00519646905842054	0.00354916784380887	0.0293167952937538	-0.0391247826702634	-0.0318753296323514	-0.011823266757073	-0.00555024967569109	-0.0220466417465081	-0.0100511981049118
0.0526139305295265	0.0535743849887711	-0.0318534235258011	-0.0312020489888846	0.0167799490949451	0.00156055688834868	0.0209284552175945	0.00519854916763892	0.00353265130164043	0.0293410036299829	-0.0391361806629515	-0.0318650687846623	-0.0118324742788046	-0.00554533089492689	-0.0220448075064787	-0.0100501461759384
0.052621957599754	0.053598482963262	-0.031865200101161	-0.0311273690166913	0.0167864785982941	0.00158485602853966	0.0209345600377989	0.00522416706075276	0.00349452201956773	0.029344247426897	-0.0391724100467455	-0.0318733808396317	-0.0118618416770508	-0.00555183245859533	-0.0220753148436922	-0.0100619227512983
0.052599468950864	0.0535901206168676	-0.0318908179942749	-0.0310802766850921	0.0167697790512179	0.00157213509197653	0.0209212579558799	0.00521363659514625	0.00348182343474906	0.0293912056480295	-0.0391760785268043	-0.031848215569343	-0.0118667395030546	-0.00553764189483427	-0.0220816655330855	-0.0100579916382422
0.052561820231297	0.0535804562813588	-0.03192936078362	-0.0309702697807872	0.0167382547096318	0.00156656112570299	0.0209109901232708	0.00520667682071648	0.00346981216607239	0.0294095256965787	-0.0391808701820219	-0.0318377856865866	-0.0118724699315393	-0.00552748023301127	-0.0220831714818682	-0.0100426890751945
0.0525412650083023	0.0535843538667981	-0.031956755640418	-0.0308636882813201	0.0167344185914896	0.00157714188273453	0.0209086739237516	0.00521774931612603	0.00342987798063493	0.0294554669133385	-0.039222458396549	-0.0318263108597768	-0.0118934051341897	-0.00551256323755541	-0.0221159754608244	-0.0100577904725421
0.0525115804946817	0.0535747635714428	-0.0319871330581168	-0.0307740144795495	0.0167223696042442	0.0015712843287032	0.020895194424861	0.00520876251787096	0.00341704668233355	0.0294784431096546	-0.0392359825989285	-0.0318138399833548	-0.0118958875748083	-0.00549584552968688	-0.0221397814656534	-0.0100369600436938
0.0524640578920016	0.0535404061462469	-0.0319994516632797	-0.030722742371737	0.0167043289525007	0.00154535351116699	0.0208894919360568	0.00518826317423739	0.00343000790014957	0.0294912255135149	-0.0392239825061241	-0.0317979283352707	-0.0118757067435332	-0.00548277255314858	-0.0221332575502405	-0.0100172933025412
0.0525189426005116	0.0535890547180539	-0.0319764628941075	-0.030699910064776	0.0167542292219972	0.0015968854580087	0.0209106702139282	0.00522627231568364	0.00338788603772354	0.0294409676161072	-0.039260896412092	-0.0318322047353929	-0.0119198849664491	-0.00552666020338657	-0.022148892595487	-0.010059996310323
0.0525044027907434	0.0535655071552702	-0.0319680698140645	-0.0307679152472812	0.0167573025868598	0.00158724068027623	0.0209074627385989	0.00522384715141024	0.00342790683617077	0.0294385424518338	-0.0392356054132408	-0.0318329758705766	-0.0118806241273134	-0.00551017579185079	-0.0221633877017662	-0.0100534584250699
0.0524791662742694	0.0535316428654364	-0.0319636232139019	-0.0308023383307264	0.0167366258262546	0.00155107416076352	0.0208970677804432	0.00519279918137779	0.00345816970117923	0.0294383175374052	-0.0391975864929064	-0.0318143135609405	-0.0118645099165451	-0.00549989538638537	-0.022118752665073	-0.0100238437606506
0.0525152685325168	0.0535489696583414	-0.0319265821823874	-0.0308685847103399	0.0167683918460777	0.0015723348606926	0.0209208765792402	0.00521522217201855	0.00346577348524612	0.0293834481957195	-0.0392022091130566	-0.0318441936523251	-0.0118584036993568	-0.00552523807364561	-0.0221219224218336	-0.0100431514769079
0.0525539663870891	0.0535667909835924	-0.0318976073366532	-0.0309341577436516	0.0167971431743673	0.00158959739233224	0.0209348087009559	0.00523326701471412	0.0034632100195539	0.0293552696308815	-0.0392021127211586	-0.031868438310139	-0.0118647669616064	-0.00554248663544496	-0.0221283303875721	-0.0100561532072608
0.0525819773138436	0.053562548343098	-0.0318654389854299	-0.0310706556560881	0.0168127041794603	0.00157605642614441	0.0209418983949004	0.0052161721211579	0.00351035403956223	0.0293164488417147	-0.0391637529367212	-0.0318767489681243	-0.0118373818836965	-0.00554800332537334	-0.022105102734131	-0.0100510751703173
0.0525875289283727	0.0535486539399509	-0.0318484656294841	-0.031170604275388	0.0168091809857405	0.00155666349386138	0.02094168325936	0.0051996625639096	0.00354717574458429	0.0293017274240228	-0.0391288758334667	-0.0318788416501989	-0.0118130101003361	-0.00554106590268802	-0.022072214936133	-0.0100391980121074
0.0526228027750913	0.0535715002167523	-0.0318302908672739	-0.0312227033977453	0.0168265287334059	0.001575888788061	0.020951453765655	0.00521598213133003	0.0035436022594395	0.029282686531715	-0.0391364726326135	-0.0318958485337613	-0.0118170976756034	-0.0055605985333739	-0.0220725027148429	-0.0100549308462359
0.0525855019045474	0.0535402566689559	-0.0318438541852062	-0.0312535222623971	0.0167858974529383	0.00153729151633877	0.0209353870523437	0.00518464917655577	0.00357226138678329	0.0293207557434745	-0.0391084393541145	-0.0318678823104957	-0.0117905396122384	-0.00552695496701658	-0.0220473304596341	-0.0100234777508352
0.052620284012888	0.0535782127250091	-0.0318326755190105	-0.0312303630611733	0.0168081849361283	0.0015696149327892	0.0209474597883177	0.00521294927900425	0.00353710488672315	0.0293073027872804	-0.0391414500867069	-0.0318839951242799	-0.0118208234320072	-0.00555574121990695	-0.0220617445408397	-0.0100543203642154
0.0526312042370384	0.0535955031963293	-0.0318448222951379	-0.0311936712756659	0.0168093821514406	0.00158520667153081	0.0209460194977843	0.00522787046541219	0.00350654027316454	0.0293207264068099	-0.0391574413628806	-0.031883021426412	-0.0118510751211435	-0.00556095895525324	-0.0220687504157424	-0.0100627120472744
0.0526018326478401	0.0535878127992526	-0.0318772560733266	-0.0311160674159011	0.016782446902388	0.00157608576280901	0.0209304836384039	0.00521781078342328	0.00348928332946102	0.0293576277399215	-0.0391645059111125	-0.0318580782765839	-0.0118617606519771	-0.00554506826192954	-0.0220712105046166	-0.0100494365080519
0.0525961078072915	0.0535933755896539	-0.0318937768064471	-0.0310603473109421	0.016778666663607	0.00157952513748707	0.0209256528676334	0.00521854559702225	0.00347137678818426	0.0293795296555197	-0.0391818983622668	-0.031852582541416	-0.0118717099722278	-0.00554238884656296	-0.0220873289063369	-0.0100527473601994
0.05254684735648	0.0535775086450587	-0.0319402209374572	-0.0309481387598084	0.0167436889775025	0.00157000608831717	0.020914390382396	0.00520665726294008	0.00345998019248011	0.0294196314790406	-0.0391884222776797	-0.0318311444245153	-0.0118716848265153	-0.0055202354738397	-0.0221008712695088	-0.0100379924148908
0.0525210324886182	0.0535776888559984	-0.0319694556222207	-0.030831818884679	0.0167344144005375	0.0015759530493263	0.0209069933519653	0.00521495115711703	0.00342283299017941	0.0294606259753556	-0.0392239378026352	-0.0318191401407588	-0.0118922023309412	-0.00551350620177463	-0.022122484009413	-0.0100419472766754
0.0524895318957605	0.0535626391470598	-0.031996128238276	-0.0307516948657268	0.0167176436072759	0.00155891403513122	0.020892345974427	0.00519824741908877	0.00341317005165458	0.0294845800604916	-0.0392245482846556	-0.0317962142358678	-0.0118981772316309	-0.0055005938783996	-0.0221174171483418	-0.0100322983079908
0.0524878750727028	0.0535617422833135	-0.0319876597210955	-0.030714392598199	0.0167317894675481	0.00156885776744578	0.0209003451049739	0.00520756530255858	0.00340795930122844	0.0294656900424588	-0.0392359281165514	-0.0318079963991638	-0.011899945813411	-0.00551284542832916	-0.0221319485762058	-0.0100411076892743
0.0524972516295018	0.0535642792063092	-0.0319786631439523	-0.030724506762565	0.0167547782367203	0.00158576686212621	0.0209059889204489	0.00522033932451478	0.00341136794225787	0.0294417848517638	-0.0392478751239628	-0.0318250843077999	-0.0118913739194124	-0.00551372832223515	-0.0221577089616905	-0.010042616432025
0.0524885609918607	0.0535463125947192	-0.0319690477028844	-0.0307658085953663	0.0167538660061498	0.00157233765466066	0.0209048978759227	0.00520999465778406	0.00344078702891314	0.0294310825571218	-0.0392255638920443	-0.03182744940176	-0.0118675427688709	-0.00550359879104481	-0.0221563860178156	-0.0100324421973458
0.0525000148639101	0.0535438189782284	-0.0319456803510404	-0.030819599465382	0.0167641128839985	0.00156401023286703	0.0209123060822256	0.00521232901809561	0.00345393963354106	0.0294077794665431	-0.0392069574617693	-0.0318332957799191	-0.0118674882864938	-0.00551876584664177	-0.0221283471513804	-0.0100381768167826
0.0525418894601631	0.0535647723416713	-0.0319110253682465	-0.0308854155739147	0.0167974938173585	0.00159388194234752	0.0209362769311699	0.0052428042246764	0.00345535757232994	0.0293530721750047	-0.03921150743875	-0.0318645784432684	-0.0118710100832296	-0.00554450527736608	-0.0221369204423631	-0.010060585837583
0.0525378284275923	0.0535419358437581	-0.0319016530023996	-0.0309732956481928	0.0167854979155061	0.00156326703736389	0.0209306289247428	0.00522070533433024	0.00348766282798801	0.0293600976076838	-0.0391772799330687	-0.0318505569145747	-0.0118534793306565	-0.00553298714405145	-0.0221007259831698	-0.0100376459628518
0.0525666118865146	0.0535416173313996	-0.031856999804914	-0.0310966381620333	0.0168084028656367	0.00156458020235064	0.0209466048340922	0.00522262199641728	0.00353052788591717	0.0293047043969875	-0.0391545985003827	-0.0318780327964464	-0.0118211419443657	-0.00554443682514869	-0.0220942272134694	-0.0100395961525555
0.0526204027565304	0.0535706201168144	-0.031827840557288	-0.0311776506628276	0.016833158819605	0.00158280944693797	0.0209584414797654	0.0052342574763903	0.00352864056049473	0.0292668531147364	-0.0391472769070896	-0.0318961474883434	-0.0118354791914498	-0.00557348152008433	-0.0220752603613151	-0.0100620470828768
0.0526281643997925	0.0535719891611623	-0.0318208835768263	-0.0312382406541098	0.0168326950209075	0.0015765565464266	0.0209569718525674	0.00523032915730228	0.00354494057013876	0.0292751511998655	-0.0391390458771939	-0.0319014392638432	-0.0118189556643612	-0.00556440112389936	-0.0220783840176027	-0.0100554477303264
0.0526168097136092	0.0535625343732577	-0.0318370662398119	-0.031249394174593	0.016805962334539	0.00154957799086904	0.0209415715006377	0.00520533990700124	0.00355216018359783	0.0293017721275118	-0.0391206503915072	-0.0318768523449424	-0.0118173686905049	-0.0055502748214036	-0.0220465104300094	-0.010037611038251
0.0526178728184548	0.0535679337165277	-0.031843155693192	-0.0312375351771754	0.0167997387706922	0.00155859831674079	0.0209387454019481	0.00521006869793757	0.00354604837847333	0.0293193531715099	-0.0391338253478796	-0.0318758562953301	-0.0118157691437923	-0.00554854116422429	-0.0220572043427473	-0.0100464721079435
0.0526142504388691	0.0535776329766372	-0.0318643912474085	-0.0311829312624551	0.0167939035684053	0.00157035393734025	0.0209340948421174	0.0052206396760809	0.00351600623694136	0.0293420164434035	-0.03915387625964	-0.0318652406136978	-0.0118413409364332	-0.00555059892169821	-0.0220612290537332	-0.0100492898247289
0.0525925454980189	0.053574479983685	-0.0318875266999038	-0.0311089483852921	0.0167771383630798	0.00156489871470913	0.0209264267967852	0.00521540797089433	0.0034948153862137	0.0293786719073262	-0.0391676910346974	-0.0318494840308409	-0.0118555803946353	-0.00553649636793094	-0.0220710652182776	-0.0100475924891344
0.0525861962056096	0.0535816311449267	-0.0319041354430181	-0.0310402181680761	0.016771549029982	0.00157341333236257	0.0209242125771001	0.00522088275130185	0.00347445155003089	0.0293881252982468	-0.0391850373853788	-0.0318467808667458	-0.0118694845766705	-0.00554179512835087	-0.0220780403595317	-0.0100549699617887
0.0525413432394079	0.0535688082285295	-0.0319529670197328	-0.030907911207725	0.0167357932237736	0.00155965164269825	0.0209066957943673	0.00521054087853919	0.00344850815963842	0.0294422011530043	-0.0391987543715542	-0.0318205329338351	-0.0118880742431372	-0.0055189446605974	-0.0220837777729366	-0.0100425801104403
0.0525131060012407	0.0535643532464627	-0.0319789020282211	-0.0307980146651584	0.0167269125963047	0.00156056107930077	0.0209017043704336	0.00521165148084181	0.00342409306977308	0.0294690609649194	-0.039223683551542	-0.0318085146802383	-0.0118995923764518	-0.00551542006989361	-0.0221063376680121	-0.0100409777697596
0.0525076996730506	0.0535679099677992	-0.0319819837749879	-0.0307443006292642	0.0167396111811234	0.00157305849841934	0.0209086362051828	0.00522220429819277	0.00341077422404578	0.0294652863140746	-0.0392478206415857	-0.0318140104154063	-0.0119056022017422	-0.00551771950560445	-0.0221373814470925	-0.0100463617462053
0.0524847304616547	0.0535472653378267	-0.0319881891780423	-0.0307310600146425	0.0167314835280458	0.00156303094706308	0.0209029448922509	0.00520996392413544	0.00342879811198092	0.0294615396029102	-0.0392345576752195	-0.0318128620945349	-0.0118836891102718	-0.0055047471119162	-0.0221391388530003	-0.0100355127682403
0.0524953629070953	0.0535524439576201	-0.0319704488778649	-0.0307393147932666	0.0167506096363794	0.00157495979368207	0.0209108951283568	0.00521992581724236	0.00342657830435971	0.0294371021613004	-0.0392372468694743	-0.0318233520476046	-0.0118850371998593	-0.00551731577722023	-0.0221527356985492	-0.0100424264421971
0.0524740365489169	0.053528234224407	-0.0319658695642197	-0.0307687324829379	0.0167418449585849	0.00154947601103497	0.0209053938052528	0.00520282393876599	0.00345295056884891	0.0294302597335291	-0.0392108746049851	-0.0318179680711589	-0.0118643199267173	-0.00550589682977162	-0.0221323537015741	-0.010019004607976
0.0525133812070943	0.0535459423939517	-0.0319270166444202	-0.0308446557709164	0.0167776580411384	0.00157558843649488	0.0209254712597097	0.00522819875665888	0.00346066750862211	0.0293851371494099	-0.0392116736798494	-0.0318476679516039	-0.011863375565514	-0.00553617785557245	-0.0221324822241047	-0.0100489950610989
0.0525304355881137	0.0535479764026971	-0.0319138067634471	-0.0309058548472351	0.0167866657941539	0.00157730952081794	0.0209319979690907	0.00522806464619215	0.00347506203205133	0.0293609302101648	-0.0391964521418753	-0.0318578603470755	-0.0118587264026673	-0.00554075996318579	-0.0221214181105993	-0.0100435635871963
0.0525641350338322	0.0535511657172341	-0.0318782297711944	-0.0310257565894135	0.0168068424344769	0.00157026173639437	0.0209360142981725	0.0052204580681572	0.00350082660848815	0.0293396890680121	-0.0391785106759978	-0.0318659810152329	-0.0118458587827812	-0.00554449968942997	-0.0221081034558241	-0.0100424529848937
0.0525665252735049	0.0535323888549076	-0.0318571758249016	-0.0311353709412063	0.0167965145315545	0.00154430996409774	0.0209295308952964	0.0051999377697632	0.00355116134001748	0.0293126420602372	-0.0391288241450577	-0.0318665188540839	-0.0118084210078026	-0.00553712501074374	-0.0220738396285581	-0.0100257352770251
0.0525955839382808	0.0535489752462775	-0.0318295253200263	-0.0311958757164628	0.016816274870637	0.0015596446577781	0.0209431892081427	0.00521402076575407	0.00355078275734577	0.0292846590731632	-0.0391311920329859	-0.0318815825328627	-0.011816443887078	-0.00555732959074731	-0.0220577226238218	-0.0100434588133942
0.0526397328245321	0.0535841387312578	-0.0318193510853471	-0.0312258452148253	0.0168352109891428	0.0015868509217323	0.0209560009486676	0.00523812013722898	0.00352796581720898	0.029276795450067	-0.039150879728899	-0.0318985433159522	-0.0118439993970393	-0.005577441969805	-0.022065832116107	-0.0100629229918627
0.0526233392169582	0.0535748753301651	-0.0318338447946423	-0.0312426411537994	0.0168130506314994	0.00156710455249006	0.020948704501087	0.00522139125348821	0.0035444516257288	0.0292992491743564	-0.0391301917924216	-0.0318841809231557	-0.011835783733968	-0.00556180552757448	-0.0220562753483683	-0.0100474430118433
0.0526141596349072	0.0535772515999975	-0.0318446337022941	-0.031215521502855	0.0168015911715139	0.00156445167982002	0.0209488232447294	0.00521773255231768	0.00352890179650805	0.0293205797234869	-0.0391417406593848	-0.0318748085573087	-0.0118415434991173	-0.00555681410364081	-0.0220512615726902	-0.0100471678059897
0.0526007667490264	0.0535822318480589	-0.0318770255709619	-0.0311403791289483	0.0167824315355636	0.00156187703825558	0.0209390066379615	0.00521848832067708	0.00350364013432147	0.0293451624514356	-0.0391553347109657	-0.0318561266898962	-0.0118618430740348	-0.00555272792535757	-0.0220431744321495	-0.0100469931829862
0.05258769097852	0.0535858975341496	-0.031888223794934	-0.0310669983519016	0.0167768212477054	0.00157092949475998	0.0209305576785574	0.00522432212597991	0.00347907556716508	0.0293728339110713	-0.0391793851879996	-0.0318532880183504	-0.0118732648154515	-0.0055475646723884	-0.0220733492871641	-0.010046054409719
0.0525365627600625	0.0535631560311503	-0.0319325123795882	-0.0309740248738557	0.0167347007822634	0.00154932793072795	0.0209159969140288	0.00519936780027959	0.003482507956923	0.0294044071470984	-0.0391716836150507	-0.0318296272998604	-0.0118654067802914	-0.00552108763409706	-0.022068776958439	-0.0100229077813515
0.0525434303335464	0.0535899166571995	-0.0319484435854487	-0.0308581925461522	0.016751179605863	0.00158650446969324	0.0209120015397074	0.0052315375484869	0.0034173582097719	0.0294397508430184	-0.0392291890655981	-0.0318254642874556	-0.0119108869923218	-0.00553641534285728	-0.0221061211354877	-0.0100569662519653
0.0524949284450624	0.0535665828329722	-0.0319800028516356	-0.0307519533077721	0.0167428661539097	0.00157696167179485	0.0209107512390019	0.00522702389309095	0.00340575905138362	0.0294647861937924	-0.0392423975495872	-0.0318172598002565	-0.0119094327319482	-0.00551602915493002	-0.0221341264743062	-0.0100384576105723
0.052476595823657	0.0535537710924472	-0.0319932616270496	-0.030720776815209	0.0167372293233549	0.00156765915514936	0.0209078413212706	0.00521660378922269	0.00341031461630041	0.0294612057237274	-0.0392333492840349	-0.0318077421480706	-0.0119027090478193	-0.00551397698539222	-0.0221289003570557	-0.0100305045804983
0.0524591726388541	0.0535355879483328	-0.0319894953581089	-0.0307227549445933	0.0167323231154469	0.00155810378439471	0.0209063996337533	0.00520709312195696	0.00342858716739263	0.0294515385942505	-0.0392274819511154	-0.031805160521586	-0.0118826036536817	-0.00550071122505799	-0.0221305208585287	-0.0100200774917099
0.0525019357169492	0.0535642023721877	-0.0319512920358827	-0.0307567701087022	0.0167747062138863	0.00159402722868648	0.0209202395545232	0.005235126400456	0.00341772841053943	0.0294090297672486	-0.0392435039609377	-0.0318407626595512	-0.0119006149687606	-0.00552898199084187	-0.0221523990253984	-0.0100426709144021
0.0525170594660413	0.0535620482228158	-0.0319277863826199	-0.0308345849130553	0.0167869912914325	0.00159281185258172	0.020924992094188	0.00523507331506292	0.00344181520915808	0.0293885248356789	-0.0392217417437424	-0.0318496670357486	-0.0118895815889039	-0.00553542767514917	-0.022146685360722	-0.010043841587018
0.0525318633057908	0.0535633963124032	-0.031915173013827	-0.0309000461876447	0.0167959613258793	0.00159011427642277	0.0209424334397833	0.00524189758204193	0.00345858600241971	0.0293553841835718	-0.0392038757150025	-0.0318602547777003	-0.0118820197143578	-0.00554306498683274	-0.0221339825849512	-0.0100412194479966
0.0525010863506599	0.0535160343628865	-0.0319025875847146	-0.0310002029575649	0.0167696770713838	0.00153863960592623	0.0209315495372176	0.00520647146406429	0.003516970155921	0.0293668967289503	-0.0391570474133846	-0.0318402038659398	-0.0118295140696483	-0.00551295579006741	-0.0220979054724163	-0.0100069081232736
0.052592303819782	0.0535735230496255	-0.0318414332118849	-0.0310940355807883	0.0168327313424923	0.00159378135949747	0.0209607856189651	0.00524509527848306	0.00350583898718226	0.0292768639022844	-0.0391721124891475	-0.03189313279681	-0.0118573196397507	-0.00556990803493954	-0.0221023311178185	-0.0100506504871727
0.0525992426394513	0.0535620216801192	-0.0318309404648471	-0.0311991460560734	0.0168223475602087	0.00157114882125244	0.0209551404065061	0.00522749188274048	0.00354728890029059	0.0292765607567502	-0.039132718936529	-0.0318884738550751	-0.0118281855378372	-0.00556247747689217	-0.0220768179985068	-0.0100424823215583
0.0525977730122534	0.0535576463261421	-0.0318437871299728	-0.0312308128900305	0.0168027059647686	0.00155110489441215	0.0209396785872792	0.00520876670882305	0.0035573527732316	0.0292966829146961	-0.0391163965751405	-0.031870452761108	-0.0118245589672993	-0.00555344178419611	-0.0220437318287768	-0.010028529245082
0.0525788564515241	0.0535428871898815	-0.0318469680626056	-0.031238151247132	0.0167816436365716	0.00153015432493738	0.0209330554860002	0.00519242059870608	0.00357196382918523	0.0293145349735957	-0.0391050935773663	-0.0318595073912451	-0.0118076233299224	-0.00553874132126466	-0.0220328982176361	-0.0100165333432297
0.0526219897303867	0.0535900214310016	-0.0318387258568377	-0.0311938780293021	0.016810382392005	0.00157518750207871	0.0209496125407055	0.00522963066528805	0.00351726352256698	0.0293007160075862	-0.0391506743722468	-0.0318765673602006	-0.0118543217120256	-0.005574643810796	-0.0220511204773033	-0.0100548721729067
0.0525924616789772	0.0535743067576655	-0.0318726572019049	-0.0311575578415463	0.0167844753231973	0.0015624232590107	0.0209367588906597	0.00521691112570895	0.00351607748312682	0.0293387796314096	-0.0391466524552289	-0.0318573015534641	-0.0118515514926972	-0.00554561029173259	-0.0220552122435227	-0.0100356510696591
0.0525874995917081	0.0535870919554939	-0.0318854200479889	-0.0310773821341851	0.0167824636661963	0.00157277211669351	0.0209377870709046	0.00522603063744672	0.00347776659313042	0.0293636347712439	-0.0391745474323091	-0.0318479808760263	-0.0118842520948353	-0.00555437217555907	-0.022065047011083	-0.0100460446308308
0.0525775824020901	0.0535912563648828	-0.0319087482842801	-0.0310001945756608	0.0167727252905339	0.00157919405227232	0.0209370788000022	0.00523151379975841	0.00345969101678622	0.0293708390178787	-0.0391886667498847	-0.0318438835218708	-0.0118965832728545	-0.00555838850464088	-0.0220748300902343	-0.0100485857447786
0.0525218888398276	0.0535705879861817	-0.0319530201051259	-0.0308876018539193	0.016738511754693	0.00156936626963214	0.0209204337353031	0.00522018845023971	0.00344174955090875	0.0294320450791174	-0.0392059823669174	-0.0318203848535281	-0.0118935588024329	-0.00552335633615927	-0.0221018463643606	-0.0100290209834601
0.0525477470141944	0.0536095442827993	-0.0319566885851846	-0.0307896816554286	0.0167716342460077	0.00161835849951011	0.0209316962205405	0.005259770595702	0.00337887129978791	0.0294287118752255	-0.0392586011673333	-0.0318354080197702	-0.0119466022859934	-0.00555429394445348	-0.022141679966948	-0.0100633784086559
0.0524682949445599	0.0535496276378188	-0.0319957957560773	-0.0307480766770931	0.0167183113656415	0.00155976060745246	0.0209045919364204	0.00521317559041686	0.00341913517345609	0.029471054461128	-0.0392244840233903	-0.0317968205269361	-0.0119001246273666	-0.00550111076249013	-0.0221304733610718	-0.0100070659824688
0.052469968531426	0.0535525752741188	-0.0319971396547126	-0.0307149765375229	0.0167280986357449	0.00156559161878724	0.0209078972006318	0.00522034770641895	0.00341202452475125	0.0294533267338069	-0.0392267219918039	-0.0317990361436053	-0.0119142090203415	-0.00551246824264148	-0.0221195461520012	-0.0100257324830571
0.052491371723726	0.0535647918994477	-0.0319730319013336	-0.0307336500230312	0.0167572578833709	0.00158990053786642	0.0209212090614389	0.0052380181573949	0.00341286411215235	0.0294198787452136	-0.0392415286255215	-0.0318268067891069	-0.0119071779997263	-0.0055214187193118	-0.0221568162888964	-0.010034861773683
0.0524969903934885	0.0535614475196835	-0.0319558350279433	-0.0307766463974591	0.0167663634252683	0.0015825998993337	0.0209230502863884	0.00523299739679663	0.00342726701748574	0.0294051573275217	-0.0392254716910984	-0.0318281395118701	-0.0118983853822512	-0.00552494191303157	-0.0221520022819343	-0.0100344510603787
0.0524809292681133	0.0535319753476352	-0.0319515113623752	-0.0308503079682956	0.0167495199888372	0.00154908206153894	0.0209142534779612	0.00520647565501638	0.00347629417196443	0.0293978357342286	-0.039181808955289	-0.0318186972968218	-0.0118637080477128	-0.00551592438112788	-0.0221108652932483	-0.0100135424004248
0.0525160592254769	0.0535539401275146	-0.0319264396900165	-0.0308946384624706	0.0167722223762837	0.00156286610294772	0.0209256011792244	0.00521813628070191	0.00347420847480994	0.0293622224203911	-0.0391840958181436	-0.031836920953473	-0.0118722757507593	-0.00553551149419088	-0.022103630312965	-0.0100317437053315
0.0525675059562929	0.0535691546805685	-0.0318712155143876	-0.0310293370594784	0.0168191987582086	0.00158500969678279	0.0209445708253468	0.00523674829891304	0.00349670969655629	0.0293106276092681	-0.0391804147652286	-0.0318721319359102	-0.0118539096017372	-0.00555612678749881	-0.0221232397777724	-0.0100431500799239
0.0525695162163098	0.0535487237891524	-0.0318558612629308	-0.0311333187716685	0.0168064345151406	0.00155360409883906	0.0209391379544601	0.00521305405280638	0.00354127767801615	0.0292922977818308	-0.0391289177429876	-0.0318662101206136	-0.0118292346728426	-0.00554978028905753	-0.0220719886247204	-0.0100287346017342
0.0526126830227891	0.0535731151302892	-0.0318264407792915	-0.0312059116497233	0.0168326139958339	0.0015809011667551	0.0209543427286259	0.00523272917586317	0.00354445721366491	0.0292629331775526	-0.0391410715040352	-0.0318966029051367	-0.0118289161604841	-0.00557000302985347	-0.022080409644444	-0.0100444199384057
0.0526144823382178	0.0535702652828712	-0.0318361749640018	-0.0312350247968763	0.0168155260871978	0.00156298624357417	0.0209451002822936	0.00521872580796192	0.00354580949420446	0.0292854302083469	-0.0391249223686662	-0.0318806772872123	-0.0118337106096698	-0.00556187817074396	-0.0220506482967017	-0.0100352892507958
0.0526101558786816	0.053569962137337	-0.0318365451647693	-0.0312358420325329	0.0168073327758709	0.00156176667651733	0.0209423607966138	0.00521882499382794	0.00354756270916018	0.0292971299495852	-0.0391276395026016	-0.0318754148483771	-0.0118296104615462	-0.00555891796158766	-0.0220546841835599	-0.0100364417626192
0.0526436471737799	0.0536078790778374	-0.03184433754168	-0.0311843352314037	0.0168185617334916	0.00159536973033783	0.0209430173791072	0.00524073808529831	0.00349725731429545	0.0292934055901653	-0.0391605552402801	-0.0318795415391972	-0.0118800276151332	-0.00558081428924969	-0.022056061609812	-0.010054203017557
0.0525651087317	0.0535568779849265	-0.0318921646868783	-0.0311331665004094	0.0167560718439307	0.00154121704145873	0.0209156197283411	0.0052004434779815	0.00352437556825585	0.029359907617856	-0.0391303300938404	-0.0318358829943398	-0.0118449744918912	-0.00552615868612035	-0.0220432931757919	-0.010013651365179
0.0526038093802404	0.0536021947498256	-0.0318883998149216	-0.0310495388455139	0.0167869270301672	0.00158704789648031	0.0209304263620587	0.00523923353349966	0.00345992291613494	0.0293584421816101	-0.0391863337865572	-0.0318541345906716	-0.0119025204549754	-0.00556425863152845	-0.0220659257140369	-0.0100568922118118
0.0525557531296615	0.0535812511652709	-0.0319251684345506	-0.0309692513794305	0.0167530641373174	0.0015811023324552	0.0209174176467857	0.00523118690549575	0.00346790248890549	0.0293850854610009	-0.0391874513737799	-0.0318424893318104	-0.0118811521872761	-0.0055358272125813	-0.0220958323481181	-0.0100355909993459
0.0525287186947428	0.0535832739981442	-0.0319604283114288	-0.0308487643009441	0.016740915964206	0.00158430980778454	0.0209082646074312	0.00523282975871322	0.00341914215837624	0.0294370867944761	-0.0392183750122339	-0.0318179582922707	-0.0119161885467098	-0.00552629419357112	-0.022105745346784	-0.0100407877799318
0.0525017904306102	0.053577177559844	-0.031985277863327	-0.0307607151915986	0.0167383287497853	0.00158221433174185	0.0209058115034773	0.00522890143962519	0.00339594663556774	0.0294581253739447	-0.03923448503205	-0.0318084532129411	-0.0119242295867776	-0.00551799610844209	-0.0221227717881229	-0.010034367241337
0.0524776882651673	0.0535612114293827	-0.0319923703512395	-0.0307135152922291	0.0167340302299297	0.00156629290476953	0.02090486574529	0.00521749506503285	0.00340070057221658	0.029459370086714	-0.0392298875576124	-0.0318027605030251	-0.0119186709873284	-0.00551605849159461	-0.0221204094881307	-0.0100279816273429
0.052485431747637	0.0535615788361822	-0.0319793965605672	-0.0307246143303352	0.0167561458840842	0.0015880732827572	0.0209179289429401	0.00523967777442071	0.00341188622333243	0.0294310602053774	-0.0392463510143877	-0.0318295951692277	-0.0119017185861431	-0.00551732276214037	-0.0221635832795302	-0.0100292011943997
0.0524661533680443	0.0535384336047987	-0.031976881989316	-0.0307415010732712	0.0167466352168185	0.00157208060959942	0.0209131568454989	0.00522674729025331	0.00342745421334555	0.0294242317474463	-0.039217841364335	-0.031818855156017	-0.0118931019886556	-0.00551402587983321	-0.0221355877195999	-0.0100170977247772
0.0525100130786017	0.0535680105506492	-0.0319355256741376	-0.0307799851892871	0.0167846164185842	0.00159548847398024	0.0209274228463975	0.00524360609350873	0.00342176010644556	0.0293787515354158	-0.0392332361283286	-0.0318453810887493	-0.0119072003514708	-0.00554466453354532	-0.0221388231346098	-0.0100448530034546
0.0524963854994041	0.0535390720264997	-0.0319400560933418	-0.0308485310046114	0.0167628751561493	0.00156328659514029	0.0209200090521585	0.00521607572925993	0.00347051624602273	0.0293685437731199	-0.0391849717271294	-0.0318367463304694	-0.0118713411684443	-0.00553046419089606	-0.0221035003934503	-0.0100211531694118
0.0525469102207613	0.0535663062301345	-0.0318941805348314	-0.030940900985557	0.0168083036797707	0.00159516996162175	0.0209408283051346	0.00524196882822738	0.00347146479817805	0.0293321202085459	-0.0392029551025278	-0.0318705547409421	-0.0118687832906882	-0.00554576535695975	-0.0221377111353232	-0.010042221085545
0.0525663883690701	0.0535565259449513	-0.0318668122207299	-0.0310607636121826	0.0168083358104033	0.00157211274023208	0.0209358759967537	0.00522152676093897	0.00351512753398747	0.0292994070335516	-0.0391532573957154	-0.0318681533253972	-0.01185051213658	-0.00555637265668782	-0.0220860241232543	-0.0100334047193414
0.0525681695237064	0.0535421020848575	-0.0318547269118997	-0.031151406920869	0.016803411441703	0.00154438959218735	0.0209388194421017	0.00520173848217588	0.00355157624427393	0.0292827256472678	-0.0391192003220857	-0.0318647181416712	-0.0118248146153765	-0.00555067994677185	-0.0220464238169997	-0.0100209617825999
0.0526135491528868	0.0535730424871197	-0.0318348729748873	-0.0311948754758984	0.0168300379572854	0.00156815508447946	0.0209573769779357	0.00522353702095592	0.00353698614308073	0.0292577866883918	-0.039134237458168	-0.0318889418447246	-0.0118394270683142	-0.00557615534751479	-0.0220446971447405	-0.0100472641978877
0.0526228991669892	0.0535789503325761	-0.0318283169288417	-0.03123501222402	0.0168261333869259	0.00157319121190205	0.0209528242069869	0.00522604740125506	0.00354126231119183	0.0292733728391973	-0.0391346551563925	-0.0318925781941507	-0.0118330721879688	-0.00557000163286944	-0.0220575871163711	-0.0100434574164101
0.0526250449344569	0.0535889415623476	-0.0318340836789112	-0.0312202377209351	0.0168163880263433	0.00157703571194836	0.0209499408319522	0.00523018247397929	0.0035268230842737	0.0292882814527489	-0.0391403548512286	-0.0318857609120918	-0.011853456978912	-0.00557080629566983	-0.022046634761588	-0.010051302878714
0.0526208693491959	0.0535931478812573	-0.0318499939300113	-0.0311905057098574	0.0168118101096821	0.00158792520245018	0.020948313345559	0.00523774155455727	0.00351004111513985	0.0293071952195102	-0.039155840419184	-0.0318801911367704	-0.0118628181688867	-0.00556369424998096	-0.0220623661987324	-0.0100516339639287
0.0525998461365516	0.0535902295816218	-0.0318839364509507	-0.0311043970113274	0.0167873670801362	0.00157678146085518	0.0209340627114848	0.00522852006298543	0.00348153006810308	0.0293445994668722	-0.0391590492914974	-0.0318551027006033	-0.0118868812187768	-0.00555572725006667	-0.0220514264168056	-0.0100464162285824
0.0525801165311177	0.053584492168217	-0.0318970722917703	-0.0310489129966692	0.0167829707713986	0.00157855423358729	0.0209306722312477	0.00523281858284099	0.00347760314599909	0.0293625996060788	-0.0391820422516218	-0.0318533522796157	-0.0118773523907187	-0.00554635488421975	-0.02208365064739	-0.0100410895284819
0.0525522411118139	0.0535858975341496	-0.0319371964670356	-0.0309289763298901	0.0167573975817737	0.00158320060246594	0.0209187336057405	0.00523167584990571	0.00344342453475887	0.0293967502776385	-0.039194226746318	-0.0318343113873078	-0.0119067030251566	-0.00554159675661883	-0.0220802783279453	-0.0100460320579746
0.0525202683383546	0.0535806574470589	-0.0319670905282605	-0.0308117512091102	0.0167410263259442	0.00158057566947647	0.0209064750708908	0.00522934148959416	0.00341212231363324	0.029437867708548	-0.0392209915633192	-0.0318174679508767	-0.0119245271443757	-0.00552940248303443	-0.0220978118744864	-0.0100392916100373
0.0525164126624361	0.0535868824078897	-0.0319791269426497	-0.0307476575818846	0.0167520569118329	0.00159469079609999	0.0209113589270543	0.00524164612491681	0.00338984880028352	0.0294404716867771	-0.0392491212337162	-0.0318187531761829	-0.0119349318814196	-0.0055291454379732	-0.0221333399722981	-0.010041292091166
0.0524813749060184	0.0535614111980988	-0.0319843027684752	-0.0307435127302721	0.0167464787546073	0.00158131188005946	0.0209131568454989	0.00523106117693319	0.00341965345453065	0.0294460470500346	-0.0392369297540998	-0.0318223867316409	-0.0119015509480597	-0.00550881792337513	-0.0221549666820427	-0.0100280277278158
0.0524842205624843	0.0535588477324066	-0.0319778584811519	-0.0307285300765669	0.0167585780332778	0.00158368814989187	0.0209192658566553	0.00523439857177717	0.00340502004683256	0.0294283514533462	-0.0392371909901131	-0.0318200104618085	-0.0119181960127587	-0.00552177495023906	-0.0221360501213134	-0.0100327593127202
0.0524869279175315	0.0535543131222502	-0.0319637070329436	-0.0307567575358459	0.016768750870973	0.00158252865314825	0.0209244319035926	0.005233015557589	0.00342185370437547	0.0294083717877712	-0.0392286498297632	-0.0318306918016901	-0.0119021893697607	-0.00552546019410613	-0.0221376119494572	-0.0100351258036644
0.0525018421190193	0.0535527540880745	-0.0319430931366197	-0.0308171016579392	0.0167768924938908	0.00157223008689047	0.0209253986165403	0.00522309697098696	0.00344599917632331	0.0293894007446648	-0.0392078571194836	-0.0318371458679016	-0.0118937571741649	-0.00553307655102928	-0.0221200602421236	-0.0100355225471285
0.0524978900512028	0.053543012918444	-0.0319398702944661	-0.0308683053135342	0.0167614069259354	0.00154936844326477	0.020918071435311	0.00520517506288589	0.00347796636184649	0.029371590595286	-0.0391746158845265	-0.031832112534447	-0.0118762962707932	-0.00552737266524108	-0.0220855449577326	-0.0100203638734357
0.0525547123765603	0.0535718732114879	-0.0318910051901347	-0.0309704262429984	0.0168095120709553	0.00157800521886411	0.0209369628503278	0.00522663692851507	0.00347940106444371	0.0293352061462648	-0.0391911966879602	-0.0318625067159542	-0.0118725816902616	-0.00554668038149839	-0.0221138380752609	-0.0100440748833507
0.0525884285860871	0.0535735146677214	-0.0318585183265529	-0.0310953627156154	0.0168263527134183	0.00158004900649774	0.0209525964985903	0.00523084883536086	0.00351921930020681	0.0292843210030283	-0.0391552900074768	-0.0318832393559205	-0.011854981088487	-0.00556388144584077	-0.0220961033630196	-0.0100479543079977
0.0526012193718516	0.0535671276567432	-0.0318385526308182	-0.0311924307538486	0.0168279676269552	0.00156872225999501	0.0209559548481947	0.0052191421092024	0.00354705280998979	0.0292723013524474	-0.0391323515297296	-0.0318916827273885	-0.011835685945086	-0.00555927139854687	-0.0220741483620284	-0.0100353646879333
0.0526131091029178	0.0535708813528277	-0.0318403421673587	-0.0312136663080652	0.0168153821978429	0.00155879668847283	0.020949292631363	0.00521049058711416	0.00354609028799418	0.0292799219003227	-0.0391169749265283	-0.0318781836707215	-0.0118479360980315	-0.0055687722869244	-0.0220315249823362	-0.0100465643088894
0.052636240364461	0.0535901457625801	-0.0318227317866959	-0.0312365125848666	0.0168332384476946	0.00157886576102564	0.0209527320060411	0.00522313888050781	0.00354342763643594	0.0292740405975629	-0.0391371166422506	-0.0318911504764736	-0.0118466424908212	-0.00557682170889636	-0.0220612779481742	-0.0100595758181305
0.0526262672954818	0.0535884651907939	-0.0318478146349269	-0.0312113934150509	0.0168061215907182	0.00156111428497604	0.02093893678876	0.00521026008474947	0.00353568974190232	0.0293081898721385	-0.0391301247371882	-0.03187025578636	-0.0118577107952786	-0.00556710289101039	-0.0220379245661705	-0.0100527180235348
0.0526110415665557	0.0535837671335062	-0.0318637332679311	-0.0311700692305051	0.0167975119781508	0.0015680391348051	0.0209362056849844	0.0052164473270115	0.00352634252176792	0.0293253518209281	-0.0391455963353033	-0.0318684494860112	-0.0118528646576839	-0.00555550652659017	-0.0220601463911112	-0.0100483412725736
0.0525909864638432	0.0535857508508266	-0.0318939584143708	-0.0310805337301533	0.0167744617416813	0.00155676826766351	0.0209269688265883	0.00520911036689405	0.00349439629100517	0.0293637912334551	-0.0391560625396445	-0.0318438234515576	-0.0118814134232895	-0.00555168996622443	-0.0220492443277531	-0.0100455081889639
0.0525712512704732	0.0535833606111539	-0.0319144088635634	-0.0310104596143019	0.0167637566530712	0.00156108355132741	0.020924846807849	0.00521429736859171	0.00348194776632759	0.0293735156392772	-0.0391713720876124	-0.0318364459789033	-0.0118854576920519	-0.00554446895578134	-0.0220664314222552	-0.0100450150536019
0.0525426117009058	0.0535859911320795	-0.0319571076803932	-0.0308731821847775	0.0167448177405975	0.00156717859264357	0.0209133733780233	0.00521625733718363	0.00343565031864051	0.029417541590934	-0.0391993187531017	-0.0318177892572033	-0.0119254966512914	-0.00553499880105243	-0.0220717581223557	-0.0100437703408325
0.0525305864623888	0.0535919143443602	-0.0319678141659873	-0.03079367702975	0.0167557477436361	0.00159147493886649	0.0209188495554149	0.00523418343623679	0.00341242685615144	0.0294342383440421	-0.0392414964948888	-0.031831915559699	-0.0119250496164023	-0.00553075196960592	-0.0221316384457515	-0.0100470783990119
0.052509926465592	0.0535799715279009	-0.0319806063487359	-0.0307438396245348	0.0167508680784247	0.00158706466028865	0.0209130087651919	0.00523536109377278	0.00340318860077126	0.0294441555336601	-0.0392416375902757	-0.0318198302508688	-0.0119310468688365	-0.00552398637595611	-0.0221392897272753	-0.0100433079391191
0.0524967137906508	0.0535723467890736	-0.0319870687968515	-0.0307279279764507	0.016756922607204	0.00159128634602265	0.0209167610642923	0.00523964983474014	0.00340995838537316	0.0294305181755743	-0.0392431826546112	-0.0318287513908746	-0.0119202537702327	-0.00552130696058953	-0.0221506248556822	-0.0100350405876387
0.0524713780883107	0.0535453570576438	-0.0319909915280034	-0.0307432053937859	0.0167432768672141	0.00156304491690337	0.0209081221150603	0.00521569994055628	0.00343238836093406	0.0294350891073154	-0.0392183163389047	-0.0318143233398286	-0.0118960133033709	-0.00550453197637582	-0.0221318829179565	-0.0100150916557123
0.052482781668935	0.0535475070160636	-0.0319636735053269	-0.0307647929879776	0.016756870918795	0.00156785473291334	0.0209176481491504	0.00522012977691052	0.00344005920023431	0.0294078465217765	-0.0392157864008291	-0.0318264784978603	-0.0118899741414159	-0.00552383969263312	-0.0221234521193447	-0.010032700639391
0.0525359858056588	0.0535760348269087	-0.0319270990664779	-0.0308472192366087	0.0168043530089382	0.00159917651181537	0.0209407891895818	0.00524284613419725	0.00344189902819979	0.0293555504246712	-0.0392230660846014	-0.0318627483941911	-0.0118990419647446	-0.00555085596675944	-0.0221346880618856	-0.0100519161547024
0.0525201426097921	0.0535482110960139	-0.0319270501720369	-0.0309154325697342	0.0167841065194138	0.00156853646111923	0.0209406816218116	0.00522300197607302	0.00348276220801618	0.0293520453917438	-0.0391821582012961	-0.0318501825228551	-0.011866024247232	-0.00553518320294419	-0.0221092028822545	-0.0100342540856307
0.052539430768273	0.0535403642367261	-0.0318904617633476	-0.0310308360233409	0.0167973373551473	0.00155595103200686	0.0209390038439934	0.00521023773300501	0.00351776364284916	0.0293307204305494	-0.0391596513916137	-0.0318534919780185	-0.0118397846962255	-0.00553442464061674	-0.0220928204505528	-0.0100293380988345
0.0525840308803655	0.0535580752002388	-0.0318535506513477	-0.0311308964013632	0.0168222008768858	0.0015644754285485	0.0209563571795949	0.00521804687372409	0.00353435701913917	0.0292814655676741	-0.0391399287710999	-0.0318786069568821	-0.0118440902010012	-0.00556369704394902	-0.0220648276845905	-0.0100434113159372
0.0526009609298063	0.0535623988658069	-0.0318451813200332	-0.0311963995854735	0.0168152816149928	0.00155487395732092	0.0209532377142594	0.0052100994315862	0.00355419279535923	0.0292714394133019	-0.0391184166140457	-0.0318813687943064	-0.0118393418522885	-0.0055636425615719	-0.0220362747280329	-0.0100418592666816
0.0526280484501181	0.0535802327639142	-0.0318313707359279	-0.031230689955436	0.0168282204810644	0.0015704056257493	0.0209574146965044	0.00522111604763461	0.00354775269898805	0.0292703190321111	-0.0391294835215191	-0.0318926145157355	-0.0118414010067464	-0.00557099907946576	-0.0220518119843974	-0.0100551389968561
0.0526380997502029	0.0535929215698447	-0.0318342163923939	-0.0312294005391777	0.0168255312868096	0.00157216442864113	0.020956312476106	0.00522397008600474	0.00353981084478627	0.0292762799629605	-0.0391304292797064	-0.0318895146081763	-0.0118568530470852	-0.00557773393946695	-0.0220481979867158	-0.0100587446126335
0.0526398403923023	0.0536019488806366	-0.0318541792941605	-0.0311963674548408	0.0168148443589919	0.00157600613471939	0.0209494029931012	0.00523116455375129	0.00351651753309578	0.0292939350471121	-0.0391376516871335	-0.0318782521229389	-0.0118764136174516	-0.0055793907625247	-0.022039863580002	-0.0100615413746585
0.0526107970943507	0.0535912340131383	-0.0318821050048894	-0.031142865760519	0.0167887067878195	0.00156766055213339	0.0209364082476685	0.00522462946246617	0.00351139060171134	0.0293252861626787	-0.0391454608278526	-0.031864022443625	-0.0118694259033413	-0.00555438754238338	-0.0220524559940345	-0.0100453894453215
0.0526092534269993	0.0536040848692161	-0.0318879849106651	-0.0310812881015287	0.0167930639810042	0.00158129371926709	0.0209317576878378	0.005233702873731	0.0034852376637146	0.0293493128909842	-0.0391724184286497	-0.0318623474597749	-0.0118904379401133	-0.00555760759056897	-0.022077513696553	-0.0100581089849006
0.0525625368841036	0.0535856432830564	-0.0319352155436832	-0.0309781585495959	0.016748672019532	0.00155981229586152	0.0209111703342104	0.00521155089799176	0.00347984949631685	0.0293794192937814	-0.0391639708662296	-0.0318338056790895	-0.0118913781103645	-0.00553554781577561	-0.0220614218375292	-0.0100391561025865
0.0525359313232817	0.05358425048998	-0.0319613740696161	-0.0308616905941594	0.0167451781624768	0.00157256815702536	0.0209067600556326	0.00521936702363098	0.00344101753127784	0.0294250322192946	-0.0392062897034037	-0.0318252519458833	-0.0119076571652481	-0.00552308252728969	-0.0221012596310687	-0.010043499325931
0.0525334391037749	0.0535985220788148	-0.0319700800740814	-0.030774284097467	0.0167594944548004	0.00159434993199705	0.0209166059990652	0.00524470272597107	0.0034020025613311	0.0294307207382584	-0.0392405661035259	-0.0318271406682897	-0.0119363679810009	-0.00553755528182451	-0.0221334573189565	-0.010060386068867
0.0524888431826345	0.0535630680211566	-0.0319926818786778	-0.0307325352297765	0.0167337410542358	0.00156466262440832	0.0209049341975074	0.00522505135164277	0.00341822573685356	0.0294492014399709	-0.039222800657636	-0.0318049048735088	-0.0119192283839558	-0.00551708527485553	-0.0221238726115373	-0.0100346186984621
0.0524933051496214	0.0535671947119766	-0.0319890469262358	-0.0307136116841271	0.0167486859893723	0.00157922757988901	0.0209144253069967	0.00523693409778882	0.0034113106659127	0.0294280036043231	-0.03923389550479	-0.031817921970686	-0.0119246011845292	-0.0055265484446643	-0.0221346992377578	-0.0100387621530905
0.0524884869517072	0.0535592696215832	-0.031979336490254	-0.0307321091496479	0.0167513556258506	0.0015741411610414	0.0209139656992514	0.00523061833299617	0.00342383742169588	0.0294100202289248	-0.0392211899350512	-0.0318237683488451	-0.0119100404200006	-0.005523588235508	-0.0221308896623122	-0.0100307728014318
0.0525199889415489	0.0535756841839175	-0.0319449064218886	-0.0307761784078095	0.0167829023191812	0.00158624183669589	0.0209266698720062	0.00524256254643947	0.00342541042571192	0.0293747575580785	-0.039222947340959	-0.0318442118131175	-0.0119155529189769	-0.00554611041201478	-0.0221343905042875	-0.0100499198645258
0.052497410885681	0.0535411032412771	-0.0319378013611199	-0.0308553287288938	0.0167623359203143	0.00155715942319148	0.020917480511067	0.00521421774050209	0.00348164462079342	0.0293656352523727	-0.0391786489774166	-0.0318408171419283	-0.011864794901287	-0.00552418614467218	-0.0221158860538466	-0.0100195242860346
0.0525683092221092	0.053586654699493	-0.0318935016005935	-0.0309209771993431	0.0168126706518436	0.00159806171856066	0.0209390038439934	0.0052474533875231	0.00345779391247557	0.0293244842938464	-0.0391974258397431	-0.0318717533532385	-0.0118983462666984	-0.00556703583577703	-0.0221219671253225	-0.0100634245091289
0.052569133442686	0.0535616403034795	-0.0318701468216058	-0.0310579514833333	0.016808957468296	0.00156935928471199	0.0209369446895355	0.00522610467760022	0.0035175149796921	0.0292990005111993	-0.0391494170866212	-0.0318702362285836	-0.0118516115630104	-0.00555248764410468	-0.0221004451893801	-0.0100363593405616
0.0525928737892656	0.0535631630160705	-0.0318460488471149	-0.0311524742166667	0.0168157104890895	0.00156256714836563	0.0209438988760291	0.00522543691923462	0.00353962364892645	0.0292729635228769	-0.0391253191121303	-0.0318781012486638	-0.011845260873617	-0.00556245372816369	-0.0220679206072295	-0.0100386587762724
0.0526226113882794	0.0535828199783349	-0.0318280906174291	-0.031211249525696	0.0168271643611389	0.00157415513088168	0.0209495189427756	0.00523389565752693	0.00354345557611651	0.0292569471009907	-0.0391266727896539	-0.0318948105746282	-0.0118436194173836	-0.00557234577206919	-0.0220652062672623	-0.0100485731719223
0.0526107454059417	0.0535690988012074	-0.0318365144311207	-0.0312375994384407	0.0168089281316314	0.00155354961646195	0.0209437326349297	0.00521454184079669	0.0035543436696343	0.0292843978371498	-0.0391128566176124	-0.0318759652600843	-0.0118369558035679	-0.00555571328022638	-0.0220481714440193	-0.0100355616626813
0.0526216083537469	0.0535872037142162	-0.0318416106288565	-0.0312168346678417	0.0168068047159081	0.00156050100898755	0.0209447608151747	0.00521572648325282	0.00353313186414621	0.0292949255087883	-0.0391237866206511	-0.0318724113327159	-0.0118574076497445	-0.00556559275127563	-0.0220407506648601	-0.0100462681482754
0.0526177917933812	0.0535932219214108	-0.031865052020854	-0.0311728184950731	0.0167898006263138	0.00156146772193524	0.0209385973216411	0.00521756491423427	0.00351270795765018	0.0293175063586243	-0.039132766433986	-0.0318608722446409	-0.0118715283643041	-0.00556031215164806	-0.0220366323559442	-0.0100486765487405
0.0526131831430713	0.0536044383061753	-0.0318827811451591	-0.0311041581270585	0.0167903775807175	0.00157536631603435	0.0209307029648963	0.0052237521564963	0.00348762510941924	0.0293353835632364	-0.0391612690991186	-0.0318584177437029	-0.0118858376717076	-0.00555307437739663	-0.0220666772914442	-0.0100486136844592
