0.0526490912205388	0.0536617593548309	-0.0315927337332348	-0.0308507005208076	0.016695997339755	0.00138800281813774	0.0209291718704011	0.00505145373436257	0.00343095226135281	0.0294607656737585	-0.0393408988934337	-0.0320019047672337	-0.0121195586876045	-0.00553209726522532	-0.022012418431779	-0.00981688197381878
0.0526018871302172	0.0536259993576705	-0.031618614259346	-0.0308155831363002	0.0166591197553718	0.00134817480348644	0.0209104886060046	0.00501531375754639	0.00345221156429786	0.0294799686162136	-0.0393030545961028	-0.0319703860135837	-0.0121048707975293	-0.00551463775883767	-0.0219729201053584	-0.00979309692375028
0.0526380382829056	0.0536493876642749	-0.03158954860965	-0.0308359595453393	0.0167035410535086	0.00138396832826356	0.0209354415347208	0.0050497661776562	0.0034398817832627	0.0294404814656653	-0.0393300918249895	-0.0320015583151946	-0.0121112773662838	-0.00554299374064729	-0.0220031983371911	-0.00982587855096204
0.0526484248591572	0.0536486430717877	-0.031567360312326	-0.0308889401646185	0.0167242541356986	0.00139390786962603	0.0209450010964276	0.00505577181199453	0.00345675036540632	0.0294152393612551	-0.0393273942488306	-0.0320225535881583	-0.012100242589443	-0.00554302307731188	-0.022022874857232	-0.00981560373343274
0.0526414357480628	0.0536267900506306	-0.0315591502371907	-0.030968393631237	0.0167170415071596	0.00136767390655564	0.02094060478769	0.00503492461933787	0.00349113433329872	0.0294103289623951	-0.0392863494610905	-0.0320141646990674	-0.0120803425519577	-0.00553461183647655	-0.0219892732003955	-0.00979764829771499
0.052652833740751	0.0536246428861788	-0.0315452041456347	-0.0310155348572773	0.0167220245491892	0.00136306805021382	0.0209502593443107	0.00503393974559781	0.00350275584343145	0.029381315001108	-0.0392678212619211	-0.0320162895117747	-0.0120796510448636	-0.00554303984112023	-0.0219626760214777	-0.00980062247671157
0.0526788413924088	0.0536218167874893	-0.031508646470594	-0.0311233247479289	0.0167433606862558	0.00135957139919059	0.0209603749056607	0.0050330358969314	0.00352411433224253	0.029361233355699	-0.0392573033691708	-0.0320306938140921	-0.0120593430880419	-0.00554950927415601	-0.0219556897043514	-0.00979783828754286
0.0527157860320253	0.0536305088221143	-0.0314695784152542	-0.0312383049153751	0.0167632732965974	0.00136549181750319	0.0209732914199878	0.00503877750128836	0.00355734858227951	0.0293069158227045	-0.039233747424483	-0.0320536071461269	-0.0120407492306232	-0.00556600765553208	-0.0219440025359693	-0.00980539597113681
0.0527350811754264	0.053632213142629	-0.0314540607166661	-0.03131581517721	0.0167665869427129	0.00136471509438337	0.0209713524061564	0.00503741963281269	0.00357782836813669	0.0292919904453445	-0.039213915839215	-0.0320585189419709	-0.0120345969129618	-0.00557188057638771	-0.0219215557966001	-0.00980684324659029
0.0527641328552822	0.0536535758223922	-0.0314419740108519	-0.0313582667278667	0.0167799029944721	0.00138127214908864	0.0209750572077998	0.00504921576594898	0.00356803271612915	0.0292907555114633	-0.0392267513284685	-0.0320696333469013	-0.0120441913992693	-0.00557680354810399	-0.0219288480532286	-0.00981547660788615
0.052737859776659	0.0536373386770295	-0.0314603122201934	-0.03135499080032	0.0167417164360543	0.00134715360816164	0.0209551543763464	0.00501923229774622	0.00357448259138853	0.0293237592591356	-0.039198352040154	-0.0320391106428636	-0.012045944614225	-0.00555913309712805	-0.0218873506426633	-0.00979150296497381
0.0527733194222533	0.0536747876278803	-0.0314577766941818	-0.0313134291284894	0.0167604122733071	0.00138145096304428	0.020963724873361	0.00504988631828264	0.00352992299183285	0.0293216903257895	-0.039233009816916	-0.0320492262042136	-0.0120832398968327	-0.00558887349010986	-0.0218952086778234	-0.00983443088718425
0.0527307351581139	0.0536507106081498	-0.0314897885831938	-0.0312702050456649	0.0167247123464599	0.00136291717593874	0.0209453922519555	0.00503177721432176	0.00354221226033118	0.0293595276382002	-0.0392310917578449	-0.0320307007990123	-0.0120599312183179	-0.00555092441897683	-0.0219118425666502	-0.00980350026381019
0.0527343100402427	0.053669127048597	-0.0315027316402175	-0.0311863650491971	0.0167276837314884	0.00137583508724988	0.020944139157282	0.00504096238430886	0.00349782029885892	0.0293849848781508	-0.0392616256377549	-0.0320209344836693	-0.0120992046303099	-0.00556384512425603	-0.0219197788329159	-0.00982037722785798
0.0527167108354522	0.0536704597713601	-0.0315291821358123	-0.0311134843924325	0.0167213721576479	0.00138467799615001	0.0209534291010713	0.00505128050834304	0.00348621136158244	0.029389022161993	-0.0392795824704567	-0.0320219039905851	-0.0121051362244947	-0.00556101483461438	-0.0219425189389311	-0.00982034090627324
0.0526707584428201	0.0536554645447987	-0.031575559211589	-0.030989652934182	0.0166881155558664	0.00136988393528866	0.020936332810531	0.00503872162192721	0.00345510052726871	0.0294533979799924	-0.0392971481476305	-0.0319942744404703	-0.0121214725557235	-0.00553653688046776	-0.0219473888252543	-0.00980574242317587
0.0526366161531646	0.0536416399908531	-0.031604180620364	-0.0308964126321867	0.0166723464001532	0.00136285431165746	0.0209209436344735	0.00503039559711761	0.00344431581056902	0.0294849251155466	-0.0393150407190669	-0.0319760912963559	-0.0121187344670277	-0.00551734790785288	-0.021966667204847	-0.00979956216583397
0.0526164842163306	0.0536322145396131	-0.0316112591384362	-0.0308458236495642	0.0166697158792276	0.00135930736920921	0.0209152956280465	0.0050276309657253	0.00344351813268878	0.0294900282982026	-0.0393169783359144	-0.0319738938404791	-0.0121146371128723	-0.00551336231241969	-0.0219805406532336	-0.00979769998612404
0.0526196721338835	0.053636430637411	-0.0316071547993606	-0.0308296493684828	0.0166875441893988	0.0013757722229686	0.02092646311837	0.00504233003167272	0.00343731831757049	0.0294659247357756	-0.0393265756161899	-0.0319854580742667	-0.0121162995238661	-0.0055242559938736	-0.021997446953946	-0.0098046150570649
0.0526295949114376	0.0536385303044057	-0.0315858549838787	-0.0308589762541921	0.016706698237413	0.0013885113203241	0.0209325860993667	0.00505209634701566	0.00344871631025866	0.0294401070739457	-0.0393273816759743	-0.0320045925645045	-0.0121030239846437	-0.00552761015252592	-0.0220224152494866	-0.00980698573896119
0.0525969040881877	0.0536087005044461	-0.0315887509317697	-0.0308762220220234	0.0166778072107204	0.00134339292715703	0.0209175978577254	0.00501428697428548	0.00348200783664081	0.0294460400651145	-0.0392866470186886	-0.0319873719423857	-0.012081735345034	-0.00551228942868584	-0.0219751762345643	-0.00977854454112584
0.0526425994357585	0.0536335416744401	-0.0315519515784921	-0.0309550482428131	0.0167171770146104	0.00137064808555222	0.0209369628503278	0.00503856935066811	0.00348885585234831	0.029395645263272	-0.0392921595176648	-0.032018119560852	-0.0120757143438714	-0.00554299234366326	-0.0219792805736399	-0.00980873336598079
0.0526610354339821	0.053631525826487	-0.0315258936354093	-0.0310447052807755	0.016730360352887	0.00137004039749985	0.0209423901332784	0.0050436837091963	0.00351462322275319	0.0293788549122339	-0.0392769645223873	-0.0320263491937636	-0.0120598487962602	-0.00554232598228168	-0.0219831292646383	-0.00981329731280176
0.0526726904717315	0.0536171187302016	-0.0314961336846511	-0.0311638079480896	0.0167384391115235	0.00134919599881124	0.02095169823786	0.00502686262450965	0.00355001581311414	0.0293493603884411	-0.0392417283942376	-0.032028082850943	-0.0120363696856939	-0.00554582542727297	-0.0219461049969322	-0.00979732838837247
0.0527330555485851	0.0536472642485516	-0.031450766628327	-0.031263190788858	0.0167742396212208	0.00137992266251715	0.0209767028549853	0.00505374478816924	0.00355009823517182	0.029293094062727	-0.0392401260535569	-0.0320630926676801	-0.0120471055079526	-0.005577393075364	-0.0219448826359073	-0.00982156466428217
0.0527520098278832	0.0536506840654533	-0.031446989183514	-0.0313233393331873	0.0167737255310983	0.00137735221190479	0.0209794744712978	0.00504768746542185	0.00355814486317573	0.029285092138212	-0.0392214399951923	-0.0320635620543137	-0.0120507711940433	-0.0055794941393428	-0.0219148418913593	-0.00982373278349433
0.052738647675651	0.0536361819742539	-0.0314536905158985	-0.0313587850089413	0.0167579270387205	0.00135209893162238	0.0209692639150338	0.00502578694680773	0.00357768447878175	0.0293130583614777	-0.0392081588680337	-0.0320496327265659	-0.0120304716191258	-0.00556026744815915	-0.0219021642613011	-0.00980747887432324
0.0527445666969796	0.0536469289723848	-0.0314572039307301	-0.0313488203218663	0.016751127917454	0.00135323467963751	0.0209651693548464	0.00502296643605428	0.00357043832262615	0.0293212572607407	-0.0392111134892539	-0.0320473346878391	-0.012035683766536	-0.00556675364500328	-0.0218958652603168	-0.00981291453917796
0.0527658846732539	0.0536730302219725	-0.031470799379295	-0.0313017307842351	0.0167496694661283	0.00136755655989725	0.0209569383249507	0.00503176743543356	0.00353583223427322	0.0293351768096002	-0.0392294251558989	-0.0320431828513065	-0.0120710498142004	-0.00557938796855664	-0.021892048699951	-0.00982823107206596
0.0527351440397077	0.0536604839084129	-0.0314902076784024	-0.0312502617016747	0.016733748039156	0.00136491206913138	0.0209529527295175	0.00503028523537936	0.00353738987146495	0.0293610531447593	-0.0392458383212493	-0.0320365513681235	-0.0120554329297463	-0.0055544280549202	-0.0219315512173237	-0.00981169776608918
0.0527000140823441	0.0536482421373716	-0.0315239071241208	-0.0311628593959343	0.0167019484917162	0.00134080152178425	0.0209407333102206	0.00501238847299081	0.0035190907776762	0.0294048695488119	-0.0392442220107284	-0.0320043131676988	-0.0120771965439256	-0.00554673206990744	-0.021903828069279	-0.00980502996132135
0.0527060574352512	0.0536726586242209	-0.0315396120185688	-0.0310695995361626	0.0167112551993138	0.00137818202041769	0.0209499282590959	0.00504442690469943	0.00348398456904108	0.0294034921225598	-0.0392846032310549	-0.0320198615999355	-0.0120973047320312	-0.0055595088858317	-0.0219458409669508	-0.00983365416406443
0.0526504490890144	0.053647135726021	-0.0315851844315451	-0.0309636718252208	0.0166778644870656	0.00136374558746762	0.0209293674481651	0.00503325382643983	0.00346290966798778	0.0294692984522043	-0.0393001348994833	-0.0319908462416644	-0.0121011464381094	-0.00552470442574673	-0.0219610373592123	-0.00980729866338357
0.0526455917755475	0.0536573881918059	-0.0315908240560679	-0.0308817373149678	0.0166926767087193	0.00138546449815804	0.020936580076704	0.00505188819639542	0.00342805631346182	0.0294722866010412	-0.0393335353906197	-0.0319935130841748	-0.0121260309146083	-0.00553374151542682	-0.0219914874200806	-0.0098190626658872
0.0526248745024055	0.0536428400001335	-0.0315996502011597	-0.0308487209944392	0.0166879185811184	0.00137764418156674	0.0209323136874811	0.00504616894378292	0.00343210477317629	0.0294720882293091	-0.039327363515182	-0.0319868941738479	-0.0121195014112593	-0.00552656381148861	-0.0219955749953479	-0.00981168379624889
0.0526138159768362	0.0536321838059644	-0.0316043831830481	-0.0308339856069071	0.0166830514887633	0.00137201712990011	0.0209281618509486	0.00504132420317223	0.00343687128268138	0.0294628625467852	-0.039318283118997	-0.0319828876236543	-0.0121143549220985	-0.0055230042961841	-0.021988953291053	-0.00980443624310926
0.0526152213427688	0.0536297223201063	-0.031591220799532	-0.030856563662775	0.0166915200059438	0.00137518828364471	0.0209315341703932	0.00504299779003832	0.00345191121273174	0.0294426537758295	-0.0393124074041733	-0.031991317025282	-0.012103874747917	-0.00552611398263144	-0.0219958851258022	-0.00980336615334346
0.0526364010176243	0.0536355910500099	-0.0315530985023795	-0.0309161855441255	0.0167146666343113	0.0013839850920719	0.0209446895689892	0.00505217457812126	0.00346665358518405	0.0294117762378485	-0.0393116348720056	-0.0320152431707374	-0.0120947873668119	-0.00553870779364798	-0.0220034944978052	-0.00981278601664734
0.0526548188550554	0.0536353228290764	-0.0315449624673977	-0.0309733389546977	0.0167179299890017	0.00137450795242285	0.0209424096910548	0.00504037285704885	0.00348259037898068	0.0293838812607683	-0.0392805212437238	-0.0320128515340807	-0.0120936474278447	-0.00554831904376376	-0.0219642895380306	-0.00981390360387011
0.0526359330279747	0.0536034729902116	-0.0315284207795168	-0.0310687571547934	0.0167139304237283	0.00135048122411742	0.0209430145851391	0.00502240345149082	0.0035350066167124	0.0293858496112644	-0.0392594645034628	-0.0320177451691324	-0.0120372302278555	-0.00551946154468793	-0.0219722900655615	-0.00978672248562843
0.0527191946730548	0.0536532293703531	-0.0314783291232084	-0.0311502055146045	0.0167630609550251	0.00138273618835046	0.0209648759882004	0.00504232025278452	0.00351882535071079	0.0293089163038333	-0.0392551492197989	-0.0320495056010193	-0.0120757632383124	-0.00557820053213245	-0.02193853753445	-0.00982746831878642
0.0527274969491359	0.0536427114776029	-0.0314578898498881	-0.0312755219668772	0.0167580192396664	0.0013667197664642	0.0209549615925505	0.00502945542686646	0.0035734404413033	0.0292965655680377	-0.0392220812108613	-0.0320566036768679	-0.0120289712582792	-0.00555858827335695	-0.0219399359154625	-0.00980977831003408
0.0527524331140438	0.0536559800319052	-0.0314470576357314	-0.0313298227360633	0.0167642469944652	0.001373729832319	0.0209623292863165	0.00503903594333362	0.00356583246628433	0.0292912374709532	-0.0392160322700181	-0.0320562767826053	-0.0120421895211565	-0.0055745110973133	-0.0219153797302103	-0.00982355536652272
0.0527453182743869	0.053648507564337	-0.0314434212863053	-0.0313613680324099	0.0167562380850301	0.00136424570774981	0.0209566002548158	0.00503049059203155	0.00357610728381363	0.0293084636810081	-0.039215189888649	-0.0320536462616797	-0.0120266843954247	-0.00555784368086978	-0.0219194323808768	-0.00980838551695771
0.0527560010112525	0.0536643088506828	-0.0314601641398864	-0.0313221868213638	0.0167405681151829	0.00136241146772044	0.0209487757472725	0.00502713643337922	0.00354939555220551	0.0293283553365893	-0.0392161971141335	-0.0320367720916	-0.0120626497492373	-0.00556957974369285	-0.0218879625216678	-0.00982144033270363
0.0527554142779606	0.0536747638791518	-0.0314748548239296	-0.0312965549584097	0.0167428871086701	0.00138046608930422	0.0209475184616469	0.00504161477585015	0.00353837055425293	0.0293435042313938	-0.0392437176994941	-0.0320433937958948	-0.0120581402847934	-0.00556147164839168	-0.0219289388571905	-0.0098174673101267
0.0527437801949716	0.0536804076946268	-0.0314939096860778	-0.0312224030461792	0.016730560121603	0.00138376297161137	0.020945316814818	0.00504263178022286	0.00350677636346535	0.0293741149454254	-0.0392580786953066	-0.0320315138437168	-0.012084973554012	-0.00555585018466117	-0.0219385612831785	-0.00982206059361227
0.0527180365732952	0.0536700644248801	-0.0315222908135999	-0.0311546940242879	0.0167073198953056	0.00136995518147411	0.0209372534230058	0.005029874522075	0.00349699188733004	0.0294030660424311	-0.0392613141103165	-0.032008843586903	-0.0120923663934906	-0.00554688154719848	-0.0219329007038952	-0.00981327077010522
0.0526844223436025	0.0536676085269581	-0.0315617388485955	-0.0310387527318302	0.0166850603517962	0.00137527769062253	0.0209263038621907	0.00503197838002185	0.00347716868396624	0.0294387198688054	-0.0392871722846833	-0.0319999671503862	-0.0120943752565235	-0.00553103136641161	-0.0219641903521646	-0.00980931171736857
0.0526397495883405	0.0536520600947213	-0.0316042658363898	-0.0309267844619494	0.0166577101984871	0.00135963985140799	0.0209065085985075	0.00502014033736471	0.00345726166156073	0.0294877009228111	-0.0392969316151061	-0.0319688898436892	-0.0121073308864034	-0.00550990058599718	-0.0219672441592508	-0.00979942386441516
0.052628339022796	0.0536512219043043	-0.031605506358207	-0.0308620202823902	0.0166631975517508	0.00137024575415203	0.0209089561145253	0.00503056742615312	0.00344008434594683	0.0294922718545523	-0.0393220214482571	-0.0319728125748411	-0.0121112536175553	-0.00551123051479227	-0.0219966478790817	-0.00980339129905597
0.0526121926813951	0.0536393670978388	-0.0316123543739145	-0.0308247236027984	0.016664038536136	0.00136382242158918	0.0209093500640214	0.0050261781023357	0.0034402547779983	0.0294859379289672	-0.0393154137138025	-0.0319683953113431	-0.0121136089326273	-0.00551398816126444	-0.0219922753190726	-0.00980038219545868
0.0526291255248041	0.0536495720661666	-0.031594706274683	-0.03084306181214	0.0166952541442518	0.00138372804701067	0.0209222372416839	0.0050400264050098	0.00344120612412168	0.0294555744811087	-0.0393326119841769	-0.0319929473056432	-0.0121055497317671	-0.0055184682890437	-0.022026215046044	-0.00980316359065933
0.0526206262739749	0.0536355742862015	-0.0315860393857705	-0.0308781596388709	0.0166961426260939	0.00137218895893561	0.0209213152322251	0.00502933668322405	0.00346147356840653	0.0294506068059035	-0.0393064213276114	-0.0319904942016893	-0.0120906020026627	-0.0055196808711804	-0.02201227314544	-0.0098035938617401
0.0526199361638649	0.0536187238648503	-0.0315649141932922	-0.0309479613428368	0.0166992076090524	0.00135551735154001	0.0209220109302713	0.00501472143631833	0.00349393109532369	0.0294342034194414	-0.0392832621263876	-0.0319930618583336	-0.0120669287113164	-0.00551536419053247	-0.0219928913890292	-0.00979386805893398
0.0526506097421777	0.0536355617133453	-0.0315417508011163	-0.0309962564776846	0.016718727666882	0.00137231049654609	0.020934467836853	0.00502910059292324	0.0034950556674666	0.0293897751363844	-0.039277980129776	-0.0320094163503547	-0.0120752142235892	-0.00553913946171277	-0.0219788698603356	-0.00980698154800911
0.0527011232876627	0.0536555204241598	-0.0314955287905668	-0.0311002828933636	0.0167553384273158	0.00139139748932689	0.0209528619255557	0.00504541596939158	0.00350091042752986	0.0293523345674377	-0.0392820271925065	-0.0320339599627507	-0.0120776743124633	-0.00555818454497272	-0.0219838556963331	-0.00982338912542333
0.0527083415041377	0.0536360953612441	-0.0314698033296827	-0.0312219448354178	0.0167511572541186	0.00136725620833113	0.020948211365725	0.00502375573203036	0.00355669898470628	0.029322158315439	-0.0392312230743436	-0.0320380293772256	-0.0120419799735522	-0.0055541626279548	-0.0219496589243005	-0.00980687258325489
0.0527323780113313	0.0536422281211291	-0.0314518241452365	-0.0313001899108517	0.0167545854529244	0.00136149784016583	0.0209505666807969	0.00501795266037615	0.00357619808777548	0.0293026983279226	-0.0392103828666071	-0.0320444359459801	-0.0120356460479672	-0.00556347492348849	-0.0219223814141609	-0.00980976992812991
0.0527420032312874	0.0536475618061497	-0.031453419500997	-0.0313288532291476	0.0167488550244397	0.00135999189138316	0.020949932450048	0.0050171843191605	0.00357882721171703	0.0293092166553994	-0.0392087148676771	-0.0320434161476393	-0.0120339333455483	-0.00556413150598186	-0.0219110798133707	-0.00981002417922308
0.052777576032588	0.0536779713544811	-0.0314363986475943	-0.0313495621203854	0.016772089662801	0.00138982029435876	0.0209604042423253	0.00504699037039165	0.00355704543674534	0.0292973814067103	-0.0392349669915398	-0.0320653096813333	-0.0120465285535489	-0.00558077237972884	-0.0219371307715333	-0.00982860965473767
0.0527375887617575	0.0536517304064906	-0.0314716249968559	-0.0313349217277672	0.016727073249468	0.00135497392475294	0.0209390136228816	0.00502063766367884	0.00356764016361715	0.0293449682706557	-0.0392129281715069	-0.0320321396925616	-0.0120353750330657	-0.00554764709444608	-0.0219154942829006	-0.00979349506419839
0.0527396227705029	0.0536663260956199	-0.0314941555552668	-0.0312586128721968	0.0167219099964988	0.00136103124750033	0.020932553968734	0.00502562210269238	0.00353268203528905	0.0293615085615526	-0.0392309660292823	-0.0320183710179771	-0.0120686120770707	-0.0055612369550749	-0.0218955788785909	-0.00981372339293044
0.052713904294539	0.0536584443117314	-0.0315102404293705	-0.0312003334924976	0.0167102060643084	0.00135992204218173	0.0209305059901483	0.00502478111830724	0.00352616370781227	0.0293962292025959	-0.0392534211505557	-0.032015568668016	-0.012056645511883	-0.00553954738104908	-0.0219367424099734	-0.00980765768827888
0.052716161820729	0.0536760127828732	-0.0315255513743223	-0.0311147263112338	0.0167125306457318	0.00138348078083763	0.0209342610832168	0.00504371304586089	0.00348876923933854	0.0293908647839266	-0.0392765328543225	-0.0320163062755831	-0.0120918495094001	-0.00555914986093639	-0.0219422409391094	-0.00981943705760683
0.0526929048306232	0.0536806731215922	-0.031562107652379	-0.0309957144478815	0.0167009189144872	0.00139243265449198	0.0209302265933426	0.00505295549219316	0.00344503805131174	0.0294376134574549	-0.039308909356166	-0.0320051639309721	-0.012119286275719	-0.00554916980703709	-0.0219694765397282	-0.00982293510561408
0.052657351587099	0.0536669128289119	-0.0315960962737913	-0.0308992359369082	0.0166783073310026	0.00138025933566801	0.0209148569750615	0.00504219033326988	0.00343103188944243	0.0294736304996765	-0.039317595802855	-0.0319822226592568	-0.0121277268532189	-0.00553058712549056	-0.0219831250736863	-0.00980795105492486
0.0526311553425974	0.0536484949914807	-0.0315988231866149	-0.0308593380730555	0.016678866124614	0.00137838178913376	0.020916890983807	0.00504107274604711	0.00343737978486774	0.0294800007468463	-0.039325843596559	-0.0319818650313455	-0.0121163498152911	-0.00552048413699676	-0.0220073990681647	-0.00980213960136648
0.0526208944949084	0.0536409610566152	-0.0316082570197591	-0.0308284717109468	0.0166783953409964	0.0013748488165258	0.0209149673367998	0.00503910439555101	0.0034335338878374	0.0294699634166018	-0.0393187147870618	-0.0319771949137384	-0.0121231461425896	-0.00552475471717176	-0.0219893849591178	-0.0098027444954508
0.0526077335083763	0.053626123689249	-0.0315940594710779	-0.0308532332528512	0.0166870943605416	0.00137360130978838	0.0209237781150673	0.00503980149058121	0.00345745444535666	0.0294551260492356	-0.0393191576309988	-0.0319908029351596	-0.0120911342535775	-0.00551661449123794	-0.0220097655591089	-0.0097959453741843
0.0526247473768589	0.0536285195168578	-0.0315569290325855	-0.0309096448649043	0.0167101208482827	0.00137273378270671	0.0209376627393261	0.00504204085597883	0.00346320303463376	0.0294275481875298	-0.0393094751346976	-0.0319989794826781	-0.0120939463824268	-0.00553250239059358	-0.0219994572139629	-0.00980564184032582
0.0526464355539007	0.0536324827605465	-0.0315509988353847	-0.0309807387790965	0.0167119606762482	0.00136478354660077	0.0209330205613995	0.00503259305299438	0.00349432364783569	0.0293899818900206	-0.0392752252772719	-0.0320066391461061	-0.012081780048523	-0.00554376068487891	-0.0219577865773781	-0.00980865234090714
0.0526634284676228	0.0536258945838683	-0.0315202595988225	-0.0310802878609643	0.0167299817702152	0.00136545968687054	0.0209411845360618	0.00503677841714363	0.0035204360732956	0.0293749894574272	-0.0392666813229539	-0.0320218550961441	-0.0120585957015867	-0.00553926239630728	-0.0219703203180814	-0.00980089069764504
0.0527036127132014	0.0536392567361005	-0.0314748450450414	-0.031197258730651	0.0167576713906433	0.00137665371989056	0.0209625039093201	0.00504486555768437	0.00354555524311128	0.0293153061087794	-0.039244646693873	-0.0320456862466855	-0.0120500838779013	-0.00556673688119494	-0.0219516384506689	-0.00981452945271486
0.0527316194490039	0.0536457834454815	-0.0314522474313971	-0.0312832011880816	0.0167684002279818	0.00137330095822226	0.0209704611303462	0.00504345739778368	0.00355952508339585	0.0292934013992132	-0.0392263182634197	-0.0320574209125246	-0.0120475134272889	-0.00557563287548815	-0.0219243469706889	-0.00981926802253938
0.0527620667159041	0.0536651889506208	-0.0314400615397169	-0.0313343377884433	0.0167794014772059	0.00139192415230562	0.0209759414986898	0.00505834785054301	0.00355662354756874	0.0292838390435385	-0.0392336677963934	-0.0320712300996459	-0.0120508619980052	-0.0055835635538177	-0.0219323000007629	-0.00982731045959121
0.0527353158687432	0.0536446742401629	-0.0314557929768614	-0.0313484822517314	0.016740379522339	0.00135071172648212	0.0209540633318202	0.00502585260505707	0.00357540320386329	0.0293187343075853	-0.0392030417155375	-0.0320364242425769	-0.0120408665772815	-0.00556317457192237	-0.0218941637337701	-0.00980318873637185
0.0527468200322175	0.0536628168717404	-0.031461030269984	-0.0313113182856224	0.0167416689385973	0.00136129946843379	0.0209530505183995	0.00503270760568471	0.00354794827675203	0.0293307302094376	-0.0392208630407885	-0.0320372358902974	-0.0120640299694574	-0.00557478211221482	-0.0218897450732881	-0.00981803727961031
0.0527542170626482	0.0536769641289966	-0.0314767896468091	-0.0312763615542783	0.0167494235969393	0.00138400744381635	0.0209598440517299	0.00504850889203058	0.00353131718189325	0.0293390213096465	-0.0392501005195201	-0.0320462450402969	-0.0120687922880104	-0.00557301772138688	-0.0219269174213013	-0.00982507947609776
0.0527353284415994	0.0536754428133896	-0.0314986063463815	-0.0312128616452648	0.0167356311736263	0.00138125678226432	0.0209555734715549	0.00504761342526834	0.00351330027887824	0.0293748944625133	-0.0392652563992448	-0.0320352493790089	-0.012080014260711	-0.00556003275484237	-0.0219477953476066	-0.0098192247160345
0.0527109119547501	0.0536666278441701	-0.031518418373873	-0.0311465076978812	0.0167224799659824	0.00138022022011521	0.0209487701593363	0.00504691213928606	0.00350037258867891	0.0293916051854617	-0.0392758148045319	-0.0320232995776295	-0.0120817213751938	-0.00555156982559798	-0.0219568561860152	-0.00981371221705821
0.0526726010647537	0.0536597882103668	-0.0315687545023864	-0.0310210250045091	0.0166849290352975	0.00137228535083357	0.0209337050835735	0.00503289759551258	0.00346675556501812	0.0294500102937234	-0.0392863201244259	-0.0319911354173583	-0.0121074258813174	-0.00553422487190066	-0.0219526987615465	-0.00981138763563486
0.05264335939507	0.0536551334595839	-0.0315949116313352	-0.03091208818997	0.0166777485373912	0.00137543135886566	0.0209257422746113	0.00503991045533543	0.00344147015410306	0.029475910377611	-0.039316612326099	-0.0319828485081015	-0.012118160306592	-0.00552654145974415	-0.0219780288759504	-0.00980551471477923
0.052605462012346	0.0536334634433345	-0.031617140441196	-0.0308449323737541	0.0166604147595662	0.00135447659843881	0.0209143764125557	0.00502552710777844	0.00344224128928677	0.0295005755276174	-0.0393141424583366	-0.0319653359163208	-0.0121147963690515	-0.00551226987090944	-0.0219770118715777	-0.00979090784977768
0.0526179999440014	0.0536455990435897	-0.031611397439855	-0.0308136636802451	0.0166809322639921	0.00137414473657545	0.0209232933616094	0.00504137309761322	0.0034269065956064	0.0294746684588097	-0.0393308182566843	-0.0319791730431227	-0.0121264430248967	-0.00552948211112405	-0.0219855292831992	-0.00980841066267022
0.0525900686453365	0.0536159019571128	-0.0316069187090598	-0.0308403432812206	0.016676559703983	0.00136279843229633	0.0209225194324576	0.00502991503461183	0.00346122490524946	0.0294709888028787	-0.0393181587874185	-0.0319807963385637	-0.0120853074331948	-0.00550580323184171	-0.022006576244572	-0.0097860728880552
0.0526412625220433	0.0536532154005129	-0.0315667442423694	-0.0308703979956088	0.0167243337637882	0.00140131886989699	0.0209461089047621	0.00506528387624429	0.00343490293218528	0.0294213539603476	-0.0393361659115453	-0.0320137567797311	-0.012118603150529	-0.00554783848125797	-0.0220141227522937	-0.00982015091644537
0.0526271334255795	0.0536245800218976	-0.0315643106961919	-0.0309487660056372	0.0167085506382347	0.00136474862200005	0.0209348631833331	0.00503781078834066	0.00348172704285109	0.0294179760529668	-0.0392897888357686	-0.0320012202450598	-0.0120861735632924	-0.00553523489135324	-0.0219759487667321	-0.00979594677116833
0.0526618778153512	0.0536439017079951	-0.0315369423820904	-0.0309991594104957	0.0167318285831009	0.00138355621797517	0.0209507874042734	0.00505259507031382	0.00348187093220603	0.0293749363720341	-0.0392875438824348	-0.0320240315972604	-0.0120923552176184	-0.00555648162144204	-0.0219725191709422	-0.00981232082096587
0.0526712362113579	0.0536261697897219	-0.0315069533259515	-0.0311217657137532	0.0167399576331625	0.0013647067124792	0.0209534849804324	0.00503797004451991	0.00352471224140671	0.0293615406921852	-0.0392613322711089	-0.0320251785211478	-0.0120578958125884	-0.00554707852194649	-0.0219628925540021	-0.0097966815847673
0.0527146363141699	0.0536416078602204	-0.0314655648801404	-0.0312269823598245	0.016763352924687	0.00137784255329878	0.0209677607602192	0.00504994359462781	0.0035435924805513	0.029307084857772	-0.0392435696191871	-0.0320530581314037	-0.0120482691956483	-0.00556874434724383	-0.0219510531143609	-0.00980857969773766
0.0527419976433513	0.0536504395932483	-0.0314495805888868	-0.0313125643953758	0.0167656803000784	0.00137690657399971	0.0209687246791988	0.00504601248157173	0.00355924149563807	0.0292900556224651	-0.0392264677407107	-0.0320559163607259	-0.0120423208376552	-0.00557388245450049	-0.0219306208259607	-0.00980770518573585
0.0527308762535007	0.0536349372614845	-0.0314554046153014	-0.031346842192482	0.0167431595205557	0.00135445284971033	0.0209550775422248	0.00502939256258518	0.00357715502183497	0.0293145182097874	-0.0392049555836565	-0.0320414002996862	-0.0120283859219713	-0.00556012635277228	-0.0219040348229152	-0.0097984194328987
0.0527576983468471	0.0536623628519312	-0.0314519624466553	-0.0313383261778445	0.0167507144101816	0.0013680203585947	0.0209542952311689	0.00503956260631234	0.00355674787914727	0.0293097572882184	-0.0392188807204522	-0.0320437248811096	-0.012052816378661	-0.00557838772799226	-0.021898379831568	-0.00981668080811868
0.0527452456312174	0.0536586943718725	-0.03146790203442	-0.0313188158989031	0.0167356241887062	0.00136151320699015	0.0209493750534207	0.00503251901284087	0.00355401817235567	0.0293359954422409	-0.0392239573604116	-0.0320331105964614	-0.0120496228731719	-0.00556515828924278	-0.0219072786198292	-0.00980713940720432
0.0527259630606726	0.0536576284730588	-0.031494605384124	-0.0312566040091639	0.0167223765891643	0.00136114021225455	0.0209484209133292	0.00503751043677454	0.00352992997675299	0.0293586670960387	-0.0392339416052629	-0.032020966614302	-0.0120633175076029	-0.00555759641469674	-0.0219104455826218	-0.00980415964027162
0.0527192896679687	0.0536655731212286	-0.0315086101490092	-0.0311862756422193	0.0167176030947391	0.00136868252902419	0.0209515152329523	0.00504431514597715	0.00350061426691583	0.0293875776805076	-0.0392615138790326	-0.0320148995126664	-0.0120854806592143	-0.00555975475502071	-0.0219253667690297	-0.00981326937312119
0.0526915930626205	0.0536586859899683	-0.0315428781672273	-0.0311002912752678	0.016692856919659	0.00136179539776389	0.0209403365667566	0.00503850089845072	0.00349082140887635	0.0294087866920276	-0.0392663670015475	-0.0320020724053171	-0.0120903561334736	-0.00555012394712853	-0.0219265765571984	-0.00980471144896286
0.0526593981687007	0.0536571129859523	-0.0315775317530372	-0.0309843164551933	0.0166805103748155	0.00136757611767365	0.0209338461789603	0.00504088415320326	0.00345549727073279	0.0294591814938702	-0.0393017805466688	-0.0319870827666918	-0.0121084023731533	-0.00553444140442507	-0.0219572515324952	-0.00980319991224407
0.0526540281620953	0.0536690655812997	-0.0315940329283813	-0.0308921658007402	0.0166877244003385	0.00138717300962484	0.0209339299980021	0.00505312732122866	0.0034210252928466	0.0294718716967847	-0.039332273914042	-0.031985277863327	-0.0121392533684377	-0.00554041490813076	-0.0219809499695539	-0.00981357670960745
0.0526124134048716	0.053640705408538	-0.0316035952840561	-0.0308526884290801	0.016674496358573	0.00136498191833281	0.020928525066796	0.00503723942187303	0.00343385938511603	0.029486270411166	-0.0393203115398063	-0.0319732931373469	-0.0121182385376976	-0.00552217169370314	-0.0219935298107302	-0.00979466294284618
0.0526194933199279	0.0536509816230514	-0.0316080265173944	-0.030811253882796	0.0166790952299947	0.00137346999328971	0.0209260831387142	0.00504036307816065	0.00342191796564078	0.0294640695409858	-0.0393258156568784	-0.031975556251473	-0.0121365725560871	-0.00553261554629988	-0.0219871427997521	-0.00979849067908415
0.0526303618556692	0.0536479026702526	-0.0315866973652479	-0.0308409761149855	0.0167023466321643	0.00139200517737927	0.0209416008373023	0.00506180398902941	0.00343745801597333	0.0294371189251088	-0.0393305486387668	-0.0320001375824377	-0.0121164503981412	-0.00553857787413333	-0.0220238387762116	-0.00981337135295527
0.0526151067900785	0.0536214940841787	-0.0315753091514479	-0.0309061426259449	0.0166950487875997	0.00136371904477108	0.0209395780044291	0.0050408268768581	0.00347352255565197	0.0294364595486474	-0.0392931876979098	-0.0319902022320273	-0.0120894159632225	-0.00552998362839027	-0.021999508902372	-0.00980200549089974
0.0526405710149492	0.0536274675878844	-0.0315520353975338	-0.0309686772189948	0.0167108123553768	0.00136937962405439	0.0209474514064135	0.00504523575845191	0.00348881673679551	0.0293958743686526	-0.0392831908802022	-0.032004814684965	-0.0120855211717512	-0.00554703242147355	-0.0219823595264387	-0.00980197755121917
0.0526707179302833	0.0536401354390544	-0.0315281916741361	-0.0310337040315514	0.0167311245031505	0.00137934291414534	0.0209569676616153	0.00505184628687457	0.00349598605882955	0.0293737405537058	-0.0392784355465693	-0.032021360563798	-0.0120857949806207	-0.00555725275662574	-0.0219820521899524	-0.00981306960440512
0.0526799170701107	0.0536219313401796	-0.0314974231009094	-0.0311590623933449	0.016733014622541	0.00135700374254629	0.0209541415629258	0.00503402216765549	0.00354564185612104	0.0293457240390151	-0.0392395532901053	-0.0320219291362976	-0.012048745567202	-0.00555310511104526	-0.0219546363783939	-0.00979694142379659
0.0527334704528416	0.053647969725486	-0.0314548667764505	-0.031265055762536	0.0167681725195852	0.00138154456097419	0.0209723344859284	0.00505608194244885	0.00355370943888538	0.0292930842838388	-0.0392359113527431	-0.0320553910947312	-0.0120516526909653	-0.00557650878447399	-0.0219497874468312	-0.00981719350125712
0.0527282736722557	0.0536332511017622	-0.0314531792197441	-0.0313363242997318	0.0167534762476058	0.00136552953607196	0.0209650142896192	0.00503624476924476	0.00358539303665078	0.0292992421894362	-0.0392097262841137	-0.0320499707967008	-0.0120232547996348	-0.00556029259387167	-0.0219335265527399	-0.00980015029610995
0.0527540955250377	0.0536553849167091	-0.0314541347568196	-0.0313405431914977	0.0167516713442411	0.00136338935654036	0.0209585602234078	0.00503428340366881	0.00355971647020775	0.0293107142222779	-0.0392088713298883	-0.0320393704818929	-0.0120569332905928	-0.00557389921830883	-0.0218995016097428	-0.00981456158334751
0.0527607116413965	0.0536646832424025	-0.0314569734283654	-0.0313376821682074	0.0167482068238505	0.00136584804843045	0.0209529946390384	0.00503332227865723	0.00356168342371981	0.0293202360654159	-0.0392168061991699	-0.032042075042972	-0.0120535581771801	-0.0055729157415528	-0.0219090458046252	-0.00981862960083838
0.0527530324201921	0.0536693645358818	-0.0314780189927541	-0.0312929912521531	0.0167366831025998	0.00136769067036398	0.020947818813213	0.00503181213892247	0.00354506350473326	0.0293371214113678	-0.0392266535395865	-0.0320331469180461	-0.0120659312647201	-0.00556760859922869	-0.0219124334908943	-0.00981180253989131
0.0527483134081439	0.0536788165298184	-0.0314946291328524	-0.0312334713506366	0.0167351156865198	0.00137756734744517	0.0209527557547695	0.00504318638288216	0.00351645047786241	0.0293581963124211	-0.0392487398570764	-0.0320255277671549	-0.0120843518961193	-0.0055690866083308	-0.021926853160036	-0.009827742127656
0.0527308650776285	0.0536750474669096	-0.0315126809604682	-0.0311740073284814	0.0167219365391954	0.00137306067696937	0.0209437787354027	0.00503660100017202	0.00350096910085906	0.029389363026096	-0.0392603320305445	-0.0320114154344994	-0.0120931053980417	-0.0055577905954767	-0.0219401217143383	-0.00982216816138246
0.0526990655301887	0.053670405288983	-0.0315527059498675	-0.031063090987574	0.0166957696313583	0.00137485580144594	0.0209297935282938	0.0050363397641587	0.0034805689430915	0.0294194331073085	-0.0392725514498414	-0.0320009031296853	-0.0121022849800926	-0.00554607129646198	-0.0219512906016458	-0.00981733319965997
0.052639086020927	0.0536391477713463	-0.031598827377567	-0.0309488162970622	0.016656823113629	0.00134771100478899	0.0209116788363968	0.00501742040946131	0.00347161846642118	0.0294844222012964	-0.0392854805370248	-0.0319669382570014	-0.0120975338374119	-0.00551695675232491	-0.0219582294213151	-0.00979512534455959
0.0526376541122978	0.0536509704471791	-0.0316025391641306	-0.0308590977918026	0.0166713950540298	0.00136597098302495	0.0209202828610281	0.00503212646032887	0.00343925174346587	0.0294842196386122	-0.0393158579547236	-0.0319715441133433	-0.0121211386765407	-0.00552916220178154	-0.0219875563070245	-0.00981497509061994
0.0526253830045918	0.053647282409344	-0.0316050425595096	-0.030822887965785	0.0166728032139305	0.00136559100336921	0.0209185841284495	0.00503058418996145	0.00343909528125468	0.0294767765077086	-0.0393169308384574	-0.0319716111685766	-0.0121218539323633	-0.00552799991106986	-0.0219946641617613	-0.00981510920108667
0.0526447186605297	0.053658817306467	-0.031588076188484	-0.0308304861619158	0.0167026888932513	0.00139035813320972	0.0209272356505377	0.00504877990693211	0.00343478279155884	0.0294509392881023	-0.0393340508777262	-0.0319977166091164	-0.0121182539045219	-0.00553792268862399	-0.0220293526721719	-0.00982246152802843
0.0525964584502826	0.0536099088956307	-0.0316033675756595	-0.0308603508864761	0.0166659845348876	0.00134265671657404	0.0209055963679369	0.00501084620262339	0.00348259037898068	0.0294666050669974	-0.0392838293019032	-0.0319697126672819	-0.0120783364828928	-0.00550368261008652	-0.0219959619599237	-0.00978540512968959
0.052680962014164	0.0536699820028224	-0.0315489271080705	-0.0309044145567017	0.0167311761915596	0.00140120990514277	0.0209303313671447	0.00505732944918626	0.00345310004613996	0.0294006590389501	-0.03931901932958	-0.0320168161747535	-0.0121175945280605	-0.00556337014968636	-0.0220142317170479	-0.00984037645120936
0.0526524872887119	0.0536281409341861	-0.0315501997605204	-0.0309879639804916	0.0167060989312647	0.00136784014765503	0.0209221073221692	0.00502626192137741	0.00351664745261043	0.0293922338282745	-0.0392684806383825	-0.0320126573533007	-0.0120618925838938	-0.00553104813021995	-0.0220006181076906	-0.00979895727174965
0.0526925276449356	0.0536451366418763	-0.0315228551951474	-0.0310582294831549	0.0167300460314806	0.00137097777378294	0.0209320845821005	0.00503391459988529	0.00350268599423003	0.0293766630442933	-0.039260649145919	-0.0320093856167061	-0.0120897568273254	-0.00555681130967275	-0.0219609577311227	-0.00982539100353611
0.0527215024906698	0.0536441154465515	-0.0314821233318297	-0.0311900530870322	0.0167537011620344	0.00137196823545912	0.020951157605041	0.00503720729124037	0.00355128567159601	0.0293192707494522	-0.0392367704979206	-0.0320434426903358	-0.0120506342896085	-0.00556404628995613	-0.021964996411949	-0.00981814205341245
0.05274625565067	0.0536468744900077	-0.0314495470612701	-0.0312963705565179	0.0167746321737328	0.00137702950859422	0.0209814763494106	0.00504872821852305	0.0035714567239829	0.0292864234639911	-0.0392288705532396	-0.0320665669669589	-0.012036766429158	-0.005574005389095	-0.0219587951998467	-0.0098219544228261
0.0527508643009799	0.0536453587623368	-0.0314489840767067	-0.0313373371131524	0.0167654274459693	0.00136420379822895	0.0209753338106375	0.0050350978453574	0.00357351727542487	0.0292934013992132	-0.0392090627167002	-0.0320522129560665	-0.0120409420144191	-0.00557422471558746	-0.0219222235549657	-0.00981821749054998
0.0527773622940317	0.0536697556914098	-0.0314489952525789	-0.0313399410913814	0.0167620635084288	0.00136560078225741	0.0209700029195849	0.00503528783518527	0.0035560717388775	0.0293015709618117	-0.0392131419100633	-0.0320428363992675	-0.0120718880046175	-0.00558845160093327	-0.0219018275881502	-0.00983063388459491
0.052749298281884	0.0536514370398446	-0.0314720971774575	-0.0313364444403582	0.0167346476968703	0.00134126951143378	0.020951796026742	0.00501095656436164	0.00357955084944377	0.0293369188486837	-0.0392030291426813	-0.0320292814632394	-0.0120388870509132	-0.00555916103680862	-0.0219067351930422	-0.00981023931476347
0.0527532964501734	0.0536630124495044	-0.0314834770093533	-0.0312961917425623	0.0167389587895821	0.00136205383980916	0.0209543413316418	0.00502655528802338	0.00355203305805123	0.0293476895955431	-0.0392279764834614	-0.0320286360566182	-0.0120549383974002	-0.00556501998782396	-0.0219224289116179	-0.00981927221349147
0.052756123945847	0.0536837436924867	-0.0314880702928388	-0.0312288347606462	0.0167463236893801	0.00138613784445975	0.020955872426137	0.00504585601936055	0.00351449330323855	0.0293622070535668	-0.0392617164417167	-0.0320320670493921	-0.0120792459194953	-0.00557193785273288	-0.0219593875210747	-0.00982949813657977
0.052699227580336	0.0536474556353635	-0.0315413680274925	-0.031155040476327	0.0166910142977255	0.00133731045869713	0.0209233394620823	0.00500489644764619	0.00352375810131527	0.0294158400643873	-0.0392334973643419	-0.0319845584165524	-0.0120695340865295	-0.00553616388573216	-0.0219232112226738	-0.00979946856790407
0.0526983195407175	0.0536727214885022	-0.0315593304481304	-0.0310173677003226	0.0167021985518573	0.00137701553875393	0.0209322885417686	0.00504057821370103	0.00347320683726154	0.0294244985713957	-0.039291134131388	-0.0320044654389579	-0.0121051767370315	-0.00554972301271236	-0.0219679733849136	-0.00982565643050151
0.052666528375182	0.0536664560151346	-0.0315934014916004	-0.0309191387683617	0.0166810021131935	0.00137059360317511	0.0209188705101753	0.00503355278102192	0.00344503665432771	0.0294684351160747	-0.0393035910379697	-0.0319758174874863	-0.0121239144838052	-0.00553882234633831	-0.0219695673436901	-0.00982622220903304
0.0526500677123747	0.0536610371140882	-0.0316052353433055	-0.0308623304128445	0.0166824675494394	0.00137353425455502	0.0209165361498637	0.00503580052832371	0.00343720376488015	0.0294762707994903	-0.0393204093286883	-0.0319763190047525	-0.0121194315620579	-0.00553284185771249	-0.0220008248613268	-0.00981552550232715
0.0526272326114455	0.0536450416469624	-0.0316150617289617	-0.0308363940073721	0.0166742281376395	0.0013628361508651	0.0209156951654786	0.00502353780252192	0.00345062319345751	0.0294730605301929	-0.0393079063216336	-0.031971482646046	-0.0121084261218817	-0.00552724553969449	-0.0219954520607534	-0.00981028681222043
0.0526122066512354	0.0536306862390859	-0.0316064618952825	-0.0308402217436101	0.0166736414043476	0.00135880724892703	0.0209205399060893	0.00502051472908434	0.00346588384698437	0.0294633319334187	-0.0393071966537472	-0.031975556251473	-0.0120924278607879	-0.00551808691240393	-0.0220063429482392	-0.00979931769362899
0.0526406646128791	0.0536473648314017	-0.0315819154889185	-0.0308646033058588	0.0167022111247136	0.0013758211174096	0.0209254167773326	0.00503415348415416	0.00346177531695668	0.0294315966472443	-0.0393090700093293	-0.0319910418194284	-0.0121073993386208	-0.00553998743101805	-0.02200765751021	-0.00981732900870788
0.0526495759739966	0.0536409875993118	-0.0315573355549378	-0.0309481611115528	0.0167130670875987	0.00136986856846435	0.0209290754785032	0.00502927381894277	0.00349015504749477	0.0294135741562932	-0.0392886922033062	-0.0320002800748086	-0.0120857921866527	-0.00554135787234996	-0.0219980755967588	-0.00981588313023843
0.0526498567677864	0.0536323500470638	-0.0315491869470998	-0.0309949977950749	0.0167039154452283	0.00135240207715655	0.0209283504437924	0.00501739526374879	0.00350932306534923	0.0293952806504405	-0.0392579236300795	-0.0319976299961066	-0.0120763024741474	-0.00554306638381677	-0.0219609814798512	-0.00980878505438984
0.0526924550017661	0.0536427841207724	-0.0315120425387672	-0.0310914721150961	0.0167335273156795	0.00135896929907433	0.0209385386483119	0.00502340369205519	0.00351870660706837	0.0293682979039309	-0.0392533457134182	-0.0320145544576114	-0.0120726633307532	-0.00555876149937648	-0.0219543695544445	-0.00981947337919157
0.0527326015287759	0.0536505653218109	-0.0314632235349087	-0.0312256468430933	0.0167641296478068	0.00137792637234049	0.0209565793000554	0.0050417349164766	0.00356211648876863	0.0293045758744569	-0.0392384566576429	-0.0320560141496079	-0.0120414575015256	-0.0055713203857923	-0.0219717787694071	-0.00982233160851379
0.052739138017045	0.053643109618051	-0.0314510991105257	-0.0312975649778622	0.0167566962957914	0.00136796727320162	0.0209566784859214	0.00503597794529533	0.00358081232602147	0.0292936109468175	-0.039210283680741	-0.0320495223648277	-0.0120395254726142	-0.005570863572015	-0.021937704931969	-0.00981742679758988
0.0527718232523588	0.0536652895334708	-0.0314390445353442	-0.0313369417666723	0.0167685273535284	0.00137919483383832	0.0209635251046449	0.00504248928785196	0.00356575423517873	0.0292908463154252	-0.0392153505418122	-0.0320553268334659	-0.0120562599442911	-0.00558221127327815	-0.0219284890283333	-0.00983382599309993
0.0527662800197339	0.0536592545624679	-0.0314514944570058	-0.0313432896620977	0.0167482990247964	0.00136359331620852	0.0209521257149727	0.00502769243302255	0.00357503020912769	0.0293120134174244	-0.0392045770009848	-0.0320415581588814	-0.0120528624791339	-0.00557595278483066	-0.0219112781851027	-0.00982327596971702
0.0527693827212611	0.0536670958338196	-0.0314630321480968	-0.0313164494079589	0.0167449644239204	0.00137154634628252	0.0209492157972414	0.00503025869268282	0.00355497650339919	0.0293297341598253	-0.0392175228519765	-0.0320372484631537	-0.0120660989028035	-0.00557568875484929	-0.0219105671202322	-0.00983056682936154
0.0527369824706891	0.0536534039933567	-0.0314910961602445	-0.0312670422738245	0.0167230024380091	0.00136321892448889	0.020942274183604	0.00502503816336848	0.00354868309035099	0.0293600752559394	-0.0392281972069379	-0.0320218383323358	-0.0120563884668217	-0.00555133792624926	-0.021923320187428	-0.00981345796596503
0.0527335249352187	0.0536677384464727	-0.0315157431494585	-0.0311764660203714	0.0167107159634788	0.00136134836287479	0.0209292277497623	0.00502432989246605	0.00350930630154089	0.0293918440697305	-0.0392442164227922	-0.0320001725070384	-0.0120967934358768	-0.00555774589198779	-0.0219115561849244	-0.00982534210909511
0.0527250634029583	0.0536746996178865	-0.0315303737631886	-0.031111055037207	0.0167092281754885	0.00138189939491741	0.0209257506565154	0.00504009765119524	0.00349787198726797	0.0293917644416409	-0.0392701346674722	-0.0320114503591001	-0.0120928497499644	-0.00555440570317575	-0.0219518689530336	-0.0098242370947286
0.0526790607189012	0.0536607940388672	-0.031577426979235	-0.0309919900884616	0.016674937805526	0.00136616097285282	0.0209039549117035	0.00502547681635342	0.0034729693499767	0.0294583474944052	-0.039283034417991	-0.0319778361294074	-0.0121090352069181	-0.00552718407239724	-0.0219632934884183	-0.00981190172575733
0.0526651313911535	0.0536668471706625	-0.0315934573709616	-0.030892596071821	0.0166825555594332	0.00138296529373113	0.0209044648108738	0.00503515093075048	0.00343785056848533	0.0294706367629035	-0.0393132358157022	-0.0319749569453248	-0.0121302959068472	-0.00552928932732813	-0.0219913491186618	-0.00982042193134689
0.0526318272919151	0.0536478034843866	-0.0316066449001902	-0.030839331864784	0.0166704856174273	0.00136904015693547	0.0208984745433598	0.00502504794225668	0.00344080099875343	0.0294835113677098	-0.0393117606005681	-0.0319624846719187	-0.0121260490754007	-0.00551932044930106	-0.0219928466855403	-0.00980855315504112
0.0526322002866507	0.0536495846390229	-0.0316096917223563	-0.0308103933406345	0.0166768488796769	0.00137705744827478	0.0209031167212864	0.0050326629021958	0.00343301560676284	0.0294686851762158	-0.0393171767076465	-0.0319697112702979	-0.0121348402958918	-0.00552748582094739	-0.0219907302547372	-0.0098131422475746
0.0526168236834495	0.0536275248642295	-0.0315988944328003	-0.0308432043045109	0.0166812535703186	0.00137229792368983	0.0209138693073534	0.00503264194743537	0.00346384005935074	0.0294536662009259	-0.0393093745518475	-0.0319810869112416	-0.012099456087435	-0.00551574975812432	-0.0220155169423541	-0.00979863456843908
0.0526646857532484	0.0536580419803312	-0.0315592578049609	-0.0308707346687597	0.0167250923261156	0.00140221154269118	0.0209432688362323	0.0050622649937588	0.003440780043993	0.0294052146038669	-0.0393244102909458	-0.0320096678074798	-0.0121333566988536	-0.00555490302948988	-0.0220160911027898	-0.00983313867695793
0.0526488271905574	0.0536258219406989	-0.0315529881406412	-0.0309626115143432	0.016719023827496	0.00137329956123824	0.0209394578638027	0.00503623638734059	0.00349119440361195	0.029393535817389	-0.0392823107802642	-0.0320061474077281	-0.0120923747753948	-0.00553549053943045	-0.0219927447057062	-0.00980272912862648
0.0526898077170322	0.0536499939553432	-0.0315180425851694	-0.0310261924484304	0.0167514883393333	0.00140489235504179	0.0209645686517142	0.00506181656188566	0.00348423043823009	0.0293566428661815	-0.0392920016584696	-0.0320347702134872	-0.0121001210518326	-0.00556422510391177	-0.0220002227612105	-0.0098278650622505
0.0526782323073724	0.0536150162692387	-0.0315084285410855	-0.0311435363128527	0.0167288711679126	0.00135194386639522	0.0209471147332626	0.00502265909956802	0.00354190073289284	0.0293490013635458	-0.039232029134128	-0.0320115663087745	-0.0120577169986328	-0.00554383751900047	-0.0219445417718043	-0.00979308295390999
0.052732950774783	0.0536414821316579	-0.0314607732249228	-0.0312479846177083	0.0167676528415266	0.00137832032183651	0.0209720606770588	0.00504241943865054	0.00355495554863876	0.0292918269982132	-0.0392342629115895	-0.0320504345953983	-0.0120500042498117	-0.00557235694794142	-0.0219512458981569	-0.00981460628683642
0.0527470114190294	0.0536452609734548	-0.0314559662028809	-0.0313100987185655	0.0167553831308047	0.00136453069249161	0.0209639036873166	0.00503019443141751	0.00357004437313013	0.02929294598242	-0.0392096075404713	-0.0320445546896225	-0.0120478347336155	-0.00557027683872304	-0.0219195944310241	-0.00981134153516192
0.0527848850530249	0.0536751550346798	-0.031444534682576	-0.0313369110330237	0.0167737436918907	0.00138821096875798	0.0209680261871846	0.00504359290523444	0.00355405030298832	0.0292883736536948	-0.0392262274594578	-0.0320562348730844	-0.012067986228226	-0.00558808140016573	-0.021926558396406	-0.00982950372451588
0.0527409191716813	0.0536400627958849	-0.0314736143021124	-0.0313336476783332	0.016725307461656	0.00134214402343559	0.020945070945629	0.00501122757926316	0.00357964305038965	0.0293308643199044	-0.0391899952816958	-0.0320227519598904	-0.0120424381843136	-0.00555745951026195	-0.0218938354425234	-0.00980149698871339
0.0527709850619417	0.0536754036978368	-0.0314677106476081	-0.0312950210699464	0.0167490478082356	0.00138562096036922	0.0209632233560948	0.00505246934175126	0.00353704341942589	0.0293207194218897	-0.0392390098633182	-0.0320427316254654	-0.0120768794285511	-0.00558264713229503	-0.0219222193640136	-0.00982829393634724
0.0527578520150902	0.0536805767296942	-0.0314967357847674	-0.0312227928047231	0.0167288069066473	0.00138759769276949	0.020949442108654	0.00505048981538293	0.00350971701484525	0.0293463442999237	-0.0392517182270251	-0.0320302048696822	-0.0120968744609504	-0.00556940512068929	-0.0219292727363733	-0.00981382257879646
0.0527192812860645	0.053659015678199	-0.0315196602926743	-0.0311816348612767	0.0167090786981974	0.0013702834727208	0.0209375817142524	0.00503871882795916	0.0035174367485865	0.0293928219585504	-0.039257655409146	-0.0320088729235676	-0.0120791634974377	-0.00554581564838477	-0.0219429212703313	-0.00980849448171192
0.0526954976329801	0.0536612047521716	-0.031558084338377	-0.0310601098236573	0.016685295045113	0.00137142201470399	0.0209267397212076	0.00504063968099829	0.00348737225531009	0.0294117748408645	-0.0392658375446007	-0.0319911493871986	-0.0121104796884036	-0.00554968389715957	-0.0219302939316981	-0.00981430733225433
0.0526736278480146	0.0536647712523963	-0.0315804011582316	-0.0309585085722516	0.0166884815656819	0.00138985242499142	0.0209262829074303	0.0050575278209183	0.00345298549344963	0.02945141705664	-0.0393143729607013	-0.0319940201893771	-0.0121181561156399	-0.00553643909158577	-0.0219896699438596	-0.00981337833787541
0.0526563834771673	0.0536646706695462	-0.0316054462878938	-0.0308739854505939	0.0166813625350729	0.00139060120843067	0.0209214884582446	0.00505329216534402	0.00342331355268521	0.0294746963984902	-0.0393227883924888	-0.0319744959405954	-0.0121453470127698	-0.00553662908141364	-0.0219897258232207	-0.00981739047600514
0.0526209391983973	0.0536373400740135	-0.0316143143425064	-0.0308453249262661	0.0166688287943696	0.00137011024670127	0.0209142520809772	0.0050382103257728	0.00344435213215376	0.0294832850562972	-0.0393157420050492	-0.0319710258322687	-0.0121170664680977	-0.00551576931590072	-0.0220022819156685	-0.0097957931029252
0.0526156613927378	0.0536314811229981	-0.031617580491165	-0.0308287203741038	0.0166729610731257	0.00137102387425588	0.0209203736649899	0.0050407332789282	0.00344242708816255	0.0294682171865663	-0.0393143589908611	-0.0319707380535588	-0.0121192820847669	-0.00552194119133844	-0.0219941486746548	-0.00979610882131563
0.0526424345916432	0.0536475701880539	-0.0315834759200783	-0.0308607546148604	0.0167145087751161	0.00140568723895398	0.0209383402765799	0.00506842289935623	0.0034411041442876	0.0294253199980044	-0.0393344574000785	-0.0320025040733819	-0.0121189509995521	-0.005541212586011	-0.0220292227526573	-0.00981280976537583
0.0526066550367063	0.0536078790778374	-0.0315867113350882	-0.0308965341697972	0.0166765611009671	0.00134836060236223	0.020917089355539	0.00502157923091402	0.00348069467165407	0.0294407929931036	-0.039274884413169	-0.0319701108077301	-0.0121002146497625	-0.00552370558216638	-0.0219623407453109	-0.00978511036605959
0.052686019096347	0.053661225706932	-0.031533342354249	-0.0309586790043031	0.0167436987563907	0.0014090609553827	0.0209506993942796	0.00507034375239536	0.00346633786679362	0.0293578386845098	-0.0393039263141365	-0.032028969935801	-0.012119041803514	-0.00557804965785738	-0.0219899744863778	-0.00983324065679201
0.0526706913875868	0.0536346550707108	-0.0315328450279349	-0.0310382232748834	0.0167247277132842	0.00137524835395793	0.0209368021971646	0.00504010743008345	0.00350418495809256	0.029369087199907	-0.0392667050716823	-0.0320161791500365	-0.01208448041865	-0.00554813743584006	-0.0219704781772766	-0.00979845575448344
0.0526941593222808	0.0536247294991886	-0.0314937532238666	-0.0311794206415916	0.0167403948891634	0.00136386991904615	0.0209473955270523	0.00503597096037518	0.00355543611114455	0.02932878560767	-0.0392321059682496	-0.032028675172171	-0.0120452768558594	-0.00555804065561779	-0.0219505418182065	-0.00980292750035852
0.0527488763927074	0.0536531162146468	-0.0314555987960814	-0.0312738344101708	0.0167720002558232	0.00138579698035681	0.0209641146319049	0.00505729452458555	0.0035550114279999	0.0292836127321258	-0.039231636581616	-0.0320567936666958	-0.0120589114199771	-0.00558627090886485	-0.0219380918965449	-0.00981868548019952
0.0527337735983757	0.0536345488999246	-0.0314584304827071	-0.031334959446336	0.0167513542288666	0.00136705085167895	0.0209593159917672	0.00504123060524232	0.00358436625338986	0.0292986847928089	-0.0392096354801518	-0.0320484718328383	-0.0120320152864772	-0.0055664602783573	-0.0219208740683942	-0.00979947834679227
0.0527781697508001	0.0536722842325013	-0.0314428904323745	-0.0313417487887143	0.0167718563664682	0.00139146454456026	0.0209685304984189	0.00505795529803101	0.00354702207634116	0.0292907108079744	-0.0392294335378031	-0.0320562223002282	-0.0120735392397391	-0.00559421555703468	-0.021915660524	-0.00982428319520154
0.0527505569644936	0.0536533439230435	-0.0314643788407002	-0.031338493815928	0.0167460540714626	0.00136932793564533	0.0209581732588319	0.00504037844498496	0.00356064825855473	0.0293219278130743	-0.0392161426317564	-0.0320391986528574	-0.0120575884761022	-0.00557117929040543	-0.0219073987604557	-0.00980603020188573
0.0527475031574074	0.0536641258457751	-0.0314935841887992	-0.0312806614711179	0.0167336125317052	0.00137306905887354	0.0209521466697331	0.00504416427170208	0.0035309958755667	0.0293397058318205	-0.0392304170145591	-0.032022538221334	-0.0120828375654325	-0.00557394252481372	-0.0218871844015639	-0.00981415785496329
0.0527106758644492	0.0536488009309829	-0.0315210237490861	-0.031210513315113	0.0167081846284192	0.0013572300539589	0.020937805231697	0.00503252739474504	0.00353187597550463	0.0293797685397885	-0.0392406457316155	-0.0320090964410122	-0.0120665794653093	-0.00554427337801735	-0.0219189378485308	-0.00979579869086131
0.0527234903989423	0.0536693268173131	-0.0315206591362547	-0.0311520118149533	0.0167274588170599	0.00138452851885897	0.0209449871265873	0.00505316503979743	0.00349618722452965	0.0293783450130636	-0.0392755968750235	-0.0320174713602628	-0.0120937074981579	-0.00556118666364988	-0.021940746166199	-0.00981610944165104
0.0527053351945085	0.053678552499837	-0.0315593332420985	-0.0310312732793418	0.0167102200341487	0.00139386596010517	0.0209396171199819	0.0050575180420301	0.00346099999082088	0.0294098106813205	-0.0392957190329694	-0.0320071504422606	-0.0121252737492649	-0.00556020877482996	-0.0219573591002654	-0.00981960190172218
0.0526478213620569	0.0536531581241677	-0.0316010443912201	-0.0309327942872398	0.0166775613415314	0.00137622763976188	0.0209234763665171	0.00504169021298769	0.00345963374044105	0.029463295611834	-0.0393072106235874	-0.0319838180150173	-0.0121113290546929	-0.00552675100734842	-0.0219871567695924	-0.00979276025059942
0.0526351758626313	0.0536512638138251	-0.0316164391552137	-0.0308571280443225	0.0166781033713345	0.00137055588460635	0.0209230125678197	0.00503901359158916	0.00343158788908576	0.0294812049470788	-0.0393145140560882	-0.0319652157756943	-0.0121374750077695	-0.00553311566658207	-0.0219743659838278	-0.00981166423847249
0.0526249192058944	0.0536460139478462	-0.0316143352972669	-0.0308330747733205	0.0166868233456401	0.00137610191119932	0.0209286927048794	0.00504583366761609	0.00343945849710208	0.0294675284734402	-0.0393258659483035	-0.0319774170341989	-0.0121230106351388	-0.00553371636971431	-0.02200000064075	-0.00980795105492486
0.0526075784431491	0.0536268179903111	-0.0316150910656263	-0.0308275944049769	0.0166800996615111	0.0013651090438794	0.0209252547271853	0.00503526548344082	0.00344936451084787	0.0294626376323566	-0.0393140153327901	-0.0319736130466894	-0.012118893723207	-0.00552430209434654	-0.0219860042577689	-0.00979261356727643
0.0526193312697806	0.0536294289534603	-0.0315842051457411	-0.0308662000586033	0.0167064705290163	0.00137545371061012	0.0209382816032507	0.00504321851351482	0.00346268195959114	0.0294328162143011	-0.0393183110586776	-0.031997108921064	-0.0121039893006074	-0.00553264348598045	-0.0220045827483633	-0.00980064203448797
0.0526527722734537	0.0536429992563128	-0.0315580284590159	-0.0309304138264553	0.0167314625732854	0.00138703470820602	0.0209472474467453	0.0050534137029545	0.00346760213733937	0.0293985761357637	-0.0393067300610817	-0.0320124170720478	-0.0121093956287975	-0.00555711585219095	-0.0219899395617771	-0.00981706777269456
0.0526574633458213	0.0536345922064295	-0.031547481229601	-0.0309959519351664	0.016730655116517	0.00138057226009038	0.0209471105423105	0.00504473843213778	0.00349672366639658	0.0293733158705611	-0.039281073052415	-0.0320161973108288	-0.012086152608532	-0.00555217891063439	-0.0219786994282841	-0.00980743696480238
0.0526964880946562	0.053647331303785	-0.0315084788325106	-0.0311009171241125	0.0167591968972024	0.0013837001073301	0.0209539934826187	0.00504688280262146	0.00350655703697288	0.0293509627291218	-0.0392745253882736	-0.0320311520248535	-0.0120781297292566	-0.00556340088333498	-0.0219715482670424	-0.00981696020492437
0.0527085342879336	0.0536334271217498	-0.0314820828192929	-0.0312224226039556	0.0167602907356966	0.00136434209964777	0.0209615916787495	0.00503081050137407	0.00355841168712517	0.0293144832851867	-0.0392321478777704	-0.0320380377591297	-0.012040446085089	-0.00556597273093137	-0.0219431629485682	-0.00980761857272608
0.0527364963202472	0.0536423678195319	-0.0314677777028415	-0.0312901707413996	0.0167632858694537	0.00136186105601323	0.0209672466700967	0.00503183868161901	0.003569498152375	0.0292937408663322	-0.0392141770752283	-0.0320450562068887	-0.0120457658002693	-0.00558150719332781	-0.021905254389972	-0.00981662632574157
0.0527751159437139	0.0536690069079705	-0.0314458548324829	-0.0313304080723713	0.0167889191293918	0.00138986360086365	0.020981301726407	0.00506241167708179	0.00355887688280664	0.0292739777332816	-0.0392359965687688	-0.0320711448836201	-0.0120522519971135	-0.00559793991645454	-0.0219320806742705	-0.00983379665643533
0.0527655382212148	0.0536619996360838	-0.0314620263195963	-0.0313508040391867	0.0167634716683294	0.00136285151768941	0.0209677900968838	0.00503620425670794	0.00356472186398171	0.0293042084676574	-0.0392060340553265	-0.0320444680766127	-0.0120565323561767	-0.005585836446832	-0.0218955467479583	-0.0098255376868591
0.0527595675114772	0.0536660648596066	-0.0314715733084468	-0.0313288574200997	0.0167530082579563	0.00136313929639927	0.0209574831487218	0.00503112761674852	0.00355854998854398	0.0293230258425207	-0.0392164080587218	-0.0320364465943213	-0.0120564680949113	-0.00558025130468623	-0.0219003104634953	-0.00982165127729193
0.0527417266284498	0.0536643842878204	-0.0314957397351551	-0.0312780560959048	0.0167366872935518	0.00136259866358026	0.0209551320246019	0.00503358211768652	0.0035461405794192	0.0293496425792149	-0.0392313655667145	-0.032025677244446	-0.0120632672161778	-0.00556782792572116	-0.0219128539830868	-0.00981510640711861
0.0527235197356069	0.0536658245783537	-0.0315162488576768	-0.0311974235747664	0.016727219932791	0.00135932273603353	0.0209523701871777	0.0050331001581967	0.00351481321258106	0.0293884102829886	-0.0392522770206364	-0.0320109600177062	-0.0120864361962898	-0.00556413010899784	-0.0219172922013452	-0.00981981284631048
0.0527111997334599	0.0536720565241047	-0.0315398341390293	-0.0311129158199329	0.0167152575585553	0.00136323010036112	0.0209420394902872	0.00503278304282224	0.00349788875107631	0.0293964527200404	-0.0392627418279936	-0.032001084737609	-0.0121006784484599	-0.00556393313424982	-0.021925968869146	-0.0098237509442867
0.0526634424374631	0.0536589220802691	-0.0315831434378795	-0.0309873800411677	0.0166834147046107	0.00135449895018326	0.0209259993196725	0.005023247229844	0.00347089622567847	0.029454754451484	-0.0392826712021436	-0.0319799539571946	-0.0121108848137718	-0.00553886844681125	-0.0219371363594695	-0.00981513714076724
0.0526785298649704	0.0536885828451613	-0.0315932911298622	-0.0308816786416386	0.016707487533389	0.0013919381221459	0.020934761203499	0.0050531538639252	0.00341550860291822	0.0294563414253403	-0.0393328508684457	-0.0319911298294222	-0.0121544036602263	-0.00556028141799944	-0.0219728097436201	-0.00983985817013481
0.0526256204918767	0.0536492186292074	-0.0316140586944292	-0.0308488690747463	0.0166822943234198	0.00136421916505327	0.0209200956651682	0.00503122400864649	0.00344165734996287	0.0294816408060957	-0.0393198002436519	-0.0319722901028145	-0.0121177719450321	-0.00552586252550632	-0.0219887716831293	-0.00980854617012098
