0.0523922347521466	0.0534687618203475	-0.0321914377813265	-0.0307679445839458	0.0168260048643952	0.00173857735706297	0.0208532304216302	0.00535124510988534	0.00339763558925814	0.0294218163620611	-0.0391263794230079	-0.0316515760974975	-0.0117738568289705	-0.00553932945154065	-0.0222104674605092	-0.010188514649989
0.0523604729232756	0.0534612963376995	-0.0322140800984597	-0.0306682558036752	0.0168181146986025	0.00174383001700998	0.0208488271279725	0.00535638601111007	0.00338451511526288	0.029452840583365	-0.0391591023768905	-0.0316463457892949	-0.0117696547010129	-0.005525650183934	-0.0222548580249975	-0.0101883358360333
0.0523651262770744	0.0534764773631367	-0.0322215637419002	-0.0306022916148355	0.0168299429623715	0.00175693233021287	0.0208551568626054	0.00536890717895712	0.00334875651508647	0.0294491343847375	-0.0391767784158025	-0.0316436146855193	-0.0118029322575548	-0.00554415323739091	-0.0222572231189577	-0.0102018768022212
0.052323922233155	0.0534421129530207	-0.032240013709964	-0.030585872861549	0.0168096825030068	0.00173025692018949	0.0208481509877027	0.00534784205679202	0.00337979330924669	0.0294564112745418	-0.03915937618576	-0.0316330297375357	-0.0117667322104254	-0.00552093955379004	-0.0222566964559789	-0.0101755115226521
0.0523455056363947	0.0534567002602458	-0.0322136917368998	-0.0306013262988718	0.0168438052348858	0.0017569141694205	0.0208613524867716	0.00536777143094199	0.00337442050867325	0.0294247751742333	-0.0391791211580183	-0.0316603072476753	-0.0117639689760171	-0.00553453779632304	-0.0222877067074426	-0.0101905849803191
0.052343460451777	0.0534470778342578	-0.0322018117847218	-0.0306394695507848	0.0168452916258921	0.00174342489164172	0.0208637329475561	0.00536221702244485	0.00339121784463141	0.0294102800679541	-0.0391568029411796	-0.0316632688538157	-0.0117507702709163	-0.00553635946349615	-0.022276877287254	-0.0101813425339869
0.0523579010756792	0.0534417595160615	-0.0321745412595023	-0.0307169169483384	0.0168605145608502	0.00174572851830465	0.0208735914638449	0.00536058674208364	0.00341573910528292	0.0293819394529688	-0.0391407306399322	-0.0316761420616379	-0.0117373801790035	-0.00554467291544949	-0.0222637554162747	-0.0101836210149373
0.052373647879648	0.0534464422065249	-0.0321605378916011	-0.0307758473225948	0.0168694664345046	0.00174898069712289	0.0208768883461521	0.00536265427844575	0.00342884840340595	0.0293520216430153	-0.0391257214435305	-0.0316856750806481	-0.0117274001251042	-0.00555051789662456	-0.0222509366908296	-0.0101823134378866
0.0524006180533013	0.0534449586094866	-0.0321246046684211	-0.0308958175169906	0.0168935532331232	0.00174374200701618	0.0208874076358864	0.00535920372789546	0.00345454452762538	0.0293277839701216	-0.0391110447293275	-0.0316986474743363	-0.0117088565591105	-0.00555349906054128	-0.0222381375231609	-0.0101812042325681
0.0524163019929888	0.0534371061622627	-0.0320987953884954	-0.0310036046136742	0.0168921380883024	0.00172681475154337	0.0208917368893906	0.00534509279222402	0.00349378720596876	0.0292948528656188	-0.0390682034201269	-0.0317036165465255	-0.0116889481397209	-0.00555942925774208	-0.0222029852140528	-0.0101722481679616
0.052463390133636	0.0534653294305896	-0.0320639336520652	-0.031078802866942	0.0169205401705849	0.00175655793849324	0.020905699744755	0.00536830926979294	0.00349449547687119	0.0292584572407254	-0.0390771287510847	-0.0317305797352588	-0.0116961747381001	-0.00558326320225158	-0.0222086024868312	-0.0101942939729147
0.0524337056200153	0.0534371871873363	-0.0320859291655933	-0.0311098731887189	0.0168818479039488	0.0017108025206092	0.0208868111237062	0.00533274624738052	0.00351787400458741	0.0292983537075941	-0.0390385286853944	-0.0316975676056823	-0.0116814239837437	-0.00555469906982173	-0.022162000496626	-0.0101693061195977
0.0524855155666787	0.0534865607938541	-0.0320694349751693	-0.0310952565448292	0.0169105908503343	0.00174976021421077	0.0209004889943289	0.00536240561528869	0.003480053455985	0.029271396106797	-0.0390773774142417	-0.0317199654506106	-0.0117195798085129	-0.0055894350776893	-0.0221751223676053	-0.0102005999588191
0.0524586431819073	0.0534723841999333	-0.0320869196272695	-0.0310919764263304	0.0168897757883103	0.001738578754047	0.0208881675951979	0.00535328051561481	0.00349296717634406	0.0293076226966229	-0.0390778747405559	-0.0317105833058755	-0.0116968089688491	-0.0055626409240235	-0.0221937693104171	-0.0101808466046568
0.0524361559300012	0.0534667278116021	-0.0321165817891457	-0.0310180606044007	0.0168631087601911	0.00173028485987006	0.0208776832300643	0.00534867465927298	0.00347090460758264	0.0293407689366661	-0.0390791054834849	-0.0316837402577687	-0.0117182233370213	-0.00555768023373845	-0.0221771633612708	-0.01018375372842
0.0524214484821497	0.0534694770761701	-0.032148164804061	-0.0309170754229516	0.0168480436844282	0.00172849672031363	0.0208648756804914	0.0053455677667937	0.00344028271767887	0.029378319867351	-0.0391011443035179	-0.0316669540976827	-0.0117359482703743	-0.00555097471040186	-0.0221953129777685	-0.0101809374086186
0.0524100113739087	0.05348508557872	-0.0321769245142549	-0.030803789797132	0.0168475589309703	0.00175863385675953	0.020863385098533	0.00537407322589436	0.00340264936493627	0.0293997845269483	-0.0391449020342412	-0.031674233781455	-0.0117611764049442	-0.00555000660047014	-0.0222374390311467	-0.0101927097930264
0.0523347390804874	0.0534433409019817	-0.0322289733451871	-0.0306899216289725	0.016793297277337	0.00172055486611185	0.0208344926748565	0.00534093397077131	0.00340060138635056	0.0294652164648731	-0.0391366011551441	-0.03163363463162	-0.0117516685316466	-0.00550656877908931	-0.0222312839195173	-0.0101545246315926
0.05233673397368	0.0534550364522679	-0.0322279619287505	-0.0306205138745026	0.0168112066125818	0.0017392018089237	0.0208455176728091	0.00535486469550308	0.00336864397971558	0.0294634339132528	-0.0391673515675785	-0.0316374288402413	-0.0117737464672323	-0.00551943779595945	-0.022254635904537	-0.0101735627299324
0.0523377328172604	0.0534557223714259	-0.0322280136171596	-0.0305896754520745	0.016825795316791	0.00174876137063043	0.0208525067839035	0.00536437955372089	0.00336333963135953	0.0294432433030895	-0.0391696607821775	-0.0316455271566543	-0.0117785814289548	-0.00553325815895298	-0.0222619295581495	-0.010184834994058
0.0523325891220676	0.0534458401064086	-0.0322179581261227	-0.0306105324236193	0.0168381306857622	0.00175302775985333	0.0208558120481148	0.00536480144289749	0.0033802794596886	0.0294287789304589	-0.0391710270325574	-0.0316610867647632	-0.0117537290830885	-0.00552315796442723	-0.0222892908873309	-0.0101724772733423
0.0523293411342014	0.0534368700719619	-0.0322117513260843	-0.0306261409261693	0.0168321110815836	0.001736614594503	0.0208522734875707	0.00534677895194637	0.00338711210857178	0.0294223346431356	-0.0391437201857531	-0.0316486661797662	-0.0117594804663337	-0.0055296022517505	-0.0222514116653993	-0.0101726630722181
0.0523382916108717	0.0534309789903139	-0.0321956035876994	-0.0306833739648311	0.0168329925785056	0.00172142518716158	0.0208536243711262	0.00534073140808718	0.00341546389942931	0.0294024960729475	-0.0391266113223566	-0.0316520538660352	-0.0117436233006267	-0.00553495689153158	-0.0222288042728668	-0.0101709769124957
0.0523793587503563	0.0534553046732014	-0.0321570845470827	-0.0307610616436376	0.0168750208430017	0.00175808903298843	0.0208811687052153	0.00537120382069991	0.00342561857633216	0.0293469142694073	-0.0391416694131994	-0.0316961692246698	-0.0117299146963554	-0.00555323363357588	-0.0222657000180423	-0.0101878454946393
0.0523960066090234	0.053445957453067	-0.0321314959906335	-0.0308728916120996	0.0168847396608877	0.00174395853954059	0.0208813880317078	0.00536053784764264	0.00344957545543616	0.0293384834707956	-0.0391127057433374	-0.031693625316754	-0.0117188100703132	-0.00554912510354819	-0.0222448276796732	-0.0101771655517418
0.0524082316162564	0.0534346907768775	-0.0321048317564823	-0.030985232876716	0.016884313580759	0.00172983084006081	0.0208796879021451	0.00534714775572988	0.0034949033962075	0.0292995676867149	-0.0390674672095439	-0.0317004439957969	-0.0116892177576384	-0.00555466973315713	-0.0222047523988488	-0.0101717578265676
0.0524527534972433	0.0534584925907543	-0.0320750396750915	-0.0310626844652217	0.0169113787493263	0.00174661420617869	0.0208965383234964	0.00536191946484678	0.00349861099181902	0.0292642267847629	-0.0390658830296556	-0.0317255254470438	-0.011694450859809	-0.00557713603030277	-0.0221958815502681	-0.0101939335510354
0.0524583246695488	0.0534591016757907	-0.0320776715930011	-0.0310935019328895	0.0169051034970705	0.00173720970969912	0.0208896148706513	0.00535575597131323	0.00350284105945719	0.0292774869571611	-0.0390549697904253	-0.0317191272601935	-0.0116962110596849	-0.00557476115745439	-0.0221775251801342	-0.0101916704369093
0.0524570729718593	0.0534586546409016	-0.0320742517760994	-0.0311202793227469	0.0168922065405198	0.00173262760208578	0.0208863515159609	0.00535215734045593	0.00351254171655079	0.029288036980544	-0.0390530475404021	-0.0317149474839804	-0.0116853034083907	-0.00556702745387286	-0.0221797156510908	-0.0101850766722949
0.0524680728240994	0.0534751753740222	-0.0320857824822703	-0.0310862348219734	0.0168886107036305	0.00174168285255823	0.0208823086441825	0.00535694340773742	0.00348147558572597	0.0293048482863424	-0.0390655393715846	-0.0317042605561627	-0.0117189846933168	-0.00557493717744198	-0.022166860604061	-0.010196517971488
0.0524556648119586	0.0534764019259992	-0.0321077793927824	-0.0310467867869779	0.01688357876716	0.00175010666624983	0.0208892348909956	0.00536608247725158	0.00346862053869611	0.0293243585652838	-0.0390855916803291	-0.0317052691786312	-0.0117173111064507	-0.00556307119510427	-0.0221960994797766	-0.0101921398235428
0.052410959926064	0.0534536241014152	-0.0321468069355854	-0.0309690935202352	0.0168410867039665	0.00171557182408235	0.020865004203022	0.00533840962063188	0.00345911965031858	0.0293822481864391	-0.0390782170016428	-0.0316668926303855	-0.0117203076371917	-0.00553519996675253	-0.0221784877021298	-0.0101710188220166
0.0523936373241111	0.0534542499502599	-0.0321589215810801	-0.0308903706762637	0.0168333306486405	0.0017246466323312	0.0208604220954087	0.00534457870210155	0.00344881549612468	0.0293881043434863	-0.0390982218129303	-0.0316685690112196	-0.0117195923813692	-0.00553515526326362	-0.0222022029029969	-0.0101747515633406
0.0524003638022082	0.0534840434286348	-0.0321838228213874	-0.0307567756966383	0.0168416217488494	0.00176127974450943	0.0208590572420129	0.00537012534902994	0.00338245176985285	0.0294161543857937	-0.039150436884962	-0.0316677210419143	-0.0117757860639138	-0.00554722660225351	-0.0222334073352405	-0.0101999210245813
0.0523567485638557	0.053465842123728	-0.0322224759724708	-0.0306616313054122	0.0168117751850814	0.0017432125500694	0.0208396936463944	0.00535187934063426	0.00337462167437335	0.0294606497240841	-0.0391500191867374	-0.0316407941747658	-0.0117771565052457	-0.00552398777294014	-0.0222452830964664	-0.0101830747941822
0.0523390795098638	0.0534593489419638	-0.0322225765553208	-0.0306158437568955	0.016821084686647	0.00174816346146625	0.0208447563165136	0.00535649497586429	0.00336864258273155	0.0294600797546005	-0.0391684482000408	-0.0316436216704394	-0.0117709538961594	-0.00551796397780943	-0.0222734798220968	-0.0101847623508885
0.0523196558439321	0.0534442615144564	-0.032234959421749	-0.0305875017449262	0.0168124792650317	0.00173875337705056	0.0208412023891452	0.00535075057753927	0.00337286706243361	0.0294549835568647	-0.039158389915036	-0.0316378102168811	-0.0117674446722799	-0.00551385125682965	-0.0222605605138016	-0.0101744358449502
0.0523352266279133	0.0534532608855678	-0.0322130854458315	-0.0306036704380715	0.016839248272985	0.00176018031807903	0.0208535545219248	0.00536527082953105	0.00337690434627584	0.0294240180088899	-0.0391727704686249	-0.0316649312648095	-0.0117590935017578	-0.00552150393533754	-0.0222913919513097	-0.0101812168054243
0.0523200763361247	0.0534319862157984	-0.0322046993507086	-0.0306519683668874	0.0168342009696902	0.00173334006394029	0.0208551009832443	0.00534826534295265	0.00340737396492052	0.0294198871271178	-0.0391426361261471	-0.0316574392394649	-0.0117384586506735	-0.00551182143903631	-0.0222700641961472	-0.0101731436347239
0.0523324871422335	0.0534262027019206	-0.0321861418148746	-0.0307105690529131	0.016840867377474	0.00172845061984069	0.0208593310508825	0.00534174422150781	0.00342450098910939	0.0293916624618068	-0.039121575194934	-0.0316630439393871	-0.0117307193591558	-0.00552238822622755	-0.0222356369217499	-0.0101751720555332
0.0523708133990542	0.0534479886678444	-0.0321587455610926	-0.03076795296585	0.0168632344887536	0.00174650384444044	0.0208707905108679	0.00535552826291659	0.00342659506816805	0.0293576808253146	-0.0391271030607346	-0.0316843074332842	-0.0117310392684983	-0.00553971781310056	-0.0222435787759517	-0.0101866901888478
0.0523862836001853	0.0534362120924845	-0.0321240528597299	-0.0309006748304576	0.0168747707828606	0.00173488373129174	0.0208717097263586	0.00534603156549114	0.00346852973473426	0.0293363153515834	-0.039096634839074	-0.0316938041307097	-0.0116968830090026	-0.00553417178650759	-0.022232645978945	-0.0101758691505634
0.0524292185073159	0.0534504697114789	-0.0320910868306264	-0.0310009028465632	0.0168957339251916	0.00174355341417234	0.0208824134179847	0.00535268959137077	0.00348180387697266	0.0292907597024154	-0.0390740623711422	-0.0317124706312979	-0.0116978245762377	-0.00555596753131957	-0.0222051337754886	-0.0101891935842268
0.0524439231611995	0.0534499975308773	-0.0320749069616088	-0.031084791737472	0.0169053647330838	0.00174625518128337	0.0208875068217524	0.0053517927276245	0.00350815378971741	0.0292786199112081	-0.0390658620748952	-0.0317258844719391	-0.0116745368524834	-0.00555031533394043	-0.022208735200314	-0.0101865812240936
0.0524628243551045	0.05346181322179	-0.032070154421944	-0.0311166290034806	0.0169067645110803	0.00175080655524808	0.0208896218555715	0.00536380958423728	0.00349578489312945	0.0292831042299395	-0.0390648646282988	-0.031724551749176	-0.0116902361589952	-0.00555653750080318	-0.0221990429251245	-0.0101925128182784
0.0524497667453905	0.0534511248969883	-0.0320860507032038	-0.0311120957903082	0.0168818157733161	0.00173571493678867	0.0208782406266917	0.00535224954140181	0.00350152510050238	0.0293049153415758	-0.0390543634993569	-0.0317075909660865	-0.0116912461784477	-0.0055482715463068	-0.0221743037349646	-0.0101814305439807
0.0524453047784036	0.0534528096597266	-0.0321051307110644	-0.0310703790532504	0.0168683460533137	0.00173053771397921	0.0208729516451599	0.00534725113254799	0.00348432263917596	0.0293273872266575	-0.0390616641378896	-0.0316938809648312	-0.0117019442821377	-0.00554410573993394	-0.0221677239401906	-0.0101840820196667
0.0524419101072145	0.0534629377939329	-0.0321211541178708	-0.0310033657294054	0.0168645043472355	0.00174616437732152	0.020872417997261	0.00535796041211014	0.00346376182824514	0.0293424997998774	-0.0390904950942689	-0.0316975885604428	-0.0117093399155843	-0.00553952083835255	-0.0221988347745043	-0.0101918576327691
0.0524110535239939	0.0534477274318311	-0.0321485014772119	-0.0309417754975588	0.0168416720402744	0.00173008229718593	0.0208584816845932	0.00534319708489741	0.00345036195744418	0.0293841969791588	-0.0390929426102868	-0.0316706211807574	-0.0117196775973949	-0.00552194119133845	-0.0221933027177516	-0.010178010727079
0.0524052462613876	0.0534639142857688	-0.0321775992575406	-0.0308274868372067	0.0168329590508889	0.00174215643014388	0.0208557366109772	0.0053508008689643	0.00341621268286856	0.0293889397399354	-0.0391128985271333	-0.0316674653938371	-0.011747322514334	-0.00553604095113766	-0.0221930973610994	-0.0101940550886458
0.0523651807594515	0.053451944926613	-0.032204030195359	-0.0307288150613087	0.0168253482819019	0.00174712969328519	0.0208570665397723	0.00535615411176134	0.00339516851546389	0.0294374094977867	-0.0391513547034687	-0.031663185034774	-0.0117426845273595	-0.00551224751916499	-0.0222489208428765	-0.0101841644417244
0.0523544686859213	0.0534565214462902	-0.0322243982224939	-0.030638005511523	0.0168273096474778	0.00175617656185348	0.0208616430594496	0.00536544684951864	0.00335922132244364	0.0294501444041901	-0.03917351087016	-0.031655233401684	-0.0117749883860336	-0.00551893627869324	-0.0222565707274164	-0.0101892885791407
0.0523347642261999	0.0534443495244502	-0.0322275847430628	-0.0305994836769383	0.0168210609379185	0.00174793854703767	0.0208540979487119	0.00535765586959193	0.00336294149091142	0.0294510482528565	-0.0391712212133373	-0.0316508426808825	-0.0117649650256294	-0.00551058929912321	-0.0222665968817886	-0.0101825732769159
0.0523381533094529	0.0534488338431816	-0.032224352122021	-0.0305919818727054	0.0168355811899103	0.00176257055775172	0.0208554530232195	0.00536573881918058	0.00336049676886162	0.029430699783498	-0.0391748058743544	-0.0316623622111812	-0.0117655769046339	-0.00551602915493002	-0.0222760600515974	-0.0101863591036331
0.0523405184034131	0.0534429064399488	-0.0322114817081668	-0.0306292240699201	0.016844204772318	0.0017615828900436	0.0208546665212114	0.005364482930539	0.00338112323804178	0.0294140658946712	-0.0391652882221685	-0.0316685578353474	-0.0117459339122097	-0.00551254647374708	-0.022288067129322	-0.0101824517393055
0.0523105866236194	0.0534109182996652	-0.0322053154206652	-0.030675070291766	0.0168208444053941	0.00172161517698946	0.0208426384887264	0.00533600401413488	0.0034214429910711	0.0294185110978497	-0.039126823663929	-0.0316524226698187	-0.0117162982930301	-0.00549603132856265	-0.0222515248211056	-0.0101590746085733
0.0523638578155765	0.0534435364797457	-0.0321672434149377	-0.0307387657785434	0.0168648619751468	0.00176026832807282	0.0208703392850267	0.00537454540649597	0.00341503502533257	0.0293560226052728	-0.0391405182983599	-0.0316911512580396	-0.0117293670786163	-0.00553641394587326	-0.0222553176327428	-0.0101896895135569
0.052370803620166	0.0534337631794826	-0.032155380226568	-0.0308174942104512	0.0168654598843109	0.00174300719341721	0.0208761004471601	0.00536495092018853	0.00343838701035225	0.0293499820463338	-0.0391178592174183	-0.031692296784943	-0.0117119830093662	-0.00552510955111499	-0.0222442144036847	-0.0101781168978652
0.0524070078582475	0.0534390996584713	-0.0321111740639715	-0.0309510291197633	0.0168929022385659	0.00175145056488521	0.0208892376849637	0.00536789576252052	0.00347881572813579	0.0292970475275275	-0.039102576212147	-0.0317207784953151	-0.0116819031492654	-0.00553640277000103	-0.0222451587648879	-0.0101744344479662
0.052434573147097	0.053445564900555	-0.0320947846473497	-0.0310362283816908	0.0168959923672369	0.00174200136491672	0.0208930430694572	0.00535945239105253	0.0034920759005339	0.0292768247867316	-0.0390665172604045	-0.0317168613520993	-0.0116910170730671	-0.00555311628691749	-0.0221936994612157	-0.0101873034648363
0.0524241726010051	0.053431230447439	-0.0320953727776257	-0.0310935228876499	0.0168758017570736	0.00172449296408807	0.0208887445496016	0.00534902949321621	0.00352179673573932	0.0292844620984151	-0.0390496486782609	-0.031716108377708	-0.0116597986709832	-0.00553340903322805	-0.0221802059924848	-0.0101716642286377
0.0524695969336744	0.0534676693788373	-0.0320708249742776	-0.0311215687390052	0.016907189194225	0.00175813792742943	0.0209047539865677	0.00537802529371086	0.00349468965765114	0.0292696708315218	-0.0390800638145284	-0.0317389462726052	-0.0116838212083365	-0.00555617987289189	-0.0222017698379481	-0.0101965584840248
0.0524455855721933	0.0534549232965616	-0.0320971385654376	-0.0311074480244455	0.0168753994256734	0.00172934329263488	0.0208856376571223	0.00535126466766174	0.00349738863079412	0.0293072385260151	-0.0390582988033651	-0.031709089929949	-0.0116845644038396	-0.00553745469897446	-0.022171131184236	-0.0101816554584092
0.0524475637015776	0.0534647915917386	-0.0321121477618394	-0.0310634486154853	0.0168683027468089	0.00173939040176754	0.0208831901411045	0.00535648379999206	0.0034744669168552	0.0293268074782857	-0.0390789406393696	-0.0317037590388964	-0.0116993500827968	-0.00554075158128162	-0.0221769985171555	-0.0101856005413056
0.0524403622489109	0.0534778408195485	-0.0321329390751349	-0.0309787173432073	0.016857659125496	0.00174627054810769	0.0208779109384609	0.00535963120500817	0.00343787292022978	0.0293520831103126	-0.0390988825863758	-0.0316933920204213	-0.0117272716025736	-0.00553534665007552	-0.0221909501966477	-0.0101921314416386
0.0524217767733963	0.0534718170244178	-0.0321477247540921	-0.030933734457491	0.0168539599117887	0.0017518920118382	0.0208720436055414	0.0053623916454484	0.00343057507566512	0.0293758541905408	-0.0391161940124564	-0.0316895363445027	-0.0117219630632655	-0.00552532189268731	-0.0222177611141218	-0.01018807460002
0.0523935060076125	0.0534744140177267	-0.0321877748892039	-0.0308118462040241	0.0168340263466866	0.00175616538598125	0.020863531781856	0.00536436278991255	0.00339935387961314	0.0294073966929193	-0.0391348982316134	-0.0316759199411774	-0.0117457858319027	-0.00551999798655486	-0.0222297598099422	-0.0101867740078895
0.0523688464455421	0.0534732908425678	-0.0322226491984903	-0.0306964944388264	0.0168192909591545	0.00175399167883297	0.0208519479902921	0.0053625243589311	0.00336564186103843	0.0294490324049035	-0.0391588648896056	-0.0316566806771375	-0.0117691042893057	-0.00551318629243211	-0.0222396448689276	-0.0101879418865373
0.0523543681030712	0.0534721564915367	-0.0322283880088792	-0.0306388660536845	0.0168285054658062	0.00176805651403147	0.0208581673631868	0.00537406344700616	0.00335699732387034	0.0294526589754413	-0.0391870672031721	-0.0316668451329285	-0.0117637566344448	-0.00550909033526067	-0.0222866673513254	-0.010184292964255
0.0523237154795188	0.0534495057924993	-0.0322382982135771	-0.0306096607055856	0.0168166953628296	0.0017482444865399	0.0208554544202035	0.00535695598059368	0.00336340389262484	0.0294579256052286	-0.039165215578999	-0.0316473851454121	-0.011760971048292	-0.00550460601652932	-0.0222631616980626	-0.0101826026135805
0.0523312591932725	0.0534521768259617	-0.0322315144591349	-0.0306090236808686	0.0168324645185428	0.00175484942702644	0.0208667979305146	0.00536601961297031	0.00336202926034084	0.0294368814378239	-0.0391756873712763	-0.0316591980423567	-0.0117579423869184	-0.0055107415703823	-0.0222722029786948	-0.0101861677168212
0.0523143780382726	0.0534317640953379	-0.0322235851777894	-0.0306415510569872	0.0168234735293357	0.0017370518505039	0.0208617408483316	0.00535398878651724	0.00339231028614167	0.029428046910828	-0.039153877656624	-0.031656610827936	-0.011733182241998	-0.00549872191980146	-0.0222656595055055	-0.010169565958627
0.0523422352967841	0.0534402423914066	-0.0321903858523531	-0.03070482186062	0.0168525377820477	0.00174977697801912	0.0208756282665584	0.00536385289074217	0.00340078858221037	0.0293951744796544	-0.0391523954565699	-0.031679044994449	-0.0117309400826323	-0.00551561285368953	-0.0222591705146933	-0.0101878650524157
0.0523400099012267	0.0534257905916322	-0.0321814577274272	-0.0307640218527939	0.0168478089911114	0.00173416288753305	0.020873693443679	0.00535027280900154	0.00342862628294543	0.0293712455402309	-0.0391191262819322	-0.0316799963405724	-0.0117093161668558	-0.00551099861544355	-0.0222330091947924	-0.0101736842675429
0.0523472057659573	0.0534142109910203	-0.0321642035776917	-0.0308517761985095	0.0168523897017407	0.00171243559493846	0.0208709204303825	0.00533149594667505	0.00345325650835115	0.029365700910622	-0.0390960606786383	-0.0316738063043423	-0.0116863176187953	-0.00550391450943524	-0.0222051379664407	-0.0101663989958345
0.0524099540975635	0.0534447057553775	-0.0321010082111964	-0.0309784365494176	0.0169046550651974	0.00175104404253293	0.020906779613409	0.00536505290002261	0.00347443059527047	0.0292875214934375	-0.0391022898304212	-0.0317277787822817	-0.0116686304040111	-0.00554163726915566	-0.0222264545457309	-0.0101979079705963
0.0524385377877698	0.0534520105848623	-0.0320766937041812	-0.0310754026078168	0.0169149773801836	0.00175544314523854	0.020913458594049	0.00537108368007346	0.00349250896558272	0.0292658361103637	-0.0390835856112642	-0.0317417975170073	-0.0116661311995842	-0.00555062686137878	-0.0222113489574312	-0.0101982697894597
0.0524360385833429	0.0534467397641229	-0.0320884241790681	-0.0311079425567916	0.0168888076783785	0.00173112863822324	0.020897257770271	0.00535208888823853	0.00349910692114912	0.0292877673626265	-0.0390558429054431	-0.0317215873490676	-0.011667892796444	-0.0055426654494006	-0.0221678259200246	-0.0101867544501131
0.052327800260818	0.0534371173381349	-0.0322240880920396	-0.0306332026804331	0.0168304360977335	0.00175078699747169	0.0208857130942599	0.00536522053810603	0.00337593763332815	0.029447682918332	-0.0391772464054521	-0.0316622322916665	-0.011733819266715	-0.00550731616554453	-0.0222741866960152	-0.0102086032803182
0.052311449959749	0.0534160284672413	-0.0322147338869851	-0.030660393577563	0.0168217971485015	0.00173139685915671	0.0208796445956403	0.00534824438819222	0.00339497014373185	0.0294376134574549	-0.0391536541391795	-0.0316623105227721	-0.0117197935470693	-0.00549541386162208	-0.0222566964559789	-0.0101781490284978
0.0523439745418995	0.0534270953747148	-0.0321819634356455	-0.0307444556944914	0.0168591497074544	0.00175276792082404	0.0208935278229151	0.00536183704278911	0.00340921099891794	0.0293980089602481	-0.0391549253946454	-0.0316912532378737	-0.0117054409331609	-0.00551208546901769	-0.0222673107406271	-0.0101881374643013
0.052340711187209	0.0534120079472074	-0.0321769566448875	-0.0307956635410385	0.0168452916258921	0.00173057263857992	0.0208856823606112	0.00534301687395774	0.00343688245855361	0.0293893364833994	-0.039117843850594	-0.031681105545891	-0.0116947791510557	-0.00550888916956058	-0.0222301174378535	-0.0101781462345298
0.0523919316066124	0.0534338134709076	-0.0321269208679403	-0.0309107401003826	0.0168878395684468	0.00174710315058865	0.0209019446516865	0.0053578263016434	0.0034477803309596	0.0293427233173219	-0.0391188371062383	-0.0317066186652027	-0.0116897150839526	-0.00553116128592626	-0.0222309989347755	-0.0101959703537488
0.052412971583065	0.0534296406796146	-0.032094749722749	-0.0310295773407313	0.0169008776203844	0.00174377972558495	0.0209115628867224	0.0053566039406185	0.00348676875820979	0.0293026536244337	-0.0390878506035031	-0.0317277787822817	-0.0116622601568413	-0.00553406002778531	-0.0222166644816595	-0.0101919177030823
0.0524286038343434	0.0534325324365535	-0.0320875887826191	-0.0311037767504188	0.0168978238132982	0.00173840133707539	0.0209129794285273	0.00534760456950719	0.00350497146010059	0.0292931401631999	-0.0390698490673124	-0.0317269433858327	-0.0116506288678204	-0.005535370398804	-0.0221950643146115	-0.0101868354751868
0.0524557486310004	0.0534496189482056	-0.0320747938059025	-0.0311435754284055	0.0169073777870688	0.0017517104039145	0.0209177948324734	0.0053571585432778	0.00349856628833011	0.0292968156281788	-0.0390765671635052	-0.0317338402959812	-0.0116604985599814	-0.00554568712585415	-0.02219744617238	-0.0102023825104395
0.0524505378805742	0.0534484315117814	-0.0320883417570104	-0.031134816338547	0.0168839950684005	0.00173554729870525	0.0209073314221002	0.00534088367934628	0.00349764707283939	0.0293177340670209	-0.039063941221856	-0.0317148217554178	-0.0116694867552205	-0.00554506407097746	-0.0221680564223893	-0.0101975796793496
0.0524490920021048	0.0534559486828385	-0.0320987059815176	-0.0311010582194994	0.0168793975939629	0.00174299741452901	0.0209033597965073	0.00534433283291254	0.00347952679300628	0.0293365612207724	-0.0390802733621327	-0.0317147030117754	-0.011679672165772	-0.00554239722846714	-0.0221738608910276	-0.010200545476442
0.0524470090989183	0.0534662709978248	-0.0321163456988449	-0.0310393715957548	0.0168743642605083	0.00175671719467249	0.0208990640706198	0.00535624212175513	0.00345524860757572	0.0293520467887279	-0.0391034786638294	-0.0317128967114266	-0.0116959484266875	-0.00553873573332855	-0.0221975802828467	-0.010202606027884
0.0523864191076361	0.0534308043673103	-0.032161468282964	-0.0309580950649792	0.0168194069088288	0.00170980647099691	0.0208686712860967	0.00531681923247209	0.003459925710103	0.0294177218018737	-0.0390854352181179	-0.0316659301083899	-0.0116930594637167	-0.00550582837755423	-0.0221688303515411	-0.0101709280180547
0.0524155504155815	0.0534730337975065	-0.0321654846120458	-0.030872615009262	0.0168514662952979	0.0017614012821199	0.0208869619979813	0.00535603117716684	0.00341558683402381	0.0293956229115275	-0.0391404582280467	-0.0316961426819733	-0.0117215733047215	-0.00553309052086956	-0.0222205005998016	-0.0102057897544849
0.0523750392757403	0.0534619152016241	-0.0322102202315891	-0.0307570215658273	0.0168194041148608	0.00174970154088158	0.0208653604339493	0.00534247624113872	0.00338526808965421	0.029460544950282	-0.0391520015070738	-0.0316651058878131	-0.0117417443571084	-0.00551059209309127	-0.0222285793584382	-0.0101944448471898
0.0523405267853173	0.0534495756417007	-0.0322346297335183	-0.0306718628164366	0.0168048740839808	0.00174230171648284	0.0208541161095042	0.00533402588475059	0.00337786826525548	0.0294896231728343	-0.0391667774071428	-0.0316502433747343	-0.0117372307017125	-0.00549295796370006	-0.0222537935231678	-0.0101854161394139
0.0523187757439942	0.0534360947458261	-0.0322346548792308	-0.0306329735750525	0.0168120685517274	0.00173925908526886	0.0208624281644736	0.0053338889803158	0.00337578675905308	0.0294890168817659	-0.0391784031082276	-0.0316477427733234	-0.0117313102833999	-0.00549099380415604	-0.0222670509015978	-0.0101841895874369
0.0523142844403427	0.0534366996399104	-0.0322369557119257	-0.0306046078143546	0.0168109300097442	0.00173838876421914	0.0208628765963467	0.00533427035695557	0.00336736154837746	0.029478267089667	-0.0391731714030411	-0.0316478307833172	-0.0117411436539762	-0.00549903903517593	-0.0222501962892945	-0.0101901337544779
0.0523386576206872	0.0534519309567727	-0.0322137224705484	-0.0306318448119575	0.0168417181407473	0.00176528769168707	0.0208764762358637	0.00535495549946493	0.00337000883311138	0.0294412400279927	-0.0391859244702368	-0.0316770570861765	-0.0117350765523406	-0.00550962398315955	-0.0222853234526901	-0.0102017021792176
0.0523158616353108	0.0534240387736605	-0.032205158958454	-0.0306840109895481	0.0168243312775292	0.00173174051722771	0.0208665548552936	0.00532844912450899	0.00341147411304404	0.0294455790603851	-0.0391508964927073	-0.0316670407106925	-0.0117030437085681	-0.00549198566281624	-0.0222649135160343	-0.0101809793181395
0.0523894659298022	0.0534685187451266	-0.0321643446730786	-0.0307574811735727	0.0168800541764562	0.00177879093930613	0.0208914099951279	0.00537017983140705	0.00339900183963797	0.0293766239287405	-0.0391661627341703	-0.0317099113565578	-0.0117246131419674	-0.00554066776223991	-0.0222743012487055	-0.0102165632953123
0.0523567290060793	0.0534260588125657	-0.0321668843900424	-0.0308387213827635	0.0168540674795589	0.00173481108812226	0.0208801307460822	0.00533737585245083	0.00344740174828789	0.0293922561800189	-0.0391203109243883	-0.0316922674482784	-0.0116806835822086	-0.00550447190606259	-0.0222480519188108	-0.0101774393606114
0.0523940410524954	0.0534320337132554	-0.0321250125877574	-0.0309407277595374	0.0168763815054454	0.00173148766311856	0.0208917606381191	0.00533557234607009	0.00347027456778581	0.029344542190527	-0.0390974157531459	-0.0317028998937189	-0.0116756251030415	-0.00553443861045702	-0.0222088399741161	-0.0101911339950423
0.0524536824916223	0.0534630202159906	-0.0320874546721524	-0.0310535970841166	0.016913671200117	0.0017584508518518	0.0209081514517249	0.00535793107544554	0.00348295499181211	0.0292884462968643	-0.0390977216926481	-0.0317423884412513	-0.0116698737197964	-0.00555468230601339	-0.0222164102305663	-0.0102041804288841
0.05239564479016	0.0534054519011619	-0.032108790809219	-0.0311196590618383	0.0168551417602768	0.00169630042940979	0.0208801097913217	0.00530530249614149	0.00354648842844229	0.02932446473607	-0.0390331377240286	-0.031702704315955	-0.0116135598966253	-0.00550681744224638	-0.0221656619917645	-0.0101585730913071
0.0524691373259291	0.0534663380530582	-0.0320728939076238	-0.0311246882043407	0.016904293246334	0.0017502575405249	0.0209044955445225	0.00534967070888527	0.00349132432312659	0.0292956756892116	-0.0390839879426644	-0.0317340861651702	-0.0116652147780615	-0.00555775706786002	-0.0221839010152401	-0.0102086633506314
0.0524468694005155	0.0534541954678828	-0.032096614696427	-0.0311070135624127	0.0168710059109039	0.00172975540292327	0.0208888884389565	0.00533124728351799	0.00349692902304876	0.0293254426248899	-0.0390681014402928	-0.0317125446714514	-0.0116649297933197	-0.00553829428637556	-0.0221687521204355	-0.0101880829819242
0.0524745562269755	0.053481792887365	-0.0320926654225785	-0.031095442343705	0.0168946917751064	0.00176814871497735	0.0208995208843971	0.00536233157513518	0.00347070344188254	0.0293231334102909	-0.0391082298065102	-0.0317324223571923	-0.0116766714440789	-0.00554777841094475	-0.0222126579314659	-0.0102090111996545
0.0524316199228608	0.0534634211504067	-0.0321338582906256	-0.0310166063440271	0.0168517554709918	0.00174016572790333	0.0208746447898024	0.00533837190206312	0.00345852313813843	0.0293747002817333	-0.039095800839609	-0.0316936406835783	-0.0116893881896899	-0.00552457590321612	-0.0221882707812811	-0.0101910613518728
0.0524221805017806	0.0534661187265657	-0.0321397437843375	-0.0309630585492323	0.016853581329117	0.00175093228381065	0.020877275310728	0.00534276821080067	0.00344620034202341	0.0293921053057438	-0.0391253791824435	-0.0316948099592102	-0.0116882105321539	-0.00552297356253548	-0.0222218053828842	-0.0101951810577728
0.0523714462328191	0.0534542094377231	-0.0321909921434214	-0.0308342189032398	0.0168079432578913	0.00173260804430938	0.0208549501089692	0.00532784143645661	0.00342347280886445	0.0294358071571061	-0.03912235750599	-0.0316622169248422	-0.0117068923995665	-0.00550506562427469	-0.0222032715957787	-0.010183263387026
0.0523828679742358	0.0534836243334263	-0.0322080241726964	-0.030713608890159	0.0168254223220554	0.00176924255347163	0.0208629743852287	0.00535542348911446	0.0033634807267464	0.0294579130323724	-0.0391814108148409	-0.0316688553929455	-0.011751394722777	-0.00552013070003757	-0.0222472598288667	-0.010210264294328
0.0523589348438602	0.053472074069479	-0.0322262576082358	-0.0306521136532263	0.0168220080930898	0.00176670004253984	0.0208577496649623	0.00535404326889434	0.00335874774485799	0.0294754870914503	-0.039193050485766	-0.0316640441799515	-0.011747566986539	-0.00550611056832798	-0.0222749033488218	-0.0102016979882655
0.0523255175889155	0.0534484468786057	-0.0322503541857426	-0.0306176933637492	0.0167987608818723	0.0017371496393859	0.0208430184683822	0.00532706331635276	0.00337707477832732	0.0294867062701829	-0.0391764892401086	-0.0316448454284484	-0.0117319892176377	-0.00548814116276994	-0.0222567774810526	-0.0101774477425155
0.052331481313733	0.0534523095394444	-0.0322349356730206	-0.0306194409907688	0.0168149393539058	0.00175183054454095	0.0208558888822363	0.00534422526514235	0.00337657884899721	0.0294662725847986	-0.0391842718381312	-0.031661568724253	-0.0117262266585203	-0.00549762249337107	-0.0222765853175921	-0.0101928746371418
0.0523476164792617	0.0534588558066017	-0.0322140619376674	-0.0306458411949386	0.0168372436009042	0.00176550701817954	0.0208744380361662	0.00536201445976072	0.00337525730210629	0.0294339491683482	-0.039189124960646	-0.0316771730358509	-0.0117345443014257	-0.00551342797066903	-0.0222821760476739	-0.010198532422457
0.052326569517889	0.0534271694148683	-0.0322077280120823	-0.0307093117672875	0.016824422081491	0.00173187602467847	0.0208704231040684	0.00533596070763	0.00341896334442059	0.029429911884506	-0.0391505151160675	-0.031670012095721	-0.0116995777911935	-0.00549855567870208	-0.0222536021363559	-0.0101759934821419
0.0523671630797879	0.0534486298835134	-0.0321787797090447	-0.0307645401338685	0.0168526104252172	0.00175713628988102	0.0208849768836769	0.00535292847563964	0.00341735681278786	0.0293804055645055	-0.0391491265139433	-0.0316964514154436	-0.0117068393141734	-0.00552450326004664	-0.0222484584411631	-0.0101925086273263
0.0523769615257635	0.0534378870763346	-0.0321532903384614	-0.0308683332532147	0.0168616042083924	0.00174511943326824	0.0208835771056804	0.00534571724408474	0.00345138454975302	0.0293748036585514	-0.0391316614196195	-0.0317018298039531	-0.0116758514144542	-0.00551305078498135	-0.0222500593848597	-0.0101829784022842
0.0524014911683191	0.0534357287360106	-0.0321113486869751	-0.0310006905049909	0.0168811270601901	0.00174510686041198	0.020894114556207	0.00534626346483987	0.00349632133499638	0.0293236502943814	-0.0391005827159384	-0.0317231435892753	-0.0116395424025705	-0.00552142291026389	-0.022241086556445	-0.0101859861088975
0.052449837991576	0.0534591310124553	-0.0320851971459624	-0.0310827884623752	0.0169033893976676	0.0017620047792202	0.0209064303674019	0.00535710406090069	0.00349296857332809	0.0292905250090986	-0.0390907255966336	-0.0317400415080835	-0.0116606424493363	-0.00554773091348779	-0.0222131692276203	-0.0102010958881492
0.0524507865437313	0.0534513623842731	-0.032084785035674	-0.0311331595154893	0.0168950843276184	0.00175390087487112	0.0209031767915996	0.00535036361296339	0.00350817753844589	0.0292990508026243	-0.0390781094338726	-0.0317387576797614	-0.011647959231342	-0.00553904865775093	-0.0221987872770473	-0.0101912960451896
0.0524378169440111	0.0534404714967872	-0.0320939324870923	-0.0311430445744746	0.0168744704312945	0.00173415869658097	0.0208991255379171	0.00533484591437529	0.00351378223836806	0.0293239450580114	-0.0390659109693362	-0.0317216194797003	-0.0116448579267988	-0.00552743133857028	-0.0221775363560064	-0.0101842831853668
0.0524472409982671	0.0534574727924136	-0.0321025909941007	-0.0311003387727247	0.0168726962615783	0.00174584027702692	0.0208996088943909	0.00534713099192154	0.00348424720203843	0.0293347996239125	-0.0390848736305384	-0.0317183868586584	-0.01167309656195	-0.00554163307820357	-0.0221699674965403	-0.0101981496488332
0.0524552932142071	0.0534750468514915	-0.0321170693365716	-0.0310555179371557	0.016873707678015	0.00176247556283778	0.0209014473253724	0.00536050292304193	0.00345550844660502	0.0293492667905112	-0.0391071080283353	-0.0317167272416326	-0.0116964932504586	-0.00554690250195891	-0.0221829929756216	-0.0102104375203475
0.052438600652051	0.0534740899174321	-0.0321407132912532	-0.0309915877570615	0.0168638323979178	0.00176377615496828	0.0208982105133784	0.00536303286111746	0.00343870412572671	0.0293802504992784	-0.0391314225353506	-0.0317110457075889	-0.0117005794287419	-0.00553239202885533	-0.0222114649071056	-0.0102012914659132
0.0524228049536413	0.053472174652329	-0.0321604205449427	-0.0309300017161669	0.0168544292984222	0.00176633123875633	0.020894507108719	0.00536362099139344	0.00342836225296405	0.0293947190628611	-0.0391419432220689	-0.0317045567167767	-0.0117054004206241	-0.00552916639273363	-0.0222257853903813	-0.0101996751553923
0.0523835427175215	0.0534653224456695	-0.0322033037636642	-0.0308107453806097	0.0168265888037191	0.00176844208162332	0.020878602445555	0.00536076974699136	0.00339944887452708	0.0294435450516397	-0.0391619159027238	-0.0316854138446348	-0.0117209251041323	-0.00550711779381249	-0.0222454898501026	-0.0101913505275667
0.052329469656732	0.0534417148125726	-0.0322445022196474	-0.0307048246545881	0.016791626484439	0.00174344864037021	0.0208611191904389	0.00533993373020693	0.00338547484329043	0.029495106335146	-0.0391647811169661	-0.0316529633026377	-0.0117228068416186	-0.00548202097574126	-0.0222443541020875	-0.0101716404799092
0.0523401174689969	0.0534606104185415	-0.0322373859830065	-0.0306325977863488	0.0168125113956644	0.00176936269409808	0.020868682461969	0.00536495371415659	0.00335374374806806	0.029481949539566	-0.0392034189012252	-0.031659995720237	-0.0117471395094263	-0.00550208446035796	-0.0222733806362308	-0.010195928444228
0.0523136432246737	0.0534378465637978	-0.0322502703667009	-0.0306021644892889	0.0167957825119236	0.00175200796151256	0.0208608272207769	0.00534896243798285	0.00336739088504205	0.0294848901909459	-0.0391866648717719	-0.0316511989118098	-0.0117372251137763	-0.00549210300947464	-0.0222609181417129	-0.0101808060921199
0.0523446688429616	0.0534581433447472	-0.0322263526031497	-0.0306092262435527	0.0168314572930583	0.0017811113297774	0.0208719821382442	0.00537111441372208	0.00335932330227772	0.0294451278345439	-0.0392038296145296	-0.0316777513872387	-0.0117441527575735	-0.00551315695576751	-0.0222869118235304	-0.0102015471139904
0.0523316838764171	0.0534375587850879	-0.0322178351915282	-0.0306550459227021	0.0168236132277385	0.00175835865090592	0.0208674237793593	0.00535073101976287	0.00339557922876825	0.0294380213767912	-0.039176849661988	-0.0316764982925651	-0.011712858918352	-0.00549880573884318	-0.0222800037375097	-0.0101850724813429
0.0523417114277734	0.05342764858039	-0.0321921390673088	-0.0307273621979192	0.0168370605959964	0.00175414814104416	0.0208767807783819	0.00535018619599177	0.00342234823672154	0.0294107215149071	-0.0391590437035613	-0.0316846203577066	-0.0116964834715704	-0.00550963236506372	-0.0222666010727407	-0.0101847232353357
0.0523847217720415	0.053452486956416	-0.0321591870080456	-0.0307942106776489	0.0168718902017939	0.00178104287756	0.0208966123636499	0.00537495751678437	0.00342096801650143	0.0293638331429759	-0.0391622344150823	-0.0317175388893531	-0.0117021775784704	-0.00553296199833894	-0.0222769666942318	-0.0102012355865521
0.0523832884664283	0.0534275619673803	-0.0321402802262044	-0.0309157399062204	0.0168686687566243	0.00174903238553195	0.0208927203661466	0.00535014428647092	0.00346613809807755	0.0293574153983492	-0.0391171760922284	-0.0317063211076046	-0.0116675128167883	-0.00552301826602439	-0.0222443359412951	-0.0101805853686434
0.0524198740811496	0.0534387112969114	-0.0321036946114832	-0.0310195903019119	0.0168899657781381	0.00175593488361655	0.0209078706579352	0.00535606330779949	0.0034922183929048	0.0293050634218828	-0.0390991647771495	-0.0317297946302348	-0.0116633372315272	-0.00554139559091874	-0.0222206025796357	-0.010188122097477
0.0524368893466162	0.0534433660476942	-0.0320886910030175	-0.0310973911364247	0.0168921394852864	0.00175529227096346	0.0209096196819388	0.00535685120679154	0.00350896543743794	0.029291523852679	-0.0390831106366945	-0.0317403390656816	-0.0116472383875833	-0.00554324519777241	-0.0222077894421267	-0.0101868424601069
0.0524429005688906	0.0534451080867777	-0.0320857419697335	-0.0311289979000685	0.0168823927277199	0.00174985940007679	0.0209046785494302	0.00534638919340243	0.00350780174974224	0.0293060734413354	-0.0390751995161414	-0.0317312656544168	-0.0116498325869241	-0.00554045262669953	-0.0221880766005011	-0.0101856368628903
0.0524830317290761	0.0534825570376285	-0.0320767020860853	-0.0311261718013789	0.0168997921637943	0.00177474667054375	0.0209125561423667	0.00536407920215478	0.00348174939459555	0.0292982824614087	-0.0390985696619534	-0.0317456503989578	-0.0116778518955829	-0.00556342044111138	-0.0221952640833275	-0.0102131644331711
0.0524577239664166	0.0534663911384512	-0.0321040885609792	-0.0311076477931616	0.0168702375696883	0.0017527022625747	0.0208939986065326	0.00534362176804206	0.00348949986198543	0.0293351349000794	-0.0390850747962385	-0.0317231030767385	-0.0116658993002354	-0.00554022491830289	-0.0221876253746599	-0.0101956462534542
0.0524389331342498	0.0534615254430801	-0.0321276626664594	-0.0310492356999797	0.0168539948363894	0.00175373742773979	0.0208882164896389	0.00534874730244246	0.00347388297753131	0.0293625004202128	-0.0391030609656049	-0.031711540239935	-0.0116692897804725	-0.00552931028208856	-0.0222019682096801	-0.0101894701870644
0.0524411780875835	0.0534813612193002	-0.0321414215621557	-0.0309746381498442	0.0168568656385679	0.00176825348877948	0.0208828394981133	0.00536080467159207	0.00343419605826688	0.0293875888563798	-0.03913040972193	-0.031703148556876	-0.011706920339247	-0.00553716831724863	-0.0222155482914207	-0.010203832579861
0.052402464866187	0.053466184384815	-0.0321789054376072	-0.0308825936661772	0.0168258637690084	0.00175797168633004	0.0208696519688847	0.00535485910756696	0.00342728936923019	0.0294108123188689	-0.0391292921347072	-0.0316866753212124	-0.0117060486212133	-0.00552266203509713	-0.0222191245705336	-0.0101897956843431
0.0523744581303845	0.0534683748557716	-0.0322151823188582	-0.0307637494409084	0.0168104857688231	0.0017600951020533	0.0208550115762665	0.0053526909883548	0.00338904553446716	0.0294652388166176	-0.0391635797107017	-0.0316678775041255	-0.0117292720837023	-0.00550578646803337	-0.0222378776841316	-0.0101920755622775
0.0523503447890693	0.0534654733199445	-0.0322356523258272	-0.0306734442023568	0.0168068242736845	0.00176325088897358	0.0208559321887412	0.00535727728692022	0.0033713694955551	0.0294858960194464	-0.0391859719676938	-0.0316628888741599	-0.0117398179161332	-0.00549988141654509	-0.0222677801272607	-0.0101909314323582
0.052333395181852	0.053456905616898	-0.0322386097410154	-0.030631921646079	0.0168069290474867	0.00175968997668504	0.0208567298666215	0.00535642093571078	0.00336961907456744	0.0294849279095147	-0.0391888846793931	-0.031659408986945	-0.0117414118749096	-0.00549874846249801	-0.0222786724117306	-0.0101869598067653
0.0523387079121122	0.0534588655854899	-0.0322355768886896	-0.030620238668649	0.0168258092866313	0.00177447984659431	0.0208709609429194	0.00537340127657667	0.00336386769132229	0.0294620550900167	-0.0391982793969845	-0.0316742128266946	-0.0117460233191876	-0.005510333651046	-0.0222886035711889	-0.0101948793092226
0.0523237531980876	0.0534376300312734	-0.0322334772216949	-0.0306376520745638	0.0168205775814447	0.00175644059183485	0.0208741781971369	0.00535967590849708	0.00338465341668169	0.0294537388440953	-0.0391772254506916	-0.0316688498050093	-0.0117252152420837	-0.00550164021943691	-0.0222831958460147	-0.0101833919095566
0.0523463144901472	0.0534478978638825	-0.0321995835951964	-0.0306815872222587	0.0168477656846065	0.00176746838375549	0.0208882011228145	0.00536717212479378	0.00339293194403433	0.0294193925947717	-0.0391790722635773	-0.0316936295077061	-0.0117174284531091	-0.00551754627958492	-0.0222900718014028	-0.0101982250859708
0.0523315357961101	0.0534182776115272	-0.0321926587453674	-0.0307587049315816	0.0168360491795598	0.00173903277385625	0.0208797032689694	0.0053446597271752	0.00343977700946057	0.02940870426997	-0.0391390668319543	-0.0316859223468211	-0.0116827427366665	-0.00550735807506538	-0.022257487148939	-0.0101737988202332
0.0523773624601796	0.0534460217143323	-0.0321624559506721	-0.0308125893995272	0.0168691577010343	0.00176299943184846	0.0208988195984148	0.0053658771205994	0.00342894200133586	0.0293698848777872	-0.0391476666656335	-0.0317073967853065	-0.0117002609163834	-0.00553388400779772	-0.0222563639737802	-0.0101984472064313
0.0524085152040142	0.0534445409112621	-0.0321223178055665	-0.0309453643495279	0.0168905874360308	0.00175805410838772	0.0209091628681615	0.00536059652097183	0.00346405100393903	0.029330406109143	-0.0391174750468105	-0.0317230262426169	-0.0116767301174081	-0.00554432786039447	-0.0222391810702301	-0.0101974916693558
0.0523977276933465	0.0534158720050302	-0.0321030869234308	-0.0310549465706881	0.0168779894340622	0.00173249209463502	0.0209044103284967	0.00534033187065504	0.00351975993302583	0.0293144106420172	-0.0390752665713747	-0.0317266164915701	-0.0116311465285595	-0.00552641573118159	-0.0222130211473133	-0.0101724940371506
0.0524251672536334	0.0534307275331888	-0.0320908465493735	-0.031097356211824	0.0168795456742699	0.00173179080865273	0.02090820174315	0.00533956352943939	0.00351329189697407	0.0293017511727513	-0.0390643673019847	-0.0317259319693961	-0.01164648820716	-0.00554560190982842	-0.0221754338950436	-0.0101840135674493
0.0524660597701144	0.0534618746890872	-0.0320718140389698	-0.0311266034694437	0.0169086588214229	0.00175781941507094	0.0209182488522826	0.00536145706313336	0.00349468406971503	0.0292924416711857	-0.0390884066031464	-0.0317445621483996	-0.0116595304500497	-0.00556579671094379	-0.0221984897194493	-0.01020604121161
0.0524524084421883	0.053453319558897	-0.0320898239570646	-0.0311285648350197	0.0168846362840696	0.00174061415977646	0.0209022282394443	0.00534503411889483	0.0035063125647679	0.029316609494878	-0.0390724195179247	-0.0317289550428337	-0.0116533334288995	-0.00554826735535471	-0.0221873529627744	-0.010192445763045
0.0524620043254798	0.0534705150353032	-0.0321016410449613	-0.0310921692101263	0.0168831233503667	0.0017576308222271	0.0209027269627424	0.00535726750803202	0.00347732933712951	0.0293319721282389	-0.0390944290012931	-0.0317232036595885	-0.0116792097640586	-0.00555485413504889	-0.02219449853608	-0.0102025641183632
0.0524449080349395	0.0534685732275037	-0.0321258004867495	-0.0310306767671617	0.0168716149959403	0.00175957821796277	0.02089946640202	0.00536442286022578	0.00346244586929034	0.0293576347248417	-0.0391107876842663	-0.0317174117638066	-0.0116827385457144	-0.00554568712585415	-0.0222174062801786	-0.0101981356789929
0.0524188333280484	0.0534573624306753	-0.0321487459494169	-0.0309706749061555	0.0168525140333192	0.00174861329032341	0.0208850369539901	0.00535312265641959	0.00345154799688435	0.0293951954344148	-0.0391182880915151	-0.0316944020398738	-0.0116879814267732	-0.00553148398923684	-0.0222166141902344	-0.0101940355308694
0.0523884601013017	0.0534559794164871	-0.0321819131442205	-0.0308521408113409	0.0168307909316767	0.00175203590119313	0.0208731709716524	0.00535321485736547	0.00343112129642025	0.0294176170280715	-0.0391332833180765	-0.0316851232719568	-0.0117018367143675	-0.00552513329984347	-0.0222283684138499	-0.0101945915305128
0.0523598889839517	0.0534558173663398	-0.0322208331192533	-0.0307254120082154	0.0168094841312747	0.00174601769399854	0.0208572285899196	0.00534746487110434	0.00338878150448578	0.029468059327371	-0.0391584569702693	-0.0316585302839911	-0.0117313242532401	-0.00551543823068598	-0.0222298268651756	-0.0101929207376147
0.0523439452052349	0.0534566150442201	-0.0322290208426441	-0.0306528875823781	0.016814998027235	0.00175904177609584	0.0208582944887333	0.0053565103426886	0.00337578815603711	0.0294768589297663	-0.0391881023683372	-0.0316640581497917	-0.011729453691626	-0.00550938789285874	-0.0222721233506052	-0.0101970180917702
0.0523172236947386	0.0534358390977489	-0.0322435383006678	-0.0306116374379858	0.016802134598301	0.00173779644299107	0.0208539023709479	0.00534000357940835	0.00338243780001256	0.0294839556086308	-0.0391758871399924	-0.0316475737382559	-0.0117240110418512	-0.00549963135640399	-0.0222657419275632	-0.0101852722500589
0.0523349234823791	0.0534516613388552	-0.032232991071253	-0.0306041971010503	0.0168280598279011	0.00176081594581198	0.0208680258794756	0.00535519997166991	0.00336886749716013	0.0294526827241698	-0.0391961629661814	-0.0316714258435578	-0.0117325522022012	-0.0055076137231426	-0.0222849672217628	-0.0101903265382739
0.0523192213818993	0.0534277114446713	-0.0322210217120971	-0.0306469671640655	0.0168321837247531	0.00174931597328972	0.0208755919449737	0.00535197014459612	0.00340128870249256	0.0294408251237363	-0.0391767951796109	-0.0316757956095988	-0.0117016509154917	-0.00550029352683348	-0.0222920862523718	-0.0101834980803428
0.0523474097256255	0.0534417734859018	-0.0321922522230151	-0.0306943500683427	0.0168538230073539	0.00175933234877376	0.0208938784659062	0.00535887962760086	0.00340126914471616	0.0294096248824447	-0.0391740654728193	-0.0316920201821053	-0.0117180766536983	-0.00552581642503339	-0.0222694858447594	-0.0101999238185494
0.0523262943120354	0.0534096833657841	-0.0321876407787372	-0.0307641922848454	0.0168364850385767	0.00172786807750083	0.0208852576774666	0.00533320445814186	0.00344901945579284	0.0293966231520919	-0.039130852565867	-0.0316817984499691	-0.0116745955258126	-0.00550920209398295	-0.0222420309176482	-0.0101741229205278
0.0523934417463472	0.0534481311602153	-0.0321427333301584	-0.0308353797969675	0.0168889920802703	0.00176479595330905	0.0209074110501899	0.00536208570594617	0.00342787749950617	0.0293547611286951	-0.0391495805337525	-0.031712574008116	-0.0117017501013577	-0.00554739843128901	-0.0222505217865731	-0.0102075583362649
0.0524050981810806	0.053433636053936	-0.0321176658487518	-0.0309670650994259	0.0168920430933884	0.00174424352428239	0.0209111326156417	0.00534616008802176	0.00348718785341833	0.02931670728376	-0.039103703578258	-0.0317213917713036	-0.0116616175441882	-0.00554582263330491	-0.0222240014417769	-0.0101949407765199
0.0524387487323581	0.0534452924886695	-0.032083411800374	-0.0310768009888293	0.0169152777317497	0.00176262783409689	0.0209274829167107	0.00536284566525765	0.00350890257315666	0.0292789216597583	-0.0390969421755603	-0.0317552434882812	-0.011642853254718	-0.00555318753310294	-0.0222307404927302	-0.0102009198681617
0.0524260655143637	0.0534267307618833	-0.0320995818905034	-0.0311064491808652	0.0168813603565228	0.00173101268854888	0.0209099493701696	0.00533601379302308	0.00351760997460603	0.029304482276527	-0.0390607644801753	-0.0317232455691094	-0.0116467745888859	-0.00554094855602963	-0.0221709146517115	-0.0101845458183641
0.0524714786711608	0.0534684782325897	-0.0320797167776187	-0.0311169824404398	0.0169062546119099	0.00175937146432655	0.0209187056660599	0.00535789056290871	0.00349230221194651	0.0292908644762176	-0.0390894473562476	-0.0317413560700543	-0.0116708306538559	-0.00556571987682222	-0.0221899639259236	-0.0102113287961577
0.0524734693734013	0.0534728158679981	-0.0320916288604294	-0.0311178080580006	0.0168966224070337	0.00176163038750057	0.0209069500454605	0.00535894249188214	0.00349174481531916	0.0293097978007552	-0.0390928210726763	-0.0317372866555794	-0.0116686834894041	-0.00555469906982173	-0.0221986350057882	-0.010210410977651
0.052425541645353	0.0534410037477021	-0.0321279783848498	-0.0310776922646394	0.0168539026354435	0.00173355100852859	0.0208869172944924	0.00533086311291016	0.00350070227690962	0.0293584743122428	-0.0390803767389508	-0.0317053068972	-0.0116534451876217	-0.00551869599744034	-0.022189543433731	-0.0101779171291491
0.052433097931963	0.0534675813688435	-0.0321383258455486	-0.030987635689245	0.0168591119888856	0.00175194789119933	0.0208854434763424	0.00534628721356835	0.00345450261810453	0.0293781675960919	-0.0391119583568821	-0.0317013492414474	-0.0116936769306573	-0.00553615131287591	-0.0222026178072533	-0.0102044249010891
0.052413559713341	0.0534627282463286	-0.0321624908752729	-0.0309226843138259	0.0168433959185655	0.001746580678562	0.0208762764671476	0.0053397800619638	0.00344397215249802	0.0294000248082012	-0.0391204101102543	-0.0316861081456969	-0.0117002734892396	-0.00552710165033957	-0.0222076050402349	-0.0101996444217437
0.0523821457334931	0.053461422066262	-0.03220152679998	-0.0307969208266641	0.0168180169097205	0.00174963308866418	0.0208620509787859	0.00534305598951053	0.0034158662308295	0.0294393093960654	-0.0391451632702545	-0.0316740926860681	-0.0117152589369129	-0.00551387919651022	-0.0222306371159121	-0.0101940215610291
0.0523433892055916	0.0534462913322498	-0.0322401268656703	-0.0306955766203197	0.0167997345797401	0.00173953149715441	0.0208494459918971	0.00533637421490242	0.00340033316541709	0.0294813991278588	-0.0391605175217113	-0.0316538629603521	-0.0117166433480851	-0.00549380593300533	-0.0222501934953265	-0.0101857723703411
0.0523284275066468	0.0534437572032222	-0.0322457678871772	-0.0306362858241839	0.016807191680484	0.0017473462258096	0.02085263390945	0.00534208787957881	0.00338740547521775	0.0294836482721446	-0.0391795695898914	-0.0316517926300219	-0.0117211891341137	-0.00549428370154306	-0.0222738276711199	-0.0101897817145028
0.0523483806295253	0.0534611398754883	-0.0322282511044444	-0.030619551352507	0.0168374713093008	0.00177505540401404	0.0208708212445165	0.00536398560422487	0.00337360746396869	0.0294531982112763	-0.0392003413454105	-0.0316770570861765	-0.0117319696598613	-0.00551662007917406	-0.02230358482791	-0.0102062842868309
0.0523121456577951	0.0534259107322586	-0.032238982735751	-0.0306290759896131	0.016815094419133	0.00174045210962917	0.0208602460754211	0.0053390829669336	0.00340060557730264	0.0294671429058484	-0.0391714433337979	-0.0316573679932795	-0.0117065361686392	-0.00549205830598572	-0.0222833592931461	-0.0101818566241093
0.0523476276551339	0.0534491663253804	-0.0322039924767902	-0.0306528931703142	0.0168548455996627	0.00176842392083095	0.0208795454097742	0.00536093040015464	0.00338854541418497	0.0294207281115029	-0.0391814024329367	-0.031686013150783	-0.0117226419975033	-0.0055239221146908	-0.0222935866132184	-0.0102053608803881
0.0523376964956756	0.0534239018692257	-0.0322012054936535	-0.0307239787026022	0.0168403099808466	0.00173511283667241	0.0208716259073169	0.00533405661839921	0.0034313643716412	0.029416608405603	-0.0391415786092375	-0.0316747548564976	-0.0116940611012651	-0.00551532367799565	-0.0222514382080958	-0.0101883358360333
0.0523572305233455	0.0534281026001993	-0.0321764188060366	-0.0307781383764015	0.0168546584038029	0.00174463328282634	0.0208857508128286	0.00533968786101792	0.00345087604756666	0.0293771785313998	-0.0391363720497635	-0.0316996560968049	-0.0116764940271072	-0.00552149415644934	-0.0222610732069401	-0.0101884713434841
0.0524022525246146	0.0534435979470429	-0.0321345707524801	-0.0308877233915297	0.016891678480557	0.00175599355694575	0.0209018943602615	0.00535066815548159	0.00345537433613829	0.0293457128631428	-0.0391273587088119	-0.0317104911049296	-0.0116824340031962	-0.00554596372869179	-0.0222504952438766	-0.0102081352906686
0.0523970054526037	0.053416110889299	-0.0321092182863317	-0.0310088419067969	0.0168854255800456	0.001730674618414	0.0209032857563538	0.00533384287984286	0.00351707073877105	0.0293134648838299	-0.0390832754808099	-0.0317211920025876	-0.0116309299960351	-0.00553274825978259	-0.0222280261527629	-0.0101826487140535
0.0524640439221613	0.0534643515417697	-0.0320743886805342	-0.0310845863808198	0.0169270054126686	0.00176675592190098	0.0209205468910094	0.00536417978500483	0.00349713857065303	0.0292714268404456	-0.0390928587912451	-0.0317504895516324	-0.0116625521265032	-0.00557174646592098	-0.0222197057158894	-0.0102191211730684
0.0524390602597964	0.0534409772050055	-0.0320890905404497	-0.0311268032381598	0.0168942209914888	0.00173379268676551	0.0208999218188133	0.00533233413709213	0.00352423447286897	0.0293036189403974	-0.0390607784500156	-0.0317256958790953	-0.0116391442621224	-0.00554143191250347	-0.0221943085462521	-0.0101909076836297
0.0524613533309225	0.0534632926278761	-0.0320800073502967	-0.0311233079841206	0.0168996384955512	0.00175052017352225	0.0209040205699528	0.00534548534473602	0.00350611559001989	0.0293032249909013	-0.0390763939374857	-0.0317304037152712	-0.0116589171740612	-0.00555966255407483	-0.0221930484666584	-0.0102119099415135
0.0524519628042832	0.0534615463978405	-0.0321042394352543	-0.0310924206672514	0.0168798991112291	0.00174215782712791	0.0208907408397783	0.00534123571932145	0.00349614391802477	0.0293325476856587	-0.0390797271413776	-0.0317148496950984	-0.0116684641629117	-0.00555034467060503	-0.0221822106645656	-0.0102039778662
0.0524344544034546	0.0534567114361181	-0.0321269334407965	-0.0310449972504374	0.0168701914692153	0.00174592828702071	0.0208851235669999	0.00534337450186902	0.00348978903767932	0.0293546018725159	-0.0390968108590616	-0.0317133814648845	-0.0116609386099504	-0.00553358784718369	-0.0222070951410645	-0.0101964299614942
0.0524278173323354	0.0534686039611523	-0.0321469815585889	-0.0309614673844239	0.0168602016364278	0.00174369450955921	0.0208771230394689	0.00533926317787327	0.00345259713188971	0.029387058002449	-0.0391144449884528	-0.031694604602558	-0.0116985775506291	-0.00553702861884578	-0.0221996506131769	-0.0102036034744803
0.0523953444385939	0.0534571864106877	-0.0321746488272725	-0.0308932903728831	0.0168389493184029	0.00173992125569835	0.020870846390229	0.005336696918213	0.00345673639556603	0.0294047200715208	-0.0391201851958257	-0.0316891689377032	-0.0116850952577705	-0.00552238403527547	-0.0222236298440254	-0.0101919987281559
0.0523843739230184	0.053472121566936	-0.0321999691627883	-0.0307646295408463	0.0168457037361805	0.00176786512721957	0.0208889331424455	0.00536799355140251	0.00339509447531038	0.029432663943042	-0.0391754792206561	-0.031692249287486	-0.0117276934917502	-0.00552631375134752	-0.0222659375053272	-0.0102024775053534
0.0523342445481413	0.0534467579249153	-0.0322363745665699	-0.0306656280767176	0.0168142827714125	0.00174411081079969	0.0208694256574721	0.00534609442977243	0.00338028085667262	0.0294777082960556	-0.0391720314640738	-0.0316562126874879	-0.0117366286015962	-0.00550625864863499	-0.022254197251552	-0.0101855739986091
0.0523322119363799	0.0534517884644018	-0.0322375801637864	-0.0306194479756889	0.0168277399185586	0.00175354464394386	0.0208717069323906	0.00535083439658098	0.00336633476511654	0.0294725017365815	-0.0391884138957755	-0.0316567477323708	-0.0117419916232814	-0.00551432623139933	-0.0222679198256635	-0.0102002353459877
0.0523240339918773	0.0534420011942984	-0.0322375997215628	-0.0306115103124392	0.0168329283172403	0.00176170582463811	0.0208746601566267	0.00535749801039672	0.00337762519003453	0.0294573723995533	-0.0391935520030322	-0.0316719888281213	-0.0117274601954174	-0.00550909312922872	-0.0222849490609704	-0.0101916718338933
0.0523329299861705	0.0534451751420111	-0.0322286590237807	-0.0306175899869311	0.0168431654162008	0.0017604094234597	0.020878996395051	0.0053553075394401	0.0033768875824675	0.0294377028644327	-0.0391836948837274	-0.0316740675403556	-0.0117365126519218	-0.00552169951310152	-0.0222705992410301	-0.0101977515083851
0.0523166369614466	0.0534206343235832	-0.0322157383185015	-0.0306622250236243	0.0168349190194808	0.00173852846262198	0.0208747956640775	0.00533588527049246	0.00341618334620396	0.0294308646276134	-0.0391620793498551	-0.0316750943236165	-0.0116992732486753	-0.00550652128163234	-0.0222689661667009	-0.010178549962914
0.0523616352139873	0.0534401515874447	-0.0321793231358317	-0.0307354227957633	0.0168752234056858	0.00176895337777774	0.0208956316808619	0.00536289036874656	0.00341788626973465	0.0293771128731505	-0.0391639974089262	-0.0317050861737235	-0.0117082097555053	-0.00553684840790611	-0.0222692749001712	-0.0102013221995619
0.0523444788531338	0.0534139651218313	-0.0321772793481981	-0.0307949580641041	0.0168579105826212	0.00173936944700711	0.0208901652823586	0.0053474774439606	0.00344782503444851	0.0293788660881062	-0.0391282918941429	-0.0316926041214292	-0.011685758825184	-0.00552181825674394	-0.0222384197139346	-0.0101809276297304
0.0524113175539753	0.0534465609501673	-0.0321273832696537	-0.0309047651996929	0.0169019505041183	0.00176161641766029	0.020912032273356	0.00536364474012193	0.00345308467931564	0.0293215408484984	-0.0391289331098119	-0.0317234425438574	-0.0116928149915117	-0.00555902692634189	-0.0222311484120665	-0.0102042335142772
0.052421565828808	0.0534336304659999	-0.0321042603900147	-0.0310306390485929	0.0169053814968921	0.00175000468641575	0.0209140998097181	0.00535391055541164	0.00350913167853733	0.0292918018525007	-0.0390968248289019	-0.0317384740920036	-0.0116512742744415	-0.00554511296541846	-0.022227046866959	-0.0101858939079516
