0.0525761155688602	0.0535648002813518	-0.031800199831301	-0.031107027532253	0.0168069318414547	0.00152410538409416	0.0209652503799201	0.00516835615183188	0.00352536882390008	0.0292996347419482	-0.0391477546756273	-0.0319020343790393	-0.0118773523907187	-0.00554052107891692	-0.0220522240946858	-0.0100034491908192
0.052613705615098	0.0535844642285364	-0.0317688906252552	-0.0311950319381096	0.0168275792653953	0.00154204824695566	0.020980220460769	0.00518636606992675	0.00353691908784736	0.0292690519675972	-0.0391447874815509	-0.0319249505050421	-0.0118757039495652	-0.00556216315548577	-0.0220494580663095	-0.0100193692208075
0.0526105358583374	0.0535785675589523	-0.0317758601785732	-0.0312389936285011	0.0168090762119384	0.00152873079821238	0.0209681100062263	0.00517436737410633	0.00354923908999432	0.0292847917866459	-0.0391260748804897	-0.031913993959307	-0.0118688601248098	-0.00555013372601673	-0.022027146834391	-0.0100023553523249
0.0526282202791536	0.0535946873576566	-0.0317710950660521	-0.0312416939986281	0.0168076498912453	0.00153092546012109	0.0209699246884793	0.00517582442844801	0.00353496051623946	0.029291523852679	-0.039131636273907	-0.03191090522762	-0.0118873408265222	-0.00556074661368091	-0.0220165255648226	-0.0100137729027895
0.0526333793411707	0.0536071554401106	-0.0317778718355741	-0.0312239956079716	0.0168119148834842	0.00154153834778527	0.0209732732591955	0.00518585617075636	0.00351638202564502	0.0293042154525775	-0.0391507959098573	-0.031913211648251	-0.011894743444889	-0.00556164487441121	-0.0220305442995482	-0.0100209073002228
0.0526105456372256	0.0535961905124713	-0.0318038124319985	-0.0311715709883357	0.0167915845749181	0.00153958117316141	0.0209672480670807	0.00518787760664554	0.0034994491822361	0.0293298403306115	-0.0391540941891484	-0.031897846220922	-0.0119008356922371	-0.00554954280177269	-0.0220328814538278	-0.0100117333061079
0.0525988417050352	0.0536009821676889	-0.0318289721143511	-0.0310866259775014	0.0167775337095599	0.00153364399104047	0.0209553653209347	0.00518261097685825	0.00346713694165789	0.0293673772914561	-0.0391720789615308	-0.0318796435190312	-0.0119282081972907	-0.00554667339657824	-0.022026413417776	-0.0100148765201719
0.0525837961870487	0.0535997276760313	-0.0318388543793684	-0.0310383937069349	0.0167830294447278	0.00155480829907158	0.0209610622218027	0.00519534867722972	0.00346892228724626	0.0293669721660879	-0.0391969815988221	-0.031895784272496	-0.0119074238689153	-0.00553793665846427	-0.0220828320147493	-0.0100154604594958
0.052527995057016	0.053579488171427	-0.0318961083727906	-0.0308987958869393	0.0167316316083529	0.00152692449786359	0.0209340501386285	0.00517345514353575	0.0034357187708579	0.0294370560608275	-0.03919491406246	-0.0318494379303679	-0.0119380345829468	-0.00551313739799111	-0.0220564234286753	-0.00999946778633807
0.0525141132267253	0.0535869075536022	-0.0319120689153157	-0.0307886478872476	0.0167334630544142	0.00154241285978709	0.0209298689654313	0.00518644011008025	0.00340355321360269	0.0294531032163624	-0.0392355956343526	-0.0318457289377724	-0.0119576161080737	-0.00551658096362126	-0.0220844315614619	-0.0100091921921602
0.0525090072501012	0.0535904740538268	-0.031919544176852	-0.0307302078543851	0.0167408740546851	0.00154998032226924	0.0209308650150436	0.00519137006671668	0.00338684668160637	0.0294500088967394	-0.0392477200587356	-0.0318504325829962	-0.011974076770881	-0.00551900473091063	-0.0221050720004823	-0.0100033681657455
0.0524940930486134	0.0535752245761722	-0.0319239530584458	-0.0307272406603087	0.0167420084057162	0.0015506899901557	0.020934614520176	0.00519599128988281	0.00340340373631164	0.0294421578464994	-0.0392394107977344	-0.0318520027930442	-0.0119577208818759	-0.00551605988857864	-0.0221165216815796	-0.0100052736519603
0.0525162520092728	0.0535866994029819	-0.0319042304379321	-0.0307437278658125	0.0167679224594441	0.0015712843287032	0.0209451729254631	0.0052103941952162	0.00340064050190335	0.0294117231524555	-0.039251762930514	-0.0318728485887168	-0.0119607523372176	-0.0055264897713351	-0.022138194491797	-0.010012082552115
0.0525073043265705	0.0535691015951755	-0.0318879653528888	-0.0307924393019008	0.0167657026518229	0.00155567582615326	0.0209462388242768	0.00520383814917065	0.00342919904639709	0.0294014120133414	-0.0392254172087213	-0.0318744425474933	-0.0119428555748291	-0.00552052884048568	-0.0221311606772138	-0.0100036629293755
0.0525267601231349	0.0535698489816307	-0.0318695600883138	-0.0308667043698376	0.0167785423320284	0.00155454566607423	0.0209507413038005	0.00520699952402705	0.00344762666271646	0.0293722527657155	-0.0392057602464569	-0.0318776961232956	-0.0119356038307373	-0.00553730522168341	-0.0221050440608018	-0.0100096434180013
0.0525175805410839	0.0535548355942769	-0.0318715200569058	-0.0309078469464596	0.0167583656917054	0.00152884814487077	0.0209438639514284	0.00518612997962594	0.00347282406363774	0.0293680799744225	-0.0391729856041653	-0.0318663121004477	-0.0119221410956551	-0.00552685997210264	-0.0220700789475535	-0.0099927832177619
0.0525476981197534	0.0535549124283984	-0.0318289078530857	-0.031025094418984	0.016783968217995	0.00152324763590069	0.0209527697246098	0.00518265288637911	0.00350709906677592	0.0293323493139266	-0.0391604141448932	-0.0318843178275904	-0.0118932975664196	-0.00553134289384996	-0.0220689962849315	-0.0099923264039846
0.0526045386059032	0.0535830979781566	-0.0317807398437846	-0.0311362943476491	0.0168224802736914	0.00155279664207061	0.0209745626754537	0.00520402115407838	0.00351930311924852	0.0292744135922985	-0.0391571507902027	-0.0319232322146871	-0.0118907047640627	-0.00556015429245285	-0.0220719467151996	-0.0100149910728623
0.0526110904609967	0.0535795244930118	-0.0317733609741463	-0.0312113710633065	0.0168148387710558	0.00153639325560847	0.0209717938531093	0.00519012116299524	0.00354199293383872	0.0292716224182096	-0.0391290295017099	-0.0319192955136949	-0.0118777156065661	-0.00555585996354937	-0.0220431548743731	-0.0100075898514795
0.0526022810797132	0.0535695528210166	-0.0317779682274721	-0.0312364972180423	0.0167963287326787	0.00151571509801925	0.0209604140212135	0.00517791431655458	0.00355338952954287	0.0292935243338077	-0.0391171858711166	-0.0319053284673784	-0.0118688000544965	-0.00554544684460126	-0.0220247398309099	-0.00999315341852944
0.0526376401424575	0.0536058059535391	-0.0317684030778293	-0.0312195336409847	0.0168130911440362	0.00154617912872781	0.0209689062871225	0.00519948235296993	0.00352386147813338	0.0292752168581148	-0.0391448363759919	-0.031923323018649	-0.0118989986582397	-0.00556954342210811	-0.0220360288588439	-0.0100095162924548
0.0526220009062589	0.053598436862789	-0.0317919324798206	-0.031190335277806	0.0167919757304461	0.00153644075306544	0.020958229138193	0.00518902872148498	0.00352123095720779	0.0293081703143621	-0.0391409848910254	-0.0319028418358078	-0.0118989469698306	-0.00555362199513578	-0.022033674940756	-0.0100131749936253
0.0526124078169355	0.0536063675411186	-0.0318105780256484	-0.0311267040522938	0.016788730536548	0.00154754537910764	0.0209579120228186	0.00519821109750403	0.00349288475428638	0.0293258910567631	-0.0391651736694781	-0.0318983980296133	-0.0119126751318783	-0.005549312299408	-0.0220484312830485	-0.0100186777137134
0.0525964151437777	0.0536017966093775	-0.0318293870186075	-0.0310823693671667	0.0167794657384712	0.00154140982525466	0.0209487813352086	0.0051931484273849	0.00347501453459436	0.029361530913297	-0.0391743267088326	-0.0318803042924767	-0.0119207999909878	-0.00554226032403235	-0.0220523763659449	-0.0100157384593175
0.0525638668128987	0.053594706915433	-0.0318650869454547	-0.0309732970451769	0.0167535558756955	0.00154265733199207	0.0209397470394965	0.00519050673058709	0.00345960999171257	0.029379743394076	-0.0391859761586459	-0.0318697361083014	-0.0119328294204568	-0.00553772711086	-0.022052872295275	-0.0100068690077208
0.0525254539430683	0.0535827585110377	-0.0319061373211309	-0.0308442059420593	0.0167282411281158	0.00153211708749736	0.0209254069984444	0.00518423566928335	0.00342468399401712	0.0294380018190148	-0.0392106874091253	-0.0318464805151797	-0.0119531820807674	-0.00551775722417322	-0.0220619596763801	-0.0100004889816629
0.0525226823267558	0.053593576755354	-0.0319142510043682	-0.0307658630777434	0.0167419427474669	0.00155576523313108	0.0209237082658658	0.00520227352705878	0.00340172875246152	0.0294440814935066	-0.0392465843107205	-0.0318577904978741	-0.0119605358046932	-0.00551950066024073	-0.0221113793833708	-0.0100098543625896
0.0524786968876358	0.053556855633182	-0.0319259828762392	-0.0307429944491976	0.0167237065179594	0.00153489149777788	0.02091340690564	0.00518432787022923	0.00342609494788586	0.0294565789126252	-0.0392324105107678	-0.0318416273926648	-0.0119297323068657	-0.00549325691828214	-0.0221214572261521	-0.00998709749276608
0.0524992535076146	0.0535733218839254	-0.0319147916371872	-0.0307247177071533	0.0167502757571966	0.00156159484748183	0.0209294484732388	0.00520906426642111	0.00340489850922209	0.0294267547006017	-0.0392479966615733	-0.0318587111103488	-0.0119513757804186	-0.00551789552559204	-0.0221338470775005	-0.0100052764459284
0.0524999003112197	0.0535683807514168	-0.031906388778256	-0.0307561903603304	0.0167564210899378	0.00155768189521812	0.0209357726199356	0.00520521836939077	0.00342280085954676	0.0294094977568981	-0.0392375597938967	-0.0318677202603484	-0.011935932121984	-0.00551608643127519	-0.022137603567553	-0.00999819233992009
0.0524967068057307	0.0535561347894233	-0.031888370478257	-0.0307961748371929	0.0167630176485202	0.00154212787504528	0.0209442243733077	0.00519621341034334	0.00344245083689103	0.0293924461698468	-0.0392182227409748	-0.031870109103037	-0.0119228312057652	-0.00551840821873048	-0.0221232062501557	-0.00999599907499541
0.0525172759985657	0.0535560062668927	-0.0318694553145117	-0.0308787812967636	0.0167735062046058	0.0015408817652919	0.0209617090254079	0.0051993929459921	0.00346547872161611	0.0293570689463102	-0.0391968712370838	-0.0318803853175503	-0.0119108003793121	-0.00553509938390248	-0.0220945904293168	-0.0100053365162416
0.0525443551369733	0.0535649357888026	-0.0318434267080935	-0.0309467194240355	0.0167921810870982	0.00154851488602339	0.0209636871547922	0.0052043215056445	0.00347029552254623	0.0293369635521726	-0.0391952730873553	-0.0318923323249617	-0.0119130467296298	-0.00553922328075449	-0.0220899524423423	-0.0100052806368805
0.0525582718918648	0.0535514493049919	-0.0318069570430466	-0.0310815311767496	0.0168015827896098	0.00153198856496675	0.0209683055839903	0.00519128205672289	0.00352826756575913	0.0292956267947706	-0.0391543554251618	-0.0319052823669055	-0.0118681057534344	-0.00553994691848122	-0.0220775779578183	-0.00999301791107868
0.0526058126553372	0.0535758783646975	-0.0317744143001037	-0.0311719006765664	0.0168231061225362	0.00154542056640036	0.0209790106726003	0.00520053428194335	0.00353081426764301	0.0292589908886243	-0.0391436279848072	-0.0319234780838761	-0.0118789030429903	-0.00556451288262163	-0.0220522995318233	-0.0100104313169934
0.0525996351919633	0.0535638000407875	-0.0317764119872644	-0.0312234074776956	0.0168027576531777	0.00152549678018651	0.020971581511537	0.00518568434172086	0.00355458814183928	0.0292705160068591	-0.0391225363199456	-0.0319158645209211	-0.0118595324624518	-0.00554824919456234	-0.0220317666605731	-0.00999629104465736
0.0526272829028705	0.0535862844987255	-0.0317684785149668	-0.0312296003078938	0.0168102440905862	0.00153381023213985	0.0209744187860988	0.00519205319190659	0.00352939632885412	0.0292723251011759	-0.0391331994990348	-0.0319118649556476	-0.0118911168743511	-0.00556405327487627	-0.0220156300980604	-0.0100118716075267
0.0526159910809685	0.053584201595539	-0.0317862076392719	-0.0312234130656318	0.0167933866843148	0.00152381481141625	0.0209649821589866	0.00518449411132861	0.00353292371352597	0.0292956114279463	-0.0391306108876301	-0.0319043366087182	-0.011882716809388	-0.0055503334947328	-0.0220147849227232	-0.0100030021559301
0.0526162537139659	0.0535941425338855	-0.0318003842331927	-0.0311875441037171	0.0167949457184906	0.00153643795909738	0.0209693798647082	0.00519407742176383	0.00350920292472278	0.0293153200786197	-0.0391511353769762	-0.0319021517256977	-0.011896312257953	-0.00555185900129187	-0.0220297214759554	-0.0100106520404699
0.0525919308250464	0.0535884609998418	-0.0318178898400533	-0.0311240916921606	0.0167845032628779	0.00154032297168052	0.0209675204789663	0.00519738128899113	0.00349440187894128	0.0293447084316264	-0.0391741618647172	-0.031898825506726	-0.0118976575535724	-0.00553545701181376	-0.0220593864317997	-0.0100017602371288
0.0525858874721393	0.0535968568738528	-0.0318370089634668	-0.0310404151428241	0.0167748836308579	0.0015443379037783	0.0209577443847352	0.00519737290708696	0.00346218463327701	0.0293641907708872	-0.0391885871217951	-0.0318817124523774	-0.0119304112411036	-0.00554219326879898	-0.0220494035839324	-0.0100137268023165
0.0525658575151393	0.0536013914840092	-0.0318700699874842	-0.0309390080721984	0.016762810894884	0.00155387930469266	0.0209503655150968	0.00520626610741211	0.00343831017623069	0.0293893113376869	-0.0392126850962859	-0.0318775131183878	-0.0119410758171768	-0.00553207072252878	-0.022076876671836	-0.0100188928492538
0.0525352915045967	0.0535973346423906	-0.0319084591085862	-0.0308198844501238	0.0167480922711602	0.00155029184970758	0.0209418606763316	0.00520091286461507	0.00339967518593969	0.0294347859617813	-0.0392340868916019	-0.0318551725498048	-0.0119708148131746	-0.00552575635472016	-0.0220816487692772	-0.0100124220192339
0.0525078952508146	0.0535797508044244	-0.0319155823301473	-0.0307753751419932	0.0167508038171594	0.00155217638116197	0.0209461144926982	0.00520729009670497	0.00340600771454068	0.0294444041968172	-0.0392526765580686	-0.0318609546666985	-0.01194575152272	-0.00550896320971409	-0.022133922514638	-0.0100012168103417
0.0524793408972729	0.0535591536719088	-0.0319345030818287	-0.0307330744656115	0.016731883065478	0.00153106515852394	0.0209344357062204	0.00518993396713542	0.00340970692824804	0.0294514785239373	-0.0392331970127758	-0.0318397987405716	-0.0119453156637032	-0.00550235826922754	-0.0221061951756412	-0.00999255550936526
0.0524788924653998	0.0535551289609228	-0.0319294976880548	-0.030722101156068	0.0167399953517312	0.00153622701450908	0.0209386587889384	0.00519252537250821	0.00341073371150896	0.0294348921325674	-0.0392365064679392	-0.0318464386056588	-0.0119419642990189	-0.00550446073019037	-0.0221113151221055	-0.00999476972905037
0.0525179689026438	0.0535787603427482	-0.0318869120269313	-0.0307659049872643	0.0167851291117226	0.00156902261156113	0.020960434975974	0.00522080591718029	0.00340861588372181	0.0293882943333142	-0.0392570868366464	-0.0318857050327307	-0.0119416010831715	-0.00552957850302202	-0.0221461112002863	-0.0100161324088135
0.0524990579298506	0.0535474888552712	-0.0318915849385065	-0.0308291171175679	0.016762664211561	0.00152615056871182	0.0209445191369378	0.00518560052267915	0.00345000991746901	0.0293957807707227	-0.0392035781574044	-0.0318625723742035	-0.0119189154595334	-0.00551482774866555	-0.0220976987187801	-0.00999297739854186
0.0525370377346322	0.0535682578168223	-0.0318551250523478	-0.0308991409419943	0.0167973583099077	0.00155188161753197	0.0209625164821764	0.00520779999587536	0.00346376043126111	0.0293451359087391	-0.0392098771583888	-0.0318974145528572	-0.0119079142103093	-0.00553496247946769	-0.0221199568653055	-0.0100093570362755
0.0525270506958128	0.0535410152312833	-0.0318430062159009	-0.03099279056031	0.0167859631111876	0.00151558657548864	0.0209542281759355	0.00517798695972406	0.00350019796567535	0.0293518903265167	-0.0391750713013198	-0.0318800654082078	-0.011878986862032	-0.00551537816037276	-0.0220813735634236	-0.00998724697005713
0.0525833351823193	0.0535660743307858	-0.0317957071306654	-0.0310883191221439	0.0168192923561385	0.00153758348600071	0.0209734758218796	0.00519761458532388	0.00351206953594918	0.0292833850237292	-0.0391628644548791	-0.0319106174489102	-0.0118872765652569	-0.00555406623605683	-0.0220629752837688	-0.0100110040804451
0.0526075840310853	0.0535735593712103	-0.031775459244157	-0.0311729679723642	0.0168263750651628	0.0015411122676566	0.0209764011064352	0.00519832704717839	0.0035286293846225	0.0292595105666829	-0.039143711803849	-0.0319240983447848	-0.0118792103794766	-0.00555478428584746	-0.0220536797520435	-0.0100075870575115
0.0526086946333879	0.0535666456972534	-0.0317761591331552	-0.0312337940539472	0.0168136946411365	0.00152543670987328	0.0209689733423559	0.00518636187897466	0.00354905189413451	0.029276356797082	-0.0391228869629368	-0.0319133541406219	-0.0118653816345789	-0.00554502355844063	-0.0220351124373212	-0.0100035036731963
0.0526172777032587	0.0535745805665351	-0.0317747062697657	-0.0312435617662742	0.0168105430451683	0.00152597315174021	0.0209683027900222	0.00518511018128516	0.00354142994927525	0.0292867727099982	-0.0391249433234266	-0.0319076097422969	-0.0118734953178162	-0.00555315959342237	-0.022018460387702	-0.0100140536965792
0.0526319250807971	0.0535926477609751	-0.0317812259942265	-0.0312173138333635	0.0168109970649775	0.00153563609026505	0.0209653816964187	0.00519021336394112	0.00352060510836304	0.0292945581019888	-0.0391406049113697	-0.031906731039343	-0.0118918167633494	-0.00555943344869416	-0.0220229908069063	-0.0100218474704739
0.0525962461087103	0.0535752525158528	-0.0318125240244	-0.0311752310864903	0.0167823588923942	0.00151993957772131	0.0209546696228885	0.00517795902004349	0.00352439931698433	0.0293315893546151	-0.0391400293539499	-0.0318855471735355	-0.01188055707208	-0.00553306397817302	-0.0220313782990132	-0.0100040834215681
0.0525895824948946	0.0535884372511133	-0.0318294023854318	-0.0310821612165464	0.0167751588367115	0.00152635173441192	0.0209554938434653	0.00518294066508897	0.00348286698181832	0.0293627448924178	-0.0391664295581197	-0.0318754916824987	-0.0119182896106886	-0.00553785004545451	-0.0220392489070295	-0.0100147032941524
0.0526025451096946	0.0536127545520967	-0.031835841084819	-0.0310175437203102	0.0167873167887112	0.00155458059067495	0.0209598733883945	0.00520569334396044	0.00345550704962099	0.0293572673180422	-0.0392003385514424	-0.0318893064575561	-0.0119379828945378	-0.00555421291937982	-0.0220694251590282	-0.0100308873541221
0.0525317040496116	0.0535778998005867	-0.0318950592377853	-0.0309033570397922	0.0167371734439937	0.00152582786540125	0.0209357698259675	0.00518074041524415	0.00344696030133489	0.0294301926782957	-0.0391995646222907	-0.0318510039494638	-0.0119321574711391	-0.00550768496932804	-0.0220758708433355	-0.0100015702473009
0.0525337827618459	0.0535991786613081	-0.0319075315111913	-0.0307912183378599	0.0167474999499321	0.00155023597034645	0.0209392566981026	0.00519654309857405	0.00339611008269907	0.029444296629047	-0.039240177741966	-0.0318512498186529	-0.0119716083001027	-0.00552357705963577	-0.0221021564948149	-0.0100193845876318
0.0524913926784864	0.0535704901972997	-0.0319281062919624	-0.0307428156352419	0.0167319766634079	0.00153220928844324	0.0209272873389467	0.00518271854462845	0.00340895115988864	0.0294626809388615	-0.0392369032114033	-0.0318384087414633	-0.0119460267285736	-0.005499828331152	-0.0221169198220277	-0.00999869804813839
0.0524958141329365	0.0535760068872281	-0.0319264564538248	-0.0307243572852739	0.0167449141324954	0.00154532557148642	0.0209352180172763	0.00518868226944593	0.00340487895144569	0.0294425601778996	-0.039244842271637	-0.0318487170866093	-0.01195262468414	-0.00550546516170683	-0.0221274293328737	-0.0100035078641484
0.0524936683654688	0.0535722741459041	-0.0319137606629742	-0.0307474019338074	0.0167545924378446	0.00155118172853371	0.0209411188778125	0.0051990981823621	0.00341563014052869	0.0294272492329477	-0.0392407071989128	-0.0318569201768244	-0.0119399959485228	-0.00550960023443106	-0.0221414662283917	-0.010004960727538
0.0524727317658343	0.0535460401828337	-0.0319125690355979	-0.0307766533823792	0.0167369862481339	0.00152262318403997	0.0209326769033285	0.00518287780080769	0.0034401122856274	0.0294273679765902	-0.039212000574112	-0.0318446420841983	-0.0119238733558504	-0.00549687510691585	-0.0221080433855109	-0.0099867594226312
0.052499178070477	0.0535512299784994	-0.031881205347175	-0.0308429221137371	0.0167638795876657	0.00153617253213197	0.0209466956380541	0.00519108508197487	0.00345281226743009	0.0293883683734677	-0.0392072131098465	-0.031866967285957	-0.0119166719031837	-0.00551714394818473	-0.0221005737119107	-0.00999672410970618
0.052514051759428	0.0535549054434783	-0.0318665775274131	-0.0308803515068116	0.0167679350323004	0.00152963324989477	0.0209461689750754	0.00518718330558339	0.00345816411324312	0.0293652888003336	-0.0391856562493034	-0.0318699973443147	-0.0119232782406543	-0.00552667836417894	-0.0220712607960416	-0.00999953065061935
0.052558380856619	0.0535670480286536	-0.0318153640929299	-0.0310059180192254	0.016808956071312	0.0015442345269602	0.0209677216446664	0.00519961646343666	0.0034790909339894	0.0293212838034372	-0.0391864329724232	-0.0318941763438793	-0.0119034243036418	-0.00554146963107224	-0.0220829004669667	-0.010016646498936
0.0525871349788767	0.0535701647000211	-0.0317871017090502	-0.0311221149597603	0.0168213710683729	0.00154191972442504	0.020977275618437	0.0052008555882699	0.00351278479177174	0.0292770594800484	-0.0391543037367527	-0.0319142831350008	-0.011883499120444	-0.00554914885227667	-0.0220641822779694	-0.0100139321589687
0.052611206410671	0.0535762876810178	-0.0317690428965143	-0.0312060024536851	0.0168285669331034	0.00154165010650755	0.0209804481691656	0.00519958014185192	0.00353473280784283	0.0292625741526573	-0.0391416316946306	-0.0319247898518789	-0.0118678766480537	-0.00555116190626167	-0.0220596239190845	-0.0100149170327088
0.0526266542600577	0.0535881368995472	-0.0317641227187661	-0.0312408907328118	0.0168275862503155	0.00154643617378904	0.0209799368730112	0.00520369565679975	0.00352832065115221	0.0292730599147749	-0.0391406007204176	-0.0319256364242001	-0.0118801002583027	-0.00555422130128399	-0.0220491158052225	-0.0100191387184428
0.0525998894430565	0.0535707821669617	-0.0317843608263863	-0.0312304398952949	0.0167928642122882	0.00151432928986302	0.0209612633875028	0.00517547797640895	0.00354038081426988	0.0293029567699679	-0.0391171635193722	-0.031894554926551	-0.0118782101389122	-0.00553771314101972	-0.0220140780488048	-0.0100014235639779
0.0526559867337032	0.0536291816872873	-0.0317785773125085	-0.0311879995205104	0.0168266097584796	0.00156593387987421	0.0209745123840287	0.00520895530166689	0.00348150073143848	0.0292849133242563	-0.0391674828840772	-0.0319207567589887	-0.0119273448611611	-0.00557249804332829	-0.0220391399422753	-0.0100337944778853
0.0525702817635574	0.053565984923808	-0.0318356273462626	-0.0311427232681481	0.0167578921141198	0.00150358648268419	0.0209385847487849	0.00516156122151747	0.00351946796336388	0.0293575928153208	-0.0391295156521518	-0.0318669197885001	-0.0118785370331749	-0.00551486127628223	-0.0220169306901909	-0.00998983697844589
0.0526023774716112	0.0536060378528879	-0.0318262410105754	-0.0310718249317199	0.0167894290285622	0.00154898147868889	0.0209555036223535	0.00519723320868411	0.00346365426047495	0.0293553338921468	-0.0391925266167553	-0.031886210740949	-0.0119191291980897	-0.00554481401083637	-0.0220537677620373	-0.0100240365444465
0.0525541214523162	0.0535821675867936	-0.0318689761489899	-0.0309865292778944	0.0167499795965826	0.00152897806438542	0.0209368860162063	0.0051791520444038	0.00346595788713788	0.029387499449402	-0.0391808799609101	-0.0318638575995097	-0.0119078178184113	-0.00551926456993992	-0.0220527381848083	-0.0100046785367642
0.0525502420276692	0.0536007516653242	-0.0318923909982909	-0.0308696422272494	0.0167572536924188	0.00155507232905296	0.0209373204782391	0.00520084301541364	0.00341386574970075	0.0294235178886077	-0.0392312063105352	-0.0318653453875	-0.0119446437143855	-0.00552108763409706	-0.0220954202378297	-0.0100191303365386
0.0524990928544513	0.0535698755243272	-0.0319295256277353	-0.0307814506255329	0.0167271598624778	0.0015325557404823	0.0209208388606714	0.00518418258389027	0.00340791180377147	0.0294636308880008	-0.0392282642621713	-0.0318320049666768	-0.0119444509305895	-0.00549823018142345	-0.0220952498057782	-0.00999607171816489
0.0524830512868525	0.0535623499713659	-0.0319325137765722	-0.0307258995556414	0.0167261610188974	0.00152726536196653	0.0209147661710997	0.00517815459780748	0.00340040860255463	0.0294632131897763	-0.0392333311232425	-0.0318273935223989	-0.0119483331492046	-0.00550057012967111	-0.022092538259779	-0.00999479068381079
0.052491519804033	0.053570058529235	-0.0319196643174785	-0.0307212084832738	0.0167522874141976	0.00155408466134484	0.0209398643861549	0.00520475037974124	0.0033927391602384	0.0294343095902276	-0.0392537857633872	-0.0318530337672572	-0.0119483359431727	-0.00551083237434416	-0.0221255098768186	-0.0100072433994405
0.0524709687719904	0.0535446571686455	-0.0319199646690446	-0.0307325505966008	0.0167371231525687	0.00152725278911028	0.0209326349938077	0.00518390877502069	0.003416086954306	0.0294326904857386	-0.0392230618936493	-0.0318423370605513	-0.011935292303299	-0.00549964392926025	-0.0221042631467298	-0.00998820949205273
0.0525186869524344	0.0535746727674809	-0.0318744816630461	-0.030788030420307	0.016785198960924	0.0015650691467606	0.0209560791797732	0.0052142820017674	0.00341364782019231	0.0293825303772128	-0.0392443659000833	-0.0318840929131619	-0.0119409053851253	-0.00553138620035484	-0.0221330996910453	-0.0100138050334221
0.0525088382150338	0.0535542069514641	-0.0318727745485633	-0.0308564407281805	0.0167707457641656	0.00153832249055177	0.0209441517301383	0.00519149160432715	0.00345073774614784	0.0293693065263994	-0.0392012410031248	-0.0318778930980436	-0.0119166900639761	-0.00552020194622302	-0.0220962109307898	-0.00998634870932683
0.0525431285849963	0.0535688724897948	-0.031849391829895	-0.030924946030968	0.0167879146978753	0.00154422614505603	0.0209489825009087	0.00519442247681886	0.00345407095003974	0.0293499527096692	-0.0391919622352078	-0.0318832100192559	-0.0119243762701006	-0.00553419134428398	-0.0220754880697117	-0.010008004755736
0.052563734099416	0.0535620971172568	-0.0318081109518541	-0.0310664577190826	0.0168097719099846	0.00154040120278611	0.0209642906518925	0.00519312328167239	0.00350733236310868	0.029307280435536	-0.0391714684795104	-0.0319060786478017	-0.0118754063919671	-0.00553414943476313	-0.0220855267969402	-0.0100008326397339
0.0526080506237508	0.053580172693601	-0.0317773619364038	-0.031162063115038	0.0168284733351735	0.0015472785551582	0.0209744537106995	0.00520047002067804	0.00351530495095908	0.0292707283484314	-0.0391476485048411	-0.0319186920165947	-0.0118898302520609	-0.00555771515833916	-0.0220525202552998	-0.010019100999874
0.0526045469878074	0.0535692482784984	-0.0317765069821783	-0.0312261176267108	0.0168158278357479	0.00153286726792064	0.0209728052695459	0.005187802169508	0.00354179735607473	0.0292724103172017	-0.0391292027277294	-0.0319156018879237	-0.0118654389109241	-0.00554470085513006	-0.022037606053812	-0.0100021304378963
0.0526248940601819	0.0535834709728922	-0.0317705097297442	-0.0312407957378978	0.0168146278264675	0.00153555646217542	0.0209754944638007	0.00518997727364031	0.00352591225068715	0.0292822073661932	-0.039134336644034	-0.0319120409756352	-0.0118855037925248	-0.00555242757379145	-0.0220229586762737	-0.0100135675461373
0.0526361062539943	0.0535973206725503	-0.0317814704664314	-0.0312290023987296	0.0168096573572942	0.00153559278376016	0.0209679758957596	0.00519093001674771	0.00352015947045797	0.0292934419117501	-0.0391379660085399	-0.0319077578226039	-0.0118980291513239	-0.00556005790055488	-0.0220158815551855	-0.0100210190589451
0.0526070601620746	0.0535802998191476	-0.0318032298896587	-0.0312126073941716	0.0167897307771123	0.00152728911069502	0.0209561853505594	0.0051810617215707	0.0035292678063235	0.0293277183118723	-0.0391406370420023	-0.0318989177076719	-0.0118729840216618	-0.00553217409934689	-0.0220376633301572	-0.010000399574685
0.0526158471916136	0.0536064541541283	-0.0318171745842307	-0.0311216330002705	0.0167925498908818	0.00154646970140573	0.0209562551997608	0.00519639781223509	0.00347739220141079	0.0293421826845029	-0.0391712114344491	-0.0318932375706121	-0.0119212162922283	-0.00554864454104239	-0.0220417956089134	-0.0100186358041925
0.0525864378838465	0.0535931157506246	-0.0318406830314616	-0.0310729900163996	0.0167741376413867	0.00153795927470437	0.0209450849154693	0.00518721683320008	0.00347782247249156	0.0293758276478443	-0.0391798112681283	-0.0318786139418023	-0.0119115547506875	-0.00553015406044174	-0.0220558492682397	-0.0100079460824068
0.0525481605214668	0.053586801382816	-0.0318853529927555	-0.0309380860627396	0.0167403082761536	0.00153361186040781	0.0209320426725796	0.00518470226194885	0.00345443137191908	0.0294034655798633	-0.0391930770284625	-0.0318611460535104	-0.0119298273017797	-0.00551720122452989	-0.0220597496476471	-0.00999908361573024
0.0525129355691893	0.0535767221430507	-0.0319146547327524	-0.0308341043505495	0.016725356356097	0.00153019344049018	0.0209313064619966	0.00518356371996566	0.00342445907958854	0.0294505397506702	-0.0392168355358345	-0.0318390164295157	-0.0119440639660137	-0.00550343115296139	-0.0220734498700142	-0.0100095204834068
0.0525167479386029	0.0535908386666582	-0.0319260862530573	-0.0307487304656184	0.0167350919377913	0.00154813211239959	0.0209356105697883	0.00520083183954142	0.00338765832932691	0.0294521392973827	-0.0392496576755831	-0.0318415519555273	-0.0119726616260602	-0.00551595790874456	-0.0220946938061349	-0.0100177110007657
0.0525018742496519	0.0535769708062078	-0.0319273700813794	-0.0307323564158209	0.016739396045583	0.00154863642363386	0.0209390206078017	0.00520276666242083	0.0034011043006008	0.0294420041782563	-0.0392489074951598	-0.0318486919408967	-0.0119585674541971	-0.00551100560036369	-0.0221162730184225	-0.0100086012679161
0.0524794303042508	0.0535539680671952	-0.0319300327329377	-0.0307298558144099	0.0167341629434124	0.0015372342399936	0.0209354415347208	0.00519371141194837	0.00341241148932713	0.0294381568842419	-0.0392333758267314	-0.0318452078627298	-0.0119426781578574	-0.00549900550755924	-0.0221116490012883	-0.00999271197157645
0.0524851677176556	0.0535524635153965	-0.0319169192438625	-0.0307507169769069	0.0167467176388762	0.00153749547600692	0.0209413577620814	0.00519361502005041	0.00342138990567802	0.029417541590934	-0.0392290689249717	-0.0318532614756538	-0.0119372760206194	-0.00550623210593845	-0.0221053080907831	-0.0099969657879431
0.0525062035031561	0.0535578530797783	-0.0318864510222019	-0.0308080464074667	0.016762813688852	0.0015396887409316	0.0209506588817428	0.00519750701755369	0.00343607779575322	0.0293875036403541	-0.0392198348605436	-0.0318677426120928	-0.0119338310580052	-0.00552274725112286	-0.0220960963780995	-0.0100035567585894
0.0525417357919199	0.0535743193305217	-0.0318581383468972	-0.030881992963045	0.0167924004135907	0.0015592618841543	0.0209649123097852	0.00521019582348416	0.0034448103429151	0.0293408038612668	-0.0392144103715611	-0.0318923588676582	-0.0119277583684335	-0.0055366123176053	-0.0221039488253234	-0.0100132196971142
0.0525465693566584	0.0535619420520296	-0.0318392902383852	-0.0309831960740025	0.0167968763504179	0.00153910619859173	0.0209644038075988	0.00519500222519067	0.00347476726842132	0.029342776402715	-0.0391866886205004	-0.0318900957535321	-0.0119020706261183	-0.0055265931481532	-0.0220933932140044	-0.0100001159869273
0.0525903648059505	0.0535733945270949	-0.0317929243384808	-0.031108648033726	0.0168275960292037	0.00155219035100226	0.0209840593728792	0.0052074828805009	0.00350761036293034	0.0292814068943449	-0.0391684635668652	-0.0319209104272318	-0.0118824821160712	-0.0055502552636272	-0.0220885792070424	-0.0100118422708621
0.0525876979634402	0.0535588812600233	-0.0317924619367673	-0.0311726927665106	0.0168009234131483	0.00152008626104429	0.0209671321174064	0.0051790444766336	0.00353619125916853	0.0292800588047575	-0.0391233647314745	-0.0319030136648433	-0.0118759847433549	-0.00554518840255599	-0.0220246154993314	-0.00999269381078408
0.052619600887698	0.0535811505824209	-0.0317732324516156	-0.0312182386367903	0.0168190576628217	0.00153804169676205	0.0209810418873777	0.00519387066812762	0.00353049854925257	0.0292681746616274	-0.0391401439066403	-0.0319217597935211	-0.0118789281887028	-0.00555231162411709	-0.0220358067383834	-0.0100110152563173
0.0526396881210432	0.0535983767924758	-0.0317711160208125	-0.0312549695378506	0.0168218893494474	0.00154503080785642	0.0209825548210805	0.00519641178207538	0.00352606591893028	0.0292746943860882	-0.039139837967138	-0.0319251642435985	-0.0118834949294919	-0.00555488905964959	-0.0220407981623171	-0.0100144420581391
0.0526227007952572	0.0535878938243263	-0.0317858905238975	-0.0312406197179103	0.0168026892009603	0.00153510663331826	0.020972563591309	0.00518867807849384	0.00352695998870849	0.0293008906305898	-0.0391350770455691	-0.0319070593305897	-0.0118836513917031	-0.00554380259439976	-0.0220303151941675	-0.0100110669447263
0.0525969292339002	0.0535750862747534	-0.0318130255416662	-0.0311846509497942	0.0167799127733603	0.00152361783666823	0.0209615888847815	0.00517810570336648	0.00351413008739115	0.0293306855059487	-0.0391394356357379	-0.0318854898971903	-0.0118867135806934	-0.00552829048374778	-0.0220222015109302	-0.01000024870041
0.0526056408263017	0.0536001369923517	-0.0318307560629554	-0.0310887452022726	0.0167796389644908	0.00153816323437252	0.020957247058421	0.00518994653999168	0.00346575532445375	0.0293528528485123	-0.0391702419275334	-0.0318818968542691	-0.0119292321865835	-0.00554505988002537	-0.0220253586948346	-0.0100180909804214
0.0525661564697214	0.0535781764034243	-0.0318497662216146	-0.0310472938921802	0.0167648979890225	0.00152968074735173	0.0209532796237802	0.00518546501522839	0.00348409493077933	0.0293736958502168	-0.0391794396703767	-0.0318792481725512	-0.0118984203068519	-0.00552258520097556	-0.0220614679380021	-0.00999722562697239
0.0525469884518669	0.0535906361039741	-0.0318860780274663	-0.0309124583907376	0.0167526143084603	0.00154140284033451	0.0209477461700435	0.00519166622733071	0.00343113107530845	0.029410474248734	-0.0392095153395254	-0.0318631227859107	-0.0119413258773179	-0.00552452002385498	-0.0220677166475614	-0.0100079223336783
0.052503155284006	0.053572663904448	-0.0319226468783792	-0.0308053278765473	0.0167290988763093	0.00152915268738898	0.0209314503513515	0.00518115951045269	0.00341385177986047	0.0294522259103925	-0.0392206255535037	-0.031838000822127	-0.0119461328993598	-0.00550753409505297	-0.0220752729341713	-0.00999721724506822
0.0525069047891384	0.0535844823893288	-0.0319172656959016	-0.0307460789899324	0.0167499251142055	0.00155351050090915	0.0209399607780529	0.00520131519601526	0.00338648765671106	0.0294433243281632	-0.0392499342784207	-0.0318512609945251	-0.0119620752810926	-0.00551976608720614	-0.0221061909846891	-0.0100133384407566
0.0525236504366875	0.0536000657461662	-0.0319121653072137	-0.0307172186968885	0.0167683918460777	0.00157264778511498	0.0209436530068401	0.00521741264297517	0.00337234319342294	0.0294176463647361	-0.0392610836079518	-0.0318658524927023	-0.0119784102153373	-0.00553795621624067	-0.0221170944450312	-0.0100260300406551
0.052457941895925	0.0535392745891839	-0.0319300187630974	-0.0307457115831329	0.0167329252155632	0.00151764572994658	0.0209260901236344	0.00517065838151078	0.00343146914544334	0.0294451222466078	-0.0392172462491389	-0.0318378625207082	-0.0119183901935387	-0.00548705570617982	-0.0221071423308125	-0.00997769998120665
0.0525100549881226	0.0535749144457179	-0.0318867569617041	-0.030770801416284	0.0167800538687472	0.0015591193917834	0.0209499729625848	0.00520580649966675	0.00341134139956133	0.0293945514247777	-0.0392426043032234	-0.031874083522598	-0.0119394567126878	-0.00553136803956247	-0.0221247666813155	-0.0100159773435864
0.0525175260587068	0.0535670075161168	-0.0318711945596271	-0.0308472387943851	0.0167816240787952	0.00155027368891521	0.0209442788556849	0.00519465856711967	0.00344261707799042	0.029377435576461	-0.0392151507730962	-0.0318788165044864	-0.0119219050053543	-0.00552906022194746	-0.0221054938896589	-0.0100065616712346
0.0525284406949211	0.0535657851550919	-0.0318580223972228	-0.0309083638305502	0.0167832403893161	0.00154802314764537	0.0209511031226639	0.00520159459282095	0.00346063956894154	0.0293543085058699	-0.039196927116445	-0.0318878619760706	-0.0119116832732181	-0.00552809211201574	-0.0220974626284793	-0.0100047218432691
0.0525596423331967	0.0535690918162873	-0.0318179024129096	-0.0310268741766362	0.0168116480595348	0.00155070395999598	0.0209785273161265	0.00521426663494308	0.00347445155003089	0.0293216959137256	-0.0391890830511252	-0.0319043142569738	-0.0119015146264749	-0.00554005169228336	-0.0220914737579493	-0.0100088136094884
0.0525890209073151	0.0535733246778935	-0.0317855510567786	-0.0311475428630463	0.0168269003311575	0.00155250048145657	0.0209879010789574	0.00521782894421565	0.00350888161839624	0.0292776713590528	-0.0391627443142527	-0.0319218072909781	-0.011881389674561	-0.00555121918260684	-0.0220754168235262	-0.0100083581926952
0.0525951383003757	0.053565740451603	-0.0317741586520265	-0.031220282424424	0.0168145775350425	0.00153622142657297	0.0209786851753217	0.00520284629051045	0.00353399799424386	0.0292760550485319	-0.0391314141534465	-0.0319178356653852	-0.0118688349790972	-0.00554545941745751	-0.0220427232063083	-0.0100025537240569
0.0526304889812158	0.0535951232166735	-0.0317679099424672	-0.0312479636629478	0.0168258106836153	0.00155221549671477	0.0209788542103892	0.0052131630175606	0.00351729146224754	0.0292735418742647	-0.039143762095274	-0.0319237016013207	-0.0118880896099615	-0.00555896964999672	-0.022038977892128	-0.0100171144885855
0.0526196274303946	0.0535852004391194	-0.0317770280572209	-0.0312613509608926	0.0168088918100467	0.00153520721616831	0.0209652657467444	0.00519624414399196	0.00353238028673891	0.0292925422540357	-0.0391313778318617	-0.031910266805919	-0.0118756829948047	-0.00554363495631635	-0.022030683997951	-0.0100053337222736
0.0526099142004447	0.0535883841657202	-0.0317967325169423	-0.0312144695738816	0.0167896343852144	0.00152679038739686	0.0209547255022497	0.0051892354751212	0.00351475453925187	0.0293179883181141	-0.0391327985646187	-0.0318926215006556	-0.0118937334254364	-0.00554346871521696	-0.0220144245008438	-0.0100031781759176
0.0526101558786816	0.0536045402860093	-0.0318134781644914	-0.0311574991682171	0.0167851821971157	0.00154194067918547	0.0209501392036842	0.0051946404063273	0.00349369500502288	0.0293317528017465	-0.0391625976309297	-0.0318932515404524	-0.0119023877414927	-0.00553705795551037	-0.0220413625438646	-0.0100044117128148
0.0525627087131391	0.053577030876521	-0.0318448991292595	-0.0310917570998379	0.0167475474473891	0.00151069852837307	0.0209311234570889	0.00516929911605109	0.00349694159590502	0.0293927786520456	-0.0391577193627023	-0.0318616182341121	-0.0118956989819645	-0.00551499119579687	-0.0220321256854684	-0.00998931869737133
0.0525951774159285	0.0536195131608263	-0.0318470085751425	-0.0309903556171484	0.0167753446355873	0.00156046748137086	0.020949734078316	0.00520932270846637	0.00344190321915188	0.0293690997727632	-0.039204197021329	-0.0318821008139373	-0.0119503350273174	-0.00555348928165308	-0.0220616383700536	-0.0100314377658293
0.0525358223585275	0.0535911599729848	-0.0319042849203092	-0.0308783398498106	0.0167353238371401	0.00153428241274147	0.0209296957394118	0.00518729506430567	0.00342854805183983	0.0294375966936465	-0.0392076503658474	-0.0318499478295383	-0.0119477534008328	-0.00551248500644982	-0.0220752394065546	-0.0100040233512549
0.0525127651371378	0.0535854030018035	-0.0319233188276969	-0.0307928122966364	0.0167318020404043	0.00153961190681003	0.0209298396287667	0.0051931386484967	0.00340906710956301	0.0294579242082446	-0.0392333450930828	-0.0318454229982702	-0.011948548284745	-0.00551075414323856	-0.02210319165998	-0.0100021583775769
0.0525005303510166	0.0535786443930738	-0.0319271717096474	-0.0307509111576868	0.0167350570131906	0.0015361837080042	0.0209372296742773	0.00519431490904866	0.00340385077120075	0.0294547865821167	-0.03924184713788	-0.0318432856127066	-0.0119465003061593	-0.00550986845536452	-0.0221175498618245	-0.0100034631606595
0.0524877772838208	0.0535683947212571	-0.0319313640587168	-0.0307313883058892	0.0167342844810229	0.00153612643165903	0.0209390275927219	0.00519401176351449	0.00340584985534547	0.0294456321457782	-0.0392363388298558	-0.0318433428890518	-0.0119441435941033	-0.00551303262418898	-0.0221108345595997	-0.0100006594137143
0.0524905894126701	0.0535667141494708	-0.0319209746884972	-0.030741495485335	0.0167457690867208	0.00153726217967417	0.0209463100704622	0.00519794147958654	0.00341293116738572	0.0294241032249157	-0.0392332808318175	-0.0318508349143964	-0.0119419126106098	-0.00552099403616715	-0.0221097882185624	-0.0100023399855006
0.0524894788103674	0.0535563722767082	-0.0319021028312567	-0.0307849626433805	0.0167478100803864	0.00152459572548815	0.0209422043344026	0.00518681729576794	0.00343835208575154	0.0294094474654731	-0.0392140960501547	-0.0318551194644117	-0.011922481959758	-0.00551712019945624	-0.0221026957306499	-0.0099964991952776
0.0525138436088078	0.0535615145749169	-0.0318737370705589	-0.0308802020295205	0.0167712808090485	0.00153999747440189	0.0209542980251369	0.00520002857372505	0.00346980238718419	0.0293679193212592	-0.0392072773711118	-0.0318831695067191	-0.0118921715972926	-0.00552576892757642	-0.0221161724355724	-0.0100001858361287
0.0525311452560002	0.0535684226609376	-0.031855429594866	-0.0309339118744626	0.0167838438864164	0.00153526030156139	0.0209583227361229	0.00519372677877268	0.00347248599350285	0.0293506204680348	-0.0391919650291759	-0.0318867443888479	-0.0119047318806925	-0.00553258481265126	-0.0220935957766886	-0.0099948647239643
0.0525615967138525	0.0535691686504088	-0.0318159927357427	-0.0310564804591513	0.0168053993499755	0.00153032894794094	0.0209695293419992	0.0051880131140963	0.00350425620427802	0.0293130555675096	-0.0391605971498009	-0.0318927709779466	-0.0118862162543793	-0.00554929553559965	-0.0220674582055161	-0.0100125365719243
0.0525993781469021	0.0535839501384139	-0.0317806923463276	-0.0311728143041211	0.0168266181403837	0.00154294231673387	0.0209821874142811	0.00520013474451122	0.00352896186682128	0.0292730976333437	-0.0391486319815972	-0.0319211507084847	-0.0118744075483868	-0.00555670932983867	-0.0220698205055082	-0.0100130436771266
0.0526154881667183	0.0535893089691471	-0.0317747076667497	-0.0312295933229736	0.0168212481337783	0.00153739349617284	0.0209792984513102	0.00519250721171584	0.0035381875493452	0.0292701639668839	-0.0391299738629131	-0.0319161271539184	-0.0118781458776469	-0.00556011238293199	-0.0220413499710083	-0.0100135857069296
0.0526165652414042	0.0535870779856536	-0.0317755304903424	-0.0312523208561326	0.0168077071675905	0.00152452308231867	0.0209705631101803	0.00518169315835156	0.00354447258048923	0.0292895024167898	-0.0391258569509813	-0.0319066681750617	-0.0118739172069928	-0.00555190510176481	-0.0220286052857167	-0.0100073006757856
0.0526511294202363	0.0536226256412417	-0.0317666484658895	-0.0312468139450924	0.0168279885817157	0.00155441574655959	0.0209810321084895	0.00520742839812379	0.00352002815395929	0.0292772173392436	-0.0391535423804572	-0.0319243623747662	-0.0118982051713115	-0.00557288500790417	-0.0220478864592774	-0.010031521584871
0.0526069679611287	0.0535953173974535	-0.0318085747505516	-0.0312124090224396	0.0167805861196621	0.00151993259280116	0.0209555120042577	0.0051775273519787	0.0035263369338318	0.0293291683812938	-0.0391289275218758	-0.0318835425014547	-0.0118908905629385	-0.00554122934981935	-0.0220228245658069	-0.010002950467521
0.0526148693027937	0.0536174791520809	-0.0318161408160497	-0.0311326915258397	0.0167870569496819	0.00154658704806412	0.0209571325057307	0.00519667162110467	0.00348510914118399	0.0293410259817274	-0.0391685683406673	-0.0318891639651852	-0.01191678505889	-0.00554823662170608	-0.0220564527653399	-0.0100178926086894
0.052575319287964	0.0535950058700151	-0.0318507734470991	-0.0310707869725867	0.0167549724175003	0.00151977752757401	0.0209382355027778	0.00517401952508325	0.00348235009772779	0.0293862784853612	-0.0391646218607869	-0.0318572107495023	-0.0119154537331109	-0.0055253805660165	-0.0220416433376543	-0.0100000880472467
0.0525490322395006	0.0535965467433985	-0.0318768593298625	-0.0309547381123588	0.0167403976831314	0.00153403654355246	0.0209357977656481	0.00518635629103855	0.00345986284582172	0.0294042031874303	-0.0391933228976515	-0.0318590226377872	-0.0119279497552454	-0.00552258799494362	-0.0220662987087725	-0.0100054538629
0.0525437418609848	0.0536141892546939	-0.0319070048482126	-0.0308315953672344	0.016738951804662	0.00155431656069357	0.0209321390644776	0.00520813387505816	0.00339909543756788	0.0294344520825985	-0.039235761875452	-0.0318523771847638	-0.0119720874656245	-0.00552698430368117	-0.0220871235496847	-0.0100120853460831
0.0525165942703598	0.0535985081089745	-0.0319233565462657	-0.0307810929976217	0.016739542728906	0.0015540581186483	0.0209341605003667	0.00520977533129159	0.00340008869321211	0.0294577747309535	-0.0392484925909034	-0.0318463324348727	-0.011959985392986	-0.00551608922524324	-0.0221232341898363	-0.0100119191049837
0.0524924557833321	0.0535815221801725	-0.0319362297540879	-0.0307418419373741	0.0167349396665322	0.00153843564625807	0.020936285313074	0.00519484576297948	0.0034001124419406	0.0294591619360938	-0.0392394610891594	-0.0318344622615829	-0.0119595369611129	-0.00551193040379053	-0.0221125710107471	-0.0100017253125281
0.0524968045946127	0.0535822723605957	-0.0319270306142605	-0.0307409352947396	0.0167453905040491	0.00155024994018673	0.0209415728976217	0.00520259203941727	0.00340126495376407	0.0294433718256202	-0.0392457070047506	-0.0318456479126987	-0.0119547634666876	-0.00551725989785909	-0.022125969484564	-0.0100062054403073
0.0524505616293027	0.0535361188022636	-0.031931766390117	-0.0307670393382954	0.0167179677075705	0.00150651037025575	0.0209306903920401	0.00517029656264741	0.00344990514366688	0.0294514435993366	-0.0392074156725306	-0.0318283895720112	-0.011910303052998	-0.00548788691167676	-0.0221033690769516	-0.009977324192503
0.0525042114039315	0.053569719062116	-0.0318899183365605	-0.0307973427158407	0.0167601286855493	0.00153463445271664	0.0209547241052656	0.00519544786309574	0.00342749193191432	0.0294014706866706	-0.0392195470818337	-0.0318564801268554	-0.0119478036922578	-0.00553645166444202	-0.0220853256312401	-0.0100149589422296
0.0525279796901917	0.0535744883655892	-0.0318648089456331	-0.0308716762359948	0.0167814606316639	0.00154622103824866	0.0209657518971863	0.00520352522474828	0.00345000852048499	0.0293571555593199	-0.0392097709876026	-0.0318811704225743	-0.0119276787403439	-0.00554359584076355	-0.0220934979878066	-0.0100143917667141
0.0525490294455325	0.0535724487689076	-0.0318358466727551	-0.0309666320343771	0.0168023092213046	0.00154523197355651	0.0209707531000081	0.00520287143622296	0.00347110297931468	0.02934253193051	-0.0391987795172667	-0.0318952129060284	-0.0119094676565489	-0.00554264030368809	-0.0220958952123994	-0.0100118045522934
0.0525860453313345	0.0535791780409727	-0.0317961932811073	-0.0310998246826022	0.0168224048365539	0.00154550159147401	0.0209804998575747	0.00520510800765252	0.00350945996978402	0.0292880174227676	-0.0391671280501339	-0.0319160209831322	-0.0118842087883304	-0.00555727929932228	-0.022080560518719	-0.0100149994547664
0.0525804979077575	0.0535601301637447	-0.0317900954458231	-0.0311859501449406	0.0168001159563799	0.0015153001937628	0.0209719796519851	0.00517964517976584	0.0035463808606721	0.0292834981794355	-0.0391226075661311	-0.0319040446390563	-0.0118620400487828	-0.00554329129824535	-0.0220300497672021	-0.00999946918332209
0.0526224828657487	0.0535941131972209	-0.0317733232555775	-0.031215423713973	0.0168179163268705	0.00154094602655721	0.0209822251328498	0.00519366810544349	0.00352785964642282	0.0292683297268545	-0.0391414193530583	-0.0319226999637723	-0.0118850539636676	-0.00556554525381866	-0.022029504943431	-0.0100145705806697
0.0526277802291847	0.0535936661623318	-0.0317667518427076	-0.0312588755051941	0.0168174469402369	0.00153678860208852	0.0209781347636145	0.00519547859674437	0.00353838731806127	0.0292835065613397	-0.0391349149954218	-0.0319193248503595	-0.0118755544722741	-0.00555906324792662	-0.0220353387487339	-0.0100213655109841
0.052640755416841	0.0536108434779457	-0.0317748096465838	-0.0312476884570942	0.0168163181771419	0.00154920499613345	0.0209784588639091	0.00520389402853179	0.00351872895881283	0.029295744141429	-0.0391519582005689	-0.031918710177387	-0.0118924188634657	-0.00556157781917785	-0.0220434412560989	-0.0100233436403684
0.0526079234982042	0.053592003751338	-0.0318098096844327	-0.0312061784736727	0.0167826368922158	0.00153199694687092	0.0209614072768578	0.00518876469150361	0.00351908938069217	0.029333499031782	-0.0391447134413974	-0.0318888007493378	-0.0118919690346085	-0.00553806099004281	-0.0220332684184037	-0.010004520677569
0.0525646449330026	0.0535740273608598	-0.0318439016826632	-0.0311132455081636	0.01674671205094	0.00150727032956723	0.0209437661625464	0.0051709000597477	0.00350424223443773	0.0293825108194364	-0.0391492787852024	-0.0318586761857481	-0.0118995965674039	-0.00551933581612537	-0.0220193488695441	-0.00999069053568727
0.0525878390588271	0.0536061398327219	-0.0318394159669478	-0.0310465548876291	0.016774890615778	0.00154881523758951	0.0209574384452329	0.0052022302205539	0.00346076110655202	0.0293717079419444	-0.0391959115090563	-0.0318804537697677	-0.0119284596544158	-0.0055439073682019	-0.0220549621833816	-0.0100201571197995
0.0525398819941142	0.0535901234108357	-0.0318950396800089	-0.0309162791420554	0.0167354719174471	0.00153498928665987	0.0209372422471335	0.0051921370109483	0.00343301001882673	0.0294273735645263	-0.0392019814046599	-0.0318492409556199	-0.0119491922943821	-0.00552042825763563	-0.0220525607678367	-0.0100055069482931
0.0525432892381596	0.0536119261405678	-0.0319019812936463	-0.0308198886410759	0.0167576546268349	0.00157042658050973	0.0209444492877363	0.00521832068259366	0.00339119968383905	0.0294384698086643	-0.0392556381642089	-0.0318644974181947	-0.0119694331959704	-0.00553052146724122	-0.0221088997367203	-0.0100248761318476
0.0524786368173226	0.053564171638539	-0.0319333966704782	-0.0307688260808678	0.0167222829912344	0.0015306069477626	0.020927003751189	0.0051897216255631	0.00341494841232281	0.0294741320169427	-0.0392333870026036	-0.0318336184832297	-0.0119392918685725	-0.00549159590427231	-0.0221098720376041	-0.00999151615324809
0.0525044181575678	0.0535891259642394	-0.0319244908972968	-0.0307243139787691	0.0167507465408142	0.00155645534324114	0.0209399104866279	0.00520875273898276	0.00338596797865248	0.0294409271035704	-0.0392554830989817	-0.0318481596899819	-0.0119714462499554	-0.00552406321007767	-0.0221116503982723	-0.010016696790361
0.052491910959561	0.0535725954522306	-0.0319232964759524	-0.0307333119528964	0.0167491246423572	0.0015544311133839	0.0209393391201602	0.00520400159630198	0.00340622843801718	0.0294313926875761	-0.0392459514769556	-0.0318576494024872	-0.0119492635405676	-0.00551392809095122	-0.0221274880062029	-0.00999813506357492
0.0524798996908843	0.0535515093753051	-0.0319089550379163	-0.0307875680185936	0.0167487139290528	0.00153584843183737	0.0209363356044991	0.00518912930433503	0.00344023941117398	0.029421616593345	-0.0392251280330274	-0.0318503934674434	-0.0119171524656895	-0.00550148655119378	-0.022120276774648	-0.00999233199192071
0.0525001000799358	0.053551749656558	-0.0318885311314203	-0.0308458893078136	0.0167590348470551	0.00153186423338821	0.0209418732491879	0.00518492158844132	0.00345194613733246	0.0293972029004637	-0.0392057099550319	-0.0318594738636284	-0.0119181638821261	-0.00551754069164881	-0.0220884087749909	-0.00999497508570255
0.0525257710584427	0.0535619085244129	-0.0318621896005797	-0.0309082842024606	0.0167817553952939	0.00154691813327886	0.0209589388060795	0.00519986372960969	0.00346597185697816	0.0293558186456047	-0.0392018989826022	-0.0318868659264584	-0.0119084967526492	-0.00553205814967253	-0.0220990593812238	-0.00999809315405406
0.0525720154207367	0.0535768157409806	-0.031812771290573	-0.0310295661648591	0.016822165952285	0.0015621382742689	0.0209758576796481	0.00521586618165567	0.00347864389910029	0.0293211049894816	-0.0392009616063191	-0.0319099790272092	-0.0119018149780411	-0.00554821985789775	-0.0221084261591347	-0.0100128690541231
0.0525740005350412	0.0535560467794295	-0.0317994538418298	-0.0311336177262506	0.0168057555809028	0.00152827119046702	0.0209680303781367	0.00518575419092228	0.00352770178722761	0.0292965138796286	-0.0391413760465534	-0.0319022495145797	-0.0118729407151569	-0.00554142911853541	-0.022054294425016	-0.00999671293383395
0.0526262645015138	0.0535900940741711	-0.0317721567739137	-0.031202857842637	0.016827710581894	0.0015491980112133	0.0209792118383004	0.00519894730808703	0.00352513692455136	0.0292607790281807	-0.0391445667580744	-0.0319249085955213	-0.0118868826157609	-0.0055683797344124	-0.0220395143339949	-0.0100180756135971
0.0526027728180913	0.0535672058878488	-0.0317812986373959	-0.0312528586949836	0.0168023637036817	0.00152058777831051	0.020964414983471	0.00517601441827588	0.00355841867204531	0.029287645825016	-0.0391225949932748	-0.0319110058104701	-0.0118519021356883	-0.00554023888814317	-0.0220271314675667	-0.00999239345921796
0.0526034433704249	0.0535721456233735	-0.0317861042624538	-0.0312395817587771	0.0167838788110171	0.00151146826657274	0.0209584917711904	0.00517357807813025	0.00354695222713974	0.0292993357873661	-0.0391143919030597	-0.0318958513277294	-0.0118707223045197	-0.00554745850160223	-0.0219966436881296	-0.00999854018894317
0.0526223431673459	0.0535937946848625	-0.0317889303611434	-0.0312087908338059	0.016798107093347	0.00153591129611865	0.0209645840185385	0.00519538360183043	0.00351623115136995	0.0293025893631684	-0.0391459846968633	-0.0319035724584547	-0.0118942237668304	-0.00556315920509806	-0.0220104444933468	-0.0100138385610388
0.052620384595738	0.0536012461976702	-0.0318014389561342	-0.0311587815995552	0.0168003282979522	0.00155650563466616	0.0209698450603896	0.00521088174264213	0.00349572063186415	0.0293124772161218	-0.0391715914141049	-0.0319100237306981	-0.0119026419925859	-0.00555993217199232	-0.0220474953037495	-0.0100154842082243
0.0525862087784658	0.0535892880143867	-0.0318375817269184	-0.0310852220085528	0.0167737073703059	0.00153422094544422	0.020954936446838	0.00519217333253304	0.00347855449212247	0.0293640650423247	-0.0391704291233932	-0.0318813911460508	-0.0119187799520826	-0.0055402402851272	-0.0220385099024784	-0.0100010002778173
0.0525635091849875	0.0535839333746056	-0.0318574202971065	-0.0310268965283807	0.0167612001722992	0.00154267968373652	0.0209499841384571	0.00519604996321201	0.00347545737853138	0.0293762118184521	-0.0391807682021878	-0.0318773580531607	-0.0119075272457334	-0.00553204976776836	-0.022064606961114	-0.0100023986588298
0.0525573247366935	0.0536034310806908	-0.0318903374317691	-0.0308940978296516	0.0167536746193379	0.00155714824731925	0.0209464818994977	0.00520805983490465	0.00341520406040002	0.029416608405603	-0.0392208155433316	-0.0318650352570457	-0.011960672709128	-0.00553425560554929	-0.022080067383357	-0.0100126511246146
0.0525092796619868	0.0535807552359408	-0.031925530253414	-0.0308053502282918	0.0167283389169978	0.0015412449811393	0.0209309586129735	0.00519477172282597	0.00341210834379296	0.0294544163813491	-0.0392269510971845	-0.0318453098425639	-0.0119513855593068	-0.0055099704351986	-0.0220946071931252	-0.00999276924792162
0.0524967836398522	0.0535772669668218	-0.0319317454353566	-0.0307474382553921	0.0167271081740687	0.00153896370622083	0.0209253469281312	0.00519188695080721	0.00340077461237009	0.0294569183797441	-0.0392321828023711	-0.0318389409923781	-0.0119585171627721	-0.0055104859223051	-0.0221010682442568	-0.00999467054318435
0.0524854191747808	0.0535668859785063	-0.0319352644381242	-0.0307312206678057	0.0167301382324264	0.00154009386629985	0.0209276617306664	0.00519362060798652	0.00341460056329972	0.0294428046501046	-0.0392328854853374	-0.0318461703847254	-0.0119434842176419	-0.00550770173313639	-0.022112320950606	-0.00999217692669355
0.0524968492981016	0.0535725270000132	-0.031918514599623	-0.0307475737628429	0.0167467986639498	0.00154501963198419	0.0209375719353642	0.00519803228354839	0.0034186546109503	0.0294202824735978	-0.0392346875947341	-0.0318561755843372	-0.0119434087805043	-0.00551824337461512	-0.022120716824617	-0.00999641537623589
0.0524951282137785	0.0535602111888184	-0.031897258090646	-0.0307899526703301	0.0167546664779981	0.00153350848358971	0.0209392036127095	0.00518853279215488	0.00344051461702759	0.0294052397495794	-0.0392175214549925	-0.031860042436128	-0.0119267790826296	-0.00552034443859392	-0.0221113290919458	-0.00999377787039016
0.0525370042070155	0.0535733875421748	-0.0318628252283126	-0.0308875515624942	0.0167878923461309	0.00154527667704542	0.0209515082480321	0.00520014452339941	0.00345983770010921	0.0293495056747801	-0.0392009476364789	-0.0318873450919801	-0.011919928272954	-0.00554179093739878	-0.022096856337411	-0.0100073118516578
0.0525417260130317	0.0535602503043712	-0.0318414066691883	-0.0309797469204363	0.0167897307771123	0.00153142418341925	0.0209519608708573	0.00518872836991887	0.0034898616808488	0.0293449291551029	-0.0391797302430547	-0.0318891723470893	-0.0118947099172723	-0.00553188352666897	-0.0220914639790611	-0.00999049775189135
0.0525920998601138	0.0535785493981599	-0.031796911330898	-0.031101973244038	0.016820345682096	0.00154440356202764	0.0209680694936895	0.00520499345496219	0.00351146883281694	0.0292844830531756	-0.039157653704453	-0.0319113969659981	-0.0118915429544798	-0.00556275827068189	-0.0220668840450804	-0.0100152928214124
0.0525911038105016	0.0535612812785842	-0.031784541037326	-0.0311951925912729	0.0168092689957343	0.00152340270112785	0.0209675428307107	0.00518812766678663	0.00355151058602459	0.0292762450383598	-0.0391245633437709	-0.0319132423818996	-0.0118606207130099	-0.00554875629976467	-0.0220448354461593	-0.00999673109462632
0.0526303883983658	0.0535918263343664	-0.0317682563945063	-0.0312293111321999	0.0168261347839099	0.00154681755042881	0.0209807205810512	0.00520669218754079	0.00353037840862613	0.0292623771779093	-0.0391367324716428	-0.0319278478499172	-0.0118856867974325	-0.00556957555274076	-0.0220394584546338	-0.0100184667691251
0.0526395582015286	0.0535976433758609	-0.0317674908472587	-0.031249198596829	0.0168194572002539	0.00153870945512765	0.0209789827329198	0.00520178039169674	0.00352870761572809	0.0292760843851965	-0.039132569459238	-0.0319199073926994	-0.0118900397996652	-0.00557231922937265	-0.0220319873840496	-0.0100174106491996
0.0526185363858684	0.0535879091911506	-0.0317925806804098	-0.0312172467781301	0.0167884441548221	0.00151978870344623	0.0209630571149954	0.00517930571264693	0.00352831646020012	0.0293060916021277	-0.0391243998966396	-0.0318956892775821	-0.0118918838185828	-0.00556026046323901	-0.0220053329287866	-0.0100040554818875
0.0526379307151354	0.0536105221716192	-0.0317958286682759	-0.0311736678613624	0.0168040610392762	0.00155561156488795	0.0209677439964108	0.00521273693743192	0.00349759817839839	0.0293069116317524	-0.0391661375884578	-0.0319100237306981	-0.0119085428531221	-0.00556847053837425	-0.0220462212543155	-0.0100242237403063
0.0526019988889395	0.0535941928253106	-0.031826954869414	-0.031112771930578	0.0167731583555828	0.00153472246271043	0.0209512358361466	0.00519502178296706	0.00349090243395	0.0293556705652977	-0.0391652337397914	-0.03188518116372	-0.0119086895364451	-0.00554309152952928	-0.0220528499435306	-0.0100021304378963
0.0525750538609986	0.0535848833237449	-0.031851798833376	-0.0310416151521045	0.0167534552928454	0.00152789400477934	0.0209421722037699	0.00519058496169269	0.0034821740777402	0.0293766029739801	-0.0391700505407215	-0.0318687638074176	-0.0119102653344292	-0.00553704538265412	-0.0220535316717364	-0.00999974997711181
0.0525474494565963	0.0535877666987797	-0.0318928813396849	-0.030901335603903	0.01673767496126	0.00153770642059522	0.0209360031223003	0.00519892216237451	0.00343367079227219	0.0294187136605339	-0.0392018794248258	-0.031854302228755	-0.0119473468784805	-0.00553080924595109	-0.0220647075439641	-0.0100046450091475
0.0525445632875935	0.0536070087567876	-0.0319116148955065	-0.0307762133324103	0.0167433271586391	0.00155911659781535	0.0209390848690671	0.0052153031970922	0.00338404712561335	0.0294315407678832	-0.039242093007069	-0.0318542379674897	-0.0119892815450468	-0.00554424543833678	-0.0220871291376208	-0.0100191764370115
0.0525273147257942	0.0535974715468254	-0.0319234766868921	-0.0307489372192546	0.016746217518594	0.0015572683879457	0.0209340627114848	0.00521267267616661	0.0033904467094477	0.0294462775523993	-0.0392497079670081	-0.0318506099999678	-0.0119749470919308	-0.00552731818286398	-0.0221207838798504	-0.0100159508008898
0.0524974206645692	0.0535714443373912	-0.0319374786578093	-0.0307348877508805	0.0167333331348995	0.00153879606813741	0.0209343882087634	0.00519893892618286	0.00341471092503797	0.0294450160758216	-0.0392328421788326	-0.0318459482642649	-0.0119530521612528	-0.00551279932785623	-0.0221210842314165	-0.00999595576849053
0.0524811234488932	0.0535528672437808	-0.0319285631057397	-0.0307476086874436	0.0167386724078563	0.00153378648341137	0.0209388110601975	0.00519721504789174	0.00342928146845477	0.0294330998020589	-0.039228396975654	-0.0318490355989677	-0.0119305020450654	-0.00550891291828906	-0.0221255350225312	-0.00998630260885389
0.0524919808087624	0.0535561026587907	-0.0319105978911338	-0.0307655850779218	0.0167463111165239	0.00153051754078478	0.0209469191554986	0.00519204620698645	0.00342737598223996	0.0294121282778237	-0.0392183889820741	-0.0318514328235606	-0.0119380848743719	-0.00552414004419923	-0.0221011101537776	-0.00999404190037154
0.05255980298636	0.0535954040104632	-0.0318651945132249	-0.0308495088934313	0.0168003422677925	0.00157411042739277	0.0209702390098857	0.00522667604406786	0.00342362787409161	0.0293518526079479	-0.0392332012037279	-0.031891413109471	-0.0119482479331789	-0.00556447795802092	-0.0221205715382781	-0.0100294400786686
0.0524992521106305	0.0535351213556673	-0.03188488640009	-0.0309151559668965	0.0167471674677333	0.00150669756611557	0.0209431486956058	0.00517198132538573	0.00349343237202554	0.0293777582797716	-0.0391639331476609	-0.0318561867602094	-0.0118916533162181	-0.0055111243440061	-0.022077857354624	-0.00997376188323043
0.0525633513257922	0.0535645753669233	-0.031827448004776	-0.0310118328496018	0.0167974756565661	0.00153436343781512	0.0209611362619562	0.00519636149065035	0.00348636363284154	0.0293265895487773	-0.0391746675729355	-0.0318845567118593	-0.0119033041630154	-0.00555221243825107	-0.0220724761721463	-0.0100037188087367
0.05262440790974	0.0535942501016557	-0.0317771873134002	-0.0311360945789331	0.0168367392896699	0.00156260766090246	0.0209766623424485	0.00521535209153319	0.0035098469343599	0.029260352948052	-0.0391690880187259	-0.0319259828762392	-0.0118944612541153	-0.00557553368962213	-0.0220822746181219	-0.0100195969292041
