0.0524802475399074	0.0535590544860428	-0.0319830384979294	-0.0307657177914045	0.0167754144847887	0.00159547310715593	0.0209226465580042	0.00524238373248383	0.00342165533264343	0.0293783785406802	-0.0391986509947361	-0.0317988601236177	-0.0118825617441609	-0.0055512513132395	-0.0221371621206	-0.0100580111960186
0.0524819700212145	0.0535455777811203	-0.0319656027402702	-0.0308460485639928	0.0167791262713523	0.00158825489068089	0.0209303593068253	0.00523798183581016	0.00345826888704525	0.0293525636728184	-0.0391710228416053	-0.0318073076860377	-0.0118469540182595	-0.00554700308480896	-0.0221326903747249	-0.0100574733571676
0.0525060121163442	0.0535445412189712	-0.0319314129531578	-0.0309464609819902	0.0168018272618147	0.00158382086337457	0.0209365200063908	0.00523774993646144	0.00347804179898403	0.0293364620349064	-0.0391636104443503	-0.0318178884430693	-0.0118316067517229	-0.00555074420803717	-0.022129256587983	-0.0100539948669368
0.0525478615668847	0.0535584062854536	-0.0318886247293502	-0.0310637336002271	0.0168251918196907	0.00159232151118773	0.0209521508606852	0.00524620588078569	0.00350811188019656	0.0292782650772649	-0.0391382118777289	-0.0318414178450606	-0.0118212732608644	-0.00557686641238528	-0.0221075460591967	-0.0100708410973359
0.0525843116741552	0.0535732869593247	-0.0318707489217221	-0.0311486981688378	0.0168380384848164	0.00159799326634327	0.0209575767466517	0.00525082710395182	0.00351778459760959	0.0292537843291502	-0.0391240017561915	-0.0318543650930363	-0.011823312857546	-0.00558898664581617	-0.022089983175991	-0.0100735065428622
0.0525791162905534	0.053563777689043	-0.0318707587006102	-0.0312091023612442	0.0168280151244122	0.0015884169408282	0.0209509955548937	0.00524218955170387	0.00354104298469936	0.0292655762713344	-0.039110332267473	-0.0318530337672572	-0.0117965452465767	-0.0055718749884516	-0.0220886294984674	-0.0100588535773878
0.0525831563683637	0.0535681753947646	-0.031872217151936	-0.0312076550857908	0.0168150902281809	0.00157842012312056	0.0209470560599334	0.00523147747817367	0.00353167201583648	0.0292825133056954	-0.0391030958902056	-0.0318387789422308	-0.0118182320266345	-0.00557608270434531	-0.0220556886150764	-0.0100658105578495
0.0525845938649289	0.0535788441617899	-0.0318857553241557	-0.031177719115045	0.0168131973148224	0.00158039406155277	0.0209444478907523	0.00523532896314012	0.00351402112263693	0.0292957301715887	-0.0391184222019818	-0.0318298759630175	-0.0118287303616083	-0.00557636629210309	-0.0220555028162006	-0.0100741854771001
0.0525729947065407	0.0535818853960199	-0.0319125983722625	-0.0311223747987896	0.0167963007929982	0.00158336824054935	0.0209361120870545	0.0052378561072476	0.00349506824032286	0.0293231124555305	-0.0391286132004694	-0.0318187210455502	-0.0118392342845183	-0.00557180513925018	-0.0220592118087961	-0.0100741393766271
0.052558284464721	0.0535857047503537	-0.0319280685733937	-0.0310508520105007	0.0167879384466038	0.00158680761522742	0.0209310577988395	0.00524116137145893	0.00347282546062177	0.0293556761532338	-0.0391556616052284	-0.0318128229789821	-0.0118517093518924	-0.00556356013951423	-0.0220847849984211	-0.0100719964031275
0.0525507183992229	0.0535925332082848	-0.0319451117785408	-0.0309870266042085	0.0167865191108309	0.00160067687266193	0.0209299290357445	0.00524687224216726	0.00345397176417371	0.0293588389250742	-0.0391698884905742	-0.0318142199630106	-0.0118653997953713	-0.0055633477979419	-0.022102454052413	-0.0100726110761
0.0525046640267568	0.0535781736094563	-0.0319878580928276	-0.0308706061462291	0.0167559321455279	0.00159302279717002	0.0209178493148505	0.00524509667546709	0.00343017972918507	0.0294148873212799	-0.0391888749005049	-0.0317904027823094	-0.0118744620307639	-0.00554216812308647	-0.0221197417297651	-0.0100656918142071
0.0524745869606241	0.0535719682064019	-0.032015320004859	-0.0307614765478941	0.016744205861593	0.00159046072846183	0.0209102804553843	0.00524360749049276	0.00340019207003022	0.0294439306192315	-0.0392105700624669	-0.0317723788943742	-0.0118923350444239	-0.00553764468880233	-0.022128964618321	-0.0100605425310782
0.0524618911697735	0.0535692189418338	-0.0320243277578745	-0.0307097993147134	0.0167496373354956	0.00159423817327477	0.0209123815193631	0.00524801078415045	0.00339252542168205	0.029445718758788	-0.0392271327051083	-0.0317746811240531	-0.0118943467014249	-0.00553643769460174	-0.0221476730284301	-0.0100592237781553
0.0524530021604004	0.0535606652086276	-0.0320265782991443	-0.0306907709952618	0.0167530864890619	0.0016009059780426	0.02091252261475	0.00524985061211593	0.00339615338920395	0.029435019258114	-0.0392242199934089	-0.0317782504182458	-0.0118878353588683	-0.00553506725326983	-0.022157143183159	-0.0100613402089584
0.0524486729068962	0.053550770370754	-0.0320238220496562	-0.0306930662400205	0.0167528923082819	0.00159416273613724	0.0209151224020269	0.00524382262603314	0.00339996017068149	0.0294214140306609	-0.0392139535577838	-0.0317758294449245	-0.0118855037925248	-0.0055330039078598	-0.0221448427387885	-0.0100567958199138
0.0524745715937998	0.0535612687057279	-0.0319911507841826	-0.0307293724579361	0.0167815626114979	0.0016093549374467	0.0209257101439786	0.00525677965289708	0.00340784335155407	0.0293856219028678	-0.03921966023754	-0.0318003562935121	-0.0118836332309107	-0.00555062406741072	-0.0221566961482699	-0.0100712196800077
0.0524921875623986	0.0535576281653497	-0.0319672986788808	-0.0308192907319117	0.0167965634259955	0.00161150349888247	0.0209323737577943	0.00525468138288633	0.00344108318952718	0.0293575062023111	-0.0392006137572961	-0.0318170949561411	-0.0118610551750428	-0.00555562806420065	-0.022154346421134	-0.0100681994005381
0.0524805758311541	0.0535371874950454	-0.0319611407732833	-0.0308862677341721	0.0167891091192197	0.00158804534307663	0.0209300380004988	0.00523817461960609	0.00347147038611417	0.0293505883374021	-0.0391700477467534	-0.0318131275215003	-0.0118336184087239	-0.00553737786485289	-0.0221333022537294	-0.0100503068291017
0.0525133700312221	0.0535404326889435	-0.0319267819511034	-0.03099603296024	0.0168079558307476	0.00158646256017238	0.0209375300258434	0.00523404373783394	0.0034912558709092	0.0293202835628728	-0.0391524080294261	-0.0318221087318192	-0.0118238241537004	-0.00554823662170609	-0.0221061406932641	-0.0100558011672856
0.0525388007284761	0.0535459256301434	-0.0318865991025089	-0.0311037739564507	0.0168257422313979	0.00158940740250437	0.0209535729904262	0.00523824027785543	0.00352455438221149	0.0292741663261254	-0.0391335710967864	-0.0318512386427806	-0.0118013438867145	-0.00555914986093639	-0.0221006701038087	-0.0100540633191542
0.0525867941147738	0.0535734895220088	-0.0318636396700012	-0.0311637841993611	0.0168455277161929	0.00160765061693199	0.0209604168151816	0.00525268369572564	0.00351640018643739	0.0292498071156212	-0.039128984798221	-0.0318641537601237	-0.0118221268181058	-0.0055888064348765	-0.0220792752934128	-0.0100819988087712
0.0525868765368314	0.0535681404701639	-0.0318720062073477	-0.0312056112981571	0.0168296286409651	0.00159304794288253	0.0209528102371466	0.00524436186186812	0.00352627267256649	0.0292708778257224	-0.0391135914312114	-0.0318484921721807	-0.0118174846401792	-0.00557712345744651	-0.0220653571415373	-0.0100723498400867
0.0525863610497249	0.0535710224482146	-0.0318776402439344	-0.0312023716921951	0.016816372659519	0.00159228658658702	0.0209455668749591	0.00525055189809822	0.00352437137730376	0.0292798618300094	-0.0391143974909958	-0.0318425256533951	-0.0118246162436445	-0.00557428618288472	-0.0220619163698752	-0.0100686408474911
0.0525787418988337	0.0535743109486176	-0.031899072772899	-0.0311654438163869	0.0168010198050463	0.00158746140375273	0.0209379253723234	0.0052487889042543	0.0035099796478426	0.02930561383359	-0.0391199602813971	-0.0318271895627307	-0.0118386503451944	-0.00557110944120401	-0.0220527046571916	-0.0100697109372569
0.0525681429810098	0.0535791794379567	-0.0319149467024144	-0.0310973645937281	0.0167960088233362	0.00160153881180749	0.0209404022250059	0.00525808303899563	0.00348722138103501	0.0293224852097017	-0.0391489770366522	-0.0318279090095054	-0.0118475281786952	-0.00556527982685326	-0.0220790839066009	-0.010071972654399
0.0525842851314587	0.0536066092193555	-0.0319249784447227	-0.0310311098322105	0.0168051548777705	0.00162239718033638	0.0209427309973813	0.00527773441332393	0.00344209739993183	0.0293403037409846	-0.0391803546949154	-0.0318296482546208	-0.0118876900725293	-0.00558152535412018	-0.0220969164077242	-0.0100890898996997
0.0524980199707174	0.0535510106520069	-0.0319761066631802	-0.0309584987933634	0.0167426272696408	0.00157681219450381	0.0209135968954679	0.00523413873274788	0.00348187372617408	0.0293934464104112	-0.039154414098491	-0.0317909895156013	-0.0118363355426592	-0.00552708628351525	-0.0221030058611042	-0.0100450890937554
0.0524988791158949	0.0535796530155424	-0.0320009967276152	-0.0308126885853933	0.0167442240223854	0.00160006778762552	0.0209128243633001	0.00524941475309905	0.00340774276870403	0.0294277214135494	-0.0392054110004498	-0.031778552166796	-0.0118982624476567	-0.005544108533902	-0.0221097910125305	-0.0100707167657574
0.052475760427208	0.0535728287485634	-0.0320234448639685	-0.0307293906187285	0.01673581278155	0.00159851853233797	0.0209016191544079	0.00524592089604388	0.00339434708885515	0.029451563739963	-0.0392207736338107	-0.0317700431370787	-0.0118992752610773	-0.00553083858261569	-0.0221374247535974	-0.0100651805180526
0.0524719843793791	0.0535746629885927	-0.0320243375367627	-0.0306841716427114	0.0167475264926286	0.00160665596430373	0.0209070073218056	0.00525019147621887	0.00338359729675618	0.0294414397967088	-0.0392301823212424	-0.0317755402692306	-0.011906426422319	-0.00553821326130191	-0.0221560647114891	-0.0100681295513367
0.0524469043251162	0.0535520192744755	-0.032032698486173	-0.0306871681734524	0.0167409089792858	0.0015936011485578	0.0209080117533221	0.00524417745997637	0.00340496416747143	0.0294394490944682	-0.0392139340000074	-0.0317716748144239	-0.0118819079556355	-0.00552755287618076	-0.0221564460881288	-0.0100586538086717
0.0524529127534226	0.0535545855341358	-0.0320173023251954	-0.0306993764168771	0.0167493090442489	0.0015956533180956	0.0209116508967162	0.00524701194057011	0.00341050320914426	0.0294163555514938	-0.0392118818304696	-0.03177992679908	-0.0118813757047207	-0.00553497784629201	-0.0221563161686142	-0.0100568251565784
0.0524776477526304	0.053561617951735	-0.0319830231311051	-0.0307507938110285	0.0167794755173594	0.00160713373284146	0.0209222148899394	0.00525534075934777	0.00342084368492289	0.0293833336430292	-0.0392112420117846	-0.0318043209341849	-0.0118767125720337	-0.00555116889118182	-0.0221641476610777	-0.0100661989194094
0.0524684681705795	0.0535385802881217	-0.0319760424019149	-0.0308326612660481	0.0167725534614984	0.00158610772622916	0.0209178185812019	0.00523659463066991	0.00346468244071989	0.0293635816858508	-0.0391707336659114	-0.0318026375684306	-0.0118419262727411	-0.00554090245555669	-0.0221362456990773	-0.0100472376551911
0.0524886629716948	0.0535433970890519	-0.0319483374146625	-0.0309025216433432	0.0167935752771586	0.00159488078592786	0.0209295197194242	0.00524740169911405	0.00347249437540702	0.0293417105039013	-0.0391702754551501	-0.0318204183811448	-0.0118331979165313	-0.0055471721198764	-0.0221368827237943	-0.0100528367671772
0.0525447434985332	0.053564854763729	-0.0319007729024616	-0.0310261044384366	0.016833406085778	0.00161370095475923	0.0209572805860377	0.00527062516160311	0.00348387141333478	0.0292821207531835	-0.0391599042457228	-0.0318479780820582	-0.0118380705968226	-0.00558134793714857	-0.0221259527207557	-0.0100704722935524
0.0525533838447492	0.0535539373335466	-0.0318864775648984	-0.0311256465353842	0.0168195382253275	0.00159057947210425	0.0209523534233693	0.00524902359757108	0.00352029497790873	0.0292690575555334	-0.0391201279194806	-0.0318442104161335	-0.0118165109423114	-0.00557313227407721	-0.0220880315893032	-0.0100540311885215
0.0525692703471208	0.0535582009288014	-0.0318746590800177	-0.0311775305222011	0.0168177892013239	0.0015902386080013	0.0209523925389221	0.00524778866368993	0.00353627088725816	0.0292621005750716	-0.0391113045683568	-0.0318506533064727	-0.0118108391871559	-0.00557675884461509	-0.0220725027148429	-0.0100598035265271
0.0526003686085783	0.0535785480011759	-0.0318641914786925	-0.031196768389257	0.0168301343491834	0.00160421543320601	0.0209564675413331	0.00525825626501516	0.0035171224271801	0.029262509891392	-0.0391218476068196	-0.0318569718652334	-0.0118319993042349	-0.00558853122902289	-0.0220706628868774	-0.0100766497569263
0.0525626975372669	0.0535517175259253	-0.0318898373114869	-0.0311810634948091	0.0167944972866174	0.00157172996660828	0.0209428022435668	0.00523623141482251	0.00353510719956245	0.0292982643006163	-0.0391050474768934	-0.031835790793394	-0.0118139921801081	-0.00556518203797127	-0.0220523204865838	-0.0100498136937396
0.0525958228225497	0.0535899166571995	-0.0318872668608745	-0.0311521850409728	0.0168140327112714	0.00160715748156994	0.0209560568280288	0.00526372406050253	0.00349386823104241	0.0292981078384051	-0.0391417043378001	-0.031845022063854	-0.0118481009421469	-0.00558494098006976	-0.0220739122717276	-0.0100855541331237
0.0525639129133717	0.0535776986348866	-0.0319212554822869	-0.0310765830593208	0.0167837097759497	0.0015930172092339	0.0209368203579569	0.00525199777656767	0.00347869977846143	0.0293372541248505	-0.03914317117103	-0.0318220137369053	-0.0118537251998455	-0.00556512895257819	-0.0220779719073143	-0.0100632610619975
0.0525705639543311	0.0535921727864054	-0.0319354809706486	-0.0310103869711324	0.0167878127180413	0.00160568086945186	0.0209330554860002	0.00525880527973834	0.00344777753699154	0.0293494483984349	-0.0391668290955519	-0.0318143568674453	-0.0118802664994021	-0.00557340887691485	-0.0220885764130743	-0.0100760113352253
0.0525055245689183	0.0535614880322204	-0.0319837788994645	-0.0309034073312172	0.0167416829084376	0.00158416033049349	0.020916206461633	0.00523987754313678	0.00345529191408061	0.029396234790532	-0.0391683224714783	-0.0317927832430939	-0.0118585364128395	-0.00553730661866744	-0.0221037490566074	-0.010052582516084
0.052508898285347	0.0535855371122703	-0.0320001864768787	-0.0307823516802313	0.0167579088779281	0.00161433378852412	0.0209210553931958	0.00526672059124357	0.00339228094947707	0.0294196803734816	-0.0392220798138773	-0.0317908847417992	-0.0119065940604024	-0.00555530116993799	-0.022133187701039	-0.0100758297273016
0.0524583987097023	0.053554595313024	-0.0320335646162706	-0.0307126435741953	0.0167233237443356	0.00158638712303485	0.0208999483615098	0.00524273018452289	0.00339801836288194	0.0294572466709908	-0.0392084298829353	-0.0317647401857066	-0.0118925417980602	-0.0055235686777316	-0.0221351169359823	-0.0100500427991203
0.0524598403972197	0.0535611331982771	-0.0320278090420734	-0.0306722874995813	0.0167417751093835	0.00160206687177025	0.0209068215229298	0.00525335843901139	0.00338493141650336	0.0294397117274656	-0.0392239084659706	-0.0317761507512511	-0.0119020524653259	-0.00553788497005522	-0.02214865091725	-0.0100608945710533
0.0524674511662067	0.0535607196910047	-0.0320125092729937	-0.0306815299459135	0.0167633333669106	0.00161741134433881	0.0209174944809073	0.00526581953654522	0.00338281917665233	0.0294178181937716	-0.0392359672321042	-0.0317933057151205	-0.0118945311033167	-0.0055397736924617	-0.0221699856573326	-0.0100652643370943
0.0524669314881481	0.053551505184353	-0.0320005790293907	-0.0307227521506252	0.0167681557557769	0.00161116961969967	0.0209145161109586	0.00525787907932747	0.00340905453670675	0.0294042674486956	-0.0392177785000537	-0.0317975134310142	-0.0118792480980454	-0.00553551009720685	-0.0221733663586815	-0.0100567315586485
0.0524752505280376	0.0535429710089232	-0.0319822687597297	-0.0307767274225327	0.0167779947142893	0.00159601932791106	0.0209186553746349	0.005246908563752	0.00342875061452396	0.0293881113284065	-0.0391915333611111	-0.0317981574406513	-0.0118780369128927	-0.00554563124649302	-0.0221436566993483	-0.0100586496177196
0.0524867141789751	0.0535404424678317	-0.0319603668441316	-0.0308559224471059	0.0167936157896955	0.00160193974622366	0.0209303872465059	0.00525273957508678	0.00345798390230345	0.0293506693624758	-0.0391819025532189	-0.0318210484209416	-0.0118493177152357	-0.00554527641254979	-0.0221500967957195	-0.0100505610801948
0.0525040102382314	0.0535352303204215	-0.0319405897412407	-0.0309354764965745	0.0167991771831128	0.00159154199409985	0.0209270302938855	0.00524459934915296	0.00347069785394643	0.0293440937586538	-0.0391607396421718	-0.0318131177426121	-0.0118459691445195	-0.00555162849892718	-0.0221148075821766	-0.010054052143282
0.0525206874335632	0.0535275888177858	-0.0319083557317681	-0.0310499816894509	0.0168060866661175	0.00157945249431759	0.0209362643583136	0.00523865657909591	0.00351851102930439	0.0292965096886766	-0.0391256446094089	-0.0318278670999845	-0.0118127069548019	-0.00555815241434007	-0.0220945094042432	-0.0100465391631769
0.0525772122013226	0.0535610018817785	-0.0318676112955941	-0.0311377150804061	0.0168410196487331	0.00160957985187529	0.020961563739069	0.00526236898599493	0.00351486490099012	0.0292502834871749	-0.0391305200836682	-0.0318620233594803	-0.0118269701617325	-0.00558656427551082	-0.0220940428115777	-0.0100724476289687
0.0525613410657753	0.0535431190892302	-0.0318731782769475	-0.0311876502745033	0.0168201417224278	0.00158651145461338	0.0209568014205159	0.00524196044632321	0.00354023273396286	0.0292720303375459	-0.039108169736197	-0.031847674936524	-0.0118057821049729	-0.00556946658798654	-0.0220762075164864	-0.0100540088367771
0.0526058238312094	0.05358100809005	-0.0318625360526188	-0.0311913578701148	0.0168396799410498	0.001608486013381	0.0209620345226865	0.00526207981030104	0.0035077360914929	0.0292631371372208	-0.03912638361396	-0.0318550482182262	-0.0118450066225239	-0.0055977611024989	-0.022068828646848	-0.0100830633106009
0.0525903829667429	0.0535740161849876	-0.0318796756496639	-0.0311858104465378	0.0168190981753586	0.00159834251235038	0.020944827870408	0.00525110929472557	0.00351741858779413	0.0292903210494305	-0.0391245242282181	-0.0318437787480687	-0.0118299597075534	-0.00557806502468169	-0.0220759993658661	-0.010067703471208
0.0525593797001993	0.0535600672994634	-0.0319120870761081	-0.0311358333429197	0.016789614827438	0.00158327603960347	0.0209314601302397	0.00523731687141262	0.00351214217911865	0.0293283623215094	-0.0391227821891346	-0.0318195061505742	-0.0118267201015914	-0.00556011797086811	-0.0220705022337141	-0.0100540703040743
0.0525517675342283	0.0535683695755445	-0.0319321268119963	-0.0310436226181534	0.0167772864433868	0.00158739853947145	0.0209250326067248	0.00524242284803663	0.00347272348078769	0.0293607597781133	-0.0391466664250692	-0.0318057053453571	-0.0118596344422858	-0.00556274569782564	-0.0220721911874045	-0.0100630682782016
0.0525472427029601	0.0535771663839717	-0.0319467099282694	-0.030975906611342	0.016778327196488	0.0016004198276007	0.020923324095258	0.00525437125243202	0.00345416175400158	0.0293659356039388	-0.0391679997681677	-0.0318095819760361	-0.0118707083346794	-0.00556449891278135	-0.0220974584375272	-0.0100680848478478
0.0525147488544582	0.0535759202742184	-0.0319890385443316	-0.0308591131586269	0.01675839502837	0.00160295116266026	0.0209105668371101	0.00525158287231122	0.00342278549272245	0.0294133268901201	-0.0391927822648325	-0.0317939525187257	-0.0118905063923307	-0.00554267802225686	-0.0221191116899683	-0.0100630948208982
0.0524661142524915	0.0535529454748864	-0.0320249103002143	-0.0307629755117566	0.0167310839906137	0.00158661483143149	0.0208952810378708	0.00523804050913936	0.0034128864638968	0.0294610953619892	-0.039203016569825	-0.0317669488174556	-0.011883060467459	-0.00552253630653457	-0.0221321176112732	-0.0100484963378008
0.0524528498891413	0.0535496499895632	-0.0320339054803736	-0.0307009368480369	0.0167346057873494	0.00158881787524436	0.0208957629973606	0.00523885774479601	0.00339975621101334	0.0294685510657491	-0.039217644389587	-0.0317664668579658	-0.011891206281329	-0.00552301547205633	-0.0221470583554576	-0.0100486178754113
0.0524561551533526	0.0535576267683657	-0.0320348023441198	-0.0306669873421773	0.0167429848975521	0.00159728639242487	0.0208971236598043	0.00524001724153962	0.00339108094019662	0.0294453918645253	-0.0392184071428665	-0.0317707611868693	-0.0119045754184813	-0.00553475293186342	-0.0221414955650563	-0.0100558849863273
0.0524463944259458	0.0535459437909357	-0.0320225913067271	-0.0306838335725765	0.0167487139290528	0.00159552758953304	0.020900841034304	0.00523850430783681	0.00341247854456049	0.0294327030585948	-0.0392184895649242	-0.0317810807078875	-0.011877612229748	-0.00552609582183908	-0.0221625662751575	-0.0100488372019037
0.052472763896467	0.0535617185345851	-0.0319976523478511	-0.0307137010911049	0.0167724011902393	0.00161009533898179	0.0209087032604162	0.00525119451075131	0.00340643798562145	0.0293999298132872	-0.0392155670743367	-0.0317955031709973	-0.0118914311957575	-0.00554646384897398	-0.02216210247646	-0.0100608233248679
0.0524742712422337	0.0535449645051318	-0.0319786435861759	-0.0307988291068469	0.0167760095999848	0.00159638114677443	0.0209101435509495	0.00524407408315826	0.00344549626207307	0.0293843157228012	-0.0391891598852467	-0.0317994720026221	-0.011862587666522	-0.00554363775028441	-0.0221513191567444	-0.0100520069586643
0.0524836575779209	0.0535430408581246	-0.0319614564916738	-0.0308522288213347	0.0167798303513027	0.001592825822422	0.0209244249186724	0.00524232925010672	0.00345736364139481	0.0293592803720272	-0.0391740738547234	-0.0318058659985204	-0.0118547883046911	-0.0055477071647593	-0.0221339532482866	-0.010052678907982
0.0525314274467739	0.0535593394707846	-0.0319156312245883	-0.030976299163854	0.0168248733073322	0.00160735864727004	0.0209463785226796	0.00525654915053238	0.00347075652727562	0.0293196772718045	-0.0391731979457376	-0.0318326839009147	-0.0118470504101575	-0.0055695182763956	-0.0221376147434252	-0.01006436467938
0.0525389991002082	0.053542570074507	-0.0318961237396149	-0.0310880411223222	0.016816418759992	0.00158401783812259	0.0209418355306191	0.00523557762629719	0.00351719786431764	0.0292902791399096	-0.0391232697365606	-0.0318287332300822	-0.0118206585878919	-0.00556679695150816	-0.0220929615459396	-0.0100503110200537
0.0525468864720328	0.0535403321060934	-0.031889108085824	-0.0311494665100535	0.0168043460240181	0.00156821236082463	0.020931081547568	0.00522158264030011	0.00354115614040567	0.0292779381830023	-0.039101345469218	-0.031830881791518	-0.0118033164281626	-0.0055608541814511	-0.0220624989122151	-0.0100340640958028
0.0525964235256819	0.0535776874590144	-0.0318606710789408	-0.0311969583790849	0.0168375663042147	0.00160547830676774	0.0209439617403104	0.00525247833907346	0.00352549315547861	0.0292653373870656	-0.0391259715036716	-0.0318573406690169	-0.0118143078984985	-0.00558592725079385	-0.022091014150204	-0.0100722352873963
0.052581505133242	0.053564512502642	-0.0318731978347239	-0.0312086581203232	0.0168116061500139	0.00158486021949174	0.0209275681327365	0.00523277667332013	0.00354186720527615	0.0292906521346452	-0.0391060658782501	-0.0318388208517517	-0.0118068968982276	-0.00557087195391917	-0.0220740142515617	-0.0100568223626104
0.0525882455811793	0.0535788525436941	-0.0318901055324203	-0.0311609245730549	0.0168055837518673	0.0015909748185843	0.0209203834438781	0.00523851129275695	0.00351031911496151	0.0293078308472432	-0.0391189279102001	-0.031826023081067	-0.011838042657142	-0.00558169997712374	-0.0220558967656966	-0.0100690808974601
0.0525591212581541	0.0535681907615889	-0.0319187381170676	-0.0310978703019464	0.0167793651556212	0.00158042479520139	0.0209107721937623	0.00523220810082055	0.00350555819339254	0.0293343847196561	-0.0391261698754036	-0.0318091251622588	-0.0118335723082509	-0.00556039876465783	-0.0220678773007247	-0.0100562733478872
0.052560101940942	0.0535798108747376	-0.0319285980303404	-0.0310328295195496	0.0167823798471546	0.00159606822235205	0.0209110152689833	0.0052429564959355	0.00347140193389677	0.0293584324027219	-0.039156034599964	-0.0318077421480706	-0.0118567091577302	-0.00556277084353815	-0.0220904553565926	-0.0100670273309383
0.052543163509597	0.0535860959058816	-0.0319534936827116	-0.0309515096822691	0.016775969087448	0.00160778472739872	0.0209105947767907	0.00525373422771504	0.00345403881940708	0.0293659691315554	-0.0391738000458539	-0.0318077826606074	-0.0118677690802835	-0.00556368307410873	-0.0221126240961402	-0.0100666878638193
0.0524751261964591	0.0535544472327169	-0.0320109362689777	-0.0308298030367259	0.0167312893472659	0.00157559961236711	0.0208945923247447	0.00523113801105476	0.00343251548648065	0.0294403124305978	-0.0391785372186944	-0.0317677939927928	-0.0118730873984799	-0.00552653307783998	-0.0221067888938533	-0.0100415407543231
0.052483319507786	0.0535786667448183	-0.032020378484026	-0.0307223232765285	0.0167502561994202	0.00160516119139328	0.020918118932768	0.00525781621504619	0.00337700632610992	0.0294403920586875	-0.0392227587481152	-0.0317747328124622	-0.0119199464337464	-0.00554938633956151	-0.022131564405598	-0.0100696466759916
0.0524692602605236	0.0535676696865463	-0.0320206467049595	-0.0306966411221494	0.0167552406384338	0.00160929626411751	0.0209142967844661	0.00526034196216964	0.0033870199076259	0.0294385368638977	-0.0392319900185752	-0.0317807454317207	-0.0119026685352824	-0.00554004331037919	-0.0221668801618374	-0.0100620470828768
0.0524365666433056	0.053542374496743	-0.0320360177202246	-0.0306693650089937	0.016739444940024	0.00159126539126222	0.0209031726006475	0.00523983004567981	0.00340504239857702	0.0294393261598737	-0.0392141910450686	-0.0317736529438082	-0.0118849142652648	-0.00552282548222846	-0.0221612852408034	-0.0100347709697212
0.0524537858684404	0.0535505636171178	-0.032016697431111	-0.0306897414180328	0.0167621850460392	0.00160584711055125	0.0209116746454447	0.00525447882020221	0.00340245797812437	0.0294158652100998	-0.0392186753638	-0.031785669800421	-0.0118860234705834	-0.00553763630689816	-0.022168384713636	-0.0100540297915375
0.0524732737956373	0.0535563722767082	-0.0319837314020075	-0.0307620074018249	0.0167856739354937	0.00161415916552057	0.0209203666800698	0.00525963927920333	0.00341778848085266	0.0293877215698626	-0.0392093574803302	-0.0318042245422869	-0.0118746715783681	-0.00554414345850271	-0.0221748695134961	-0.0100619898065316
0.0524544200991893	0.0535249792516207	-0.0319834967086907	-0.0308305490261971	0.0167680048815018	0.00158305671311101	0.0209175391843962	0.00523964564378806	0.00345953036362295	0.0293758416176846	-0.0391649557399697	-0.0317927022180202	-0.011845603134704	-0.00553803025639418	-0.0221267797353005	-0.0100409009356381
0.0525041792732989	0.0535555606289876	-0.0319509036743228	-0.0308794951556021	0.0168010449507588	0.00160992770089837	0.0209328543203001	0.00525952053556091	0.00344397774043413	0.0293378478430626	-0.0391744510404111	-0.0318164355796797	-0.0118693811998524	-0.00556587633903341	-0.0221227522303465	-0.0100656177740535
0.0524998933262996	0.0535263301351762	-0.0319211479145167	-0.0310214902001906	0.0167987930125049	0.0015765174308738	0.0209317423210135	0.00523395572784015	0.00351141854139191	0.02931523346561	-0.0391303454606647	-0.0318185534074668	-0.0118046673117181	-0.00554789994855523	-0.022110162610282	-0.0100396171073159
0.0525448650361437	0.0535441444755071	-0.0318905707281018	-0.0311094443146222	0.0168213012191714	0.00158668747460097	0.0209424041031187	0.00523929779476497	0.0035214768263968	0.0292760955610687	-0.0391170461727138	-0.0318339537593965	-0.0118150608728899	-0.00557503496632397	-0.0220803900866676	-0.0100547715900566
0.0525951606521202	0.0535777656901199	-0.031858916467001	-0.0311734555197901	0.0168500050500041	0.00161834173570177	0.0209582109774007	0.00526576645115214	0.00351090864222153	0.0292458354900283	-0.0391277708191002	-0.0318625598013472	-0.0118297417780449	-0.00559995297043955	-0.0220920758580656	-0.01007752147496
0.0525858078440497	0.0535663341698151	-0.0318682692750715	-0.0312092504415513	0.0168311751022846	0.00159924356704873	0.0209450583727727	0.00524854582903335	0.00352544984897373	0.0292744135922985	-0.0391105026995245	-0.0318464539724832	-0.0118180392428385	-0.00558100847002965	-0.0220802839158814	-0.0100622203088963
0.0525712736222176	0.0535595336515646	-0.0318844351742488	-0.0311892512181999	0.0168049732698468	0.00158099895563709	0.0209322452352637	0.00523499508395732	0.00352311967961426	0.029297564411618	-0.0390990865460439	-0.0318254712723757	-0.0118265608454121	-0.00557620843290788	-0.0220470971633014	-0.0100565932572297
0.0525794306119598	0.053576296062922	-0.0318943383940266	-0.0311385141552704	0.0168060447565967	0.00160004124492898	0.0209339872743472	0.00524862825109103	0.00349763729395118	0.029306593119394	-0.0391289722253647	-0.03183059121884	-0.0118413367454811	-0.00558202128345028	-0.0220637506099046	-0.0100691339828532
0.0525547319343367	0.0535693893738853	-0.0319234850687963	-0.0310681061602361	0.0167806755266399	0.00158265158774275	0.0209148541810935	0.00523550777709577	0.00348485209612275	0.0293439875878677	-0.0391309615306212	-0.0318049984714387	-0.011850165684541	-0.00556286583845208	-0.022061806008137	-0.0100642613025619
0.052558723117706	0.0535785438102238	-0.0319287475076315	-0.0310253347002369	0.0167972507421375	0.00160345128294245	0.020924008617432	0.00525776033568505	0.00346850319203772	0.0293512644776719	-0.03916644352796	-0.0318206991749345	-0.0118542658326645	-0.00556824003600956	-0.0221039711770679	-0.0100718036193316
0.0525254581340203	0.0535790970158991	-0.0319777034159247	-0.030906831339071	0.0167632928543738	0.00159434853501303	0.0209090050089663	0.00524593067493209	0.00344324013286711	0.0293863958320195	-0.0391650633077399	-0.0317941732422022	-0.0118842898134041	-0.00556243417038729	-0.0220897163520415	-0.0100665565473207
0.0524911216635849	0.0535692580573866	-0.0320087541799252	-0.0308022517177167	0.0167437308870233	0.00159517135860578	0.0208962826754192	0.00524476419326832	0.00342032540384834	0.0294383147434371	-0.0391976339903634	-0.0317796711510028	-0.0118846069287785	-0.00553943841629487	-0.022126265645178	-0.0100603469533142
0.052474482186822	0.0535675942494088	-0.032022979668287	-0.0307258632340566	0.0167424023552123	0.00159786614079668	0.0208944177017412	0.00524511204229141	0.00340310478172955	0.0294498608164323	-0.0392128206037367	-0.0317700473280307	-0.0118971113328172	-0.00553435199744726	-0.0221482695406103	-0.0100633965694483
0.0524326439121537	0.0535374012336017	-0.032040163968821	-0.0306844189088844	0.016718087848197	0.0015681425116232	0.0208857941193335	0.00522254097134363	0.00342143740313499	0.0294632537023131	-0.0391942868166312	-0.0317545310264267	-0.0118800751125902	-0.00551559469289717	-0.0221340496401846	-0.0100461815352656
0.052462209682132	0.0535590768377873	-0.0320077818790414	-0.0306861232293991	0.0167620704933489	0.00161098521780791	0.0209105542642539	0.00526274617168261	0.00340466800685739	0.0294194163435002	-0.0392332514951529	-0.0317895841496687	-0.0118825840959053	-0.00553944959216709	-0.0221830279002223	-0.0100699246758133
0.0524499832779149	0.0535433859131796	-0.0320070219197299	-0.0307145099448574	0.0167569742956131	0.00159522723796692	0.0209065309502519	0.00524631763950796	0.00342127535298769	0.0294145213114645	-0.0392040601168943	-0.0317829903850544	-0.0118727716800894	-0.00553471102234257	-0.022161413763334	-0.0100567371465847
0.0524766726577786	0.0535538702783132	-0.0319800196154439	-0.0307658952083761	0.0167784333672742	0.0015998554460532	0.0209136849054617	0.00524833069349297	0.0034281834390084	0.0293854430889121	-0.0391955427052728	-0.031796176517299	-0.0118761677482626	-0.00555288159360071	-0.0221484707063104	-0.010069319781729
0.0524767075823793	0.0535385272027287	-0.0319695464261826	-0.0308358659474094	0.0167822457366879	0.00159005560309358	0.0209197100975764	0.00524078837672333	0.00346643984662769	0.0293585888649331	-0.039169780922804	-0.0318057081393252	-0.011843834552924	-0.00554837632010893	-0.0221418196653509	-0.0100581313366451
0.0525128657199878	0.0535539652732271	-0.0319402279223773	-0.0309203178228817	0.016803361150278	0.00159447426357558	0.0209249781243477	0.00524319538020436	0.00346679048961883	0.0293394040832703	-0.0391655187245332	-0.0318137841039937	-0.0118513293722367	-0.00555553586325477	-0.0221249510832073	-0.0100673695920252
0.052536930166862	0.053549687708132	-0.0319006960683401	-0.0310551072238514	0.0168220835302274	0.00159752807066179	0.0209344021786037	0.00524886434139184	0.00351461484084902	0.0292901771600756	-0.0391352404927004	-0.0318371500588536	-0.0118119092769217	-0.00556457434991889	-0.0221228136976437	-0.0100667968285736
0.0525760331468026	0.0535655672255835	-0.0318732159955163	-0.0311455773065182	0.0168411816988804	0.00161074773052308	0.0209446043529635	0.00525613843722801	0.00351719507034958	0.0292620013892056	-0.0391245018764737	-0.031850372512683	-0.0118220248382717	-0.00558144013809445	-0.0220998263254555	-0.0100765100585234
0.0525570998222649	0.0535440858021779	-0.0318846614856615	-0.0311845154423434	0.0168112066125818	0.00157873863547905	0.0209317730546621	0.00523295828124383	0.00354084181899927	0.0292825188936316	-0.03909260733412	-0.0318306820228019	-0.0118052847786587	-0.00556570590698194	-0.0220610027423206	-0.0100547632081524
0.0525852001559973	0.0535659723509517	-0.0318690557770796	-0.03120015747251	0.0168286898676979	0.0015952607655836	0.0209432213387753	0.00524568061479099	0.00352329989055394	0.0292776727560368	-0.0391116691811883	-0.0318446253203899	-0.0118174846401792	-0.00558130323365966	-0.0220692016415836	-0.0100715004737974
0.052583565684684	0.0535692552634186	-0.0318798321118751	-0.0311830835337142	0.0168202381143258	0.00159454271579298	0.0209387258441717	0.00524496256500036	0.00351379760519237	0.0292948584535549	-0.0391169469868478	-0.031836380320654	-0.0118274563121744	-0.00557837794910407	-0.0220650023075941	-0.0100728667241772
0.0525612097492766	0.0535582987176834	-0.0319137438991659	-0.0311246155611712	0.01678981319917	0.00157799823394397	0.020924304778046	0.00522814986221789	0.00350172347223442	0.0293317346409541	-0.039112883160309	-0.031809629473493	-0.0118406703840995	-0.00556170773869249	-0.0220471251029819	-0.0100628573336133
0.0525525959457571	0.053570159112085	-0.031926515127154	-0.031047331610749	0.0167890225062099	0.00159001509055675	0.0209194013641061	0.00523708217809584	0.00347498240396171	0.0293551732389835	-0.0391461509379626	-0.031807469736185	-0.0118545815510549	-0.00555892215253975	-0.022075944883489	-0.0100715158406217
0.0525539915328016	0.0535811212457563	-0.0319334120373025	-0.0309943034940128	0.016797078913102	0.00160862152083176	0.0209234791604852	0.00525269347461384	0.00345599320006289	0.029360301567352	-0.0391709068919309	-0.0318144113498224	-0.0118633113042487	-0.00556619904234398	-0.0221084792445277	-0.0100822572508165
0.0525227619548454	0.0535820111245824	-0.03197874556601	-0.0308651816572466	0.016768017454358	0.00160841616417958	0.0209074040652697	0.00525110230980543	0.00342051679066024	0.0294034585949431	-0.0391863337865572	-0.0317943436742537	-0.0118900928850583	-0.00555567556165762	-0.022115367772772	-0.0100779475550887
0.052496331017027	0.0535780213381972	-0.0320134242975324	-0.0307746682680748	0.0167560033917133	0.00160800265690716	0.0208990780404601	0.00524755955830926	0.00339370587318609	0.029438897285777	-0.0392060144975501	-0.0317796921057632	-0.0118972789709007	-0.00553816296987689	-0.0221364119401767	-0.0100719461117025
0.0524684625826433	0.0535630498603642	-0.0320249983102081	-0.0307231209544088	0.0167503749430627	0.00160118956580037	0.0208967352982444	0.00524658027250531	0.0033971522327843	0.0294498761832566	-0.0392180131933705	-0.0317751058071978	-0.0118878646955329	-0.00552816754915328	-0.0221545126622334	-0.0100616377665565
0.0524381480292258	0.0535404913622727	-0.0320309941656583	-0.0306955668414315	0.0167390370206877	0.00158743765502425	0.0208914323468724	0.00523316363789602	0.00341277051422244	0.029448127159253	-0.039205322990456	-0.0317644719647732	-0.0118717770274612	-0.00552088646839696	-0.0221494220524337	-0.0100521662148435
0.0524570771628114	0.053553318469622	-0.0320163342152636	-0.0306908757690639	0.0167647610845877	0.0016053833118538	0.0209013984309314	0.00524786829177955	0.00340058601952624	0.0294197376498267	-0.0392175298368966	-0.0317812385670827	-0.0118818604581786	-0.00554046939050787	-0.0221585890616285	-0.010063233122317
0.0524556536360864	0.0535421719340589	-0.0320007257127137	-0.0307323089183639	0.0167714065376111	0.00159855066297062	0.0209048699362421	0.00524146032604102	0.00342578342044752	0.0294037854892058	-0.0392041341570478	-0.0317884288438772	-0.0118627203800047	-0.0055365732020525	-0.0221625830389658	-0.0100562076896379
0.0524493881627188	0.0535225624692515	-0.031986159360249	-0.0308029697675073	0.016769633764879	0.00157719776209566	0.0209034994949102	0.00522692470722493	0.00346203096503388	0.0293939884402142	-0.0391738992317199	-0.0317882346630972	-0.0118384757221908	-0.00553483675090513	-0.0221373325526515	-0.0100433177180073
0.0524880455047542	0.0535450371483013	-0.0319620977073428	-0.0308510595457029	0.0167931366241737	0.00159741491495548	0.0209158041302328	0.00524385615364982	0.00345895760017128	0.0293474632841305	-0.0391713399569798	-0.0318094576444575	-0.0118504450813466	-0.00555760200263286	-0.0221290959348197	-0.010058617487087
0.0524953866558238	0.0535291771886262	-0.0319292085123609	-0.0309705645444172	0.0168041881648228	0.0015793644843238	0.0209237487784027	0.00523593106325639	0.00349754648998934	0.02933408436809	-0.0391482855295581	-0.0318139629179493	-0.0118182487904428	-0.00555166901146401	-0.0221202572168716	-0.010047230670271
0.0525436957605118	0.0535484960807557	-0.0318954280415688	-0.0310656865838989	0.0168294973244664	0.00159206726009455	0.0209421959524984	0.00524722567912646	0.00350638241396932	0.0292759097621929	-0.0391270667391499	-0.0318344748344391	-0.0118283447940165	-0.00558174747458071	-0.0220876166850468	-0.0100651050809151
0.0525568288073634	0.0535456029268328	-0.0318776234801261	-0.0311493812940277	0.0168292863798781	0.0015880341672044	0.0209472600196016	0.0052484452461833	0.00353437937088363	0.0292599408377636	-0.0391136654713649	-0.0318478733082561	-0.011803924116215	-0.00557894093366754	-0.0220806527196649	-0.0100577164323886
0.0525710752504856	0.0535561613321199	-0.0318782632988111	-0.0311807100578499	0.0168232597907793	0.00158987539215391	0.0209362713432337	0.00523394734593598	0.00353324781382058	0.0292680181994162	-0.0391091643888252	-0.0318461885455178	-0.0118121858797593	-0.00557070710980381	-0.022067993250399	-0.010046643936979
0.0525747535094325	0.0535593478526888	-0.0318799718102779	-0.0311946673252782	0.0168152257356317	0.00158215426142862	0.0209334005410553	0.00523360229088095	0.00353455678785524	0.0292859792230701	-0.0391017086850654	-0.0318308426759652	-0.0118151907924045	-0.00557652834225039	-0.0220538767267915	-0.0100662338440101
0.0525766520107272	0.0535683765604647	-0.031886701082343	-0.0311627057276911	0.0168084964635666	0.00158698084124694	0.0209291746643692	0.00523934529222194	0.0035155564080842	0.0293051556228287	-0.0391196361811025	-0.0318309111281826	-0.011825965730216	-0.00557568037294512	-0.0220624611936463	-0.0100656764473827
0.0525842180762253	0.0535871184981905	-0.0318969940606647	-0.0311169852344078	0.0168166883779095	0.00161414938663237	0.0209372101165009	0.00526295991023897	0.00348738203419828	0.0293089442435138	-0.0391494198805892	-0.0318364878884242	-0.0118441935778193	-0.00557949134537475	-0.0220944130123452	-0.0100806856437845
0.0525570718825843	0.053578457197214	-0.0319319857166094	-0.0310492929763249	0.0167926043732589	0.00160218002747655	0.0209186693444752	0.00524897889408217	0.00346893066915043	0.0293590009752215	-0.0391533649634856	-0.0318098334331612	-0.011859985085277	-0.00556416922455064	-0.0220878974788365	-0.0100693644852179
0.0525326512047829	0.0535706438655429	-0.0319555793798661	-0.0309756565512009	0.0167768561723061	0.00160210039938693	0.020912867669805	0.00524956981832621	0.00346058089561234	0.0293716841932159	-0.0391639946149581	-0.0318021570059248	-0.0118576060214765	-0.00555584459672506	-0.0221033998106003	-0.0100627162382264
0.0524876319974818	0.0535582358534021	-0.032002163209279	-0.0308397607388807	0.0167476620000794	0.00158770308198966	0.0209009290442978	0.00524210154171009	0.00341958500231326	0.0294305111906542	-0.039182102321935	-0.0317714037995224	-0.0118845650192577	-0.00553722838756185	-0.0221015250580341	-0.0100556111774577
0.052486559113748	0.0535722727489201	-0.0320111933140389	-0.0307351769265743	0.0167603130874411	0.00160831139037745	0.0209041923989883	0.00525687604479504	0.00338114000185013	0.0294371720105019	-0.0392220448892766	-0.0317774611222698	-0.0119110965399261	-0.00555298636740284	-0.0221288835932474	-0.010067994043886
0.0524675824827054	0.0535606274900588	-0.0320170047675973	-0.0307004199639463	0.0167602236804633	0.0016068361752434	0.0208997444018417	0.00525537847791653	0.00339032656882126	0.0294389154465694	-0.0392260682032786	-0.0317779752123922	-0.0118965232025413	-0.00554308454460914	-0.0221572703087056	-0.0100612885205494
0.05243246230423	0.0535322351866645	-0.0320362775592539	-0.0306769338684599	0.0167394086184393	0.00158264599980664	0.0208884064794667	0.00523483163682599	0.00341041519915046	0.0294434696145021	-0.0392027162182589	-0.0317581995064854	-0.0118817542873924	-0.00552784624282673	-0.0221363546638316	-0.010043792692577
0.0524701529333178	0.0535609851179701	-0.0320032360930128	-0.0306940944202655	0.0167826201284075	0.00162299648648458	0.0209127084136258	0.00526952713215674	0.00339562393225716	0.0293942119576588	-0.0392334442789488	-0.0317999469771918	-0.0118899741414159	-0.00555117587610196	-0.0221770963060375	-0.0100598580089042
0.0524466416921188	0.0535287566964336	-0.0320049096798789	-0.0307374987140296	0.0167637133465664	0.00158480014917852	0.0209031223092225	0.00524360190255664	0.00342969078477511	0.0293980816034176	-0.0391874862983807	-0.0317779500666797	-0.0118690948181265	-0.00554044424479536	-0.0221358768952938	-0.0100451477670846
0.0524791089979242	0.0535375311531164	-0.031963233455358	-0.0308257531800274	0.0167983487715839	0.00160977962059135	0.0209243913910557	0.00526350752797812	0.00345247978523132	0.0293485403588164	-0.039194670987239	-0.0318177683024428	-0.0118452776374254	-0.00555699431458048	-0.0221556232645361	-0.0100543664646884
0.0524840641002731	0.053530148092526	-0.0319519528093282	-0.0308827124098197	0.0167920385947273	0.00159499813258625	0.0209248090892803	0.00525122943535202	0.0034675155243296	0.0293433477691827	-0.0391660230357674	-0.0318120979442713	-0.0118430941513889	-0.00555637545065588	-0.0221295010601879	-0.010046393876838
0.0525455425733975	0.0535585683356009	-0.0319055394119667	-0.0309988856016261	0.0168327970007416	0.0016136059598453	0.0209420087566386	0.00526494223057535	0.00347566273518356	0.0292901170897623	-0.0391612509383262	-0.0318359584314774	-0.0118480897662747	-0.00558750025480989	-0.0221167046864873	-0.0100693155907769
0.0525492697267854	0.0535426930091015	-0.0318872612729384	-0.0311179812840201	0.0168306009418489	0.00159636717693414	0.0209480828431943	0.0052542525087896	0.00352487568853804	0.0292700619870498	-0.0391231020984771	-0.0318438541852062	-0.011811237327604	-0.005576754653663	-0.0221024498614609	-0.010053563198872
0.0525571179830573	0.0535409076635131	-0.0318802623829558	-0.0311680463976319	0.0168188020147445	0.00158286951725119	0.020944777578983	0.00524352646541911	0.00353723899718988	0.0292678296065723	-0.0391016863333209	-0.0318377493650018	-0.0118095581528018	-0.00557724359807296	-0.0220658349100751	-0.0100526886868702
0.0525682226090995	0.053547184312753	-0.0318770479227064	-0.0311915199202621	0.0168189766377481	0.00158230653268773	0.0209431417106857	0.00524104123083248	0.00353575959110374	0.0292779954593474	-0.0391046409545411	-0.0318375970937427	-0.0118097411577095	-0.00557572787040208	-0.0220619498974919	-0.0100564032674018
0.0525923219805744	0.0535755305156744	-0.0318779601532769	-0.0311851901856291	0.0168266698287928	0.00160081796804881	0.0209494714453186	0.00525523877951369	0.00351582602600169	0.029273752818853	-0.0391202829847077	-0.0318441196121716	-0.0118319993042349	-0.00559058758951278	-0.0220665278141532	-0.0100729617190911
0.0525757230163482	0.0535692580573866	-0.0319005717367615	-0.0311573762336226	0.0168074780622098	0.0015954619312837	0.0209367840363722	0.00525616358294053	0.00351004530609194	0.0293050312912501	-0.0391249014139058	-0.0318310131080166	-0.0118320132740752	-0.00557582705626811	-0.0220711685950957	-0.0100630738661377
0.0525867731600133	0.0535938757099361	-0.0319031561572142	-0.0310889268101963	0.0168245408251334	0.00163670928170791	0.0209458672265252	0.00528735264835985	0.00347017817588784	0.0293019551324195	-0.0391702447215014	-0.0318547199269795	-0.0118554742238491	-0.0055817865901335	-0.0221235303504503	-0.0100694133796589
0.0525098719832149	0.0535389686496816	-0.031963628801838	-0.0310253696248376	0.0167547698548162	0.00156175270667704	0.0209047511925997	0.00522596358221335	0.00348219223853257	0.0293876628965334	-0.03912157379795	-0.031775114189102	-0.0118502550915188	-0.00554234693704211	-0.0220454445311957	-0.0100422001307845
0.0525207544887965	0.0535720687892519	-0.0319725499418437	-0.0309050753301472	0.0167667699476206	0.00160611812545277	0.0209179359278603	0.00526040482645092	0.00343612249924213	0.0293710751081795	-0.0391765618832781	-0.0318011567653605	-0.0118775717172112	-0.0055645897167432	-0.0220916260292084	-0.0100621183290623
0.0524735098859382	0.0535539261576743	-0.0320164864865227	-0.0307941142857509	0.016741161833395	0.00159260230497746	0.0209057165085633	0.00524937004961015	0.00341283896643984	0.0294311635821955	-0.0391934975206551	-0.031772561899282	-0.0118884947353297	-0.00553977229547767	-0.0221076005415738	-0.0100477615242018
0.0524540247527092	0.0535513836467425	-0.0320322165266832	-0.0307097755659849	0.0167380605288518	0.00159638533772651	0.0209052974133548	0.00525574588471602	0.00339154334191004	0.0294455636935608	-0.0392134073370287	-0.031769963508989	-0.0118973851416868	-0.00553701744297355	-0.0221281138550477	-0.010050125221178
0.052457005916626	0.0535577846275609	-0.0320204064237066	-0.0306816933930449	0.0167580066668101	0.00161315752797216	0.0209099326063612	0.00526605842081409	0.00338726018887879	0.0294276012729229	-0.0392332026007119	-0.0317838579121361	-0.0118960133033709	-0.0055446533576731	-0.0221602249299258	-0.010056755307377
0.0524376199692631	0.0535375046104198	-0.0320295776238534	-0.0306823709302987	0.0167520541178649	0.00160177350512427	0.0209062599353504	0.00525773658695657	0.00339912198026442	0.029429471834537	-0.0392205137947814	-0.0317765558766193	-0.0118817151718396	-0.0055327245110541	-0.0221545322200098	-0.0100435524113241
0.0524551996162772	0.0535449812689401	-0.0320159989390968	-0.0306963519464555	0.0167676444596224	0.00160866901828873	0.0209137812973596	0.00526063113786353	0.0033985073072919	0.0294043820013859	-0.0392151158484955	-0.0317862006543518	-0.0118908235077052	-0.00554802428013376	-0.0221486201836014	-0.0100526607471896
0.0524478808169521	0.0535254137136535	-0.0320011671596667	-0.0307531351562602	0.016762270262065	0.00158628514320077	0.0209076694922351	0.00524077300989902	0.00343488616837694	0.0293966385189162	-0.0391879906096149	-0.0317835282239054	-0.0118646593938362	-0.00553672407632758	-0.0221343471977827	-0.0100402653079051
0.052466383870409	0.0535265941651576	-0.0319724493589937	-0.0308283753190488	0.0167849754434795	0.0015972780105207	0.0209182153246659	0.00525346460979755	0.00345683139047996	0.0293544565861769	-0.0391786741231291	-0.0318061076767573	-0.0118444352560562	-0.00554873115405216	-0.0221365865631803	-0.0100428399494696
0.0525142417492559	0.0535528155553717	-0.0319476361286802	-0.0308890351595325	0.0168122026621941	0.00161134005175114	0.0209282093484055	0.00526327981958149	0.00344357959998602	0.0293280172664544	-0.0391779560733385	-0.0318196723916736	-0.0118702710786785	-0.00557049895918357	-0.0221210716585602	-0.0100575446033531
0.0525157910045434	0.0535251063771673	-0.0319106370066866	-0.0310550792841708	0.0168182222663727	0.00159129752189487	0.020937313493319	0.00525246856018526	0.00352318114691152	0.0292930661230464	-0.03913335735823	-0.0318359151249725	-0.0117963245231002	-0.0055554045467561	-0.0221261608713759	-0.0100435677781484
0.0525594900619376	0.0535476159808178	-0.0318767727168528	-0.0311346500974476	0.0168420059194572	0.00160739217488672	0.0209526705387438	0.00526760208816553	0.00351408538390223	0.0292548683887563	-0.0391250634640531	-0.0318522081496964	-0.0118206418240836	-0.00558575681874238	-0.0220903072762856	-0.0100603301895058
0.0525733607163561	0.0535534400072324	-0.0318823704318548	-0.0311682545482522	0.0168272663409729	0.00159415016328098	0.0209445023731294	0.00525377893120395	0.00351584139282601	0.0292559091418575	-0.0391051801903761	-0.031840259745301	-0.0118293464315649	-0.00558637009473087	-0.0220505533017878	-0.0100559143229919
0.0525788927731088	0.0535547699360275	-0.0318693952441985	-0.031206241337954	0.0168322396041142	0.00159807289443289	0.0209465699094915	0.00525068321459689	0.00353306341192882	0.0292674985213576	-0.0391158978518424	-0.0318472223136988	-0.0118076317118265	-0.00557871462225493	-0.0220809181466303	-0.0100557690366529
0.0525944314264573	0.0535724990603327	-0.0318756942451828	-0.0311858747078031	0.0168299639171319	0.0016059672511777	0.0209420143445747	0.00525645415561845	0.00350653608221245	0.02927959500606	-0.0391202522510591	-0.0318418984075664	-0.0118365730299441	-0.00559010982097505	-0.0220677264264496	-0.0100693323545852
0.0525805579780707	0.0535718354929191	-0.0319080972897228	-0.0311356433530919	0.0168041993406951	0.00159526775050375	0.0209271350676876	0.00524874978870151	0.00349183561928101	0.0293111179506621	-0.0391189265132161	-0.0318191596985352	-0.0118524804870761	-0.0055829502778292	-0.0220500615634098	-0.01006337980564
0.0525719721142318	0.0535816004112781	-0.0319222710896756	-0.0310627347566467	0.0167966416571011	0.00160487620665148	0.0209248300440407	0.00525480431748084	0.00346849760410161	0.0293344727296499	-0.0391518310750223	-0.0318148709575678	-0.0118638603189719	-0.00557423589145969	-0.0220812897443819	-0.0100666012508096
0.0525351965096827	0.0535616333185593	-0.0319502624586537	-0.0310089187409185	0.0167709301660574	0.00158678666046699	0.0209120602130366	0.00524196743124335	0.00347345270645055	0.0293659370009228	-0.0391477253389627	-0.0317947837242226	-0.0118510150508303	-0.00555307577438066	-0.0220898350956839	-0.0100523478227672
0.0525470094066273	0.0535987930937163	-0.0319696525969687	-0.0308903092089664	0.0167879286677156	0.00163029433104924	0.0209256612495376	0.0052772273081216	0.00341311417229344	0.0293758499995887	-0.0392024088817726	-0.0318122069090255	-0.0118992389394926	-0.00557056601441694	-0.0221281348098081	-0.010083360868199
0.0524764686981104	0.0535578460948582	-0.032020032031987	-0.0307850981508312	0.0167429583548556	0.00159553876540527	0.0209011874863431	0.00524631624252394	0.0034172506420017	0.029438257467092	-0.0391982724120644	-0.0317740287325118	-0.0118820043475335	-0.00552988444252425	-0.0221364482617615	-0.0100500553719765
0.0524375710748221	0.0535395120764687	-0.0320458315330245	-0.030703251650572	0.0167151471968171	0.00156533597071003	0.0208858262499662	0.00522454005548835	0.00340821494930564	0.0294698795975601	-0.0391920865667864	-0.0317387632676975	-0.0118879778512392	-0.00552001055941112	-0.0221143703261757	-0.0100437354162318
0.0524604033817832	0.0535623220316854	-0.0320295482871888	-0.0306678129597381	0.0167508094050955	0.00160166873132214	0.0209026459376688	0.00525682715035404	0.00338703667143424	0.0294292105985237	-0.0392230772604736	-0.0317692845747512	-0.0119022494400739	-0.00554590505536259	-0.0221474397320974	-0.0100656065981813
0.0524712467718121	0.0535661469739553	-0.0320167155919034	-0.0306766614565744	0.0167713758039624	0.00161854709235395	0.0209089295718288	0.0052719844270628	0.00338484899444568	0.0294080909939815	-0.0392293106032086	-0.0317853526850465	-0.0119053088350962	-0.00555428416556528	-0.0221656536098604	-0.0100678836821477
0.052468348029953	0.053553122891858	-0.0319990507288636	-0.0307282422978571	0.0167821786814545	0.00161707886214004	0.0209145468446072	0.00527114204569364	0.0034110745756119	0.0293879367054029	-0.0392173454350049	-0.0317979744357436	-0.0118817878150091	-0.00554665523578587	-0.0221769566076346	-0.0100574160808225
0.0524529867935761	0.0535259375826642	-0.0319948765405865	-0.030786608290566	0.0167591507967294	0.00158034935806386	0.0209030748117655	0.00523827939340822	0.00344636239217071	0.0293896298500454	-0.0391706805805183	-0.0317782657850702	-0.0118617438881688	-0.00554006705910767	-0.0221224686425887	-0.0100410601918173
0.0524742460965211	0.0535346128534809	-0.0319714491184293	-0.0308461952473158	0.0167779737595288	0.00159257855624897	0.0209140076087722	0.00525059799857116	0.00346154202062392	0.0293526628586844	-0.0391696049028164	-0.0318004582733462	-0.0118455360794706	-0.00554820030012135	-0.0221294172411462	-0.0100473605897856
0.0525138589756321	0.0535488341508906	-0.0319264718206491	-0.0309552214688327	0.0168125574961373	0.00160418469955739	0.0209321181097171	0.00525994661568959	0.00346742611735178	0.0293229629782394	-0.0391668276985678	-0.0318210386420534	-0.0118424235990552	-0.00555981761930199	-0.0221327867666229	-0.0100573015281321
0.0525349366706534	0.0535462637002782	-0.0319019743087261	-0.0310712717260446	0.0168204700136745	0.00159088541160648	0.0209417070080885	0.00524970951672906	0.00350640755968184	0.0292814781405304	-0.0391245381980584	-0.0318308957613582	-0.0118229552296347	-0.00556869126185075	-0.022099214446451	-0.0100523170891186
0.052574041047578	0.0535673972746607	-0.0318778456005866	-0.0311476364609762	0.016836596797299	0.00160102192771696	0.0209435733787505	0.00525374400660324	0.00351339247982412	0.0292552707201565	-0.0391144016819479	-0.0318438485972701	-0.011827190885209	-0.00558497450768644	-0.0220832664767821	-0.0100658734221308
0.0525758613177671	0.0535645683820031	-0.0318787075397322	-0.0311859822755733	0.0168252742417484	0.00159133104951156	0.0209357376953349	0.00524939519532265	0.00352538279374037	0.0292683339178066	-0.0391048700599218	-0.0318369097776007	-0.0118193803475059	-0.00557716396998334	-0.0220763947123462	-0.0100564759105713
0.05258474334222	0.0535718634325997	-0.0318810460909958	-0.0311928358792169	0.0168210804956949	0.00158863487033663	0.0209357013737501	0.0052436144754129	0.00351890916975249	0.0292764112794591	-0.0391042134774284	-0.0318322298811054	-0.0118309501692295	-0.00557829552704639	-0.0220623494349241	-0.0100590379792795
0.0525971946608656	0.0535893885972367	-0.0318890466185268	-0.0311610503016174	0.0168199866572007	0.00159934275291476	0.0209356580672453	0.00525340593646835	0.00349383190945767	0.0292901813510276	-0.0391206629643635	-0.0318275793212747	-0.0118543957521791	-0.00559154871452435	-0.022059352904183	-0.0100753533557479
0.0525531715031769	0.0535631574281344	-0.0319205527993206	-0.0311196003885091	0.0167870276130173	0.00157796191235923	0.020920133383737	0.00523776949423784	0.00350714097629677	0.0293303348629576	-0.0391187085837076	-0.0318102916439225	-0.0118257757403881	-0.0055567596212637	-0.022076486913292	-0.0100485214835133
0.0525804001188755	0.0536035959248061	-0.0319248401433039	-0.031033832554082	0.0168058743245452	0.00161272306593931	0.0209326098480952	0.00526459577853629	0.00344328623334005	0.029341403167415	-0.0391635643438774	-0.0318124779239271	-0.0118923126926795	-0.00558382339284699	-0.0220894243823796	-0.0100842130284563
0.0525196396955418	0.0535660589639615	-0.0319625112146153	-0.0309781850922924	0.0167638893665539	0.00158381387845443	0.0209209338555853	0.00524342029463295	0.00346690364532514	0.0293739836289267	-0.0391502063825973	-0.0317911627416209	-0.0118564241729884	-0.00554815839060049	-0.0221004074708113	-0.0100515878634558
0.0525149737688868	0.0535895562353201	-0.0319872937112801	-0.0308404480550227	0.0167686335243146	0.00161035098705899	0.0209202241876989	0.00526213429267815	0.00339878111616148	0.0294064215980675	-0.0391990170045515	-0.0317858821419933	-0.011909079294989	-0.00555906045395857	-0.0221188644237953	-0.010071430624596
0.0524694712051119	0.053567947686368	-0.0320262472139296	-0.0307408207420493	0.0167362290827905	0.00158943534218494	0.020895441691034	0.00524327500829399	0.00339525512847365	0.0294480014306905	-0.0392013807015277	-0.0317588085915218	-0.011905788000618	-0.00553527260992201	-0.0221222115975275	-0.0100545271178516
0.0524405564296909	0.0535481524226847	-0.0320330114105953	-0.030698098176491	0.0167307389355587	0.00158394519495311	0.0208941760235043	0.00523791897152888	0.00340427126339331	0.029454804742909	-0.0392068037935262	-0.0317584202299619	-0.0118833608190251	-0.00552151790517783	-0.0221513275386486	-0.0100420241107969
0.0524690549038714	0.053573745170086	-0.0320243389337467	-0.0306682585976432	0.0167605785144065	0.00161403064298995	0.0209085034917001	0.00526333290497457	0.00337586219619062	0.0294219253268153	-0.0392267415495803	-0.0317776650819379	-0.0119146085577737	-0.00555198333287041	-0.0221590165387412	-0.0100644205587412
0.0524272669206282	0.0535344829339663	-0.0320300064979501	-0.0306857055311746	0.0167396447087401	0.0015793058109946	0.0208992596483838	0.00524175089871894	0.0034158368941649	0.0294248855359716	-0.0391970710057999	-0.0317633948900872	-0.0118745891563105	-0.00552273747223467	-0.0221548940388732	-0.0100340347591382
0.0524563800677812	0.0535551024182263	-0.0320007145368415	-0.030705363890423	0.0167638628238574	0.00159411384169624	0.0209101561238058	0.00524795350780529	0.00340909784321163	0.0293918831852833	-0.0392024018968525	-0.0317835002842248	-0.0118870502538443	-0.00554579329664032	-0.0221542793659007	-0.0100494462869401
0.0524833250957221	0.0535567229196993	-0.0319736577501783	-0.0308103612100019	0.0167873209796632	0.001601612851961	0.0209199797154939	0.00525330675060233	0.00344357540903394	0.0293599537183289	-0.0391849563603051	-0.0318025774981174	-0.0118582500311136	-0.00555628744066208	-0.0221546705214287	-0.0100650366286977
0.0524769297028398	0.0535387269714447	-0.0319634457969303	-0.0308758322634795	0.0167815961391146	0.00158598618861868	0.0209180993749916	0.00524362565128513	0.00347325573170253	0.0293518148893791	-0.0391602828283945	-0.0318001663036843	-0.0118422266243072	-0.00554406383041309	-0.0221396752948672	-0.0100443417073002
0.0525383271508905	0.053567312058635	-0.0319097149972278	-0.0309917065007039	0.0168292472643253	0.00160983270598444	0.0209389060551114	0.00526246537789289	0.00347559987090228	0.0292963574174175	-0.039156575232783	-0.0318267900252986	-0.0118590155783612	-0.00557723661315282	-0.0221296421555748	-0.0100673667980572
0.052545027086291	0.0535505650141019	-0.0318911015820326	-0.0310998498283148	0.0168197868884846	0.00158336265261324	0.0209304068042823	0.0052429467170473	0.0035220412079443	0.0292800797595179	-0.039111609110875	-0.031827153241146	-0.0118292933461718	-0.0055710060643859	-0.0220926109029485	-0.0100515920544078
0.0525806054755277	0.0535710559758313	-0.0318702753441364	-0.0311671341670613	0.0168353828181783	0.00159779629159525	0.0209356091728043	0.00525141244025975	0.00352903171602269	0.0292553754939586	-0.0391108547394997	-0.0318441238031237	-0.011827488442807	-0.00558571910017361	-0.0220872520722153	-0.0100634217151608
0.0525917366442664	0.0535774932782344	-0.0318671684516571	-0.0312084848943037	0.0168335946786218	0.00160056790790771	0.0209363914838602	0.00525282060016043	0.00352907641951161	0.0292651432062856	-0.0391115923470667	-0.0318468060124583	-0.0118209617334261	-0.00557997470184859	-0.0220890402117718	-0.0100627958663161
0.0525733369676276	0.0535654191452764	-0.0318885632620529	-0.0311979837653618	0.0168015827896098	0.00157190878056392	0.020918662359555	0.005226731923429	0.00353392255710632	0.0292959844226819	-0.0390890659796078	-0.031816992976307	-0.0118262185843252	-0.00556609845949393	-0.0220542650883514	-0.01004836083035
0.0525917757598192	0.0535889094317149	-0.03189254326955	-0.0311609930252723	0.0168116843811195	0.00159665076469192	0.0209231089597176	0.00524783057321078	0.00350410393301891	0.0293011686304115	-0.0391194433973066	-0.0318239234140722	-0.0118501363478764	-0.00557828155720611	-0.0220698680029652	-0.0100700434194557
0.0525689113222255	0.0535813112355842	-0.0319193639659123	-0.0310952551478452	0.0167893340336483	0.00159296412384082	0.0209141696589195	0.00524479213294889	0.00349176716706361	0.0293287297283089	-0.0391294108783497	-0.0318091698657477	-0.0118514090003263	-0.0055640644507485	-0.0220826741555541	-0.010060631938056
0.0525564711794521	0.0535852102180076	-0.0319389119634225	-0.0310348509554387	0.0167848287601565	0.00159766776906464	0.0209148276383969	0.00524348315891423	0.0034624738089709	0.0293580202924335	-0.0391500541113382	-0.0318032815780677	-0.011871180515281	-0.0055573044450348	-0.0220940414145936	-0.0100533578422198
0.0525262194903158	0.0535781372878715	-0.0319686272106918	-0.0309347249191672	0.0167601873588785	0.00159631688550912	0.0209098110687507	0.00524678143820541	0.00344871770724269	0.0293785964701887	-0.0391571940967076	-0.0317898132550494	-0.0118749230354933	-0.005554810828544	-0.0221029024842861	-0.0100617718770232
0.0525013601595295	0.0535782672073862	-0.0320032989572941	-0.0308102075417587	0.0167465039003198	0.00160040306379235	0.0208984298398709	0.00524641961934204	0.00340418884133563	0.0294256650530595	-0.0391878201775635	-0.031767063370146	-0.0119061526134494	-0.00554529317635813	-0.0221194469661351	-0.0100619548819309
0.0524623689383112	0.0535628570765683	-0.0320297955533618	-0.0307200950870031	0.0167313172869464	0.00158830099115383	0.0208959613690926	0.00524050897991764	0.00339188560299701	0.0294516950564617	-0.0392011292444026	-0.0317528350878161	-0.0119074140900271	-0.00552990260331662	-0.022132890143441	-0.0100508334920804
0.0524574753032595	0.0535625902526188	-0.0320250779382977	-0.0306837050500459	0.0167423604456914	0.001597734824298	0.0209029141586023	0.0052507474758622	0.00338918243890195	0.0294397159184177	-0.0392160811644591	-0.0317633390107261	-0.0119042387453304	-0.00553727728200284	-0.0221569392234909	-0.0100560624032989
0.0524463790591215	0.0535522539677923	-0.032034073118457	-0.0306697896921384	0.0167331864515765	0.00159229357150716	0.0208950365656658	0.00524514976086017	0.00339596759032816	0.0294384320900955	-0.0392066585071872	-0.0317592137168901	-0.0118991076229939	-0.00553169912477722	-0.0221508246243983	-0.0100473326501051
0.0524608923261931	0.0535589888277935	-0.0320147989298164	-0.0306936320185521	0.0167601943437987	0.00160425873971089	0.0209040960070903	0.00525698081859717	0.00340261304335153	0.0294074819089451	-0.0392101160426576	-0.0317768869618341	-0.0118958372833833	-0.0055435832679073	-0.02216366989254	-0.0100569816187896
0.05245337655212	0.0535387996146142	-0.0319976830814997	-0.030741984429745	0.0167560536831383	0.00158612588702153	0.0209053421168437	0.00524193250664264	0.00342911662433941	0.0293944452539915	-0.0391816455081577	-0.0317772501776815	-0.0118779614757552	-0.00554088429476432	-0.0221416813639321	-0.010046101907176
