0.0526268093252849	0.053650474517849	-0.0316924867747708	-0.0312226084028314	0.0167868823266783	0.00147189170904657	0.0209603329961399	0.0051408411544074	0.00352360303608811	0.0293090895298528	-0.0391739285683845	-0.0319510070511409	-0.011933723490235	-0.00555509441630178	-0.0219958306434251	-0.00994524524825755
0.0526182919136634	0.0536588773767802	-0.0317100566428967	-0.0311416294296538	0.0167802201098466	0.00147823820748785	0.0209534249101192	0.00514647239702611	0.00348824117937579	0.0293411405344177	-0.0391954770470234	-0.0319366809799291	-0.0119659113992347	-0.00555476053711898	-0.02200235874979	-0.00995803184307001
0.0525918330361644	0.0536464553947992	-0.0317403823721865	-0.031071193494939	0.0167541188602589	0.00146527978363988	0.0209374490007697	0.00513539151971239	0.00348520693006598	0.0293627379074976	-0.0391952702933872	-0.0319177434644393	-0.0119672245642214	-0.00554255089671027	-0.0219983745513409	-0.00994573279568348
0.0525507938363604	0.0536353898843098	-0.031786160141815	-0.0309443487421392	0.0167259989687501	0.0014625067703434	0.0209263611385359	0.00513324435526065	0.00345934456474716	0.0294122456244821	-0.0392184057458825	-0.0319018304193712	-0.0119756078653762	-0.00552225690972888	-0.0220172855241341	-0.00993998979434249
0.0525311061404474	0.0536367128281847	-0.0318049761196943	-0.0308487461401518	0.0167261819736578	0.00147142930733315	0.0209243313207425	0.00514057991839408	0.00343400187748693	0.0294364344029348	-0.0392496716454234	-0.0318987863911732	-0.01198767361643	-0.00551646361696287	-0.0220515912609209	-0.00994286897842514
0.0525283638607995	0.0536432688742303	-0.0318140886465119	-0.0307935079946826	0.0167342355865819	0.00148122635632471	0.020926662887086	0.00514487843824964	0.00341492047264224	0.0294334239023535	-0.039260795829242	-0.0318969242114632	-0.0120046316055514	-0.00552559849552494	-0.0220640565494068	-0.00994737704588497
0.0525004423410228	0.0536187001161218	-0.0318144951688642	-0.0307785812203385	0.0167335161398072	0.00147822703161562	0.0209324030944589	0.00514527657869775	0.0034304954475755	0.0294256189525865	-0.039256083802114	-0.0319004376262948	-0.0119857485724388	-0.00551742194800639	-0.0220740072666415	-0.00993790409718801
0.0525165830944876	0.0536266824828604	-0.0318017071770677	-0.030783026423517	0.0167568094514977	0.00149434543333595	0.0209443864234551	0.00516211023624065	0.00342258572400638	0.0293955586502622	-0.0392665192728066	-0.0319157010737897	-0.011992630115763	-0.00552962320651093	-0.0220833475018558	-0.00994650672483524
0.0525296462921377	0.0536270945931488	-0.0317798597438466	-0.0308255520143273	0.0167693585590254	0.00149614335178058	0.0209442620918765	0.00515919193660521	0.00343817466877993	0.0293762341701966	-0.039254707772846	-0.0319267777601514	-0.0119840596187484	-0.00553470962535854	-0.0220868022433582	-0.00994763688491427
0.052522595713746	0.0536030790407156	-0.0317631504178822	-0.0309134935559027	0.0167675159370918	0.00147684401742745	0.0209415254001648	0.00514130076215276	0.00348313659973581	0.0293627909928907	-0.0392216369699403	-0.0319250664547165	-0.0119465184669517	-0.00552477287796413	-0.0220679471499261	-0.00993620257064135
0.0525297315081634	0.0536038222362187	-0.0317565734170763	-0.0309416064624913	0.0167619559406586	0.00146176217785623	0.0209354066101201	0.00512697888189302	0.00348687492899596	0.0293488267405423	-0.0391976479602036	-0.0319209257940562	-0.011953061940141	-0.00553200925523153	-0.022024936805658	-0.00992859738959043
0.0525572856211407	0.053601626177326	-0.0317193633504943	-0.0310500403627801	0.0167785576988527	0.00144803261882456	0.0209478285921012	0.00511923959037537	0.00351802767283054	0.0293232284052048	-0.0391808897397983	-0.0319262063936837	-0.0119314086876999	-0.00554053085780512	-0.0220077762538524	-0.00993761073054203
0.0526163026084069	0.0536303565508552	-0.031667409514476	-0.0311730112788691	0.0168264882208691	0.00148268620463445	0.020980761093588	0.00515474254247457	0.00353502338052075	0.0292488948850506	-0.0391819989451169	-0.0319759753466815	-0.0119222137388246	-0.00557215019430521	-0.0220257833779792	-0.00995671309014715
0.0526252391152369	0.0536257702522898	-0.0316642621094599	-0.0312469326887349	0.0168119330442766	0.00146428652799565	0.0209753924839666	0.00513625345885795	0.00355495694562279	0.0292504553162104	-0.0391482072984525	-0.0319667929706625	-0.0119168311593629	-0.0055677510915996	-0.0219859344085675	-0.00994757541761701
0.0526461603480471	0.0536411035489861	-0.0316536450308436	-0.0312868752560765	0.0168213431286923	0.00147823401653576	0.0209726432193986	0.00514579765374036	0.0035547557799227	0.0292527128424004	-0.0391581314729907	-0.0319755772062334	-0.0119169205663408	-0.00557090268756779	-0.0219975126121953	-0.0099531857054753
0.0526362249976367	0.0536349679951332	-0.031659557067252	-0.0312966317925312	0.016808367941036	0.00146863394229221	0.0209640936771445	0.00513519175099632	0.00356612164197822	0.0292679232045022	-0.0391490678406141	-0.0319686146378356	-0.0119058899804521	-0.00556038619180157	-0.0219949980409441	-0.00994637959928866
0.0526463349710506	0.0536519623058393	-0.0316724023353937	-0.0312582468623813	0.0168022952514643	0.00147769338371675	0.0209616419701745	0.00514449706160987	0.00353101403635907	0.0292825035268073	-0.039163544786101	-0.0319568506353319	-0.0119390529843036	-0.00556826937267415	-0.0219824517273845	-0.00995712380345152
0.0526282300580418	0.0536500624075606	-0.031697749213606	-0.0312037533093993	0.0167914993588924	0.00148397422390869	0.0209536400456595	0.00514800628548935	0.00352017344029825	0.0293071575009415	-0.0391802638909535	-0.0319523579346964	-0.0119426292634164	-0.00555418777366731	-0.0220019871520385	-0.00994981478301463
0.0525995276241931	0.0536406718809214	-0.0317218248363524	-0.0311318952449435	0.016767915474524	0.00147234852282387	0.020944137760298	0.00514116385771797	0.00349683542511885	0.0293504500359833	-0.0391895873623594	-0.0319287572865197	-0.0119600440663152	-0.00554156183201812	-0.0219963573064038	-0.00994302264666827
0.0525759158001442	0.0536410434786729	-0.0317527903843272	-0.0310304267070206	0.0167509868220671	0.00147712341423314	0.0209398825469473	0.00515116905732978	0.00347545877551541	0.0293630703896964	-0.0392050631514267	-0.0319208531508867	-0.0119735529018704	-0.00554199489706694	-0.022004121743634	-0.00994584734837381
0.0525652162994702	0.053658328362057	-0.0317830253096551	-0.0308935152873117	0.0167490715569641	0.00149887864650829	0.0209380566888221	0.00516780574012467	0.00341520545738404	0.029400114215179	-0.0392509890013622	-0.0319159734856753	-0.0120165059697933	-0.0055440889761256	-0.0220344460759397	-0.00995413286064659
0.0525398275117371	0.053651603280944	-0.0318066483095763	-0.0308271054605669	0.0167426594002735	0.00149707094917547	0.0209366066194006	0.00516193002530098	0.00340704986462591	0.0294265814745821	-0.0392663418558349	-0.0319041689706348	-0.0120125692688011	-0.00553036221106198	-0.0220641040468638	-0.00995202900269973
0.0524970029663447	0.0536200663665016	-0.0318170851772529	-0.0307937776126	0.0167270369278833	0.00147574878194914	0.0209295895686256	0.00514617344244402	0.00342359155250687	0.029439189255439	-0.0392593890663253	-0.0318937293089902	-0.0119838682319365	-0.00550968545045679	-0.0220734456790621	-0.00992741833507041
0.0525063404075909	0.0536292026420477	-0.0318122851401311	-0.0307672963833566	0.0167429457819993	0.00149208231920985	0.0209360659865816	0.00515508620054557	0.0034075597637963	0.0294164519433918	-0.0392689388491438	-0.0319037037749533	-0.0120000341311138	-0.0055229456228549	-0.0220705231884746	-0.00994000795513486
0.0524946266965123	0.05361006815181	-0.0318100066591807	-0.0307833463328596	0.0167372223384347	0.00147607707319582	0.020930342543017	0.00514194197782182	0.00343263702409113	0.0294075992556035	-0.0392467896673727	-0.0318995700992131	-0.0119837187546454	-0.00551581681335769	-0.0220607568731316	-0.00993050986072539
0.0524883235045759	0.0535981993755042	-0.0317876996182143	-0.0308298156095821	0.0167414021146479	0.00146512471841272	0.0209366680866978	0.00513639874519691	0.00345872150987047	0.0293896731565503	-0.0392336468416329	-0.0319075496719837	-0.0119590424287668	-0.00551342517670097	-0.0220609580388317	-0.00992237382574366
0.0525503007009984	0.0536335332925359	-0.0317474483174024	-0.0309041169991037	0.0167899906161416	0.00150582305411375	0.0209654976460931	0.00516773169997116	0.00344912842054706	0.0293289616276576	-0.0392435528553787	-0.0319466023604992	-0.0119751398757267	-0.00555160614718272	-0.0220678242153316	-0.00995467628743366
0.0525405581343839	0.0536109161211152	-0.0317404047239309	-0.0309792160665054	0.0167824832239727	0.00148215535070364	0.0209614100708258	0.0051524906042207	0.00348373171493193	0.0293291432355813	-0.0392097989272832	-0.0319352672320923	-0.0119565851338607	-0.00553504071057328	-0.0220486659763653	-0.00993790968512412
0.0525773686635338	0.0536151154551048	-0.0316980062586673	-0.0310987559898205	0.0168060168169161	0.00148204079801331	0.0209714208583737	0.00515689110391034	0.00351359085155616	0.029280525397423	-0.0391865782587622	-0.0319523467588242	-0.0119420369421884	-0.00555916103680862	-0.0220256911770333	-0.00994039352272672
0.0525931587740074	0.0536092243734568	-0.0316708614620103	-0.0312095438081972	0.0168131120987966	0.00147541210879828	0.0209748057506747	0.00515245288565193	0.00355150918904057	0.0292557917951991	-0.0391632556104071	-0.0319677820353546	-0.0119131710612084	-0.00555336215610649	-0.0220130526625279	-0.00993443817981341
0.0526311595335495	0.0536353340049486	-0.0316568217725243	-0.0312502211891378	0.016823933137081	0.00149282691169702	0.0209785189342223	0.00516374331056992	0.00353696099736821	0.0292415565279492	-0.0391635210373725	-0.0319797374246702	-0.0119369728750852	-0.00557421353971524	-0.0219921733392386	-0.00995037217964198
0.0526288642887907	0.0536288142804878	-0.0316603240114837	-0.0312832053790337	0.01680777981076	0.00147517601849747	0.0209674394538926	0.00514459485049186	0.00354816620626047	0.0292649881410585	-0.0391491865842565	-0.0319607538087075	-0.0119308415121843	-0.00556104137731092	-0.0219759389878439	-0.00994453138941901
0.0526464104081882	0.0536493331818978	-0.0316617098196399	-0.0312662851084811	0.0168119148834842	0.00149028579774926	0.0209673500469148	0.00515534603957487	0.00352898840951781	0.0292664186527036	-0.0391645198809528	-0.0319654700267875	-0.011950511047305	-0.00557329013327243	-0.0219779059413559	-0.00995635546223586
0.0526212744745641	0.0536356636931793	-0.0316924336893777	-0.0312299090413641	0.0167863095632266	0.00147355412004043	0.0209512442180507	0.00514789033581499	0.00352676301396048	0.0293027723680761	-0.0391605314915516	-0.0319465283203457	-0.01194790846606	-0.00555352141228574	-0.0219736269792768	-0.00994101238665132
0.0526000417143156	0.0536364250494748	-0.0317156557548828	-0.0311507377655194	0.0167645627128557	0.00147096271466764	0.0209425284346972	0.00513852635187225	0.00350617845430117	0.0293327027508858	-0.0391787244145542	-0.0319302548533982	-0.0119527573976228	-0.00554008661688407	-0.0219871483876882	-0.00993656299252069
0.0525780014972987	0.0536301428122989	-0.031737807730622	-0.0310900765280517	0.016749607998831	0.00145933841056686	0.0209334745812088	0.00512985247803956	0.00349761633919076	0.0293639267409058	-0.0391903710703994	-0.0319141853461189	-0.0119557315766193	-0.00553002972886321	-0.0219905472498294	-0.00993321162783642
0.0525917520110908	0.0536614394454884	-0.0317514381037877	-0.030989847114962	0.0167720756929607	0.00150925404688764	0.0209465545426672	0.00517040273343357	0.00345461577381084	0.0293586559201665	-0.039241798243439	-0.031940064475246	-0.011984628191248	-0.00554998564570971	-0.0220495069607505	-0.0099574814313628
0.0525206022175374	0.0536241078412959	-0.0318056452750439	-0.0308837252232403	0.0167253787078415	0.00147455994854092	0.0209309488340853	0.00514252591714572	0.00344182638503032	0.0294300655527491	-0.0392362592017662	-0.0318940464243646	-0.011987135777579	-0.00551319886528836	-0.0220435879394219	-0.00992641669752201
0.0525194217660334	0.0536337456341083	-0.0318113184271834	-0.0307988961620803	0.0167357541082208	0.0014945689507805	0.0209348198768282	0.0051585339571278	0.00340980052617795	0.0294319472902354	-0.0392677262670071	-0.0318960091869246	-0.012012612575306	-0.00552432584307502	-0.0220645720365133	-0.00994313161142249
0.0525105090079318	0.0536290797074532	-0.0318130339235704	-0.0307689392365741	0.0167378607601357	0.00149517803581691	0.0209340878571973	0.00515623731538502	0.00341284595135998	0.0294228110146893	-0.0392667148505705	-0.0319006527618352	-0.0120089189495348	-0.00552483434526138	-0.0220736636085705	-0.00994185197405243
0.0524848841298979	0.0536049300445533	-0.0318222749729186	-0.0307552250443667	0.0167274127165869	0.00147773389625357	0.0209273949067169	0.00514026839095573	0.00342633662612279	0.0294232259189458	-0.0392490220478501	-0.0318896207789625	-0.0119975740422397	-0.00551239420248797	-0.0220598600093854	-0.00992621553182191
0.0524987883119331	0.0536076360026164	-0.0318059120989933	-0.0307836550663298	0.0167442002736569	0.00148254091829549	0.0209356664491494	0.00514389077054152	0.00343610573543379	0.0293992662458737	-0.0392470313456096	-0.0319009964199062	-0.0119898612934186	-0.00552182524166408	-0.0220641724990812	-0.00993464074249753
0.0525393986376403	0.0536277721304026	-0.0317598926511279	-0.0308625595182251	0.0167861517040314	0.00150967314209618	0.0209532321263232	0.00517055360770865	0.00344495423227003	0.0293555434397511	-0.0392575394594716	-0.0319368067084917	-0.0119857290146624	-0.0055463031958107	-0.022088069307872	-0.00995037916456213
0.052532561797805	0.0536093794386839	-0.0317581240693479	-0.0309283155564446	0.0167680719367351	0.00148580427298597	0.0209458364928766	0.00515497723579135	0.00347571302660859	0.0293399447160893	-0.0392110003335476	-0.0319271479609189	-0.0119682248047858	-0.0055402207273508	-0.0220481015948178	-0.00993115387036251
0.0525582593190085	0.0536117640904205	-0.0317282244201868	-0.0310205234872429	0.0167875780247245	0.00148738426192215	0.0209548819644608	0.00515700425961664	0.00349512970762011	0.029325789076929	-0.0392084368678554	-0.0319385543355113	-0.0119521385336981	-0.00554188174136063	-0.0220514166379174	-0.00993661468092974
0.0525715516220393	0.0535997542187279	-0.0317011410908271	-0.0311306128136054	0.0167880851299268	0.0014635279656682	0.0209549196830296	0.0051373947948092	0.0035382168860098	0.0292860183386228	-0.0391611699132526	-0.0319379131198422	-0.0119271786200617	-0.00554774488332807	-0.0220046414216925	-0.00992906677622399
0.0526097032558564	0.0536157552737898	-0.0316688903175462	-0.0312157310504593	0.0168072601327014	0.00147727149454015	0.0209702948892468	0.00514897020446899	0.00355057460672552	0.0292494480907259	-0.0391571046897298	-0.0319627039984112	-0.0119248791843509	-0.00556585259030492	-0.0219923284044657	-0.00994178771278712
0.0526289089922796	0.0536274061205871	-0.0316638555871076	-0.0312595125299111	0.0168059022642257	0.00148045103018892	0.0209723344859284	0.00515141213255073	0.00355071430512837	0.0292490736990063	-0.0391517346831244	-0.0319673252215773	-0.0119261699975932	-0.00556792571460315	-0.0219863772525045	-0.00994330204347397
0.0526344033304636	0.0536332357349379	-0.0316639268332931	-0.0312812202647293	0.0168010253929824	0.00147476949614519	0.0209674352629406	0.0051459317642071	0.00355111244557648	0.0292644698599839	-0.0391485872781083	-0.0319617191246711	-0.0119273811827458	-0.00556084440256291	-0.0219878566585906	-0.00994084754253597
0.0526562018692436	0.0536606669133207	-0.031664122411057	-0.0312577229933707	0.0168124303705907	0.00149435521222415	0.0209679996444881	0.00515787318368234	0.003520406736631	0.0292697504596115	-0.0391692347020489	-0.0319654686298035	-0.0119586456853027	-0.00557735675377926	-0.0219879628293768	-0.0099591703850532
0.0526308996945202	0.0536453559683688	-0.0316932914375712	-0.0312161487486838	0.0167836189719878	0.00148315698825204	0.020952532237325	0.00514645144226568	0.00352163608257604	0.029303747462928	-0.0391687429636708	-0.0319457990946828	-0.0119535271358224	-0.00555674844539147	-0.0219891698235774	-0.0099439711988236
0.0525983625395134	0.053632555403716	-0.031719592455875	-0.0311326803499675	0.0167581449682289	0.00146655662704189	0.0209394634517388	0.0051305663368781	0.00350749441325598	0.0293464462797578	-0.0391789060224779	-0.0319236638827519	-0.0119578787410711	-0.00553879300967372	-0.0219945272573265	-0.00993354830098728
0.0526184846974593	0.0536615735559551	-0.0317260688738309	-0.0310643007757426	0.0167778871465191	0.00149957574153849	0.020946889818834	0.00515761753560514	0.00346847385537313	0.0293360359547777	-0.03921426089427	-0.0319360188094996	-0.0119888973744389	-0.00555937337838094	-0.0220175886696683	-0.00996002953023071
0.0525466853063327	0.0536292473455366	-0.0317854630467848	-0.0309473396849441	0.0167280148167032	0.00147424562713452	0.0209267006056548	0.00513423202296877	0.0034595722731438	0.0294039573182413	-0.0392179098165524	-0.0319045754929871	-0.0119841420408061	-0.00551592717509594	-0.0220255514786305	-0.00992174657991488
0.0525315336175601	0.0536373861744864	-0.0318106953723068	-0.03082961025293	0.0167244413315584	0.00147820467987116	0.0209251834809999	0.00513993451177293	0.00341762084276925	0.0294312962956782	-0.0392448855781419	-0.0318841655563313	-0.0120148952472085	-0.00552629559055514	-0.0220302201992536	-0.00994483313796915
0.0525261664049228	0.0536395962032194	-0.0318091111924185	-0.0307789863457067	0.0167413811598875	0.00149420573493311	0.0209310591958236	0.00515396861332281	0.00340527988586186	0.02942883480982	-0.0392709728578893	-0.0318989652051288	-0.0120138028056983	-0.00552442083798895	-0.0220746582611988	-0.00994957450176174
0.0525005289540325	0.053616059816308	-0.0318229916257252	-0.0307584227408079	0.0167281936306588	0.0014821581446717	0.0209242419137647	0.00514279274109515	0.00341650046157842	0.0294332157517333	-0.0392551478228149	-0.0318868058561451	-0.0120045938869827	-0.00551615069254049	-0.0220660528395835	-0.00993352594924283
0.0525073616029157	0.0536163434040658	-0.0318049384011255	-0.0307740759468467	0.0167493537477379	0.00149296940406792	0.020938495341807	0.00515302285513554	0.00342454010466219	0.02940399503681	-0.0392619050345606	-0.0319066164866527	-0.0119924191711747	-0.00552239381416366	-0.0220859305253244	-0.00993780211735393
0.0525149248744458	0.0536148542190914	-0.0317901331643919	-0.0308036612746014	0.0167549500657558	0.00148895447197014	0.0209349944998317	0.00514417994623541	0.00343445030936006	0.0293872396103727	-0.0392439705536032	-0.0319102514390947	-0.0119928801759041	-0.0055253805660165	-0.0220712370473131	-0.00993703377613828
0.0525488785712574	0.0536271490755259	-0.0317623932525388	-0.0308737996517181	0.0167815723903862	0.0015031939301722	0.0209437130771533	0.00515309968925711	0.00344607461346085	0.0293515899749505	-0.039237330688516	-0.031930590129565	-0.0119916941364639	-0.00554500400066424	-0.0220645301269925	-0.00994992933570496
0.0525221444879048	0.0535924130676583	-0.0317541021523299	-0.0309459748315483	0.0167646730745939	0.00147308473340687	0.0209384813719668	0.00513034421641758	0.0034950458885784	0.0293476323191979	-0.0391993788234149	-0.0319240424654236	-0.0119423652334351	-0.00551885385663555	-0.0220588988843738	-0.00992020291256343
0.0525750301122701	0.0536175378254101	-0.0317113195164584	-0.0310362297786748	0.0168013313324846	0.00148828531662051	0.0209512679667792	0.00514326492169677	0.00348771591338109	0.0293088981430409	-0.0392021490427433	-0.0319415648360926	-0.0119626145169275	-0.00555001079142222	-0.0220327906498659	-0.00993665239949851
0.0526249778792236	0.0536374224960712	-0.0316695077844867	-0.0311674876040205	0.0168305143288391	0.00150671712389196	0.0209663470123824	0.00516428953132505	0.00351620600565743	0.0292519822197535	-0.039184164270361	-0.0319717033695225	-0.0119460826079348	-0.00557308617360427	-0.0220284180898569	-0.0099580066973575
0.0526056184745572	0.0536095470767673	-0.031673645651179	-0.0312451627099708	0.0167992637961225	0.00146703998351574	0.0209529778752301	0.00513572120794311	0.00355721866276487	0.0292611659927566	-0.039137183697484	-0.0319575798609948	-0.011917765741678	-0.00554843499343812	-0.0219852820170262	-0.00992349839788656
0.0526503010087074	0.0536437019392791	-0.0316593167859991	-0.0312681389062868	0.0168203428881279	0.00148834259296567	0.0209697207288111	0.00515018418358972	0.00353287901003706	0.029252249043703	-0.039158639975177	-0.0319679273216936	-0.0119449440659516	-0.00557608270434531	-0.0219803185327731	-0.00995235310299434
0.052624015357228	0.0536226912994911	-0.0316648600186241	-0.0312986713892128	0.0167965829837719	0.00146545440664344	0.0209591260019393	0.00512970998566866	0.00356841828372101	0.0292748466573473	-0.0391442678034923	-0.0319578466849442	-0.0119055155887324	-0.00555111580578873	-0.0219884322160104	-0.00993013546900576
0.0526583699884558	0.0536629467912551	-0.0316697550506598	-0.0312418085513185	0.0168103740101008	0.00149250001743436	0.0209604224031177	0.00514926776206705	0.00350771094578039	0.0292779982533155	-0.0391704416962494	-0.0319541362953647	-0.0119728837465207	-0.00558330231780437	-0.0219640688145541	-0.00996319369905516
0.0526001702368462	0.0536296245312243	-0.0317137837962847	-0.0311811417259147	0.016759080947528	0.00145316513814511	0.020937069021114	0.00511695133053676	0.00352242258458407	0.0293277350756806	-0.0391553724295345	-0.0319196210109736	-0.0119444928401104	-0.00554036042575365	-0.0219620306148566	-0.00992941602223111
0.0526104394664394	0.0536556070371696	-0.0317186243459433	-0.0311058959751899	0.0167765250870913	0.00147979584467958	0.0209395821953812	0.00513727884513484	0.00348244509264172	0.0293422511367203	-0.0391979203720892	-0.0319284848746341	-0.0119730262388916	-0.00555340406562735	-0.0219935367956503	-0.00995303203723217
0.052597898740816	0.0536601653960544	-0.0317388540716593	-0.0310332542026942	0.0167723215621497	0.00149387604670239	0.0209389773012969	0.00514563700057709	0.0034658363495274	0.0293488435043506	-0.0392166301791823	-0.0319309896669972	-0.0119816554092354	-0.00555128204688812	-0.0220151970330116	-0.00995569329180638
0.0525451528148535	0.0536376166768511	-0.0317929634540336	-0.0309104048242158	0.0167280916508247	0.00147000857457621	0.0209142828146258	0.00512346826102951	0.00344002427563361	0.0294231672456166	-0.0392236444359892	-0.0318899700249696	-0.0119927823870221	-0.00552034304160989	-0.0220144999379814	-0.00993720420818975
0.05250678744248	0.0536247322931567	-0.0318178060210116	-0.0308090494419991	0.0167136426450184	0.00146367325200716	0.0209061146490115	0.00511974809256173	0.00342731870589479	0.0294520582723091	-0.0392454918692102	-0.0318817767136427	-0.0119921663170655	-0.00550432661972363	-0.0220363026677135	-0.00992715570207306
0.0525429092585038	0.0536580377893791	-0.031793575333038	-0.030772860570742	0.0167652542199497	0.00151506130949394	0.0209314629242078	0.00516331303948915	0.00338970211696054	0.0294184649973768	-0.0392900374989256	-0.031913358331574	-0.0120201046006506	-0.00553964097897899	-0.0220857433294646	-0.00996888501198709
0.0525057913928677	0.0536231550981885	-0.0318145105356885	-0.0307626150898773	0.0167342160288055	0.00148377724916068	0.0209154898088264	0.00513804159841437	0.00341695727535573	0.0294315491497873	-0.0392558756514937	-0.0318907076325366	-0.0120010972359594	-0.00551705733517496	-0.0220675853310627	-0.0099395287896131
0.0525276723537055	0.0536348213118102	-0.0317926742783397	-0.0307811237312703	0.0167640318589248	0.00150469708498682	0.0209281394992041	0.00515355231208233	0.00342129211679603	0.0293930133453623	-0.0392682375631616	-0.0319118537797754	-0.0119996681212983	-0.0055327049532777	-0.0220886420713236	-0.00995231538442557
0.0524970323030093	0.0536030636738913	-0.0317919771833095	-0.0308173964215692	0.0167440982938228	0.00146241177542946	0.0209148220504608	0.00511748078748355	0.00346159650300103	0.0293978231613723	-0.0392250721536663	-0.031896225719449	-0.0119704725520876	-0.00551401470396098	-0.0220540820834437	-0.00992908773098442
0.0525456152165669	0.0536269479098258	-0.0317501892000662	-0.0308970901694405	0.0167909824748018	0.00149581785450194	0.0209497480481563	0.0051505515903892	0.00346207846249085	0.0293375754311771	-0.0392358554733819	-0.0319346804988003	-0.0119725386914657	-0.00554817794837689	-0.0220667429496936	-0.00995404205668474
0.0525557335718851	0.0536240351981265	-0.0317331865074559	-0.0309633477249262	0.0167962505015731	0.00148973119508996	0.0209556866272612	0.00514920350080174	0.00347481197191023	0.0293226598327052	-0.03921337660338	-0.0319393366465672	-0.0119677176995835	-0.00555339288975512	-0.0220530930187515	-0.00994466130893365
0.0525773644725817	0.053617972287443	-0.031694165949573	-0.0310907582562576	0.0168104382713662	0.00147928734249322	0.0209583632486598	0.00513927373832747	0.0035151736344604	0.0292821752355606	-0.0391830508740903	-0.0319466065514513	-0.0119381519296052	-0.00556075220161703	-0.0220263212168302	-0.00994024125146762
0.0525995611518098	0.0536152467716034	-0.031667163645287	-0.0311986040262704	0.0168174804678536	0.0014753101289642	0.0209616280003343	0.00513370955094213	0.00354754035741572	0.0292520241292744	-0.0391585072616943	-0.031961223195341	-0.0119150388288544	-0.00556099667382201	-0.022008639589982	-0.00993232733694641
0.052612332379798	0.0536173785692309	-0.0316640483709035	-0.0312467860054119	0.0168036531199399	0.00146061106301678	0.0209526509809674	0.00512631950543159	0.00355818816968061	0.0292511160896559	-0.0391359683213792	-0.0319540175517222	-0.0119188078917632	-0.00556494455068643	-0.0219672357773466	-0.00993044140850799
0.052637221047249	0.0536376627773241	-0.0316548953315491	-0.0312610575942466	0.0168131190837168	0.00147676019838574	0.0209614910958995	0.00514072520473304	0.00354382717386808	0.0292495626434162	-0.0391526315468707	-0.0319659198556447	-0.0119323642247753	-0.005575036363308	-0.0219778416800906	-0.00994062262810739
0.052626325968811	0.0536329591321002	-0.0316726523955348	-0.0312678623034492	0.016796390199976	0.00146126066059001	0.0209591790873324	0.00512797493150531	0.00354929357237143	0.029273312768884	-0.0391396773139748	-0.0319492552331692	-0.0119316810995854	-0.00556440671183547	-0.0219620487756489	-0.00993911248837262
0.0526203315103449	0.0536387216912176	-0.0316899344849508	-0.0312315672614059	0.0167852771920296	0.00146458687956177	0.0209614100708258	0.00513413982202289	0.00353042450909907	0.0292917934705965	-0.0391561994440793	-0.0319412574996063	-0.0119413635958867	-0.00556253335625331	-0.0219650257486136	-0.00993880375490233
0.0526345597926748	0.0536628070928522	-0.0316940569848188	-0.0311697968186196	0.0168053169279178	0.00149913289760147	0.0209749230973331	0.00516361199407124	0.00349038275589141	0.0292983998080671	-0.0392015609124673	-0.0319566899821687	-0.0119675696192765	-0.00557186381257937	-0.0220132482402919	-0.00995434799618697
0.052606933036528	0.0536471161682446	-0.0317283445608133	-0.031108061300434	0.0167799700497055	0.00147805520258012	0.0209540242162674	0.00514519415664007	0.00347777637201862	0.0293424774481329	-0.039192463752474	-0.031924749339342	-0.0119829029159728	-0.00555621759146066	-0.0219942716092493	-0.00994453558037109
0.0525924840307217	0.0536568293981945	-0.0317583056772716	-0.0310026379007265	0.0167675550526446	0.0014946080663333	0.0209472195070648	0.00515316395052242	0.00345586188356422	0.0293548728874174	-0.0392171945607298	-0.0319242003246189	-0.0119969942938679	-0.00555522154184837	-0.0220209023157838	-0.00994713816161611
0.0525236825673202	0.0536211532200758	-0.0318057165212293	-0.0308898537921731	0.0167226029005769	0.00146510096968424	0.0209218474831399	0.00513165877838835	0.00344745483368097	0.0294259933443062	-0.0392232993809342	-0.0318861380977795	-0.0119892633842544	-0.0055165781696532	-0.0220298234557895	-0.00991882129535929
0.052521908397604	0.0536330359662218	-0.03181448678696	-0.0307945543357199	0.0167311775885436	0.00148467271592292	0.0209226214122917	0.00514515085013519	0.00341014139028089	0.0294281977851031	-0.0392546896120536	-0.0318893874826297	-0.0120147751065821	-0.00552635426388434	-0.022048160268147	-0.00993449825012663
0.052500060964383	0.0536170670417925	-0.0318214479583738	-0.0307614835328142	0.016726093963664	0.00147259299502885	0.0209165096071672	0.00513497102751983	0.00342208979467628	0.0294295067591377	-0.0392512125188068	-0.03188459163646	-0.0119993621817961	-0.00551825035953526	-0.0220575130762175	-0.00992503088936578
0.0525050970918056	0.053619152738947	-0.0318113826884488	-0.0307654328066627	0.0167435576610038	0.00149070489295779	0.0209227303770459	0.0051456621462896	0.00342339318077483	0.0294068490751802	-0.0392597886037575	-0.0319035612825824	-0.011989095746171	-0.00552204317117252	-0.022079477856097	-0.00992636500911296
0.0524877647109645	0.0535988922795823	-0.0318011106648875	-0.030788129606173	0.0167384963878687	0.00147500418946197	0.0209207312929012	0.0051351023440185	0.00344908790801023	0.0293994855723662	-0.039240374716714	-0.0319019617358699	-0.0119681395887601	-0.00551215112726702	-0.0220749725826052	-0.00991772466289695
0.0525094473000702	0.0536066273801479	-0.0317828478926835	-0.0308143021019461	0.0167517970728036	0.00146832241485386	0.0209346354749364	0.00513134864793404	0.0034492681189499	0.0293722178411147	-0.039224615339889	-0.0319051789900874	-0.011983650302428	-0.00553718368407293	-0.0220434105224503	-0.00993247541725343
0.0525279587354313	0.0536011777454529	-0.0317506571897158	-0.0309138302290535	0.01677665640359	0.00147541210879828	0.020958913660367	0.005143668650081	0.0034836269411298	0.0293275632466451	-0.0392170115558221	-0.0319314828023592	-0.0119449775935683	-0.00554272272574577	-0.0220560797706043	-0.00993821562462635
0.0525874004058421	0.0536332832323948	-0.0317147519062164	-0.0309977749993235	0.0168207647773045	0.00150610943583959	0.0209710143360215	0.00516712401191878	0.00346861495076	0.0292916300234652	-0.0392238428077212	-0.0319565530777339	-0.0119722159881551	-0.00557610785005782	-0.0220501481764195	-0.00995454636791901
0.0525712540644412	0.0535936005040825	-0.0316999857850356	-0.0311294575078139	0.0167959236073105	0.00146162108246935	0.0209577737213998	0.00513537615288808	0.00354415546511477	0.0292711474436399	-0.0391576229708043	-0.0319471737269668	-0.0119141992414533	-0.00555568673752984	-0.0220109068950602	-0.00991581917668214
0.0526145452024991	0.0536145175459406	-0.0316673340773385	-0.0312118502288282	0.0168166618352129	0.00147701724344697	0.0209688559956975	0.00514869360163136	0.00354846516084256	0.0292341287638699	-0.0391520839291315	-0.0319659086797725	-0.0119237476272878	-0.00557511459441359	-0.0219928955799813	-0.00993395063238748
0.052625684753142	0.0536200468087252	-0.0316528641167717	-0.0312675423941067	0.0168181454322511	0.00148404407311011	0.0209694008194686	0.00515230061439283	0.00355956000799656	0.0292335783521626	-0.0391484545646256	-0.0319753997892618	-0.0119145526784125	-0.00557141817467429	-0.0219981398580241	-0.00993438928537241
0.0526229131368295	0.0536193315529026	-0.0316631682709656	-0.0312745608418656	0.0167970230337409	0.00146361457867796	0.0209590966652747	0.00513361455602819	0.00355249685674868	0.0292584558437414	-0.0391313331283728	-0.0319494270622047	-0.0119312270797762	-0.00556719369497224	-0.02195768320056	-0.00993195294522678
0.0526465347397667	0.0536467753041417	-0.0316610490461944	-0.0312585164802988	0.0168127321191409	0.00148737029208187	0.0209650827418366	0.00515164822285154	0.00352911274109634	0.0292579152109224	-0.0391588746684938	-0.0319613670846959	-0.0119466092709135	-0.00558125713318671	-0.021977759258033	-0.00995173843002181
0.0526447940976672	0.0536553164644917	-0.0316853425984493	-0.0312149724881318	0.0168008214333143	0.00149199989715217	0.0209625597886812	0.00515779774654481	0.0035059591278087	0.0292798674179456	-0.0391701818572202	-0.031951797744101	-0.0119631467678424	-0.00557631460369403	-0.0219859372025355	-0.00995142271163138
0.0526242933570496	0.0536548205351616	-0.0317082126239792	-0.0311429593584489	0.0167840534340207	0.00148622895613062	0.0209490104405892	0.00515169152935642	0.0034928121111169	0.02931837528269	-0.0391862346006911	-0.0319376309290684	-0.011971376400754	-0.00556067257352741	-0.0220056332803527	-0.00994856587929319
0.052603053611881	0.0536477517959776	-0.0317343250494391	-0.0310778096112978	0.0167640653865415	0.00148193183325909	0.0209417852391941	0.00514294640933828	0.00347861316545166	0.0293396709072198	-0.0391935715608086	-0.0319219232406525	-0.0119787357126159	-0.00555158100147021	-0.0220039401357103	-0.00993793203686858
0.0525808457567806	0.0536538412493576	-0.0317726038088028	-0.0309589779588852	0.01675093233969	0.00149229046983009	0.0209360282680128	0.0051590494442343	0.00344594469394621	0.0293690508783222	-0.0392199368403777	-0.0319129727639822	-0.0120013906026054	-0.00554616210042383	-0.0220252539210324	-0.00995068510406436
0.0525425139120238	0.0536418844630581	-0.0318033584121893	-0.0308557115025176	0.0167357792539333	0.00148364174170992	0.0209240267782243	0.00514555038756733	0.00342654477674303	0.0294138004677058	-0.0392400073099145	-0.0318942853086335	-0.0120048313742675	-0.00553017920615425	-0.0220423963120456	-0.00994297235524325
0.0525128335893552	0.0536254587248515	-0.0318197170951625	-0.030786999446094	0.0167247849896294	0.00147604494256317	0.0209185533948008	0.00513811005063177	0.00342149607646419	0.0294289130409256	-0.0392435807950593	-0.0318799550464696	-0.0120028169232985	-0.00552253211558248	-0.0220545305153168	-0.0099360628722385
0.0525113080827961	0.0536259448752934	-0.0318115195928835	-0.0307596464988168	0.0167378104687107	0.00149249023854616	0.0209255215511348	0.00515149315762438	0.00341764598848176	0.0294068686329566	-0.0392546504965008	-0.0318935951985234	-0.0120039400984573	-0.00553261834026794	-0.022070495248794	-0.00994261752130002
0.0525053443579786	0.0536190200254643	-0.0318114483466981	-0.0307548143310624	0.0167386640259521	0.00148864992945193	0.0209249893002199	0.00515111736892073	0.00341599615034415	0.0293982450505489	-0.0392474713955785	-0.0318932110279156	-0.0120067745790511	-0.00553277061152704	-0.0220600751449257	-0.00993546077212224
0.0525081397230196	0.0536103489455997	-0.0317848260220678	-0.0308093958940382	0.0167593407865573	0.00149810611434056	0.0209332831943969	0.00515777958575244	0.00344230555055208	0.0293731677902541	-0.0392480511439504	-0.0319149131747977	-0.0119756372020408	-0.00552738244412928	-0.0220910756175012	-0.00993119019194725
0.0525186031333927	0.0536013663382967	-0.031771188663982	-0.0308735202549124	0.016766496138751	0.00148335675696811	0.0209342024098876	0.00514607006562591	0.00346106145811814	0.0293574573078701	-0.0392170241286783	-0.0319121834680061	-0.011973533344094	-0.00553605212700988	-0.0220545277213487	-0.0099305839008789
0.052533391606318	0.053603391965138	-0.0317505663857539	-0.0309377899021256	0.0167727909487833	0.00148319191285275	0.0209393125774637	0.0051465310703553	0.00348807633526043	0.0293255753383726	-0.0392046049406654	-0.0319264522628727	-0.0119519722925988	-0.00553746866881474	-0.0220563689462982	-0.00992703835541467
0.0525796694962286	0.053624747659981	-0.031715173795393	-0.0310218450341338	0.0167978793849503	0.00148601801154232	0.0209459384727107	0.00514806076786646	0.00348444277980241	0.0293000370733484	-0.0391928828476826	-0.0319316280886982	-0.0119730625604764	-0.00556575619840696	-0.0220227868472382	-0.00994365827440122
0.0525923778599355	0.053611885628031	-0.0316876685768567	-0.0311454599598598	0.0167994118764295	0.00146772450568968	0.0209482309235014	0.00513135423587015	0.00354431332430998	0.0292625434190087	-0.0391544029226187	-0.0319435066438921	-0.0119262230829862	-0.00555975335803668	-0.0220118889748322	-0.00992893825369337
0.0526399074475357	0.0536354094420862	-0.0316483197277271	-0.0312336054611034	0.0168314293533777	0.00149987609310461	0.0209686925485662	0.00515740379704878	0.00354729588521074	0.0292225212235774	-0.0391631326758126	-0.0319762198188865	-0.0119280684988878	-0.00558437520153823	-0.0220158354547126	-0.00995297895183908
0.0526061311676957	0.0536064834907929	-0.0316822524697784	-0.0312443147406655	0.0167779164831837	0.00144730199617767	0.0209371290914272	0.00511529031652693	0.00356325223678377	0.029266976049331	-0.0391127322860339	-0.0319290604320539	-0.0119252549730545	-0.00555903111729397	-0.021944379721657	-0.00992345509138168
0.0526657404761899	0.0536591861102505	-0.0316458442720287	-0.0312664904651332	0.0168247405938495	0.00150570431047133	0.0209600591872703	0.00516578011328341	0.00353785786111448	0.0292331774177465	-0.039165462845172	-0.0319743255085439	-0.0119416192439639	-0.00559175686514459	-0.0220022511820199	-0.00996449568816968
0.0526181633911328	0.0536260929556004	-0.0316875204965497	-0.0312465205784465	0.0167776552471704	0.0014613682283602	0.020936331413547	0.0051276354643864	0.00355009404421974	0.0292887536333506	-0.0391341606240464	-0.0319320038774018	-0.0119307241655259	-0.00555504552186078	-0.0219679314753928	-0.00993218763854356
0.0526379642427521	0.0536536722142902	-0.0316954805115438	-0.0311862183658741	0.0167926504737318	0.00149397662955244	0.020944777578983	0.00515264427246383	0.00351381436900072	0.0292892425777605	-0.0391777716714468	-0.0319430037296419	-0.0119563867621287	-0.00557375672593793	-0.0219954045632964	-0.00995072002866507
0.0526071663328607	0.0536416050662524	-0.03172484790979	-0.0311147793966269	0.0167684239767103	0.00147683563552328	0.0209290894483435	0.00514015244128137	0.00349926617732837	0.029337033401374	-0.0391807863629802	-0.0319169164498945	-0.0119701302910006	-0.00555547020500543	-0.0219954911763062	-0.00994115068807014
0.0526030815515615	0.0536530100438607	-0.0317395274179611	-0.0310396495955765	0.0167719387885259	0.0014945885085569	0.0209328277776036	0.00515598306429184	0.00347540010218621	0.0293359437538318	-0.039204831252078	-0.0319240634201841	-0.0119832004735709	-0.00556268423052838	-0.0220166526903692	-0.00995216451015049
0.0525529172520837	0.0536329535441641	-0.0317851990168034	-0.0309281213756646	0.0167398346985679	0.00148581963981028	0.0209165263709755	0.00514576133215562	0.00345623767226787	0.0293979628597752	-0.0392208644377726	-0.031901919826349	-0.0119855543916588	-0.00553282928485624	-0.0220387208470667	-0.00993480418962886
0.0525346740376561	0.0536355645073133	-0.0318138134406583	-0.0308127905652273	0.0167295934086553	0.00148449669593533	0.0209103307468093	0.00514446074002513	0.00341973308262027	0.0294231043813353	-0.0392389064865001	-0.0318828803310252	-0.0120176556876487	-0.00553417458047564	-0.0220414743025868	-0.00994026220622804
0.0524959021429303	0.0536064932696811	-0.0318235504193366	-0.0307802827468852	0.0167196776160213	0.00146892591195415	0.0209087968583461	0.00513479081658015	0.00343994744151204	0.029435361519201	-0.0392432790465091	-0.0318797874083862	-0.0119833597297501	-0.0055111439017825	-0.0220715960722084	-0.00991689625136808
0.0525065485582112	0.0536153515454056	-0.031817284945969	-0.0307626402355898	0.0167410305168963	0.001486836644183	0.0209234442358845	0.00515279095578682	0.0034267445454591	0.0294074735270409	-0.0392527492012381	-0.0318915150893051	-0.0119949309484578	-0.00553053823104957	-0.0220770652646798	-0.00993349661257823
0.0525081536928599	0.0536095582526396	-0.0317964349593443	-0.0307953897321689	0.0167613217099096	0.00150178577027151	0.0209396003561736	0.00516349325042883	0.00344348181110404	0.0293829047689324	-0.0392568661131699	-0.0319158156264801	-0.0119770090403568	-0.00552929072431215	-0.0221059926129571	-0.00993350080353031
0.0525086607980622	0.0536002082385371	-0.0317851990168034	-0.0308238281360362	0.0167645333761911	0.00148166221534159	0.0209416497317433	0.00514871176242373	0.00344669347738546	0.0293735324030855	-0.0392300957082326	-0.0319036185589276	-0.0119871190137707	-0.00553765726165858	-0.0220652523677352	-0.00993288193960571
0.0525173290839588	0.0535918221434143	-0.0317607280475769	-0.0309066455401952	0.0167740957318659	0.00148033927146664	0.0209471664216717	0.00515266383024023	0.00348522369387432	0.0293409393687176	-0.0392149901199329	-0.0319230240640669	-0.011952522704306	-0.00553761674912176	-0.0220625967010971	-0.00993145561891265
0.0525318060294457	0.0535960843416851	-0.0317560858696504	-0.0309502607785476	0.0167742228574124	0.00146801647535163	0.0209425102739048	0.00513716708641256	0.00349105051425701	0.029328884793536	-0.039190007854552	-0.0319169290227507	-0.0119617609596862	-0.00554180351025504	-0.0220191295430517	-0.00993376483351169
0.0525631836877088	0.0535951413774659	-0.0317073185542009	-0.0310783628169731	0.0168018677743516	0.00146957690651141	0.0209527655336577	0.0051404486018954	0.00352633972779986	0.0292861440671854	-0.0391755281150971	-0.0319383908883799	-0.0119306738741009	-0.00555427997461319	-0.02201826201597	-0.00993265143724101
0.0526286994446754	0.0536297223201063	-0.031659505378843	-0.0311844414021899	0.0168397120716825	0.00149901694792711	0.0209737566156693	0.00516260197461867	0.0035298517456474	0.0292295522441926	-0.0391731336844723	-0.0319740614785625	-0.0119386059494145	-0.00558789420430591	-0.0220186168499132	-0.00995665441681795
0.0526148106294645	0.0536066692896687	-0.031662106563104	-0.0312596857559306	0.0168162567098447	0.00147097947847599	0.0209615441812926	0.00513995127558127	0.00357018826248506	0.0292398033129934	-0.0391345406037021	-0.0319622904911388	-0.0119073665925701	-0.00556635550455517	-0.0219937477402386	-0.00993410988856672
0.052637518604847	0.0536233422940483	-0.0316597386751757	-0.031276003926367	0.016819809240229	0.00147397321524897	0.0209535185080491	0.00513541247447282	0.00355677581882784	0.0292488096690249	-0.0391407557856447	-0.0319573074491093	-0.0119207566844829	-0.00557493997141003	-0.0219759795003807	-0.00994367783217762
0.0526430590435039	0.0536315872937843	-0.0316605684836886	-0.031272810420878	0.016814553786314	0.00147846312191643	0.0209478830744783	0.00513867303519524	0.00355453785041426	0.0292551324187377	-0.0391450054110593	-0.0319597689349674	-0.0119229052459187	-0.00557440632351116	-0.0219849229921309	-0.00994350181219003
0.0526322086685549	0.0536295882096396	-0.0316908201728249	-0.0312265744404882	0.0167874983966349	0.0014621142178314	0.0209326741093605	0.00512748738407938	0.00353796542888467	0.0292886726082769	-0.0391368791549658	-0.0319282404024292	-0.0119451997140288	-0.00557213622446492	-0.0219526345002812	-0.00994572441377931
0.0526177973813173	0.0536329912627329	-0.0317044267972621	-0.0311672473227677	0.0167836594845247	0.00147501676231823	0.0209383793921327	0.0051401440593772	0.00352344238292484	0.0293006587312411	-0.0391661543522661	-0.0319341133232848	-0.0119398967626568	-0.00556191588931273	-0.0219946725436655	-0.00994366246535331
0.0525897836605947	0.0536254517399313	-0.0317343627680079	-0.0310887773329052	0.0167590879324481	0.00145960942546838	0.0209269730175403	0.00513010114119663	0.00349985430760435	0.0293402590374957	-0.0391716151628334	-0.0319058006479801	-0.0119627025269213	-0.00555582084799658	-0.0219756581940542	-0.00993638278158102
0.0525873822450497	0.0536451561996527	-0.0317462636749463	-0.0309985084159384	0.016771796296155	0.00149813405402113	0.0209465657185394	0.00516361897899139	0.00346975908067931	0.0293347507294715	-0.039215635526554	-0.0319303302905357	-0.0119751845792156	-0.00556309494383275	-0.0220352130201713	-0.00995293285136615
0.0525432990170478	0.0536265316085853	-0.0317955101559174	-0.0308832013542296	0.0167421969985601	0.00148076116064324	0.0209342890228974	0.00515069408276011	0.00343832694003903	0.0293976653021771	-0.0392299238791971	-0.0318957130263106	-0.0120012075976977	-0.0055426263338478	-0.0220272613870813	-0.00993832039842849
0.0525510704391981	0.0536433107837511	-0.0317949136437373	-0.0308147896493721	0.0167673357261521	0.00151544408311773	0.0209436250671595	0.00518108547029918	0.00340892741116016	0.0293936797067439	-0.0392746343530279	-0.0319146519387844	-0.012015363236858	-0.00555137285084997	-0.0220845782447849	-0.00995417477016744
0.0525051990716397	0.0536049048988408	-0.0318140076214382	-0.0307869896672058	0.0167407092105698	0.00148477190178894	0.0209289343831163	0.00515439189948343	0.00343062536709015	0.0294114437556498	-0.0392472143505173	-0.0318918363956316	-0.0119925700454497	-0.00552732796175217	-0.022070546937203	-0.00993048750898093
0.0524971538406198	0.0535989607317997	-0.0318197059192903	-0.0307680786944126	0.0167389224679974	0.00148101820570447	0.020927840544622	0.00515108523828807	0.0034317667030414	0.0294029738414852	-0.0392445083924542	-0.0318867835044007	-0.011994692064189	-0.00552788535837953	-0.0220586320604243	-0.0099294355800075
0.0525090030591492	0.0536016010316135	-0.0317948479854879	-0.0307969767060252	0.0167598464947756	0.00149300153470058	0.0209314419694474	0.0051602075439939	0.00344379473552641	0.0293748357891841	-0.0392500711828555	-0.0319070537426536	-0.0119793336217801	-0.0055332693348252	-0.0220771141591208	-0.00993506542564218
0.0525208047802216	0.0536053784764264	-0.0317731444416218	-0.0308318007238866	0.0167682954541797	0.00148712302590883	0.0209321795770144	0.00515173623284533	0.003453003654242	0.0293525287482177	-0.0392284123424783	-0.0319149215567019	-0.0119830216596152	-0.00554748504429877	-0.0220580928245894	-0.00993417135586397
0.0525417120431914	0.0536105501112998	-0.0317517454402739	-0.0309071400725412	0.0167840394641804	0.00149280875090465	0.0209384017438771	0.00515520913514008	0.00347784482423601	0.0293160367314263	-0.0392127130359665	-0.031935990869819	-0.0119640813501574	-0.00555538917993178	-0.0220560727856842	-0.00993347006988169
0.0525354158361752	0.0535856796046412	-0.0317390650162476	-0.0309948189811193	0.0167799784316097	0.00146594893898951	0.020938296970075	0.00513720061402924	0.00350845134731547	0.0293259678908846	-0.0391831793966209	-0.0319212317335584	-0.0119369393474685	-0.00554317814253904	-0.0220286625620619	-0.00992986445410424
0.0525820317962208	0.0536035735730617	-0.0316986628411606	-0.0310987196682357	0.0168051367169782	0.00147275644216018	0.0209536651913721	0.00514132590786527	0.00352735114423646	0.0292684470735129	-0.0391628267363103	-0.0319424309661902	-0.0119363679810009	-0.00557164169211885	-0.0220045101051939	-0.00993912785519694
0.0526232609858526	0.0536205064164706	-0.0316588641631739	-0.0312094376374111	0.0168295350430352	0.00149020337569158	0.0209671335143904	0.00515273787039374	0.00354790497024714	0.0292308863639398	-0.0391591708291079	-0.0319713415506591	-0.0119220726434377	-0.0055813744798451	-0.0220124100498748	-0.00994749718651142
0.0526193941340618	0.0536115880704329	-0.0316539467793938	-0.0312674180625281	0.0168186944469743	0.00148027920115342	0.0209675358457906	0.00514757461742456	0.00356699336001198	0.0292348426227084	-0.0391390095556092	-0.0319678323267796	-0.0119113438060992	-0.00557010920063963	-0.0220002283491466	-0.00993701421836188
0.0526585236566989	0.0536455766918453	-0.0316392030099574	-0.0312748025201026	0.0168333935129217	0.00149616290955697	0.0209742106354786	0.0051594126600817	0.00353589370157047	0.0292291345459681	-0.0391516243213861	-0.0319700982348738	-0.0119505571477779	-0.00559488331540028	-0.0219883232512561	-0.00996281651336748
0.0526579341294389	0.053648362277998	-0.0316577186362706	-0.031261913945456	0.0168180518343212	0.00149056659153898	0.0209668932331375	0.00515495628103093	0.00352900098237407	0.0292498015276851	-0.0391513868341013	-0.0319597801108396	-0.0119557511343957	-0.00559115895598042	-0.0219775580923329	-0.0099602991481482
0.0526327632712142	0.0536342555332786	-0.031686801049775	-0.0312299313931085	0.0167968148831206	0.00148081843698841	0.020958620293721	0.00514632571370312	0.00352754532501642	0.0292810911759545	-0.0391531330641369	-0.0319444049046224	-0.0119427228613463	-0.00557115693866097	-0.0219883344271284	-0.00994174999421835
0.0526177359140201	0.053638741248994	-0.0317013590203356	-0.0311536965776916	0.0167893647672969	0.00148910394926118	0.0209493820383408	0.00514808451659495	0.00349973276999387	0.0293086215402033	-0.039178911610414	-0.0319358511714162	-0.0119543751051277	-0.00556325140604394	-0.0220075862640245	-0.00994573558965154
0.0525756866947635	0.0536163839166026	-0.0317347581144879	-0.031088569182285	0.0167575302952564	0.00146446673893532	0.02093048922634	0.0051253919080367	0.0034994589611243	0.0293494749411315	-0.0391716081779132	-0.0319061959944601	-0.0119513855593068	-0.00554316277571473	-0.0219956560204215	-0.00992754685760103
0.0525593838911514	0.0536303900784719	-0.0317683835200529	-0.0309508461148555	0.0167445802533126	0.00148113275839481	0.0209273739519565	0.00514100739550679	0.00345463533158723	0.0293734946845167	-0.0392089216213133	-0.0319010187716506	-0.0119846533369605	-0.00554455696577513	-0.0220120705827559	-0.00994154743153422
0.0525548856025798	0.0536414262522967	-0.0317863152070421	-0.0308507158876319	0.0167529342178028	0.00150846335392753	0.0209307881809221	0.00517005907536257	0.00341260846407514	0.029394566791602	-0.0392530048493153	-0.0319084674904904	-0.0120090446780973	-0.00554764709444608	-0.0220564667351802	-0.00995406999636531
0.0525167563205071	0.053620038426821	-0.0318166660820444	-0.0307871670841774	0.0167332898283946	0.00148723199066305	0.0209155470851716	0.0051556226424125	0.00341714866216763	0.0294210564027496	-0.0392490681483231	-0.031888124609068	-0.0120054879567609	-0.00552737126825706	-0.0220582967842575	-0.00993450942599886
0.0524976874885187	0.0536063563652463	-0.0318209604109479	-0.030762650014478	0.0167315659501035	0.00147938373439118	0.0209110739423125	0.0051427899471271	0.00342713709797109	0.0294169185360573	-0.0392425218811657	-0.0318839252750785	-0.0119949630790905	-0.00552189788483356	-0.0220639769213172	-0.0099220175948164
0.0524945191287421	0.0536000587612461	-0.0318106953723068	-0.0307683217696335	0.0167425685963116	0.00148166920026174	0.0209154604721618	0.00514467308159746	0.00343999493896901	0.0294023060831196	-0.039244550301975	-0.0318907369692012	-0.0119820605346037	-0.00552102057886369	-0.0220762424410871	-0.00992762229473857
0.0525007049740201	0.05359779564712	-0.0317898691344105	-0.0307976304945505	0.0167554376131818	0.00148369762107105	0.0209237026779297	0.00514453338319461	0.00345042761569352	0.0293791887914167	-0.0392378280148301	-0.031901918429365	-0.0119760758550258	-0.0055264799924469	-0.0220749739795892	-0.00993071242340951
0.0525245431094817	0.0536015395643162	-0.031766478033838	-0.0308581031391744	0.0167720114316954	0.0014837982039211	0.0209281394992041	0.00515080304751432	0.00346183818123796	0.0293504779756639	-0.0392218353416723	-0.0319116526140753	-0.0119768916936984	-0.00554305381096051	-0.0220581542918866	-0.00993698208772923
0.0525445814483859	0.0536055517024459	-0.0317425057879097	-0.0309320091822158	0.0167938155584115	0.0015011766852351	0.0209526481869993	0.00517216013934137	0.00347832259277375	0.0293069479533372	-0.0392115647150951	-0.0319381953106159	-0.0119651011484982	-0.00555455378348277	-0.0220686037324195	-0.0099426706066931
0.0525541703467572	0.0535903301644719	-0.0317210034097437	-0.0310257076949725	0.0167954025322679	0.00147569569655605	0.020952335262577	0.00514940606348587	0.00350076374420687	0.0293012482585011	-0.0391821498193919	-0.0319279582116554	-0.0119543723111596	-0.00555010578633616	-0.0220285494063556	-0.00992950542920893
0.0526119007117332	0.0536179974331555	-0.031670403251249	-0.0311426785646592	0.0168363467371579	0.00150427938676231	0.020971531220112	0.00517135128558889	0.00351989264650853	0.0292315066248484	-0.0391737944579177	-0.0319717494699954	-0.0119444523275736	-0.00558368229746012	-0.0220285983007965	-0.00994944737621515
0.0526108767224403	0.053602020126822	-0.0316639394061493	-0.0312304720259275	0.0168204141343134	0.00147515925468913	0.0209644722598162	0.00514685796461796	0.00356048760539146	0.0292303932285778	-0.0391350099903357	-0.0319635868923172	-0.0119160614211633	-0.00556955180401228	-0.0219978828129629	-0.00993417694380009
0.0526206402438152	0.0536078720929172	-0.0316586685854099	-0.0312701729150323	0.0168201417224278	0.00147508800850368	0.020959505981595	0.00514383628816441	0.0035694688157104	0.0292327806742824	-0.0391385681086562	-0.031967949673438	-0.0119074154870111	-0.00556361043093925	-0.0219965011957587	-0.00992644743117064
0.0526421188732527	0.0536238298414743	-0.0316512044997459	-0.0312851499808013	0.0168223531481449	0.00148007105053318	0.0209610021514895	0.00515024984183906	0.00356075023838881	0.0292361543907111	-0.0391389941887849	-0.0319643747913092	-0.0119237783609364	-0.00557995095312011	-0.0219864666594823	-0.00994661010165335
0.0526231925336352	0.0536175992927074	-0.0316741988568543	-0.031253270805272	0.0167972800788021	0.00146548094933998	0.0209549280649338	0.00513843135695831	0.0035539608960105	0.0292655972260949	-0.0391372228130368	-0.0319448784822081	-0.0119290477846918	-0.00556926123133436	-0.0219714183475278	-0.0099371720775571
0.0526187445364886	0.0536290880893574	-0.0316962600286317	-0.0311882719323959	0.0167909992386102	0.0014718735482542	0.0209571185358904	0.00514160530467097	0.00352036622409418	0.0292828974763033	-0.0391544336562674	-0.0319337473134693	-0.0119540146832484	-0.0055713399435687	-0.0219685349724931	-0.00994609042359476
0.0526230262925358	0.0536486360868676	-0.0317062163338025	-0.0311145433063261	0.016799728991804	0.00148938753701896	0.0209567287773465	0.00515493951722258	0.00348280551452106	0.029305954697693	-0.0391887757146389	-0.031937512185426	-0.0119836852270288	-0.0055793516469719	-0.0219923940627151	-0.00995872893810021
0.0525843438047879	0.0536292431545845	-0.0317409202110374	-0.0310498489759682	0.0167674838064592	0.00147504609898282	0.0209408450689429	0.00514310147456544	0.00349188870467409	0.0293336568909772	-0.0391852804605997	-0.0319209858643694	-0.01196970700484	-0.00555717033456806	-0.0220020416344156	-0.00993965451817566
0.0525542793115114	0.0536289511849226	-0.0317852674690208	-0.0309170139556544	0.0167442812987305	0.00147761515261115	0.0209293548753089	0.00514285420839241	0.00345194474034843	0.0293835445876175	-0.0392133109451307	-0.0319032399762559	-0.0119949658730585	-0.00554288896684515	-0.0220192091711413	-0.00993692900233615
0.0525525163176675	0.0536432590953421	-0.0317924172332784	-0.0308386682973705	0.0167634395376968	0.00151049736267297	0.0209373595937919	0.00516887443290644	0.00341877754554481	0.029393538611357	-0.0392607609046413	-0.0319142342405598	-0.0120070553728408	-0.00554527780953381	-0.0220793996249914	-0.00995044901376355
0.0524915966381546	0.0535988126514927	-0.0318274312409677	-0.030770998391032	0.0167214517857375	0.00146348046821123	0.0209101910484065	0.00513222874787196	0.00343003164887806	0.0294298490202247	-0.0392284738097756	-0.0318726041165118	-0.0120025738480775	-0.00551761752577037	-0.0220375012800099	-0.0099204417968323
0.0525252094708633	0.0536301679580114	-0.0318095316846111	-0.0307463262561055	0.0167598478917596	0.00150634692312442	0.0209301022617641	0.00517033428121618	0.00340662518148126	0.0293860130583957	-0.0392641960883672	-0.0319084605055702	-0.0120176431147925	-0.00554708131591455	-0.0220760622301474	-0.0099453458311076
0.0525113695500934	0.0536099577900717	-0.0318029644626933	-0.030773845444482	0.0167586590583514	0.00149784906927932	0.0209325791144465	0.00516733495650708	0.00343020208092953	0.0293788786609624	-0.0392454695174658	-0.0319106328157345	-0.0119952508578003	-0.00553696016662838	-0.0220870858311159	-0.00993462118472114
0.0525187232740192	0.0536096448656493	-0.031779092799615	-0.0308170066630252	0.0167714219044354	0.00149635150240082	0.0209337414051582	0.00516246227621582	0.00344334490666925	0.0293576221519854	-0.0392387416423847	-0.0319166677867374	-0.0119860419390848	-0.00554058114923014	-0.0220811179153464	-0.00993406239110975
0.0525299648044961	0.0536038320151069	-0.031761615132435	-0.0308864325782874	0.0167758238011091	0.00148508482621131	0.0209311248540729	0.00515021212327029	0.00346766220765259	0.0293342855337901	-0.0392078976320204	-0.0319169821081438	-0.0119763203272307	-0.00554952324399629	-0.0220464294049358	-0.00993278973865983
0.0525571221740093	0.0536170195443356	-0.0317341224867549	-0.0309494644976514	0.0168001648508209	0.00150377088457595	0.0209422336710672	0.00516572423392227	0.00347689347811263	0.0293008920275738	-0.0392075400041091	-0.0319405855502886	-0.0119702630044833	-0.00556235314531364	-0.0220576723323968	-0.00994181984341977
0.0525820778966937	0.0536120239294498	-0.0316992872930213	-0.0310741760558398	0.0168179680152795	0.00149350025799874	0.0209548735825567	0.00516008041844731	0.00350591721828785	0.02927016955482	-0.0391831207232917	-0.0319455588134299	-0.0119523033778135	-0.00556692407705475	-0.0220369857929034	-0.00993825474017915
0.0525871335818927	0.053596225437072	-0.0316728856918675	-0.0311887692587101	0.0168192909591545	0.00147582421908667	0.020967752378315	0.00514611476911482	0.00354912733127205	0.0292434187076591	-0.0391473760929556	-0.0319557470179495	-0.0119157093811881	-0.00556155546743339	-0.0220187649302202	-0.0099240795432424
0.0526177219441798	0.053613358049197	-0.0316616315885343	-0.0312530193481468	0.0168159493733584	0.00147299672341308	0.0209665118564977	0.00514424839845281	0.00354904910016645	0.0292315611072256	-0.0391320092686426	-0.0319530089292537	-0.0119283939961665	-0.00557685523651305	-0.0219744078933487	-0.00993207029188517
0.052656417004784	0.0536458840283315	-0.0316350511734249	-0.0312755904190946	0.016841456904734	0.00150228169960161	0.0209816258267016	0.00516736429317168	0.00353401056710011	0.0292207247021168	-0.0391594306681372	-0.0319797821281591	-0.0119397668431421	-0.00559705702254856	-0.022004466798689	-0.00995861997334599
0.0526490814416506	0.0536482938257806	-0.031660536353056	-0.0312445033335094	0.0168169775536034	0.00148857588929843	0.0209657071936974	0.00515361377937958	0.00352144469576415	0.0292483696190559	-0.0391481025246504	-0.031954104164732	-0.0119608040256267	-0.00559209912623157	-0.0219786547247952	-0.0099532597456288
0.052625588361244	0.0536380106263471	-0.031691561971344	-0.0312053668259522	0.0167934397697079	0.00147710804740882	0.0209497466511722	0.00514440346367996	0.0035224044237917	0.0292831028329555	-0.0391534906920482	-0.0319355089103292	-0.0119511718207505	-0.00557314624391749	-0.0219799748747021	-0.00994358283726368
0.0525902572381803	0.0536216337825815	-0.0317221545245832	-0.0311330519477191	0.0167624895885574	0.00145373510762872	0.0209286535893266	0.0051239586024235	0.00351695758306474	0.0293356364173456	-0.039156232971696	-0.031909283329163	-0.0119497790276741	-0.005549312299408	-0.0219801914072265	-0.00993331640163856
0.052591271448585	0.0536327956849689	-0.0317303492328941	-0.0310607133207575	0.0167637720198956	0.00146945676588497	0.0209337581689666	0.00513782506588996	0.00349195436292343	0.029335264819594	-0.0391814373575374	-0.0319118006943823	-0.0119691496082127	-0.0055639219583776	-0.0219956280807409	-0.00994309808380581
0.0525694212213959	0.0536400474290606	-0.0317695891172694	-0.0309401605840219	0.0167507507317663	0.00148323521935764	0.0209265036309068	0.00514655202511573	0.00346174458330805	0.0293702997820437	-0.0392133682214759	-0.0319113215288605	-0.0119898598964345	-0.00554994233920483	-0.0220282518487575	-0.00994606108693017
0.052515919527074	0.0536115126332954	-0.0318071987212835	-0.0308423856718702	0.0167189078778217	0.00146165181611798	0.020908004768402	0.00512941661902268	0.00345614267735394	0.0294200184436164	-0.0392191936448745	-0.0318801101116967	-0.0119837718400385	-0.00552329067790993	-0.0220375194408023	-0.00992810425422838
0.0525194734544424	0.0536217720840004	-0.0318106855934186	-0.0307726929326585	0.0167322742210059	0.00147770036863689	0.0209166101900172	0.00514390054942972	0.00342878414214064	0.0294186102837158	-0.0392453675376317	-0.0318868603385222	-0.0120046483693598	-0.00553670172458312	-0.0220613240486472	-0.00994084474856791
0.052518079264382	0.0536207131701068	-0.0318115656933565	-0.0307604525586012	0.0167416982752619	0.00148638681532583	0.0209170935464911	0.00515044122865095	0.0034320614666714	0.0294031121429041	-0.0392483039980595	-0.0318940212786521	-0.0119972806755937	-0.00553639718206491	-0.0220808455034608	-0.00994071902000535
0.0525113276405725	0.053613358049197	-0.0318057109332932	-0.0307657736707656	0.0167451613986685	0.00148140097932827	0.0209217189606093	0.00514496365427538	0.0034359492732226	0.029392851295215	-0.0392378000751495	-0.0318914969285127	-0.0119999642819124	-0.00553519158484836	-0.0220723308858074	-0.00993846289079939
0.0525213901165295	0.0536130940192156	-0.0317814327478627	-0.030809042457079	0.016763449316585	0.00148884830118397	0.0209326531546	0.00515516024069908	0.00345260551379389	0.0293645134741978	-0.0392364100760412	-0.0319146491448163	-0.0119830398204076	-0.00554169175153276	-0.0220885540613299	-0.00993689407773543
0.0525356547204441	0.0536105277595553	-0.0317616919665565	-0.030879781537328	0.0167761045948988	0.00148496328860084	0.0209385805578328	0.00515545500432909	0.00346749596655321	0.0293414283131276	-0.0392133165330668	-0.0319200093725335	-0.0119774700450862	-0.0055518799560523	-0.0220664439951115	-0.0099396167996069
0.0525457060205288	0.0536089114490344	-0.0317500089891266	-0.0309422392962562	0.0167800091652583	0.00147939071931132	0.0209450779305491	0.00514912247572809	0.00348606328127542	0.0293186449006075	-0.0391936316311218	-0.0319221174214324	-0.0119669717101123	-0.00555148460957225	-0.0220474743489891	-0.00993899793568229
0.0525897836605947	0.0536224789579188	-0.0317049255205602	-0.0310548697365665	0.0168141849825305	0.00149011955664987	0.0209608135586457	0.00515839844967704	0.00349516044126873	0.0292861007606805	-0.0391921564159878	-0.0319436197995984	-0.0119611602565539	-0.00556996950223678	-0.02204476978791	-0.00994556934855215
0.0526177107683075	0.0536235392687964	-0.0316678789011096	-0.0311799626713947	0.0168331266889723	0.00149607489956318	0.0209745920121183	0.00516455495829045	0.00353285526130858	0.0292375849023563	-0.0391643857704861	-0.0319646206604982	-0.0119377258494766	-0.00557852044147497	-0.0220394849973303	-0.00994745946794265
0.05261508304135	0.0536106297393894	-0.0316652763198645	-0.0312451082275937	0.0168172443775528	0.00146955315778293	0.0209672927705697	0.00514046955665583	0.00355320512765111	0.0292375723295	-0.0391236958166892	-0.0319502387099253	-0.0119340950879866	-0.00557611902593005	-0.0219815842003029	-0.00993493271215948
0.0526146290215408	0.0536072923445454	-0.0316627352059168	-0.0312750441983395	0.0168105318692961	0.00145908555645771	0.0209641118379369	0.00513418173154375	0.00356222824749091	0.0292485624028519	-0.0391223393451976	-0.0319467588227104	-0.0119196181424997	-0.00557109686834775	-0.021972851653141	-0.00993017877551064
0.0526502604961706	0.0536400851476294	-0.0316537917141666	-0.0312630832210878	0.0168216881837473	0.0014790261064799	0.0209669309517063	0.00514862375242993	0.0035331067184337	0.0292402950513715	-0.0391372451647812	-0.0319545567875572	-0.0119549534565155	-0.00559735737411468	-0.021964310492791	-0.00995471819695451
0.0526747552141255	0.0536660550807184	-0.0316614611564828	-0.0312515972184059	0.0168331294829404	0.00150450430119089	0.0209686492420613	0.00516931867382749	0.00351316616841151	0.0292452543446725	-0.0391650535288517	-0.031965936619453	-0.0119674508756341	-0.00560256812454082	-0.0219929682231508	-0.00996779676142892
0.0526110988429009	0.053623275238815	-0.0317124217368569	-0.0311998738847523	0.0167761339315634	0.00145723175865194	0.0209405097927761	0.00512939985521434	0.00353209949294919	0.0293050466580745	-0.0391405546199446	-0.0319207846986693	-0.0119457459347839	-0.00555495751186699	-0.0219747948579246	-0.00992566232614664
