0.0525187540076678	0.0535577301451838	-0.0319734775392386	-0.0309459231431393	0.0167694856845719	0.00159984846113306	0.0209177906415213	0.00524090292941367	0.00345048349505466	0.0293942426913074	-0.0391751648992497	-0.0318018831970553	-0.011831270078572	-0.00553008979917644	-0.0221202027344945	-0.0100712266649278
0.0524975799207485	0.0535620370469436	-0.032009627294943	-0.0308276223446575	0.0167528490017771	0.00160397654893715	0.0209059819355287	0.00524440516837301	0.00340733764333577	0.0294444153726894	-0.0392004740588932	-0.0317792478648422	-0.0118683586075435	-0.00552486647589404	-0.02213353135911	-0.0100748546324497
0.0524682083315502	0.0535514632748322	-0.0320388647736746	-0.0307392225923208	0.0167363296656406	0.00159110054714686	0.0208977550965852	0.00523660301257408	0.00339244998454451	0.0294705878684625	-0.0392074044966584	-0.0317615466802176	-0.0118747749551862	-0.0055144966634508	-0.0221401041689639	-0.0100680834508638
0.0524574166299303	0.0535451419221034	-0.0320288470012065	-0.0307237286424611	0.0167548858044905	0.0016073321045735	0.0209152383517013	0.00525674612528039	0.00339705863485439	0.0294585891726421	-0.0392286568146833	-0.0317839836406986	-0.0118519719848897	-0.00551306196085358	-0.0221931406676043	-0.0100690180331788
0.0524300455218608	0.0535277843955498	-0.0320454222167042	-0.0306960921074262	0.0167375059261925	0.00158449840062837	0.0209060839153628	0.00523688520334782	0.00339684489629804	0.0294636280940328	-0.0392075469890293	-0.0317582693556868	-0.0118633168921848	-0.00550860418481877	-0.0221473768678161	-0.0100566477396068
0.0524366378894911	0.0535255925276092	-0.032023273034933	-0.0307146454523081	0.0167571964160736	0.00159285655607063	0.0209156043615168	0.00524086241687684	0.00340813113026394	0.0294383021705809	-0.0392119293279266	-0.0317789908197809	-0.0118484096756172	-0.00551329944813841	-0.0221609904771734	-0.0100636452326054
0.0524726144191759	0.0535456769669863	-0.031987341208737	-0.0307644772695872	0.016789127280012	0.00161110815240242	0.0209270386757897	0.00525408487070618	0.00340937304906523	0.0293995791702961	-0.0392109779818032	-0.0318024699303472	-0.0118550355708642	-0.00553975134071724	-0.0221671693375313	-0.0100813799448466
0.0524830009954275	0.0535390538657074	-0.031969667963793	-0.0308498232148377	0.0167981727515963	0.00160949184188149	0.0209366876444742	0.00525553074917564	0.0034388703668261	0.0293687714815165	-0.039189661402513	-0.0318174078805635	-0.011833428418896	-0.00554078650588233	-0.0221539217379894	-0.0100748825721303
0.0524715429324261	0.0535193256572575	-0.0319664856341762	-0.030917093583744	0.0167819984705148	0.0015749220751133	0.0209270400727737	0.00522491724117604	0.00346384564728685	0.0293793298868036	-0.0391535996568024	-0.0317986687368058	-0.0118164103594614	-0.00552426018482569	-0.0221174800126231	-0.0100489238149135
0.0525155060198016	0.0535286658924718	-0.031920868517711	-0.0310309785157118	0.016812394049006	0.00158238476379332	0.0209417000231683	0.00523170937752239	0.00349567173742315	0.0293202290804957	-0.0391368833459179	-0.031823079635719	-0.0117974365223869	-0.0055522920663407	-0.0220987520447376	-0.0100679702951575
0.0525657345805448	0.0535519829528907	-0.0318827098989737	-0.0311281597096514	0.0168417237286834	0.00160306431836656	0.0209553164264937	0.00524867854251606	0.00350624830350259	0.0292765579627821	-0.0391329452479416	-0.0318506798491692	-0.011803087322782	-0.00557591366927787	-0.0220915505920709	-0.0100842605259133
0.0525615003219545	0.0535400596942079	-0.0318876594133865	-0.0311867087072681	0.0168219550076967	0.00158454729506937	0.0209510374644145	0.00523407307449854	0.00352572924577942	0.0292868970415767	-0.0391077646108287	-0.0318414136541085	-0.0117835393252718	-0.00556222182881496	-0.0220672416729917	-0.0100692499325275
0.0525839554432279	0.0535578209491457	-0.0318716192427718	-0.0312223234180896	0.0168362964457329	0.00159830758774967	0.0209573993296801	0.00524524056482202	0.00352120581149528	0.0292871792323505	-0.039122703958029	-0.0318533802192962	-0.0117846205909098	-0.00556701348403257	-0.0220864054998941	-0.0100793389511811
0.0525907238308458	0.0535677856362207	-0.0318786195297384	-0.0312148174229047	0.0168277315366544	0.00160324313232221	0.0209533941764705	0.00524959496403872	0.00350575656512458	0.0293047658642847	-0.0391243398263264	-0.0318478635293679	-0.0118030426192931	-0.00557108569247552	-0.0220796371122762	-0.0100835899735796
0.0525584353389961	0.0535493775776777	-0.0319143725419787	-0.0311743286348079	0.0167942360506041	0.00158233167840024	0.020939277652863	0.00523413733576385	0.00350538636435703	0.0293445170448145	-0.0391206867130919	-0.0318218139681892	-0.0117990765816363	-0.00554964059065469	-0.0220640705192471	-0.0100637094938707
0.0525413264755996	0.0535539499064028	-0.0319353482571659	-0.0310897370609328	0.0167834974343774	0.00158091373961135	0.0209355127809063	0.00523296526616398	0.00347777218106653	0.0293731398505735	-0.0391428247189909	-0.0318114301859057	-0.0118126315176644	-0.00554196136945026	-0.0220762172953746	-0.010068927229217
0.052537860558225	0.053565347899091	-0.0319456761600883	-0.0310361166229685	0.0167878099240732	0.00159497158988971	0.0209328738780765	0.00524107755241722	0.00345658133033887	0.0293859460031624	-0.0391678377180204	-0.0318092187601887	-0.0118255075194547	-0.00554428734785764	-0.0220963799658573	-0.0100774446408385
0.0525057257346184	0.0535632761717768	-0.031989500946045	-0.030907520052197	0.0167586702342236	0.00159625262424381	0.020917726380256	0.00523773177566907	0.00342869333817879	0.0294203746745437	-0.0391794983437059	-0.0317901010337592	-0.0118496627702907	-0.00553661371458933	-0.0220981611204936	-0.0100773929524294
0.0524918075827429	0.0535710839155118	-0.0320164054614491	-0.030801386984603	0.0167566208586539	0.00161423041170602	0.0209139559203632	0.0052498981095729	0.00339139526160303	0.029450288293545	-0.0392203056441612	-0.0317889541098719	-0.0118693476722357	-0.00553039294471061	-0.0221378731854705	-0.0100746143511968
0.0524340464841183	0.0535338640700417	-0.0320464727486936	-0.0307397450643474	0.0167247207283641	0.00157515537144606	0.0208975455489809	0.00522090370606228	0.00340929481795964	0.0294932218036916	-0.0392066752709955	-0.0317567717888083	-0.0118440049849755	-0.00550057990855932	-0.0221389726119009	-0.0100555301523841
0.0524610585672925	0.0535599820834377	-0.0320280884388791	-0.0306993442862444	0.016757901893008	0.00160994586169074	0.0209155498791396	0.0052478263822587	0.00338015931906215	0.029459615955903	-0.0392373083367715	-0.0317835156510491	-0.0118720899518836	-0.00553112356735749	-0.022158519212427	-0.0100820504971803
0.0524383701496864	0.0535361984303532	-0.0320370305336452	-0.030697311674483	0.0167458976092515	0.00158962672899684	0.0209094241041749	0.00523097176995537	0.00339412776236269	0.0294584522682073	-0.0392160979282675	-0.0317691001728595	-0.0118585238399832	-0.00551500935658925	-0.0221464283156608	-0.0100635670014998
0.052470949214214	0.0535536900673735	-0.0319996905475486	-0.0307406167823812	0.0167860762668939	0.00162202697956883	0.020929016805174	0.00525583948264592	0.00339861068411	0.029416510616721	-0.0392345031928424	-0.0318072196760439	-0.0118520516129794	-0.00553227468219694	-0.0221853748333901	-0.0100809887893187
0.0524750172317049	0.0535437658928354	-0.0319901910561551	-0.0308065320767799	0.0167852269006046	0.00160164218862559	0.0209248817324497	0.00523996974408266	0.00342424813500024	0.0294077263811501	-0.03919992504417	-0.03179917304804	-0.0118456366623207	-0.00553573920258751	-0.0221480697718942	-0.0100772113445057
0.0524599256132454	0.0535164925736478	-0.0319871554098613	-0.0308703281464074	0.0167720351804239	0.00157709578226158	0.0209196472332951	0.00522458755294532	0.00346760632829145	0.0293920536173348	-0.0391620206765259	-0.0317966738436131	-0.0118056088789533	-0.00552094653871019	-0.022131220747527	-0.0100554896398472
0.0525238851300043	0.0535484443923467	-0.0319326953844959	-0.0309693799019611	0.0168301608918799	0.00161514962719674	0.0209476427932254	0.00525470652859885	0.00345682161159177	0.0293458413856734	-0.039186127032921	-0.0318350182612262	-0.0118175111828758	-0.00555202663937529	-0.0221459840747397	-0.0100839098829222
0.0525268397512245	0.0535278626266554	-0.031907858405454	-0.0310913044770127	0.0168241301118291	0.00159179624519303	0.0209477363911553	0.00523828218737628	0.00351194520437064	0.0293121167942425	-0.0391356078994999	-0.0318390373842761	-0.0117836888025628	-0.00554889320419946	-0.0221065067030796	-0.0100678124359623
0.0525544218038823	0.0535364904000152	-0.0318872277453217	-0.031165646379071	0.0168323555537886	0.0015939643644052	0.0209530784580801	0.00524319957115645	0.00352184702716434	0.0292866805090523	-0.0391223756667823	-0.0318462122942462	-0.011781341869395	-0.00556418179740689	-0.0220802881068335	-0.0100747638284879
0.0525775642412978	0.0535546260466726	-0.0318764458225901	-0.0312022948580736	0.016836007270039	0.00160443336271445	0.0209543832411627	0.00524736537752931	0.00352279418233564	0.0292837161089439	-0.0391268376337692	-0.0318582067991146	-0.0117852226910261	-0.00557096834581713	-0.0220821349197191	-0.0100787787605856
0.0525872341647427	0.0535634019003394	-0.0318704192334913	-0.0312196481936751	0.0168290474956092	0.00160140749530881	0.0209494798272228	0.00524107615543319	0.00352207054460889	0.0292968505527795	-0.0391228897569048	-0.0318502356082482	-0.0117923165759226	-0.00557280957076664	-0.0220737166939636	-0.0100885325030723
0.0525761798301255	0.0535606624146595	-0.0318945940421038	-0.0311907152574617	0.0168045597625744	0.00158890029730204	0.0209353856553597	0.00522950773069355	0.00350931747741311	0.0293281080704162	-0.0391193036989038	-0.0318293940035276	-0.0118007557564385	-0.00556202625105098	-0.022055177318922	-0.0100806549101359
0.052581848791313	0.0535773731376079	-0.0319100474794266	-0.0311350677956722	0.0168032549794918	0.00160860615400745	0.0209341032240216	0.00524798424145391	0.00347942481317219	0.029340616665407	-0.0391447483659981	-0.0318292906267095	-0.0118225347374421	-0.005568114307447	-0.0220719718609121	-0.0100914368328675
0.0525475011450054	0.0535627844333988	-0.0319366167186638	-0.0310743758245559	0.0167846429612807	0.0015974596184444	0.0209244989588259	0.00523998930185906	0.00347362034453396	0.0293826225781587	-0.0391583759451957	-0.0318164313887276	-0.0118147493454515	-0.00553761954308982	-0.0220970211815263	-0.0100779293942963
0.052540514827879	0.0535695444391125	-0.0319590927946976	-0.0309948608906401	0.0167808976471004	0.00160379494101345	0.0209252239935367	0.00524142959239239	0.00344785856206519	0.0293917518687846	-0.0391729842071812	-0.0318065644905346	-0.0118382759534748	-0.00554842800851799	-0.0220958044084375	-0.0100850051184005
0.0524767718436446	0.0535397314029612	-0.0320086647729474	-0.0308723020848396	0.0167394170003434	0.00158059802122093	0.0209087773005697	0.00522379825696924	0.00343324471214351	0.02945789487158	-0.039183038301234	-0.0317776594940018	-0.0118355001462102	-0.00551469503518284	-0.0221037574385115	-0.0100646161365051
0.0525054728805092	0.0535829834254662	-0.0320103844602864	-0.0307654593493592	0.0167741083047221	0.00163037675310692	0.0209219438750379	0.00526333988989471	0.00336811312578477	0.029453135346995	-0.0392456888439582	-0.0317953830303708	-0.0118877347760182	-0.00554815419964841	-0.0221470066670485	-0.010099662274827
0.0524621035113458	0.0535516616465642	-0.0320340619425847	-0.0307317822553852	0.0167511907817353	0.00160942618363216	0.0209100010585786	0.00524569737859933	0.00338654633004025	0.0294770223768976	-0.0392323965409275	-0.031779877904639	-0.0118613667024811	-0.00551785221908715	-0.022163866867288	-0.0100724448350006
0.0524398984502135	0.0535343292657231	-0.0320380950354749	-0.0307143800253427	0.0167525891627478	0.00160335908199657	0.0209099018727126	0.00523891502114117	0.00340216042052631	0.0294716481793401	-0.0392291876686141	-0.0317799323870161	-0.0118471607718957	-0.00551229641360598	-0.0221661565241106	-0.010065592628341
0.0524395715559508	0.0535346505720497	-0.032029458880211	-0.0307099459980364	0.0167582525359991	0.00160712255696923	0.0209133747750073	0.00524446663567026	0.00340040301461851	0.0294498412586559	-0.0392265417808642	-0.0317856013482036	-0.0118490969917592	-0.00552073699110592	-0.0221610072409817	-0.0100652936737589
0.0524498840920489	0.053535351858032	-0.0320088198381746	-0.0307395983810244	0.0167694591418754	0.00160395699116075	0.0209205357151372	0.00523920000588298	0.00341013440536074	0.029430403622884	-0.039220789000635	-0.0317931702076698	-0.011847076952854	-0.00552727767032715	-0.0221534663211961	-0.0100687274605009
0.0524796175001106	0.0535457733588843	-0.0319741019910994	-0.0308335148232895	0.0168049369482621	0.00161976526242676	0.020938445050382	0.00525149905326951	0.00342793198188328	0.0293916289341901	-0.0392151507730962	-0.0318188691258572	-0.011836767210724	-0.00554341004188777	-0.0221581993030845	-0.0100795848203701
0.0524766880246029	0.0535302822029927	-0.0319661685188018	-0.0308984703896606	0.0167991688012086	0.00160930324903765	0.0209428245953112	0.00524309340037029	0.00345238339333336	0.0293778812143661	-0.0391862066610106	-0.0318173729559628	-0.0118158250231534	-0.00553759998531342	-0.0221408557463712	-0.010069125600949
0.0525164280292604	0.0535409202363694	-0.0319305859386129	-0.0309978029390041	0.0168176299451446	0.00160391508163989	0.0209450136692838	0.00524078977370736	0.00346682122326746	0.0293486213838901	-0.039168751345575	-0.031825041001295	-0.0118180839463274	-0.00555335936213844	-0.0221126939453416	-0.0100738208642686
0.0525332700687075	0.0535340470749494	-0.0319060101955843	-0.0311108915900757	0.0168226702635193	0.00159402443471842	0.0209517527202371	0.00523456481287656	0.0035125864200397	0.0293099416901102	-0.0391335585239301	-0.0318404301773525	-0.0117838969531831	-0.00555491280837808	-0.0220943990425049	-0.0100687581941495
0.0525499165303906	0.0535404340859275	-0.0318872626699224	-0.0311784888532446	0.0168265091756295	0.00159390708806003	0.0209601290364717	0.00523516272204074	0.00352505310550965	0.0292927476106879	-0.039122701164061	-0.0318501140706377	-0.0117768617416157	-0.00556122158825059	-0.0220747574470648	-0.0100724518199208
0.0525831368105873	0.0535683793544327	-0.0318731307794906	-0.0312021537626867	0.0168417363015397	0.00161002828374842	0.0209642473453876	0.00524598655429322	0.0035022375623569	0.0292923061637349	-0.0391339385035859	-0.0318595409188617	-0.0118008842789691	-0.00557842684354506	-0.022070840303849	-0.0100891429850928
0.052578850863588	0.0535659486022232	-0.0318841446015709	-0.0312128323086002	0.016824911025901	0.00160093671169123	0.020949880761639	0.00523387749673456	0.00351453660974343	0.0293100590367686	-0.0391247687004231	-0.0318503487639545	-0.0117898592810165	-0.00556630661011417	-0.0220706782537017	-0.0100800625889078
0.0525889384852574	0.0535840605001522	-0.0318930783144329	-0.0311904512274803	0.0168310200370574	0.00162081439743213	0.0209480996070027	0.00525328579584191	0.00349384587929795	0.0293212195421719	-0.0391463311489023	-0.0318519734563796	-0.0118055655724484	-0.00557150758165212	-0.0220897820102909	-0.0100925949326271
0.0525458918194046	0.0535639467241105	-0.0319238315208353	-0.0311284223426488	0.0167920413886954	0.00160143822895744	0.0209325679385743	0.00523589893262373	0.00349020533891979	0.0293624389529155	-0.039145233119456	-0.0318267802464104	-0.0118001983598111	-0.00554188872628078	-0.0220888180913112	-0.0100692569174477
0.0525345133844928	0.0535663816672721	-0.0319471681390307	-0.0310604520847442	0.0167811993956506	0.00160040865172847	0.0209303984223781	0.00523560696296179	0.00346264424102237	0.0293988708993937	-0.0391637641125934	-0.0318127447478765	-0.0118270218501415	-0.0055382914924075	-0.0220898700202847	-0.0100707111778213
0.0525085672001323	0.0535618931575886	-0.0319771599891377	-0.0309658553112573	0.0167649985718725	0.00160510670901617	0.0209194726102916	0.00523684049985891	0.00345162902195799	0.0294129566893526	-0.0391770815613367	-0.0318041351353091	-0.0118313986011027	-0.00553298993801951	-0.0221036121521726	-0.0100692317717352
0.0524761208490873	0.0535578111702575	-0.032014389613496	-0.0308418618028595	0.016743370465144	0.00160377398625302	0.0209016443001204	0.00523821233817486	0.00341509230167774	0.0294647093596708	-0.0392058175228021	-0.0317811715118493	-0.0118538760741205	-0.00551438490472853	-0.0221236085815559	-0.0100656247589737
0.0524392753953368	0.0535440997720182	-0.0320490222445455	-0.0307407522898319	0.0167177008836211	0.00158867677985749	0.0208832837390344	0.00521931533522193	0.00340191734530536	0.0295022058079786	-0.0392110576098928	-0.0317590083602379	-0.0118601443414562	-0.0054980555584199	-0.0221246688924335	-0.0100537657615561
0.0524552722594466	0.0535593813803055	-0.0320342547263807	-0.0307049964836236	0.0167495227828053	0.00161658712376202	0.0208991464926775	0.00524069896974551	0.00338796287184511	0.0294774777936909	-0.0392414182637833	-0.0317815235518245	-0.011866566277035	-0.00551462518598142	-0.0221718157064099	-0.0100708494792401
0.0524335491578041	0.0535406757641644	-0.0320393928336373	-0.0307016409279872	0.0167468880709276	0.00161026437404923	0.0208992833971123	0.00523839953403467	0.00340119789853071	0.0294745301573908	-0.0392298372661873	-0.0317815207578565	-0.0118514313520707	-0.0055042511825861	-0.0221784066770562	-0.0100583073566326
0.0524478011888625	0.0535451824346402	-0.0320320251398713	-0.0307061867140158	0.016757362657173	0.00161204413170148	0.0209024489629208	0.00523675947478526	0.00339799321716943	0.0294518794583535	-0.0392234306974328	-0.0317834066862949	-0.0118649848911148	-0.00551767061116346	-0.0221615394918966	-0.0100622272938165
0.0524851034563903	0.0535636198298478	-0.0319846645873385	-0.030772864761694	0.0167982412038137	0.00163960103864682	0.0209201487505613	0.00525702971303817	0.00341184850476366	0.0294088272045645	-0.0392360622270181	-0.0318248272627386	-0.0118516660453875	-0.00553633711175169	-0.0221984897194493	-0.0100795079862485
0.0524389387221859	0.0535113307176627	-0.0319992463066276	-0.0308436834700326	0.0167493719085302	0.00157743245541244	0.020897945086413	0.00520250542640751	0.0034752520218792	0.0294203746745437	-0.0391622651487309	-0.0317856977401015	-0.0118059204063917	-0.00550608123166338	-0.0221294088592421	-0.010040847850245
0.0524963226351228	0.0535503191449129	-0.0319579780014429	-0.0308909951281244	0.0167954905422617	0.00161132468492683	0.0209213990512668	0.00523624119371071	0.00345465069841154	0.0293750970251974	-0.039185146350133	-0.0318197101102424	-0.0118316402793396	-0.00554304403207231	-0.022136129749403	-0.0100762013250531
0.0525447113679005	0.0535641297290182	-0.0319106174489102	-0.031036731295941	0.0168310717254665	0.00162377181262038	0.0209492688826345	0.00525192932435027	0.00348484511120261	0.0293161079776118	-0.039171402821261	-0.0318519664714595	-0.0118110347649199	-0.00555737429423622	-0.0221426369010075	-0.0100840719330695
0.0525407844457965	0.0535421649491388	-0.0318970206033612	-0.0311468513559522	0.0168237696899497	0.00160129294261848	0.0209560484461246	0.00524485080627808	0.00352566638149814	0.0293005805001355	-0.0391287487079202	-0.0318525629836396	-0.0117826634162859	-0.00555274049821383	-0.022108789374982	-0.0100657812211849
0.0525669317958572	0.0535580752002388	-0.0318828090848397	-0.0311966105300618	0.0168263806530989	0.0016071896122026	0.0209531832318822	0.00524527129847065	0.00352660096381318	0.0292936249166578	-0.0391264283174489	-0.0318575516136052	-0.0117878308602072	-0.00556070191019201	-0.0220901969145473	-0.0100751284413193
0.0526005725682464	0.0535861056847698	-0.0318693966411825	-0.0312232971159574	0.0168391895996558	0.00162357483787236	0.0209532740358441	0.0052529616955473	0.00351234194783472	0.0292944980316756	-0.0391384521589818	-0.0318655297893917	-0.0118020451726967	-0.00557310573138067	-0.0220999855816347	-0.0100907062102206
0.0525533195834839	0.0535513920286467	-0.0319030821170607	-0.0312076969953116	0.0167859463473792	0.00157616539089863	0.0209219801966226	0.00521380004227758	0.00353270299004948	0.029344050452149	-0.0390999415002694	-0.0318222135056214	-0.0117861768311175	-0.0055425969971832	-0.0220572727949646	-0.0100603762899788
0.0525875051796442	0.0535882151306528	-0.031898579637537	-0.0311637436868243	0.0168153039667373	0.00162007399589705	0.0209418159728427	0.00525051138556139	0.00348995388179467	0.0293342478152213	-0.0391496420010498	-0.0318454718927112	-0.0118180406398226	-0.00556779998604059	-0.0220926011240603	-0.0100917483603058
0.0525486969633337	0.0535716245483309	-0.0319335210020567	-0.0310905026081804	0.0167800496777951	0.00159995183795116	0.0209257618323877	0.00523392080323944	0.00348125346526544	0.029376352913839	-0.0391470100831402	-0.0318184765733453	-0.0118200802365041	-0.0055446044632321	-0.0220887622119501	-0.0100746548637336
0.0525448356994791	0.0535818225317386	-0.0319431937194698	-0.0310302367171927	0.0167841232832221	0.00161057450450355	0.0209224593621444	0.00524259886802421	0.00345951080584654	0.0293932117170944	-0.0391736924780837	-0.0318164146249193	-0.0118326139772074	-0.0055494939073317	-0.0221082249934346	-0.0100852663544138
0.0525269584948669	0.0535943213478412	-0.0319791758370907	-0.0309149869318291	0.0167717669594904	0.00162419090782891	0.0209213459658737	0.00525503062889345	0.00342346163299222	0.0294125054635114	-0.0391935589879524	-0.0318107107391311	-0.0118630528622035	-0.00555011556522436	-0.0221256104596687	-0.0100923700181985
0.0524766279542897	0.0535705670314213	-0.0320237843310874	-0.0308126327060321	0.0167424917621901	0.00160499634727792	0.0209146013269843	0.00524665431265882	0.00340989971204396	0.0294672951771075	-0.0392074114815785	-0.031787191116028	-0.0118610803207553	-0.00552230440718585	-0.0221434639155524	-0.0100752653457541
0.0524648094694089	0.0535724501658917	-0.0320366533479575	-0.0307343289572691	0.0167463865536614	0.00161568606906367	0.0209124611474527	0.00525189020879748	0.00338569836073498	0.0294736263087244	-0.0392319704607988	-0.0317832739728122	-0.0118758045324152	-0.00552283526111666	-0.0221627702348256	-0.0100753715165402
0.0524300874313816	0.053545417127957	-0.0320504094496857	-0.0307077848637444	0.0167311775885436	0.00158979297009623	0.0209039130021826	0.0052281652290422	0.00340826384374664	0.0294832948351854	-0.0392120424836329	-0.0317660058532364	-0.0118541778226707	-0.00550686354271931	-0.0221579073334226	-0.0100649206790233
0.052440756198407	0.053554253051937	-0.0320289000865996	-0.0307115106201483	0.0167548327190975	0.00161233051342732	0.020915028804097	0.0052498981095729	0.00340494041874294	0.0294550268633696	-0.0392326885105894	-0.0317872777290377	-0.0118484934946589	-0.00551704895327079	-0.0221881422587505	-0.010073005025596
0.0524408022988799	0.0535457160825391	-0.0320208744133561	-0.0307345762234421	0.0167588574300834	0.00160801802373147	0.0209169971545931	0.00524100351226372	0.00341569300480997	0.0294421089520584	-0.0392144927936188	-0.03178886330591	-0.0118494755744309	-0.0055182321987429	-0.0221760038645272	-0.0100666780849311
0.0524793031787042	0.0535665814359881	-0.0319899060714133	-0.0307856387836503	0.016788685833059	0.00162012149335402	0.0209261501939476	0.00524921777835104	0.00341266434343628	0.0294091066013702	-0.0392119335188786	-0.0318063088424574	-0.0118637024597767	-0.0055459595377397	-0.0221605699849808	-0.0100878116593136
0.0524624513603689	0.0535357150738794	-0.0319836461859818	-0.0308664165911277	0.0167749632589475	0.00159336785222505	0.0209234917333414	0.00523272358792705	0.00346798630794719	0.0293896396289336	-0.0391743141359763	-0.0318084085094522	-0.0118105262627335	-0.00552655682656847	-0.0221478280936573	-0.0100626421980729
0.0524946252995283	0.0535436820737937	-0.0319460631246642	-0.0309601723802295	0.0168051255411059	0.00160289947425121	0.0209422546258276	0.00524098116051926	0.00347273465665992	0.029369577541301	-0.0391762266071113	-0.0318254307598389	-0.0118083707163776	-0.00553725353327436	-0.0221490029572252	-0.0100693602942658
0.0525352188614272	0.0535529831934551	-0.0319098505046786	-0.0310669885730134	0.0168226968062159	0.00160567388453172	0.0209563390188025	0.00524250387311028	0.00349681027940634	0.0293146397473979	-0.0391472336005847	-0.0318400236550002	-0.0118085914398541	-0.00556141297506249	-0.0221138632209734	-0.0100789016951801
0.0525563328780333	0.0535574675121865	-0.0318910387177514	-0.0311488713948573	0.0168296845203262	0.00160177629909233	0.0209553918636312	0.00523780162487049	0.00351812546171253	0.0292910726268378	-0.0391247784793113	-0.0318498668044647	-0.0117960828448633	-0.00556794806634761	-0.0220906257886441	-0.0100784406904508
0.0525522411118139	0.0535496206528986	-0.0318894754926235	-0.0311998347691995	0.0168187307685591	0.00159261068688162	0.0209508530625228	0.00523256991968392	0.00353770419287135	0.0293020459363813	-0.0391152356814129	-0.0318488623729482	-0.0117761017823043	-0.00555554424515894	-0.022083653441358	-0.0100676685466073
0.0525719078529665	0.0535656664114495	-0.0318766036817853	-0.031220579982022	0.0168329883875535	0.00160552720120873	0.020955186506979	0.00524157487873135	0.00352726313424267	0.0293041442063921	-0.0391268390307533	-0.0318541178268633	-0.0117862075647661	-0.00556743816717722	-0.0220895347441178	-0.0100829375820384
0.0525604120713964	0.0535638489352285	-0.0319012646408397	-0.0311852041554694	0.0168068298616206	0.00158938225679186	0.0209434225044754	0.00522672633549289	0.00351395686137162	0.0293344014834644	-0.0391199616783812	-0.0318350364220186	-0.0117996702998484	-0.00556035964910503	-0.0220605962199683	-0.0100768872442111
0.0525667473939654	0.053579192010813	-0.0319094132486776	-0.0311555559634335	0.0168185072511145	0.00161835989649414	0.0209486402398217	0.00525074188792609	0.00349150313708223	0.0293417873380229	-0.0391503726236966	-0.0318452413903465	-0.0118059637128966	-0.00556012635277228	-0.022098427944443	-0.0100903779189739
0.0525118570975193	0.0535508779385242	-0.0319543123153522	-0.0310651822726646	0.0167657627221361	0.0015774841438215	0.0209245059437461	0.00521938797839141	0.00347780710566725	0.029404042534267	-0.0391388111838771	-0.0317976712902095	-0.0118164857965989	-0.00553162229065565	-0.0220662805479801	-0.0100613597667348
0.0525262725757089	0.0535760222540524	-0.0319593652065832	-0.0309872207849885	0.0167824357265157	0.00160736702917421	0.0209300701311314	0.00524220771249624	0.00344273582163284	0.0293942287214671	-0.0391799621424034	-0.0318103237745552	-0.0118405600223613	-0.00554997446983748	-0.0220906006429315	-0.0100833329285184
0.0525049769511791	0.0535835380281255	-0.0319952565202423	-0.030869868538662	0.0167663257066996	0.00161915198643827	0.020922342015486	0.00525135516391458	0.00340948201381945	0.0294341992284893	-0.0392071362757249	-0.0318035232563047	-0.0118633308620251	-0.00553966472770748	-0.022126067273446	-0.0100865236400394
0.0524655470769759	0.0535683597966563	-0.0320302831007878	-0.0307748973734554	0.0167413350594145	0.00160833234513787	0.0209024475659367	0.00524328478718218	0.00339629308760679	0.029477582567493	-0.039217888861792	-0.0317789153826434	-0.0118640698665762	-0.0055183649122256	-0.0221457829090396	-0.0100729798798835
0.0524376255571992	0.0535538716752972	-0.0320434748209685	-0.0307121155142326	0.016732770150336	0.00159905218023684	0.0208925192004465	0.00523217177923581	0.00339233263788612	0.0294911905889142	-0.0392186083085666	-0.0317667825763562	-0.0118633364499612	-0.00550985308854021	-0.0221515091465723	-0.0100658538643544
0.0524653375293717	0.0535784767549904	-0.032026759907068	-0.0306936348125201	0.0167723285470699	0.00163523546355789	0.0209203205795968	0.00526504700437748	0.00337252480134663	0.0294509979614315	-0.0392487202993	-0.031799219148513	-0.011879769173088	-0.00553585235829382	-0.022185420933863	-0.0100908920090964
0.0524334709266986	0.053542273913893	-0.0320285410617043	-0.0307263507814826	0.0167612267149957	0.00161351655286748	0.02091733243076	0.00525276052984721	0.00341115560068555	0.0294489262341173	-0.0392277026745919	-0.0317939148001569	-0.0118380538330142	-0.00551054319865027	-0.0221939523153248	-0.0100616042389398
0.0524247914649298	0.053530934594534	-0.0320145111511065	-0.030745714377101	0.0167618455789203	0.00160012087301861	0.0209198064894744	0.00523862724243131	0.00342442555197186	0.029438011597903	-0.0392080177726469	-0.0317927371426209	-0.0118347751114994	-0.00551484171850583	-0.0221702888028668	-0.0100576773168358
0.0524540568833419	0.0535421398034262	-0.0319928453258092	-0.0308067723580327	0.0167800021803382	0.00160236303238428	0.0209233897535073	0.00524185287855302	0.00343178626081779	0.029408067245253	-0.0391925657323081	-0.0318002850473267	-0.0118410936702602	-0.00554192504786552	-0.0221318144657391	-0.0100763563902803
0.0524689501300693	0.0535418785674129	-0.0319704195412003	-0.0308774639408247	0.0167948507235766	0.00161041664530833	0.0209326950641209	0.00524934769786569	0.00346053758910746	0.0293728031774227	-0.0391884907298971	-0.0318251332022408	-0.0118106659611363	-0.00553641953380937	-0.0221529745828181	-0.010069912102957
0.0524938052699036	0.0535402245383232	-0.0319338967907604	-0.0309912790235912	0.0168127097673964	0.00160368877022728	0.0209411216717805	0.00524628550887531	0.00348114589749526	0.0293514125579789	-0.0391666977790532	-0.031829558847643	-0.0117986407226194	-0.00554484614146902	-0.0221346908558537	-0.0100707838209908
0.0525232564871915	0.0535444406361211	-0.0319019421780935	-0.0310940830782453	0.0168273864815994	0.00160321100168955	0.0209525126795486	0.00524761823163846	0.00350934541709368	0.0293054266377302	-0.0391394146809774	-0.0318486332675676	-0.0117916753602535	-0.00555956197122479	-0.0221037867751761	-0.0100741002610743
0.0525429288162802	0.0535464327353457	-0.0318850191135727	-0.0311612472763654	0.0168291774151239	0.00159608358917637	0.0209554659037847	0.00524116137145893	0.00352425682461343	0.029291325480947	-0.039121619898423	-0.0318521844009679	-0.0117870681069277	-0.00556686819769361	-0.0220771854053063	-0.0100756397374737
0.0525768433975391	0.0535719654124338	-0.0318725175035021	-0.0311936056174166	0.0168406284932051	0.00161280967894908	0.0209553387782381	0.00525422177514097	0.00351257384718344	0.0292840681489191	-0.0391287431199841	-0.0318615427969745	-0.011800092189025	-0.00558246273040328	-0.0220803970715877	-0.0100890885027156
0.0525451877394542	0.0535477975887415	-0.031895098353338	-0.0312001379147336	0.0168012391315388	0.00157659426499537	0.0209365577249596	0.00522609769268008	0.00353655168104788	0.0293187971718666	-0.0391019713180627	-0.0318322228961853	-0.0117796906342734	-0.00555631677732668	-0.0220580509150685	-0.0100653341862958
0.0525781411957015	0.0535830085711787	-0.031889056397415	-0.03117011253701	0.0168215862039132	0.00161448745676725	0.0209474053059405	0.00525290441920214	0.00349751016840459	0.0293169489619969	-0.0391440303162075	-0.0318493596992624	-0.0118089644345897	-0.00557705221126106	-0.0220800827501813	-0.0100933339371781
0.0525575831787387	0.0535755710282112	-0.031916990490048	-0.0311190332129935	0.0168024363468511	0.00160870394288944	0.0209373526088718	0.00524611507682384	0.0034854681660793	0.0293462576869139	-0.0391480480422733	-0.0318322550268179	-0.0118128033466999	-0.00555784647483784	-0.0220937117263629	-0.0100787997153461
0.0525369259759099	0.0535716776337239	-0.0319448226028469	-0.0310349948447937	0.0167835002283454	0.00159754623145416	0.0209248314410247	0.00523837718229022	0.00345911126841441	0.0293888559208937	-0.0391565905996073	-0.0318115167989155	-0.01183627686933	-0.00555393911051025	-0.0220841046671992	-0.0100785803888536
0.0525059953525359	0.0535627187751494	-0.031970992304652	-0.0309619898564505	0.0167628290556763	0.0015946223438826	0.0209192700476074	0.00523592268135222	0.00345793081691036	0.0294051545335537	-0.039167672873905	-0.0318062599480164	-0.0118263708555842	-0.00553871338158409	-0.0221027641828673	-0.0100696802036083
0.0524833111258818	0.0535671919180086	-0.0320056347145897	-0.0308369067005106	0.0167557239949076	0.00160662802462316	0.0209151377688513	0.00524721310627021	0.00340746337189834	0.0294476703454757	-0.0392044163478215	-0.0317900297875738	-0.0118608120998218	-0.0055343296457028	-0.0221203969152745	-0.010077813444622
0.0524551730735806	0.0535594833601395	-0.0320276260371656	-0.0307557670741698	0.0167466072771379	0.00160996122851505	0.0209068927691153	0.0052471488450049	0.00339336221511509	0.0294724165205558	-0.0392242842546742	-0.0317801922260454	-0.011858417669197	-0.00552035701145018	-0.0221530723717001	-0.0100713286447619
0.0524265810014702	0.0535385132328884	-0.0320378226235894	-0.0307142864274128	0.0167386011616708	0.00159498136877791	0.0209030887816058	0.00523558880216942	0.00339957180912158	0.0294838787745093	-0.039220198076391	-0.0317705404633928	-0.011851738688557	-0.0055074418941071	-0.0221578374842212	-0.0100609392745422
0.0524362299701548	0.0535453235300271	-0.0320347674195191	-0.0306983119150474	0.0167589119124606	0.00161120175033232	0.0209112401834119	0.00524919402962256	0.00339357455668742	0.0294597319055774	-0.0392319397271502	-0.0317846737508087	-0.0118571771473798	-0.00551945176579974	-0.0221701155768473	-0.0100689705357218
0.0524166470480439	0.0535248688898824	-0.03202685769595	-0.0307175595609915	0.0167557798742688	0.00159646915676822	0.0209137631365672	0.005237188348882	0.00341721990835308	0.029448128556237	-0.0392129882418201	-0.0317847436000101	-0.0118356105079485	-0.00551029034454112	-0.0221643516207459	-0.0100576633469955
0.052447826334575	0.0535429277024183	-0.0319912974675056	-0.0307555589235495	0.0167856180561326	0.0016165172745606	0.0209309502310694	0.00525319080092797	0.00341308343864482	0.0294095927518121	-0.0392210362668081	-0.031808795474028	-0.0118422950765246	-0.00553400694239223	-0.0221692480497656	-0.0100774683895669
0.0524543502499879	0.053532799568212	-0.0319822031014804	-0.0308269308375634	0.0167852799859977	0.00160404220718648	0.020927348806244	0.00524073808529831	0.00344046153163451	0.0293869476407108	-0.0391856115458145	-0.0318086865092738	-0.0118300714662756	-0.00553997765212985	-0.0221316328578154	-0.0100668541049187
0.0524962164643367	0.0535557785584961	-0.0319491211227025	-0.0309046464560505	0.0168200383456097	0.00162308729044643	0.0209404706772233	0.00526103486624776	0.00344721315544404	0.029355589540224	-0.0391962272274467	-0.0318336073073575	-0.0118239009878219	-0.00555454959253068	-0.0221557936965875	-0.0100815825075308
0.0524913395930933	0.0535246830910067	-0.0319274217697885	-0.0310297757124633	0.0168090147446412	0.00158441458158667	0.0209375160560031	0.0052287100528133	0.00350800570941039	0.0293354464275177	-0.0391399944293492	-0.0318263248296171	-0.0117817944922202	-0.00554337791125512	-0.0221133072213301	-0.0100571338900487
0.0525531882669852	0.0535595755610854	-0.0318813534274821	-0.0311396331394772	0.0168499198339784	0.00161640132488624	0.0209572987468301	0.00525515356348795	0.0035131703593636	0.0292784285243962	-0.0391438375324115	-0.0318684341191869	-0.0117830671446701	-0.00556899161341687	-0.0221198101819825	-0.010078009022386
0.0525409297321355	0.0535421984767554	-0.0318838442500048	-0.0312007078842172	0.0168288323600688	0.0015949562230654	0.0209552773109409	0.00524656071472892	0.0035363169877311	0.0292884993822574	-0.0391119290202175	-0.0318526859182341	-0.0117724598449421	-0.00555977012184503	-0.0220823807889081	-0.0100697933593146
0.0525733607163561	0.0535683486207841	-0.0318776989172636	-0.0312067889556931	0.0168357823556104	0.00160364965467449	0.0209559017628016	0.00525380128294841	0.00350942644216733	0.0292893249998182	-0.039124223876652	-0.0318518826524177	-0.011804267774286	-0.00557953046092755	-0.022061460953082	-0.0100837422448387
0.0525504725300339	0.0535545575944552	-0.031892741641282	-0.0312121310226179	0.0168141011634888	0.00158735523296657	0.0209458434777967	0.00524101608511997	0.00352750900343168	0.0293113414681067	-0.0391161996003925	-0.0318417126086906	-0.0117786303233958	-0.00555706695774996	-0.022067205351407	-0.0100665090498637
0.0525531184177838	0.0535684240579217	-0.0319096311781861	-0.0311500518463614	0.0168078510569454	0.00159489615275218	0.0209399733509092	0.00524395254554779	0.00349016762035103	0.029329521818253	-0.0391288646575945	-0.0318274214620795	-0.0118175363285883	-0.00556691569515058	-0.0220497626088277	-0.0100777212436761
0.052542965137865	0.0535712571415314	-0.0319302674262544	-0.0310811693578862	0.0167979212944712	0.00160333952422017	0.0209364585390936	0.00524870787918065	0.00347178889847265	0.029354997218996	-0.0391547982690988	-0.0318242754540474	-0.0118234874805495	-0.00555435960270281	-0.0220831840547245	-0.0100758939885669
0.0525137276591334	0.0535592752095193	-0.0319496030821923	-0.0310302758327455	0.0167791220804002	0.00159544796144342	0.0209212803076244	0.00524092807512618	0.00346856885028706	0.0293916750346631	-0.0391636509568871	-0.0318094352927131	-0.0118212760548325	-0.00553694899075616	-0.022093668419858	-0.0100651665482124
0.0524943794303393	0.053562502242625	-0.0319865197821283	-0.0309133007721067	0.0167619196190738	0.00160263125331774	0.0209142255382807	0.00524860310537852	0.00343694951378697	0.0294121799662328	-0.0391820827641586	-0.0318017602624607	-0.0118450275772843	-0.00553685120187417	-0.0220986891804563	-0.0100691591285657
0.0524670558197267	0.0535590279433463	-0.0320228511457564	-0.0307983555292613	0.0167439166858991	0.00159982750637263	0.0209032410528649	0.00524278187293194	0.00340365798740482	0.0294594888303565	-0.0392081099735928	-0.0317818769887837	-0.0118622258476586	-0.00552481339050095	-0.0221183014392318	-0.0100624633841173
0.0524229670037886	0.0535305629967824	-0.0320434929817609	-0.0307282716345217	0.0167274769778522	0.00158522064137109	0.0208948703245664	0.00523423233067779	0.0034139956692154	0.0294840869251295	-0.0392150501902461	-0.031768588876705	-0.011841919287821	-0.00550475269985232	-0.0221441959351833	-0.0100471412632932
0.0524254857659919	0.0535384014741661	-0.0320401472050127	-0.0306880231276778	0.0167404787082051	0.00159352850538832	0.0209049216246511	0.00524090851734978	0.00339773896607625	0.0294688807539798	-0.0392288705532397	-0.0317742061494835	-0.011855471429881	-0.00551738842038971	-0.0221512213678624	-0.0100550160622616
0.0524408414144327	0.0535495326429048	-0.0320320782252643	-0.0306845362555428	0.0167604164642592	0.00161626022949937	0.0209112695200765	0.00525695706986869	0.00338535609964801	0.0294459031606797	-0.0392374536231105	-0.031786700774634	-0.0118659991015195	-0.00553164883335219	-0.0221562505103648	-0.0100718692775809
0.0524346653480429	0.0535349523205998	-0.0320222951461131	-0.0307179143949347	0.0167657515462639	0.00160720078807482	0.0209145258898468	0.00524861288426672	0.00340953370222851	0.0294335133093313	-0.039221523814234	-0.0317921392334568	-0.0118445260600181	-0.00552758780078147	-0.0221618007279099	-0.0100609686112068
0.0524630814001657	0.0535447940730803	-0.0319888723032322	-0.0307772512915434	0.0167933182320974	0.00162240695922457	0.0209306708342637	0.00526305909610499	0.00341794494306384	0.029399769160124	-0.039221717995014	-0.031817188554071	-0.0118451672756871	-0.00554673626085952	-0.0221643418418577	-0.0100737691758596
0.0524424870616182	0.0535137167663833	-0.0319916746531933	-0.0308429738021462	0.0167701534429375	0.00158779807690359	0.0209184360481424	0.00523173592021893	0.00346284121577039	0.0293889425339034	-0.0391718372832939	-0.0317986896915662	-0.0118129220903423	-0.0055305396280336	-0.0221192667551955	-0.0100482071621069
0.0524842331353406	0.0535325299502945	-0.0319561423644295	-0.0309189990699588	0.0167978402693975	0.00160144800784564	0.020927056836582	0.00525068321459689	0.00346290128608361	0.0293629181184373	-0.0391765381345496	-0.031818120342418	-0.0118204616131439	-0.00554545522650543	-0.0221228053157396	-0.0100610887518333
0.0525124228760508	0.0535300978011009	-0.0319216270800384	-0.0310372132554309	0.0168111884517894	0.00159239974229333	0.0209309725828138	0.00524199257695586	0.00350497146010058	0.0293179058960564	-0.039142045201903	-0.0318304990178942	-0.0117965634073691	-0.00555758803279258	-0.0220969178047082	-0.0100594975870249
0.0525422456910903	0.0535400946188086	-0.0318856351835293	-0.0311416350175899	0.0168309976853129	0.00160440821700194	0.0209422434499554	0.00525134119407429	0.00352936280123744	0.0292863284690772	-0.039132227198151	-0.0318561755843372	-0.0117771118017568	-0.00556296921527019	-0.0221030812982418	-0.0100681868276819
0.0525625578388641	0.0535520472141561	-0.0318838749836534	-0.0311716366465851	0.0168280640188532	0.00159821119585171	0.0209400473910627	0.00524715582992504	0.00351786841665129	0.029289608587576	-0.0391187323324361	-0.031850325015226	-0.0117991338579814	-0.00557111083818804	-0.0220674358537717	-0.0100733109650983
0.0525719888780402	0.0535598912794758	-0.031880367156758	-0.0311989965787824	0.0168320635841267	0.00160382008672596	0.0209445386947141	0.0052477579300413	0.00352220325809159	0.0292961786034618	-0.0391275403167355	-0.0318539473948118	-0.0117938825950185	-0.00556708892117011	-0.0220818541259294	-0.0100747652254719
0.0525393008487583	0.0535408601660562	-0.0319041815434911	-0.0311785098080051	0.0168002919763675	0.0015774352493805	0.020931229627875	0.00522637988345383	0.00352755789787267	0.0293320880779133	-0.0391135802553392	-0.0318308007664443	-0.0117886397139597	-0.00554452343815845	-0.0220637589918088	-0.0100511492104708
0.0525983150420564	0.0535989802895761	-0.0319044888799773	-0.0311296209549452	0.0168397260415227	0.00163729880896792	0.0209502789020871	0.00527254182369015	0.00346569385715649	0.0293121559097953	-0.0391654083627949	-0.0318500400304842	-0.0118461451645071	-0.00558906487692176	-0.0220863957210059	-0.0101038266842159
0.0525162352454645	0.0535419567985185	-0.0319497106499625	-0.0310780373196944	0.0167707890706705	0.0015830022307339	0.0209161212456073	0.00522810236476092	0.00349852437880925	0.0293867841935795	-0.0391382998877227	-0.031806435968004	-0.0118007976659593	-0.00552655123863235	-0.0220906914468934	-0.0100509913512756
0.0525222143371063	0.0535600281839106	-0.0319561814799823	-0.0310020749161631	0.0167808138280587	0.00160201238939314	0.0209236426076165	0.00524018348263901	0.00346183399028587	0.0293895669857641	-0.0391690894157099	-0.0318064471438762	-0.011831363676502	-0.00554721542638129	-0.022095530599568	-0.0100723931465916
0.0525051222375181	0.0535720380556033	-0.0319988439752274	-0.0308614084033857	0.0167613524435583	0.00160868019416096	0.0209171675866446	0.0052420680140934	0.00341255537868206	0.0294230345321339	-0.0391940493293463	-0.0317913080279598	-0.0118743390961694	-0.00554705197924995	-0.0220967976640818	-0.0100782199669743
0.0524740589006613	0.0535660086725365	-0.0320175915008892	-0.0307749015644075	0.0167548760256023	0.00161501132577792	0.0209061314128198	0.00524522519799771	0.00340225681242428	0.0294575288617645	-0.039226185549937	-0.0317882178992889	-0.0118650575342843	-0.00552827092597138	-0.0221480446261817	-0.0100728276086244
0.0524475902442742	0.0535554991616904	-0.0320414450031751	-0.0307044083533476	0.0167403655524988	0.00160166314338602	0.0208905704077268	0.00523299460282857	0.00339228374344512	0.0294798540635233	-0.0392210488396643	-0.0317679714097645	-0.0118745388648854	-0.00552262012557628	-0.0221432878955648	-0.0100655004273952
0.0524532913360943	0.0535628766343447	-0.0320293736641852	-0.0306882689968668	0.016763255135805	0.00162620675578198	0.0209070003368855	0.00525458778495643	0.003387859495027	0.0294514016898157	-0.0392402475911674	-0.0317897629636244	-0.0118721011277558	-0.0055320958682413	-0.0221793845658761	-0.0100752443909936
0.0524127117440357	0.0535257168591877	-0.0320382137791173	-0.0306879672483167	0.0167382100061429	0.00158719178583524	0.0208996577888319	0.00522234539357965	0.00341102707815493	0.0294620969995376	-0.0392060829497675	-0.031763577894995	-0.0118537615214302	-0.00551149873572573	-0.0221488409070779	-0.0100490146188753
0.0524646474192616	0.0535641297290182	-0.0320001361854537	-0.0307192024142089	0.0167909726959136	0.00163242193772458	0.0209287946847134	0.00526060180119893	0.00339724862468226	0.0294055596589219	-0.039235418217381	-0.0318080229418603	-0.0118698645563262	-0.0055490817970433	-0.0221775056223578	-0.0100851448168033
0.0524564443290465	0.0535420238537519	-0.0319892508859039	-0.030800205136115	0.0167834401580322	0.00161089720781412	0.0209203010218204	0.00524609551904744	0.00343676650887924	0.0294001728885082	-0.0391997448332304	-0.0318073300377822	-0.0118432212769355	-0.00553790592481565	-0.0221574784593258	-0.0100610049327916
0.052477576506445	0.0535465263332756	-0.0319659729410378	-0.0308714303668058	0.0168014877946958	0.00162378159150858	0.0209329395363259	0.00526213149871009	0.00345371891006457	0.0293664985885022	-0.0391941918217172	-0.0318252240062027	-0.0118293981199739	-0.00554706036115413	-0.0221566193141483	-0.0100747638284879
0.052497853729618	0.0535442282945488	-0.0319408900928068	-0.0309682986363231	0.0168097844828408	0.00160896657588679	0.0209360059162683	0.0052573747680932	0.00346662005756736	0.029351415351947	-0.039169533656631	-0.0318211517977597	-0.0118261752778203	-0.00555306878946052	-0.0221244733146695	-0.0100686576112995
0.0525387895526039	0.0535578279340658	-0.0319004907116879	-0.0310779018122437	0.0168327271515402	0.0016165759478898	0.0209477280092511	0.00526464886392937	0.00349671528449241	0.0292942270167741	-0.0391482450170213	-0.031845907751728	-0.0118124191760921	-0.00557375672593793	-0.0221115442274862	-0.0100789743383496
0.0525492836966257	0.053552877022669	-0.0318880966693874	-0.0311561440937095	0.0168263680802426	0.00160366781546686	0.0209436264641436	0.00524856678379378	0.00352077693739854	0.029286370378598	-0.0391195789047574	-0.0318463212590005	-0.011797834662835	-0.00557072806456424	-0.0220826769495221	-0.010070156575162
0.0525596898306536	0.0535602880229399	-0.0318877488203643	-0.0311842276636335	0.0168226702635193	0.00159587962950821	0.0209404427375427	0.00524118092923533	0.00352014130966559	0.0292946530969027	-0.0391160124045327	-0.0318404748808414	-0.0117992302498794	-0.00557192248590857	-0.022064850036335	-0.0100704792784726
0.052561670754006	0.0535604137515025	-0.0318866619667902	-0.0311997258044452	0.016816224579212	0.00159265259640248	0.0209373051114148	0.00523683630890683	0.00352943125345483	0.0293032501366139	-0.0391185688853048	-0.0318394103790117	-0.0117893144572454	-0.0055652476962206	-0.0220703122438863	-0.0100685430586091
0.0525577759625347	0.0535640291461681	-0.0319043701363349	-0.0311648626710311	0.0167994998864233	0.00158652263048561	0.0209305045931643	0.00523526609885884	0.00351149956646556	0.0293270715082671	-0.0391219719383981	-0.031824552056885	-0.0118037369203552	-0.00556386747600049	-0.0220579573171386	-0.0100708508762241
0.0525605936793201	0.0535784474183258	-0.0319168857162459	-0.0311201130816475	0.0168081290567671	0.00161341317604937	0.0209322494262158	0.00525424412688543	0.00349118322773971	0.0293355442163997	-0.0391549393644857	-0.0318345195379281	-0.0118131232560424	-0.00556201088422667	-0.0220960879961953	-0.0100761244909316
0.0525246199436033	0.0535626349561077	-0.0319512501263619	-0.0310457362549885	0.0167713283065055	0.00158644719334807	0.0209107819726505	0.00523067560934133	0.00347516959982152	0.0293890892172264	-0.0391501882218049	-0.0317983641942876	-0.0118273263926597	-0.00554096531983797	-0.0220775681789301	-0.0100593481097338
0.0525248672097763	0.0535805848038894	-0.031966671433052	-0.030959166551729	0.0167759118111028	0.00161128137842195	0.0209163489540039	0.00525150883215771	0.00344787951682561	0.0293839497129857	-0.03918038403158	-0.0318099633526758	-0.0118440664522727	-0.00555285505090417	-0.0221070487328826	-0.0100721766140672
0.0524795015504362	0.0535664445315533	-0.0320142946185821	-0.0308393528195444	0.0167442477711138	0.00159825869330868	0.0208982747746438	0.00523949197554493	0.00341807067162641	0.0294485099328768	-0.0391937196411156	-0.0317763379471109	-0.0118617383002327	-0.00552732097683203	-0.0221108401475358	-0.0100691954501504
0.0524628369279607	0.0535703658657212	-0.032030489854424	-0.0307510312983133	0.0167436317011573	0.00160977962059135	0.0208935459837074	0.00524748132720367	0.00339490169151445	0.0294702232556311	-0.0392262092986654	-0.0317739588833104	-0.0118716079923937	-0.00552223735195248	-0.0221478895609545	-0.0100693421334734
0.0524467436719529	0.0535611792987501	-0.0320347590376149	-0.0307093005914152	0.0167439446255797	0.00160951139965789	0.0208999832861106	0.00524714605103684	0.00339159363333507	0.0294727266510101	-0.0392329595254909	-0.031772908351321	-0.0118710044952934	-0.00552031510192932	-0.0221666426745525	-0.0100649388398157
0.0524190791972374	0.0535384545595592	-0.0320514935092918	-0.0306831644172268	0.0167314346336048	0.00159139111982478	0.0208962128262177	0.00523336200962806	0.00340257532478276	0.02947213013883	-0.0392151158484955	-0.0317588644708829	-0.0118640461178477	-0.00551371435239487	-0.0221464073609003	-0.0100518337326448
0.0524400381486163	0.0535504281096671	-0.0320313392207133	-0.0306907933470062	0.0167577356519086	0.00160843851592404	0.0209063535332803	0.00524772719639268	0.00339823210143829	0.029439534310494	-0.0392246893800425	-0.0317776245694011	-0.0118659082975576	-0.00552974753808946	-0.0221620829186836	-0.0100663022962275
0.0524359128547803	0.0535360433651261	-0.0320105199677372	-0.0307396668332418	0.016761388765143	0.00159727242258458	0.0209085761348696	0.00523776809725381	0.00342705327892938	0.0294230037984853	-0.0392066417433789	-0.031785817880728	-0.0118445973062035	-0.00552591561089941	-0.022157289866482	-0.0100565695085012
0.0524873232640115	0.0535632691868567	-0.0319783767622264	-0.030814342614483	0.0168016680056355	0.00162796276470575	0.0209250507675172	0.00526101530847136	0.0034259594404351	0.0293697409884323	-0.0392064168289503	-0.0318151643242138	-0.0118561741128473	-0.00555718430440835	-0.02215228167874	-0.0100820491001963
0.0524711685407065	0.0535360950535351	-0.0319739678806326	-0.0308823310331799	0.0167856473927972	0.00160094509359539	0.0209207648205179	0.005239250297308	0.00346230896485554	0.0293693889484571	-0.0391710954847748	-0.0318060392245399	-0.0118277147542196	-0.00553677157378454	-0.0221334335702281	-0.0100542155904133
0.0524919766178103	0.0535270635517911	-0.0319389664457996	-0.0309919900884617	0.0167957489843069	0.00158713031853799	0.0209210539962118	0.00522838595251869	0.00349670690258823	0.0293413361121817	-0.0391434030703787	-0.0318094380866811	-0.0118058561451264	-0.005544059639461	-0.0221031930569641	-0.0100524959030743
0.0525774441006713	0.0535799645429807	-0.0318823774167749	-0.0310971159305711	0.0168567636587338	0.00164322760918469	0.0209510220975902	0.00527529667619427	0.00349413086403976	0.0292661169041535	-0.0391642404841471	-0.0318703745300024	-0.0118179987303017	-0.00558807581222961	-0.0221346922528377	-0.0100890912966837
0.0525379918747237	0.0535378524594429	-0.0318986955872113	-0.0311822551221854	0.0168105835577051	0.00159000670865258	0.0209317982003746	0.00523003299668824	0.00354556083104739	0.0292977208738292	-0.0391046074269244	-0.0318331379207239	-0.0117802703826452	-0.00554692764767142	-0.0220831058236189	-0.0100525475914833
0.0525710598836613	0.0535652431252889	-0.0318873087703954	-0.0311922365730687	0.0168266418891122	0.00160452276969227	0.020938446447366	0.00524065985419271	0.00351877086833368	0.0292938190974377	-0.0391194392063545	-0.0318348045226699	-0.0118063897930252	-0.00557121421500614	-0.0220738424225262	-0.0100739284320388
0.0525705443965548	0.0535669404608834	-0.031894015690716	-0.0311897569264182	0.0168147046605891	0.00160145918371787	0.0209316724718121	0.00524313950084323	0.00352011057601697	0.0293061111599041	-0.0391187924027494	-0.031834761216165	-0.0118039548498636	-0.00556627587646555	-0.0220746484823106	-0.0100724769656333
0.0525611594578516	0.0535682843595188	-0.0319135706731463	-0.0311575899721789	0.0168000000067055	0.00160456887016521	0.0209268025854889	0.00524548922797909	0.00350598706748927	0.0293287115675165	-0.0391306583850871	-0.0318255047999924	-0.0118142562100895	-0.00555617009400369	-0.0220768361592992	-0.0100664168489178
0.0525754492074787	0.0535939511470736	-0.0319209844673854	-0.0310886055038697	0.0168055502242506	0.00163307432926587	0.0209262507767976	0.00526290822182992	0.00346336927573314	0.0293407437909536	-0.0391621003046155	-0.0318298340534966	-0.0118482909319748	-0.005566690780722	-0.0221019748868912	-0.0100828160444279
0.0525148550252444	0.0535545911220719	-0.0319591151464421	-0.0310350269754263	0.0167629491963028	0.00159297669669708	0.0209027157868702	0.0052296725748089	0.00347843574848005	0.0294013631189004	-0.039146855017913	-0.0317910747316271	-0.0118273683021806	-0.00552520454602892	-0.0220973913822939	-0.0100555231674639
0.0525067804575599	0.0535721316535332	-0.0319868145457583	-0.0309039395821321	0.0167499125413492	0.00160452696064436	0.020894507108719	0.00524073110037817	0.00343967223565843	0.0294089571240791	-0.0391727662776728	-0.0317853135694937	-0.011862242611467	-0.00553846471842703	-0.0220979110603525	-0.0100697668166181
0.0524991934373013	0.0535849964794512	-0.0320061362318559	-0.0307994102522028	0.0167607210067774	0.00163086988846897	0.0209033486206351	0.00526213429267815	0.00339882581965039	0.0294403515461506	-0.0392227322054186	-0.0317906654153067	-0.0118874204546118	-0.00554222959038372	-0.0221482346160096	-0.0100836123253241
0.05245131320671	0.053556316397347	-0.032040359546585	-0.0307233500597894	0.0167400652009326	0.00160603430641106	0.0209057598150682	0.00524619470491346	0.00339401740062444	0.0294714623804644	-0.0392196504586518	-0.0317657683659516	-0.0118850763154121	-0.00552350162249823	-0.0221484832791666	-0.0100649737644164
0.0524434216439333	0.0535512411543716	-0.0320404727022913	-0.0306754963718946	0.0167420531092051	0.001605049432671	0.0209036126506165	0.00524512042419558	0.00338878569543787	0.0294606650909084	-0.0392225575824151	-0.0317680496408701	-0.011886642334508	-0.0055272357608063	-0.0221545867023869	-0.0100649081061671
0.0524328339019816	0.0535412569095203	-0.0320382305429257	-0.0306730530468289	0.0167491679488621	0.00160519052805787	0.0209040666704257	0.00524436744980424	0.00340247194796466	0.0294490268169673	-0.0392243163853069	-0.0317756869525536	-0.0118673681458674	-0.00551893627869324	-0.0221752327293435	-0.0100555580920646
0.0524425331620912	0.0535436918526819	-0.0320277936752491	-0.0306883206852759	0.0167582190083824	0.00160697727063027	0.020906434558354	0.00524548364004298	0.00340855022547247	0.0294272324691394	-0.0392137454071636	-0.0317786387798058	-0.0118707223045197	-0.00553138759733887	-0.0221619348383766	-0.0100665788990651
0.0524578622678354	0.0535461016501309	-0.0319934655867178	-0.0307655725050655	0.0167793148641962	0.00160932001284599	0.0209129123732939	0.00524780403051424	0.00343572575577804	0.029402864876731	-0.0392040712927665	-0.0318001229971794	-0.0118456925416818	-0.00553461043949252	-0.0221786357824368	-0.0100697346859854
0.0524570785597954	0.0535305210872616	-0.0319864708876873	-0.0308285387661801	0.0167685622781291	0.00159018552260822	0.0209129780315433	0.00522969772052142	0.00346203236201791	0.0293852950086051	-0.0391645101020646	-0.0317914742690592	-0.0118327522786262	-0.0055388363161786	-0.0221352300916886	-0.0100585378589973
0.0524837232361702	0.0535382785395716	-0.0319527854118091	-0.0309072825649122	0.016793888201581	0.00160147455054218	0.0209253622949555	0.00524268548103398	0.0034713544364398	0.0293609106523884	-0.0391694037371163	-0.0318116564973183	-0.011824592494916	-0.00554531692508661	-0.0221420683285079	-0.0100645714330162
0.0525399602252197	0.0535614125950828	-0.0319042150711078	-0.0310258362175031	0.0168385022835138	0.00162214991416334	0.0209492116062893	0.00525985162077565	0.00348898996281504	0.0292907708782877	-0.0391556574142763	-0.0318439100645673	-0.0118252406955052	-0.00558170556505985	-0.0221285008196236	-0.0100857832385043
0.0525530234228698	0.0535557226791349	-0.0318876650013226	-0.0311247105560852	0.0168369474402901	0.00160680404461074	0.0209528870712682	0.00525311117283835	0.00351419015770437	0.0292738603866232	-0.0391217176873049	-0.0318483482828257	-0.0118106799309766	-0.00558124875128255	-0.0220953657554526	-0.0100768104100895
0.052580524450454	0.0535727854420585	-0.0318799899710703	-0.0311715961340482	0.0168433484211085	0.00161669189756416	0.0209586845549863	0.00525792517980041	0.00351395267041953	0.02926555391959	-0.0391206587734114	-0.0318577052818484	-0.0118151195462191	-0.00559290797998405	-0.0220858578821549	-0.0100856309672452
0.0525490112847401	0.0535411828693667	-0.0318901125173405	-0.0312150227795568	0.0168067837611477	0.00158048486551462	0.0209374978952107	0.00522744019433143	0.00355282514799537	0.0293041581762324	-0.0390953761564644	-0.0318352613364472	-0.011775844737243	-0.00555332024658564	-0.0220771379078493	-0.0100573085130523
0.0525616749449581	0.0535603955907101	-0.0318948161625643	-0.0311888363139434	0.0168076680520377	0.0015907345373314	0.0209384492413341	0.00523710872079238	0.00352608268273862	0.0293168665399392	-0.039112686185561	-0.0318333712170567	-0.0118033918653002	-0.00556501998782397	-0.0220683634511666	-0.0100724951264256
0.0524371394067573	0.0535389686496816	-0.0320213410060216	-0.0307205365339561	0.0167636658491094	0.00160524920138707	0.0209060028902892	0.00524411319871106	0.0034221107494367	0.0294270019667747	-0.0392068233513026	-0.0317847477909622	-0.0118538537223761	-0.00552285621587709	-0.022169809637345	-0.0100642836543064
0.052443161804904	0.0535334351959449	-0.0320096189130388	-0.030780272967997	0.0167628262617083	0.00158780226785567	0.0209012070441195	0.00522664391343521	0.00344639452280337	0.029409443274521	-0.03918175726688	-0.0317850732882408	-0.0118400305654145	-0.0055239416724672	-0.0221410555150873	-0.0100491640961664
0.0524767453009481	0.0535509701394701	-0.0319749401815164	-0.0308577552901513	0.0167973038275306	0.0016193741068988	0.0209314601302397	0.0052578804763115	0.00345919089650403	0.0293585595282685	-0.0391905526783231	-0.0318219648424643	-0.011827390653925	-0.00554476232242732	-0.0221658547755605	-0.0100682636618034
0.0524874000981331	0.0535377309218324	-0.0319518578144142	-0.0309545229768184	0.0167995767205449	0.00159504842401128	0.0209329283604536	0.00524600471508559	0.00347498659491379	0.0293561385549472	-0.0391564061977156	-0.0318076443591886	-0.0118323150226253	-0.00554635628120378	-0.02211664321919	-0.010064068518766
0.0525440338306467	0.0535622675493082	-0.0319013261081369	-0.0310739092318904	0.0168400948453063	0.00162182022593262	0.0209582249472409	0.00526700976693746	0.00349831622818902	0.0292808969951745	-0.0391502650559265	-0.03185052059299	-0.0118176131627099	-0.0055754191369318	-0.0221247848421079	-0.0100788262580426
0.0525487765914233	0.0535518781790886	-0.0318891849199456	-0.0311562935710005	0.0168329241262882	0.00160590997483253	0.0209572903649259	0.00525375937342755	0.00352592482354341	0.0292738603866232	-0.0391181190564476	-0.0318463813293137	-0.0118059637128966	-0.00557067637615519	-0.0220946952031189	-0.0100690096512746
0.0525716899234581	0.0535683542087202	-0.0318856281986091	-0.0311860633006469	0.0168384254493922	0.00161159011189223	0.0209594836298506	0.00525693611510826	0.00351776923078528	0.0292735279044244	-0.0391210666927477	-0.0318497536487584	-0.0118143204713548	-0.00557950252124698	-0.0220838294613456	-0.0100776122789219
0.052561180412612	0.053560191631042	-0.0318914661948641	-0.0312092015471103	0.0168196234413533	0.00159171522011938	0.0209524162876506	0.00523951991522549	0.00353502058655269	0.0292931485451041	-0.0391098056044943	-0.0318362797378039	-0.0117979631853656	-0.00556506748528093	-0.0220780221987393	-0.0100650100860012
0.0525649271237763	0.0535734378335998	-0.0319092442136102	-0.0311704296523845	0.0168056452191645	0.00158900227713612	0.0209451435887985	0.00524080793449973	0.00351053704446995	0.0293198952013129	-0.0391142843352895	-0.0318208430642895	-0.01182586654435	-0.00557166963179942	-0.0220562823332885	-0.0100807764477463
0.0525534089904617	0.053573252034724	-0.0319289430853955	-0.0311232074012706	0.0167972116265847	0.00159838302488721	0.0209376711212303	0.00524243262692483	0.00350360101876867	0.0293382837020795	-0.0391357489948868	-0.0318178996189415	-0.0118225654710907	-0.00555757266596826	-0.0220856371586784	-0.0100726697494292
0.052569085945229	0.0536003283791636	-0.0319364672413727	-0.0310547132743553	0.0168124191947185	0.00162425237512617	0.0209388417938461	0.00526181997127175	0.00345812360070629	0.0293556146859365	-0.0391694023401323	-0.0318219592545282	-0.0118614267727943	-0.00557155647609311	-0.0221124285183762	-0.0100925320683458
0.0525149667839666	0.0535682480379341	-0.0319787399780738	-0.030983416797479	0.0167677548213607	0.00159532362986489	0.0209144057492203	0.00523825564467974	0.00347228901875484	0.0293930035664741	-0.0391507442214482	-0.0317938016444506	-0.0118422769157323	-0.00554194600262595	-0.0221055274172756	-0.0100677942751699
0.0524821991265952	0.0535725842763584	-0.0320119546703344	-0.0308358058770962	0.0167437937513046	0.00160160447005683	0.0209037663188596	0.00524263658659298	0.00342315988444207	0.0294409704100752	-0.039186618771299	-0.0317737968331631	-0.0118784643900054	-0.00553559810720064	-0.022122090059917	-0.0100663861152692
0.0524620713807131	0.0535703602777851	-0.0320367092273187	-0.030748265269937	0.0167436708167101	0.00160680125064269	0.020901184692375	0.00525161081199179	0.00339876295536911	0.0294642050484365	-0.0392124238602726	-0.0317643755728752	-0.0118901878799722	-0.00552818850391371	-0.0221438494831442	-0.0100746674365899
0.0524286178041837	0.0535459144542711	-0.0320542707135404	-0.030693876490757	0.0167305796793794	0.00158883743302076	0.0208979506743491	0.00523579276183757	0.00340272619905784	0.0294780030596856	-0.0392091311689176	-0.0317520974802491	-0.0118812625490144	-0.00551284822229722	-0.0221469270389589	-0.0100580084020505
0.0524509430059425	0.0535605953594262	-0.0320368181920729	-0.0306845823560157	0.0167638125324324	0.00162061742268412	0.0209125421725264	0.00525887792290782	0.0033934460341568	0.0294396209235037	-0.0392323141188698	-0.0317810695320153	-0.0118797244695991	-0.00553066675358019	-0.022179676535538	-0.010075603415889
0.0524105534037117	0.0535227315043189	-0.0320466529596332	-0.0307036260422916	0.0167381750815421	0.00158565929435602	0.0209023274253103	0.00523129587024997	0.00342887354911846	0.0294507073887536	-0.0391958360719187	-0.0317641045579737	-0.0118488343587618	-0.00550657157305737	-0.0221587776544723	-0.0100459202992523
0.0524612946575933	0.0535580053510374	-0.0320048300517893	-0.0307289477747915	0.0167833283993099	0.00162019553350753	0.0209248831294338	0.00526109353957695	0.0034081786277209	0.0293976694931292	-0.0392168215659942	-0.0317958412411322	-0.011873731408117	-0.0055461313667752	-0.0221679167239865	-0.0100804285987232
0.0524605794017708	0.0535389393130171	-0.0320008737930207	-0.0308084752815634	0.0167766675794622	0.00159779908556331	0.0209139531263951	0.00524041817595579	0.00345055753520817	0.0293879688360356	-0.039175426135263	-0.0317917061684079	-0.0118436012565912	-0.00554067754112811	-0.0221415640172737	-0.01006455886016
0.0524811569765099	0.053543602445704	-0.0319736801019228	-0.0308732813706435	0.016790941962265	0.0016001599885714	0.0209215890410947	0.00524371785223101	0.00346894463899072	0.0293628147416192	-0.0391697571740755	-0.0318076960475977	-0.0118317408621896	-0.00554645267310175	-0.0221432264282675	-0.0100670929891876
