0.0525772052164024	0.0536652657847423	-0.0317616486600517	-0.0310137369388326	0.0167340595665943	0.00147172965889927	0.0209244752100975	0.00512800566515394	0.00347341778184983	0.0293836270096751	-0.039207238255559	-0.0319109359612687	-0.0119712353053671	-0.00552993193998122	-0.0220102754582793	-0.0099527833740751
0.0525504809119381	0.0536634189718567	-0.0317913904500175	-0.0308979912241389	0.0167294411373962	0.00148159516010823	0.0209226060454674	0.00513923462277468	0.0034293708754326	0.0294286965084012	-0.0392463007229627	-0.0318976282914136	-0.0119948974208411	-0.0055225921858957	-0.0220369774109992	-0.00995706652710635
0.0525393399643111	0.0536691312395491	-0.0318083652029473	-0.0308063588507603	0.0167311300910866	0.00148683804116703	0.0209246526270691	0.00514398576545546	0.00339956622118547	0.0294378509447397	-0.0392662706096495	-0.031891021953943	-0.0120161190052174	-0.00552763110728635	-0.0220540415709068	-0.00996268659385283
0.0525084763961704	0.0536466495755791	-0.0318207438784234	-0.0307749504588485	0.0167202713342334	0.00147155363891168	0.0209230474924204	0.00513703856388194	0.00341521663325627	0.0294385927432588	-0.0392587562325604	-0.0318865474140999	-0.0120001109652353	-0.00551247243359356	-0.0220600723509577	-0.00994719264399322
0.0525341725203899	0.0536669589293848	-0.0317958971204933	-0.03077855747161	0.016759669077804	0.00151193485923825	0.0209457484828828	0.00517053544691628	0.00339918205057765	0.0294054814278163	-0.0392890959316904	-0.0319187646597641	-0.0120054837658088	-0.00553141274305138	-0.0221056335880618	-0.00996883751453012
0.0525057606592191	0.0536349707891012	-0.0317966151702839	-0.0308122219927278	0.0167439083039949	0.00148477469575699	0.0209362014940323	0.00514936555094904	0.00343263981805918	0.0294071103111935	-0.0392576274694654	-0.0319066081047485	-0.0119795585362087	-0.00551036019374254	-0.0220893866638108	-0.00994235349131864
0.0525245752401144	0.0536402402128566	-0.0317768171126327	-0.030846939839803	0.0167534692626857	0.00147513550596064	0.0209388334119419	0.00514149214896466	0.00343714928250304	0.0293826966183122	-0.0392406010281266	-0.0319091617915525	-0.0119902706097389	-0.00552491676731906	-0.0220559093385529	-0.00994897519561353
0.05254704153726	0.0536404888760136	-0.0317517803648746	-0.0309309125497535	0.0167733427574745	0.00148787879426823	0.0209533648398059	0.00515448130646125	0.00347029971349832	0.029340566373982	-0.0392283718299415	-0.0319351764281304	-0.0119622163764794	-0.00553327352577728	-0.0220712621930256	-0.00995447093078148
0.0525482597073328	0.0536280501302242	-0.0317403474475857	-0.0310015775898489	0.0167675201280439	0.00146486767335149	0.0209473186929308	0.00513475589197944	0.00349346729662624	0.0293444220499005	-0.0392017173746785	-0.0319271409759988	-0.0119479894911336	-0.00552597568121263	-0.0220430654673952	-0.00994084754253597
0.0525945962705727	0.0536437871553048	-0.0316914404337335	-0.0311221862059458	0.0167997080370436	0.00147718488153039	0.0209660955552573	0.00514682723096934	0.00351924025496724	0.0292841184403441	-0.0391862932740203	-0.0319535816927054	-0.0119364098905218	-0.00555458451713139	-0.0220305023900273	-0.00995655942190402
0.0526126173645398	0.0536449326822081	-0.0316702006885649	-0.0312147391917991	0.0167970090639006	0.00146465114082708	0.0209652070734152	0.00513380175188801	0.0035449279972825	0.0292633369059368	-0.0391568951421255	-0.0319545595815253	-0.0119260330931584	-0.00555788698737466	-0.0219958515981855	-0.00995031769726487
0.0526477626887277	0.0536671363463564	-0.0316509251029402	-0.0312641281651411	0.0168158152628917	0.00148651952880854	0.0209747149467128	0.00515068570085593	0.0035423212250854	0.0292445698224985	-0.0391657827545145	-0.0319755171359202	-0.0119302938944452	-0.00557359188182257	-0.021998480722127	-0.00997080586502622
0.0526467051718182	0.0536640895241904	-0.0316562294512963	-0.0312894149730402	0.0168015255132646	0.00147182744778126	0.0209636438482873	0.00514117922454229	0.0035464940163784	0.0292647017593326	-0.0391550385503517	-0.0319637671032568	-0.0119282892223643	-0.00556132775903675	-0.0219853895847964	-0.00996070986145256
0.0526440145805794	0.0536679256423325	-0.0316697829903403	-0.0312739335960369	0.0167893801341212	0.00146819808327533	0.0209582486959694	0.0051356276100132	0.00354098710533823	0.0292831559183485	-0.0391559186502896	-0.0319540971798119	-0.0119329020636263	-0.00556113497524082	-0.0219806370451316	-0.00995913126950041
0.0526375395596075	0.0536726264935883	-0.0316853328195611	-0.0312401754769892	0.0167833297962939	0.00147466472234305	0.0209575180733225	0.00514187073163637	0.00352315739818303	0.0293010219470885	-0.0391724072527775	-0.0319495751425117	-0.0119410534654323	-0.00555701526934091	-0.0219909118626609	-0.0099552574327895
0.0525982675445995	0.0536588801707483	-0.0317243366136356	-0.0311497626706675	0.0167500927522889	0.00144858023656371	0.0209412683551035	0.00511954133892552	0.00350473956075186	0.0293449654766876	-0.0391697026916984	-0.0319157793048953	-0.0119531234074382	-0.00553642931269757	-0.0219758244351535	-0.00994137699948275
0.0526285918769052	0.0536932501688004	-0.0317203426362983	-0.0310891293728804	0.0167837027910295	0.00149063923470846	0.0209595674488923	0.00515308432243279	0.00346420886313425	0.0293353472416517	-0.0392220574621329	-0.0319389426970712	-0.0119845345933181	-0.00556464419912031	-0.0220177409409274	-0.00997100004580618
0.0525640861393912	0.0536626743793695	-0.0317749912545075	-0.0309798502972544	0.0167293000420094	0.00146553962266917	0.0209326349938077	0.00512948227727202	0.00346608780665252	0.0293935525811973	-0.0392148811551787	-0.0319083641136723	-0.0119752572223851	-0.00552335913012733	-0.0220237745149463	-0.00994288015429737
0.0525398135418968	0.0536616699478531	-0.0318035777386818	-0.030866480852393	0.0167193325609663	0.00147150893542277	0.0209272719721224	0.00513726208132649	0.00343267334567587	0.0294252264000745	-0.0392476250638217	-0.0318930294199919	-0.0119967805553115	-0.00551846270110759	-0.0220420121414378	-0.00994679031259302
0.052513022182199	0.0536502118848517	-0.0318175615488066	-0.0308039769929918	0.016717105768425	0.00147241138710515	0.0209283532377605	0.00514218784701083	0.00342400925073138	0.0294365000611842	-0.0392602007140458	-0.0318900035525863	-0.0119927712111498	-0.00551114529876653	-0.0220681329488019	-0.00994000935211889
0.052513167468538	0.0536555427759043	-0.0318149128670887	-0.0307728968923267	0.0167283822235027	0.00148335256601603	0.0209282303031659	0.00514792106946362	0.0034166219991889	0.0294202168153485	-0.0392664256748766	-0.0318984189843737	-0.012003824148783	-0.00551685616947486	-0.0220785153341014	-0.00994158515010299
0.0525122328862229	0.0536486626295641	-0.0318018552573747	-0.0307909082074056	0.0167442338012736	0.00149162690241657	0.0209349623691991	0.00515648597854209	0.00342684093735706	0.0294048206543709	-0.0392675614228918	-0.0319110882325278	-0.0119875702396119	-0.00551803662097891	-0.0220972195532584	-0.00994562662489732
0.0524761362159117	0.0536089673283955	-0.0318035749447137	-0.0308136832380215	0.0167165413868775	0.00145197630473689	0.0209192281380866	0.00512331738675444	0.00346086168940207	0.0294138298043704	-0.0392296067638226	-0.0318895844573777	-0.011960970266726	-0.00549630932838432	-0.0220613883099125	-0.00991574094557654
0.0525317082405637	0.0536409806143916	-0.0317682312487938	-0.0308578223453846	0.0167564448386663	0.00147752993658542	0.0209400879035995	0.00514283604760004	0.00344843970742103	0.02936855075804	-0.0392411793795144	-0.0319156410034765	-0.0119849928040794	-0.00553828031653527	-0.0220490892625259	-0.00995134168655773
0.052556024144563	0.0536465210530485	-0.0317488774320635	-0.0309352292304014	0.0167686013936819	0.00148555141887682	0.0209466565225013	0.00514935996301293	0.00347599661436637	0.0293303711845423	-0.0392236807575739	-0.0319360285883878	-0.0119638508477927	-0.00553877484888135	-0.0220618101990891	-0.00995083039040332
0.0525414815408267	0.0536131359287364	-0.0317332451807851	-0.0310473371986851	0.0167591996911704	0.00144903705034102	0.0209381041862791	0.00512250154808182	0.00352475415092756	0.0293401919822624	-0.0391881778054747	-0.0319242855406446	-0.011919094273489	-0.00551196672537526	-0.0220416852471751	-0.00992261410699655
0.0526048319725492	0.0536450821594992	-0.0316798636270897	-0.0311516919056108	0.016803506436617	0.00147928454852516	0.0209620931960157	0.00514816693865263	0.00352771016913177	0.0292695884094642	-0.0391791868162676	-0.0319608250548929	-0.0119321421043148	-0.00555943624266222	-0.0220237982636748	-0.00995331981594203
0.0526397398094523	0.0536575041414802	-0.0316552375926361	-0.0312390704626227	0.0168161519360425	0.00148678914672603	0.020968144930827	0.00515012830422858	0.00354013215111281	0.0292422466380592	-0.039162562706329	-0.0319733699714684	-0.0119294431311718	-0.00557052829584817	-0.0220102810462154	-0.00996034385163711
0.0526269476267037	0.0536420744528859	-0.0316699073219189	-0.0312737226514486	0.0167920944740885	0.00145794841145854	0.0209557774312231	0.0051284848306757	0.00355912414897968	0.0292669383307622	-0.0391385415659596	-0.0319524780753229	-0.011917424877575	-0.00555372676893792	-0.0219782356295867	-0.00994535281602774
0.0526619267097922	0.053675265396418	-0.0316489427826038	-0.0312899290631627	0.0168137295657372	0.0014833609479202	0.0209657002087772	0.00515045519849124	0.00353829092616331	0.0292557387098061	-0.0391628840126555	-0.0319714784550939	-0.0119321113706662	-0.00557547641327696	-0.0219981971343693	-0.00996544843127709
0.0526403991859137	0.0536600634162204	-0.0316702914925267	-0.0312805441244595	0.0167896092395019	0.00146885187180065	0.0209530016239585	0.00513525321829357	0.0035465135741548	0.0292872071720311	-0.039154169626286	-0.0319546727372316	-0.0119226817284741	-0.005553485090701	-0.0219982893353152	-0.00994676516688051
0.0526326221758273	0.0536643339963953	-0.0316937817789652	-0.0312093747731298	0.016781809877671	0.00147272012057544	0.0209495608522965	0.00513769095542323	0.00351573661902387	0.0293082415605475	-0.0391707085201989	-0.0319378628284172	-0.0119503070876368	-0.00555652353096289	-0.0219885872812375	-0.00995557035721187
0.0526228111569954	0.053668291652148	-0.0317102983211337	-0.0311395688782118	0.0167719318036058	0.00147442025013807	0.0209422308770991	0.00513854171869656	0.00349206751862973	0.0293409435596697	-0.0391940870479151	-0.0319289654371399	-0.0119703105019403	-0.00554950368621989	-0.0220007675849816	-0.00995773707944001
0.0525961734655408	0.0536592000800908	-0.0317371371782884	-0.0310675012661518	0.0167532066296883	0.00147089426245025	0.0209386154824335	0.00513682622230962	0.00348585932160727	0.029356327147791	-0.0391984400501478	-0.0319192591921102	-0.0119690308645702	-0.00554306079588065	-0.0220084509971381	-0.00995422226762441
0.0525590849365693	0.0536542980631349	-0.0317785619456842	-0.0309408632669882	0.0167312502317131	0.00146923324844041	0.0209347863492115	0.00513592516761126	0.00344812259204657	0.0294057398698616	-0.0392255149976033	-0.0318997531041209	-0.0119872768729659	-0.00552610280675922	-0.0220290662904461	-0.00995130117402091
0.0525392309995569	0.0536562370769664	-0.0318046967228886	-0.0308361285804067	0.0167247849896294	0.00147325097450626	0.0209289022524836	0.00513833356807632	0.00341791979735134	0.0294309470496711	-0.0392536390800642	-0.0318878228605178	-0.0120021687227093	-0.00552273328128258	-0.0220505072013148	-0.00995191025905732
0.0525155702810669	0.0536429922713926	-0.0318144099528384	-0.0307877496265173	0.0167209726202157	0.00146811985216973	0.0209221171010574	0.00513239778293941	0.00341962830881814	0.0294423115147426	-0.0392587925541452	-0.0318858461281176	-0.0119952969582733	-0.00551344752844543	-0.0220656072016784	-0.00994295978238699
0.052523283029888	0.0536504815027692	-0.0318070324801841	-0.0307702691653692	0.0167397047790533	0.00148857309533037	0.0209365130214707	0.00515124170049926	0.00341017491789757	0.0294194470771488	-0.0392711516718449	-0.0319004627720073	-0.0120029175061485	-0.00552728186127923	-0.0220868623136714	-0.0099534413535525
0.0525185835756163	0.053640015298428	-0.031802165387829	-0.0307934982157943	0.0167428731388298	0.00148608646375972	0.020932797043955	0.0051466093014609	0.00342726841446977	0.0294048681518278	-0.0392584167654415	-0.0319050281158123	-0.0119849299397981	-0.00551917376597807	-0.0220917405818988	-0.00994414861579521
0.0524986332467059	0.0536150805305041	-0.0317912032541577	-0.0308364931932382	0.0167317517489793	0.00145996705337966	0.0209252295814728	0.00512529551613873	0.00346330920541992	0.0294025757010371	-0.0392285674077055	-0.0318982457583542	-0.0119572263495298	-0.00550432242877155	-0.0220776045005148	-0.00992817969136592
0.0525431593186449	0.053640361750467	-0.0317632174731156	-0.0308857103375447	0.0167589552189654	0.00147420651158172	0.0209349763390394	0.00513463994230508	0.00345872849479061	0.0293606899289119	-0.0392219051908738	-0.0319147175970337	-0.0119815436505131	-0.00553807216591503	-0.0220475400072384	-0.00995301108247174
0.0525324472451147	0.0536174903279531	-0.0317491861655338	-0.0309624271124514	0.0167524452733928	0.00145392789142464	0.0209314391754793	0.00511657414484908	0.00350235351203126	0.0293543587972949	-0.0391933676011404	-0.0319164889727818	-0.0119413831536631	-0.00551927993676423	-0.0220412200514937	-0.00993768337371151
0.0525971080478559	0.0536461648221212	-0.031694360130353	-0.0310696735763161	0.0168002528608147	0.00147907080996881	0.0209533634428219	0.00513726906624664	0.00350154605526281	0.0293013376654789	-0.0391995171248337	-0.0319439844124299	-0.0119531653169591	-0.00555893472539601	-0.0220345173221251	-0.00996196016215803
0.0526161838647644	0.0536412572172293	-0.0316643543104058	-0.0311941853657884	0.0168112596979749	0.00147425261205466	0.0209641467625376	0.00514000575795838	0.00354415825908283	0.0292633494787931	-0.0391687736973195	-0.0319638006308735	-0.0119211925434998	-0.00555941668488582	-0.0220291431245676	-0.00995374729305474
0.0526062289565777	0.053620774637404	-0.0316697941662126	-0.0312513918617537	0.0167822611035122	0.00144406937513582	0.0209570305258966	0.00511596925076476	0.00356954145887988	0.0292726841260712	-0.0391299123956159	-0.0319465758178026	-0.011910941474699	-0.0055491209125961	-0.0219785248052805	-0.00993229800028181
0.0526551010458292	0.0536608848428291	-0.0316520804087317	-0.0312714972558912	0.0168090720209863	0.0014748141996341	0.0209702962862308	0.00514235548509425	0.00354054007044912	0.0292561997145354	-0.0391567456648345	-0.0319607579996595	-0.0119398758078964	-0.00557711647252637	-0.0219823357777102	-0.00996885427833847
0.0526465445186549	0.0536581174174687	-0.031657887671338	-0.0312851723325458	0.0167959557379431	0.00146690587304901	0.0209614715381231	0.00513800108587755	0.00355008845628362	0.0292724089202176	-0.0391516899796355	-0.0319581386546062	-0.0119250077068815	-0.00556669636865811	-0.0219886571304389	-0.00995624370351359
0.0526509086967598	0.0536708634997444	-0.031665101696861	-0.0312491133808033	0.016794083779345	0.00147781911227931	0.0209637570039936	0.00514442162447233	0.0035227578607509	0.0292879936740391	-0.0391726726797429	-0.0319533944968455	-0.0119509077907691	-0.00557149640577989	-0.0219854328913013	-0.00996448590928148
0.0526165708293403	0.0536561281122122	-0.0317037534509603	-0.0311813484795509	0.0167640150951165	0.0014643577741811	0.0209460711861934	0.00513096028637413	0.00351450447911077	0.0293246225952652	-0.0391708454246337	-0.0319295507734478	-0.0119491475908932	-0.00554700448179299	-0.0219876960054274	-0.0099478841510873
0.0526015364872261	0.0536566505842388	-0.0317232581419657	-0.0311132119805469	0.0167541663577159	0.00146353914154043	0.0209405586872171	0.00513045457815582	0.00349316694506013	0.0293587397392082	-0.0391923394208955	-0.0319177630222157	-0.0119638913603296	-0.00554223517831983	-0.0219970977079389	-0.00994901570815035
0.0526108082702229	0.0536821273819658	-0.0317389756092698	-0.0310122086383055	0.0167637287133907	0.00149730843646031	0.0209453601213229	0.00516091581489632	0.0034552765472563	0.0293478949521953	-0.0392272123331979	-0.0319335698964977	-0.0119940257028074	-0.00555781853515727	-0.0220308753847629	-0.00996873413771202
0.0525395034114425	0.0536428302212453	-0.0317924661277194	-0.0309160765793713	0.0167203635351793	0.0014650744269877	0.0209190940276198	0.00513230278802547	0.00344993168636342	0.0294286937144332	-0.0392306125923231	-0.0318905008789004	-0.0119818020925584	-0.00550954156110186	-0.0220420093474697	-0.00993478463185246
0.0525366200364077	0.0536545425353399	-0.0318058101191592	-0.0308122527263764	0.0167295501021505	0.00148150295916235	0.0209224020857992	0.00514553502074301	0.00340357416836311	0.0294364274180147	-0.0392598039705818	-0.031886701082343	-0.012014279177252	-0.00552661829386572	-0.0220520676324746	-0.0099526213239278
0.0525097769883009	0.0536340697344029	-0.0318106366989776	-0.0307890502186477	0.0167276963043447	0.00147571525433245	0.0209189166106482	0.00513923322579065	0.00342597201329136	0.0294332101637972	-0.039261434250943	-0.031889694819116	-0.0119856228438762	-0.00551097067576297	-0.0220806317649045	-0.00993654902268041
0.0525138659605522	0.053637465802576	-0.0318065924302152	-0.0307802897318053	0.0167423800034678	0.00148735911620964	0.0209286158707578	0.00515241935803525	0.00341736519469204	0.0294142768392595	-0.0392649895752954	-0.0319003132947163	-0.0119951684357427	-0.00552172326183	-0.0220828236328451	-0.00994184778310034
0.0525214809204913	0.0536369000240445	-0.0317875110253705	-0.0308018885018693	0.016757706315244	0.00149392354415936	0.0209379966185089	0.00515625687316142	0.00342352729124156	0.0293895041214829	-0.0392600791764354	-0.031914044250732	-0.0119905933130495	-0.00552865928753129	-0.0220878374085233	-0.00994668274482283
0.0525091944459611	0.0536160751831323	-0.0317772222380009	-0.0308485296076273	0.0167472750355035	0.00146840483691154	0.020934516731294	0.00513268276768121	0.00345411146257656	0.0293854877924011	-0.0392297185225449	-0.0319080917017867	-0.0119689274877521	-0.00551964454959566	-0.0220621259174795	-0.00993348823067406
0.0525286055390365	0.0536153920579424	-0.0317581017176034	-0.0309131387219594	0.0167579242447524	0.00146850402277756	0.0209377451613838	0.00513407835472564	0.00347861875338778	0.0293499582976053	-0.0392136601911378	-0.0319190342776816	-0.0119539643918233	-0.00553208469236907	-0.0220430724523154	-0.00993776998672128
0.0525526490311502	0.0536209059539027	-0.0317308172225436	-0.0309843136612253	0.0167763574490079	0.0014734591251265	0.0209465224120346	0.00513990517510833	0.00348808890811669	0.0293324946002656	-0.0392088615510001	-0.03193368165522	-0.0119480034609739	-0.00553852897969234	-0.0220432135477023	-0.00994296257635505
0.0526037968073841	0.0536372744157641	-0.031685033864979	-0.0311058554626531	0.0168143400477576	0.00148765946777576	0.0209658413041641	0.00515017161073346	0.00350767602117968	0.0292722859856231	-0.0391898332315485	-0.03195911095549	-0.011944375493452	-0.00556599228870777	-0.0220308460480983	-0.00995799831545333
0.0526197489680051	0.0536319477156636	-0.0316615491664766	-0.0312065570563444	0.0168145342285376	0.00147388380827115	0.0209661695954108	0.00514084394837546	0.00354439295239961	0.0292506872155592	-0.0391574748904973	-0.0319672539753919	-0.0119220977891502	-0.00556816739284008	-0.0220092165443857	-0.0099498916171362
0.052616801331705	0.0536244403234947	-0.0316657261487217	-0.0312631712310816	0.0167942192867958	0.00145225011360647	0.020956069400885	0.00512048430314473	0.00356851327863494	0.0292636093178224	-0.0391312982037721	-0.0319541754109175	-0.01190618055313	-0.00555647463652189	-0.0219757084854792	-0.00994365268646511
0.0526615006296635	0.0536596401300597	-0.0316416798626399	-0.0312840295996105	0.0168219312589683	0.00148639938818209	0.0209706608990623	0.00514540230726031	0.00353701547974532	0.0292486294580852	-0.0391601808485604	-0.0319724186253451	-0.0119335432792954	-0.00557999286264096	-0.0219939069964179	-0.00996542747651666
0.0526390273475978	0.0536515837231676	-0.0316661871534511	-0.0312752774946722	0.0167939817995109	0.00146265205668236	0.0209587376403794	0.00512471716475095	0.00354451588699411	0.0292806720807459	-0.039144991441219	-0.0319470144707876	-0.0119314072907158	-0.00556370821982124	-0.0219766165250977	-0.00995068510406436
0.0526216572481879	0.0536467529523972	-0.0316918050465649	-0.0312311355933411	0.0167776175286016	0.00145795539637868	0.0209533257242531	0.00512256860331519	0.00352935861028535	0.029309346574914	-0.039155052520192	-0.0319358860960169	-0.0119347181428633	-0.00555233397586155	-0.0219735347783309	-0.00994411648516256
0.0526151752422959	0.0536569676996133	-0.0317070042327946	-0.0311584477203724	0.0167765893483566	0.00147666380648778	0.0209557844161432	0.00514112055121309	0.00350081543261593	0.0293276303018785	-0.0391913964566763	-0.0319381436222069	-0.0119500067360707	-0.00554945060082681	-0.0220059001043022	-0.0099503973253545
0.0526130797662532	0.0536670986277877	-0.0317218849066657	-0.031098338291596	0.0167780701514268	0.0014887169846853	0.0209542253819675	0.00515426896488893	0.00346957328180352	0.0293409798812544	-0.0392077076421926	-0.0319354334731917	-0.0119767561862476	-0.00555688814379432	-0.0220100966443237	-0.00995890775205585
0.0525747521124485	0.053661225706932	-0.0317577985720692	-0.0309855905046273	0.0167563498437524	0.00148847670343241	0.0209473913361003	0.00515463218073632	0.00344653422120621	0.0293717191178166	-0.0392252928771428	-0.0319262860217733	-0.0119870324007609	-0.00554157161090632	-0.0220236809170164	-0.00995382831812839
0.0525477973056194	0.0536587460602815	-0.0317935152627248	-0.0308753503039897	0.0167422696417295	0.00148894748704999	0.0209378485382019	0.00515199607187463	0.0034141479404745	0.0294185474194345	-0.0392513759659381	-0.0319042458047564	-0.0120065664284308	-0.005533210661496	-0.0220435725725976	-0.00995246346473258
0.0525127972677704	0.0536408898104298	-0.0318177641114907	-0.030802659637053	0.0167235193220996	0.00147410872269973	0.0209262060733087	0.0051392360197587	0.00341334607164217	0.0294438747398704	-0.0392573410877396	-0.0318888650106031	-0.0119963041837578	-0.00551280072484025	-0.022059059537537	-0.00993918373455807
0.0525020600485277	0.0536325665795882	-0.0318130339235704	-0.0307829984838365	0.0167348432746343	0.00148064940192096	0.0209318973862406	0.00514535201583529	0.00342478178289912	0.029430209442104	-0.0392664466296371	-0.0318996469333347	-0.0119828344637554	-0.00551383728698937	-0.0220858229575542	-0.00993773925307265
0.0524803900322783	0.0536107848046165	-0.0318184765733453	-0.0307778464067395	0.0167225386393116	0.00146568490900813	0.0209262982742546	0.00512909112174405	0.00343380071178683	0.0294295724173871	-0.0392506998256683	-0.0318885045887237	-0.0119763189302467	-0.0055003927126995	-0.0220667904471505	-0.00991913142581361
0.0525075306379832	0.0536247825845817	-0.0317936381973193	-0.0307973985952018	0.0167484722508159	0.00148223078784118	0.0209422630077318	0.00514637460814412	0.00343092292468821	0.0294003866270645	-0.0392544046273118	-0.0319074979835746	-0.0119848964121814	-0.00552881854371054	-0.0220721045743948	-0.00994420449515635
0.0525231279646609	0.0536241301930404	-0.0317691448763484	-0.0308669614148988	0.0167614544233923	0.00147862796603179	0.0209414094504904	0.00514073777758929	0.003456489129393	0.0293789024096909	-0.0392387178936562	-0.0319224107880784	-0.0119686508849145	-0.0055327342899423	-0.0220638386198984	-0.00994242054655201
0.0525239018938126	0.0536137953051979	-0.0317586479383585	-0.030922446826541	0.0167595461432095	0.00146196753450841	0.0209448879407213	0.0051300899653244	0.00348200643965679	0.0293543294606304	-0.0392085290688013	-0.0319228215013828	-0.0119540412259449	-0.00553417318349161	-0.0220324651525873	-0.00993739978595374
0.0525829733634559	0.0536423119401708	-0.0317148427101782	-0.0310183176494619	0.016804245441168	0.00148894189911388	0.0209654697064125	0.00515098465543802	0.0034769507544578	0.0293157461587484	-0.0392182786203359	-0.0319503630415038	-0.0119619355826897	-0.00556365932538025	-0.0220410524134102	-0.00995917457600529
0.0525776885728763	0.0536134684109352	-0.0316926125033334	-0.031155433028839	0.0167925009964408	0.00145900313440003	0.020961861296667	0.00513036656816203	0.00355110406367231	0.0292853603591454	-0.0391647783229981	-0.0319558266460391	-0.0119010815614261	-0.00554645826103786	-0.0220233149072009	-0.00993184817142465
0.0526432699880922	0.0536547981834171	-0.0316491593151282	-0.0312438998364091	0.016840178664348	0.00149970705803717	0.0209903164643426	0.00516492376207396	0.00353601803314901	0.0292331927845708	-0.0391779644552427	-0.0319902469355162	-0.0119244824408868	-0.00558729350117368	-0.0220216594811272	-0.00996769897254693
0.052612136802034	0.0536248272880706	-0.0316739669575056	-0.0312739377869889	0.0167913652484256	0.00144948548221415	0.0209655758771987	0.00512315114565505	0.00356112183614037	0.0292725346487802	-0.0391295030792955	-0.0319508380160735	-0.011914331954936	-0.00555997687548123	-0.0219599658724625	-0.0099376777857754
0.0526458041171198	0.0536500456437523	-0.0316539342065375	-0.0312849963125582	0.0168125379383609	0.00147378741637318	0.0209729798925495	0.00514231217858937	0.00354443067096837	0.0292638677598676	-0.0391583535934512	-0.031969764355691	-0.0119239152653712	-0.00557680215111997	-0.0219810379795477	-0.00995696175330421
0.0526448374041721	0.0536556950471634	-0.0316736763848277	-0.0312565257780583	0.0167979590130399	0.00146857387197898	0.0209632289440309	0.00513803740746229	0.00352884591714691	0.0292850516256752	-0.039156526338342	-0.0319525367486521	-0.011945847914618	-0.00557258325935403	-0.0219680795556998	-0.00995645325111786
0.0526268093252849	0.053650474517849	-0.0316924867747708	-0.0312226084028314	0.0167868823266783	0.00147189170904657	0.0209603329961399	0.0051408411544074	0.00352360303608811	0.0293090895298528	-0.0391739285683845	-0.0319510070511409	-0.011933723490235	-0.00555509441630178	-0.0219958306434251	-0.00994524524825755
0.0526182919136634	0.0536588773767802	-0.0317100566428967	-0.0311416294296538	0.0167802201098466	0.00147823820748785	0.0209534249101192	0.00514647239702611	0.00348824117937579	0.0293411405344177	-0.0391954770470234	-0.0319366809799291	-0.0119659113992347	-0.00555476053711898	-0.02200235874979	-0.00995803184307001
0.0525918330361644	0.0536464553947992	-0.0317403823721865	-0.031071193494939	0.0167541188602589	0.00146527978363988	0.0209374490007697	0.00513539151971239	0.00348520693006598	0.0293627379074976	-0.0391952702933872	-0.0319177434644393	-0.0119672245642214	-0.00554255089671027	-0.0219983745513409	-0.00994573279568348
0.0525507938363604	0.0536353898843098	-0.031786160141815	-0.0309443487421392	0.0167259989687501	0.0014625067703434	0.0209263611385359	0.00513324435526065	0.00345934456474716	0.0294122456244821	-0.0392184057458825	-0.0319018304193712	-0.0119756078653762	-0.00552225690972888	-0.0220172855241341	-0.00993998979434249
0.0525311061404474	0.0536367128281847	-0.0318049761196943	-0.0308487461401518	0.0167261819736578	0.00147142930733315	0.0209243313207425	0.00514057991839408	0.00343400187748693	0.0294364344029348	-0.0392496716454234	-0.0318987863911732	-0.01198767361643	-0.00551646361696287	-0.0220515912609209	-0.00994286897842514
0.0525283638607995	0.0536432688742303	-0.0318140886465119	-0.0307935079946826	0.0167342355865819	0.00148122635632471	0.020926662887086	0.00514487843824964	0.00341492047264224	0.0294334239023535	-0.039260795829242	-0.0318969242114632	-0.0120046316055514	-0.00552559849552494	-0.0220640565494068	-0.00994737704588497
0.0525004423410228	0.0536187001161218	-0.0318144951688642	-0.0307785812203385	0.0167335161398072	0.00147822703161562	0.0209324030944589	0.00514527657869775	0.0034304954475755	0.0294256189525865	-0.039256083802114	-0.0319004376262948	-0.0119857485724388	-0.00551742194800639	-0.0220740072666415	-0.00993790409718801
0.0525165830944876	0.0536266824828604	-0.0318017071770677	-0.030783026423517	0.0167568094514977	0.00149434543333595	0.0209443864234551	0.00516211023624065	0.00342258572400638	0.0293955586502622	-0.0392665192728066	-0.0319157010737897	-0.011992630115763	-0.00552962320651093	-0.0220833475018558	-0.00994650672483524
0.0525296462921377	0.0536270945931488	-0.0317798597438466	-0.0308255520143273	0.0167693585590254	0.00149614335178058	0.0209442620918765	0.00515919193660521	0.00343817466877993	0.0293762341701966	-0.039254707772846	-0.0319267777601514	-0.0119840596187484	-0.00553470962535854	-0.0220868022433582	-0.00994763688491427
0.052522595713746	0.0536030790407156	-0.0317631504178822	-0.0309134935559027	0.0167675159370918	0.00147684401742745	0.0209415254001648	0.00514130076215276	0.00348313659973581	0.0293627909928907	-0.0392216369699403	-0.0319250664547165	-0.0119465184669517	-0.00552477287796413	-0.0220679471499261	-0.00993620257064135
0.0525297315081634	0.0536038222362187	-0.0317565734170763	-0.0309416064624913	0.0167619559406586	0.00146176217785623	0.0209354066101201	0.00512697888189302	0.00348687492899596	0.0293488267405423	-0.0391976479602036	-0.0319209257940562	-0.011953061940141	-0.00553200925523153	-0.022024936805658	-0.00992859738959043
0.0525572856211407	0.053601626177326	-0.0317193633504943	-0.0310500403627801	0.0167785576988527	0.00144803261882456	0.0209478285921012	0.00511923959037537	0.00351802767283054	0.0293232284052048	-0.0391808897397983	-0.0319262063936837	-0.0119314086876999	-0.00554053085780512	-0.0220077762538524	-0.00993761073054203
0.0526163026084069	0.0536303565508552	-0.031667409514476	-0.0311730112788691	0.0168264882208691	0.00148268620463445	0.020980761093588	0.00515474254247457	0.00353502338052075	0.0292488948850506	-0.0391819989451169	-0.0319759753466815	-0.0119222137388246	-0.00557215019430521	-0.0220257833779792	-0.00995671309014715
0.0526252391152369	0.0536257702522898	-0.0316642621094599	-0.0312469326887349	0.0168119330442766	0.00146428652799565	0.0209753924839666	0.00513625345885795	0.00355495694562279	0.0292504553162104	-0.0391482072984525	-0.0319667929706625	-0.0119168311593629	-0.0055677510915996	-0.0219859344085675	-0.00994757541761701
0.0526461603480471	0.0536411035489861	-0.0316536450308436	-0.0312868752560765	0.0168213431286923	0.00147823401653576	0.0209726432193986	0.00514579765374036	0.0035547557799227	0.0292527128424004	-0.0391581314729907	-0.0319755772062334	-0.0119169205663408	-0.00557090268756779	-0.0219975126121953	-0.0099531857054753
0.0526362249976367	0.0536349679951332	-0.031659557067252	-0.0312966317925312	0.016808367941036	0.00146863394229221	0.0209640936771445	0.00513519175099632	0.00356612164197822	0.0292679232045022	-0.0391490678406141	-0.0319686146378356	-0.0119058899804521	-0.00556038619180157	-0.0219949980409441	-0.00994637959928866
0.0526463349710506	0.0536519623058393	-0.0316724023353937	-0.0312582468623813	0.0168022952514643	0.00147769338371675	0.0209616419701745	0.00514449706160987	0.00353101403635907	0.0292825035268073	-0.039163544786101	-0.0319568506353319	-0.0119390529843036	-0.00556826937267415	-0.0219824517273845	-0.00995712380345152
0.0526282300580418	0.0536500624075606	-0.031697749213606	-0.0312037533093993	0.0167914993588924	0.00148397422390869	0.0209536400456595	0.00514800628548935	0.00352017344029825	0.0293071575009415	-0.0391802638909535	-0.0319523579346964	-0.0119426292634164	-0.00555418777366731	-0.0220019871520385	-0.00994981478301463
0.0525995276241931	0.0536406718809214	-0.0317218248363524	-0.0311318952449435	0.016767915474524	0.00147234852282387	0.020944137760298	0.00514116385771797	0.00349683542511885	0.0293504500359833	-0.0391895873623594	-0.0319287572865197	-0.0119600440663152	-0.00554156183201812	-0.0219963573064038	-0.00994302264666827
0.0525759158001442	0.0536410434786729	-0.0317527903843272	-0.0310304267070206	0.0167509868220671	0.00147712341423314	0.0209398825469473	0.00515116905732978	0.00347545877551541	0.0293630703896964	-0.0392050631514267	-0.0319208531508867	-0.0119735529018704	-0.00554199489706694	-0.022004121743634	-0.00994584734837381
0.0525652162994702	0.053658328362057	-0.0317830253096551	-0.0308935152873117	0.0167490715569641	0.00149887864650829	0.0209380566888221	0.00516780574012467	0.00341520545738404	0.029400114215179	-0.0392509890013622	-0.0319159734856753	-0.0120165059697933	-0.0055440889761256	-0.0220344460759397	-0.00995413286064659
0.0525398275117371	0.053651603280944	-0.0318066483095763	-0.0308271054605669	0.0167426594002735	0.00149707094917547	0.0209366066194006	0.00516193002530098	0.00340704986462591	0.0294265814745821	-0.0392663418558349	-0.0319041689706348	-0.0120125692688011	-0.00553036221106198	-0.0220641040468638	-0.00995202900269973
0.0524970029663447	0.0536200663665016	-0.0318170851772529	-0.0307937776126	0.0167270369278833	0.00147574878194914	0.0209295895686256	0.00514617344244402	0.00342359155250687	0.029439189255439	-0.0392593890663253	-0.0318937293089902	-0.0119838682319365	-0.00550968545045679	-0.0220734456790621	-0.00992741833507041
0.0525063404075909	0.0536292026420477	-0.0318122851401311	-0.0307672963833566	0.0167429457819993	0.00149208231920985	0.0209360659865816	0.00515508620054557	0.0034075597637963	0.0294164519433918	-0.0392689388491438	-0.0319037037749533	-0.0120000341311138	-0.0055229456228549	-0.0220705231884746	-0.00994000795513486
0.0524946266965123	0.05361006815181	-0.0318100066591807	-0.0307833463328596	0.0167372223384347	0.00147607707319582	0.020930342543017	0.00514194197782182	0.00343263702409113	0.0294075992556035	-0.0392467896673727	-0.0318995700992131	-0.0119837187546454	-0.00551581681335769	-0.0220607568731316	-0.00993050986072539
0.0524883235045759	0.0535981993755042	-0.0317876996182143	-0.0308298156095821	0.0167414021146479	0.00146512471841272	0.0209366680866978	0.00513639874519691	0.00345872150987047	0.0293896731565503	-0.0392336468416329	-0.0319075496719837	-0.0119590424287668	-0.00551342517670097	-0.0220609580388317	-0.00992237382574366
0.0525503007009984	0.0536335332925359	-0.0317474483174024	-0.0309041169991037	0.0167899906161416	0.00150582305411375	0.0209654976460931	0.00516773169997116	0.00344912842054706	0.0293289616276576	-0.0392435528553787	-0.0319466023604992	-0.0119751398757267	-0.00555160614718272	-0.0220678242153316	-0.00995467628743366
0.0525405581343839	0.0536109161211152	-0.0317404047239309	-0.0309792160665054	0.0167824832239727	0.00148215535070364	0.0209614100708258	0.0051524906042207	0.00348373171493193	0.0293291432355813	-0.0392097989272832	-0.0319352672320923	-0.0119565851338607	-0.00553504071057328	-0.0220486659763653	-0.00993790968512412
0.0525773686635338	0.0536151154551048	-0.0316980062586673	-0.0310987559898205	0.0168060168169161	0.00148204079801331	0.0209714208583737	0.00515689110391034	0.00351359085155616	0.029280525397423	-0.0391865782587622	-0.0319523467588242	-0.0119420369421884	-0.00555916103680862	-0.0220256911770333	-0.00994039352272672
0.0525931587740074	0.0536092243734568	-0.0316708614620103	-0.0312095438081972	0.0168131120987966	0.00147541210879828	0.0209748057506747	0.00515245288565193	0.00355150918904057	0.0292557917951991	-0.0391632556104071	-0.0319677820353546	-0.0119131710612084	-0.00555336215610649	-0.0220130526625279	-0.00993443817981341
0.0526311595335495	0.0536353340049486	-0.0316568217725243	-0.0312502211891378	0.016823933137081	0.00149282691169702	0.0209785189342223	0.00516374331056992	0.00353696099736821	0.0292415565279492	-0.0391635210373725	-0.0319797374246702	-0.0119369728750852	-0.00557421353971524	-0.0219921733392386	-0.00995037217964198
0.0526288642887907	0.0536288142804878	-0.0316603240114837	-0.0312832053790337	0.01680777981076	0.00147517601849747	0.0209674394538926	0.00514459485049186	0.00354816620626047	0.0292649881410585	-0.0391491865842565	-0.0319607538087075	-0.0119308415121843	-0.00556104137731092	-0.0219759389878439	-0.00994453138941901
0.0526464104081882	0.0536493331818978	-0.0316617098196399	-0.0312662851084811	0.0168119148834842	0.00149028579774926	0.0209673500469148	0.00515534603957487	0.00352898840951781	0.0292664186527036	-0.0391645198809528	-0.0319654700267875	-0.011950511047305	-0.00557329013327243	-0.0219779059413559	-0.00995635546223586
0.0526212744745641	0.0536356636931793	-0.0316924336893777	-0.0312299090413641	0.0167863095632266	0.00147355412004043	0.0209512442180507	0.00514789033581499	0.00352676301396048	0.0293027723680761	-0.0391605314915516	-0.0319465283203457	-0.01194790846606	-0.00555352141228574	-0.0219736269792768	-0.00994101238665132
0.0526000417143156	0.0536364250494748	-0.0317156557548828	-0.0311507377655194	0.0167645627128557	0.00147096271466764	0.0209425284346972	0.00513852635187225	0.00350617845430117	0.0293327027508858	-0.0391787244145542	-0.0319302548533982	-0.0119527573976228	-0.00554008661688407	-0.0219871483876882	-0.00993656299252069
0.0525780014972987	0.0536301428122989	-0.031737807730622	-0.0310900765280517	0.016749607998831	0.00145933841056686	0.0209334745812088	0.00512985247803956	0.00349761633919076	0.0293639267409058	-0.0391903710703994	-0.0319141853461189	-0.0119557315766193	-0.00553002972886321	-0.0219905472498294	-0.00993321162783642
0.0525917520110908	0.0536614394454884	-0.0317514381037877	-0.030989847114962	0.0167720756929607	0.00150925404688764	0.0209465545426672	0.00517040273343357	0.00345461577381084	0.0293586559201665	-0.039241798243439	-0.031940064475246	-0.011984628191248	-0.00554998564570971	-0.0220495069607505	-0.0099574814313628
0.0525206022175374	0.0536241078412959	-0.0318056452750439	-0.0308837252232403	0.0167253787078415	0.00147455994854092	0.0209309488340853	0.00514252591714572	0.00344182638503032	0.0294300655527491	-0.0392362592017662	-0.0318940464243646	-0.011987135777579	-0.00551319886528836	-0.0220435879394219	-0.00992641669752201
0.0525194217660334	0.0536337456341083	-0.0318113184271834	-0.0307988961620803	0.0167357541082208	0.0014945689507805	0.0209348198768282	0.0051585339571278	0.00340980052617795	0.0294319472902354	-0.0392677262670071	-0.0318960091869246	-0.012012612575306	-0.00552432584307502	-0.0220645720365133	-0.00994313161142249
0.0525105090079318	0.0536290797074532	-0.0318130339235704	-0.0307689392365741	0.0167378607601357	0.00149517803581691	0.0209340878571973	0.00515623731538502	0.00341284595135998	0.0294228110146893	-0.0392667148505705	-0.0319006527618352	-0.0120089189495348	-0.00552483434526138	-0.0220736636085705	-0.00994185197405243
0.0524848841298979	0.0536049300445533	-0.0318222749729186	-0.0307552250443667	0.0167274127165869	0.00147773389625357	0.0209273949067169	0.00514026839095573	0.00342633662612279	0.0294232259189458	-0.0392490220478501	-0.0318896207789625	-0.0119975740422397	-0.00551239420248797	-0.0220598600093854	-0.00992621553182191
0.0524987883119331	0.0536076360026164	-0.0318059120989933	-0.0307836550663298	0.0167442002736569	0.00148254091829549	0.0209356664491494	0.00514389077054152	0.00343610573543379	0.0293992662458737	-0.0392470313456096	-0.0319009964199062	-0.0119898612934186	-0.00552182524166408	-0.0220641724990812	-0.00993464074249753
0.0525393986376403	0.0536277721304026	-0.0317598926511279	-0.0308625595182251	0.0167861517040314	0.00150967314209618	0.0209532321263232	0.00517055360770865	0.00344495423227003	0.0293555434397511	-0.0392575394594716	-0.0319368067084917	-0.0119857290146624	-0.0055463031958107	-0.022088069307872	-0.00995037916456213
0.052532561797805	0.0536093794386839	-0.0317581240693479	-0.0309283155564446	0.0167680719367351	0.00148580427298597	0.0209458364928766	0.00515497723579135	0.00347571302660859	0.0293399447160893	-0.0392110003335476	-0.0319271479609189	-0.0119682248047858	-0.0055402207273508	-0.0220481015948178	-0.00993115387036251
0.0525582593190085	0.0536117640904205	-0.0317282244201868	-0.0310205234872429	0.0167875780247245	0.00148738426192215	0.0209548819644608	0.00515700425961664	0.00349512970762011	0.029325789076929	-0.0392084368678554	-0.0319385543355113	-0.0119521385336981	-0.00554188174136063	-0.0220514166379174	-0.00993661468092974
0.0525715516220393	0.0535997542187279	-0.0317011410908271	-0.0311306128136054	0.0167880851299268	0.0014635279656682	0.0209549196830296	0.0051373947948092	0.0035382168860098	0.0292860183386228	-0.0391611699132526	-0.0319379131198422	-0.0119271786200617	-0.00554774488332807	-0.0220046414216925	-0.00992906677622399
0.0526097032558564	0.0536157552737898	-0.0316688903175462	-0.0312157310504593	0.0168072601327014	0.00147727149454015	0.0209702948892468	0.00514897020446899	0.00355057460672552	0.0292494480907259	-0.0391571046897298	-0.0319627039984112	-0.0119248791843509	-0.00556585259030492	-0.0219923284044657	-0.00994178771278712
0.0526289089922796	0.0536274061205871	-0.0316638555871076	-0.0312595125299111	0.0168059022642257	0.00148045103018892	0.0209723344859284	0.00515141213255073	0.00355071430512837	0.0292490736990063	-0.0391517346831244	-0.0319673252215773	-0.0119261699975932	-0.00556792571460315	-0.0219863772525045	-0.00994330204347397
0.0526344033304636	0.0536332357349379	-0.0316639268332931	-0.0312812202647293	0.0168010253929824	0.00147476949614519	0.0209674352629406	0.0051459317642071	0.00355111244557648	0.0292644698599839	-0.0391485872781083	-0.0319617191246711	-0.0119273811827458	-0.00556084440256291	-0.0219878566585906	-0.00994084754253597
0.0526562018692436	0.0536606669133207	-0.031664122411057	-0.0312577229933707	0.0168124303705907	0.00149435521222415	0.0209679996444881	0.00515787318368234	0.003520406736631	0.0292697504596115	-0.0391692347020489	-0.0319654686298035	-0.0119586456853027	-0.00557735675377926	-0.0219879628293768	-0.0099591703850532
0.0526308996945202	0.0536453559683688	-0.0316932914375712	-0.0312161487486838	0.0167836189719878	0.00148315698825204	0.020952532237325	0.00514645144226568	0.00352163608257604	0.029303747462928	-0.0391687429636708	-0.0319457990946828	-0.0119535271358224	-0.00555674844539147	-0.0219891698235774	-0.0099439711988236
0.0525983625395134	0.053632555403716	-0.031719592455875	-0.0311326803499675	0.0167581449682289	0.00146655662704189	0.0209394634517388	0.0051305663368781	0.00350749441325598	0.0293464462797578	-0.0391789060224779	-0.0319236638827519	-0.0119578787410711	-0.00553879300967372	-0.0219945272573265	-0.00993354830098728
0.0526184846974593	0.0536615735559551	-0.0317260688738309	-0.0310643007757426	0.0167778871465191	0.00149957574153849	0.020946889818834	0.00515761753560514	0.00346847385537313	0.0293360359547777	-0.03921426089427	-0.0319360188094996	-0.0119888973744389	-0.00555937337838094	-0.0220175886696683	-0.00996002953023071
0.0525466853063327	0.0536292473455366	-0.0317854630467848	-0.0309473396849441	0.0167280148167032	0.00147424562713452	0.0209267006056548	0.00513423202296877	0.0034595722731438	0.0294039573182413	-0.0392179098165524	-0.0319045754929871	-0.0119841420408061	-0.00551592717509594	-0.0220255514786305	-0.00992174657991488
0.0525315336175601	0.0536373861744864	-0.0318106953723068	-0.03082961025293	0.0167244413315584	0.00147820467987116	0.0209251834809999	0.00513993451177293	0.00341762084276925	0.0294312962956782	-0.0392448855781419	-0.0318841655563313	-0.0120148952472085	-0.00552629559055514	-0.0220302201992536	-0.00994483313796915
0.0525261664049228	0.0536395962032194	-0.0318091111924185	-0.0307789863457067	0.0167413811598875	0.00149420573493311	0.0209310591958236	0.00515396861332281	0.00340527988586186	0.02942883480982	-0.0392709728578893	-0.0318989652051288	-0.0120138028056983	-0.00552442083798895	-0.0220746582611988	-0.00994957450176174
0.0525005289540325	0.053616059816308	-0.0318229916257252	-0.0307584227408079	0.0167281936306588	0.0014821581446717	0.0209242419137647	0.00514279274109515	0.00341650046157842	0.0294332157517333	-0.0392551478228149	-0.0318868058561451	-0.0120045938869827	-0.00551615069254049	-0.0220660528395835	-0.00993352594924283
0.0525073616029157	0.0536163434040658	-0.0318049384011255	-0.0307740759468467	0.0167493537477379	0.00149296940406792	0.020938495341807	0.00515302285513554	0.00342454010466219	0.02940399503681	-0.0392619050345606	-0.0319066164866527	-0.0119924191711747	-0.00552239381416366	-0.0220859305253244	-0.00993780211735393
0.0525149248744458	0.0536148542190914	-0.0317901331643919	-0.0308036612746014	0.0167549500657558	0.00148895447197014	0.0209349944998317	0.00514417994623541	0.00343445030936006	0.0293872396103727	-0.0392439705536032	-0.0319102514390947	-0.0119928801759041	-0.0055253805660165	-0.0220712370473131	-0.00993703377613828
0.0525488785712574	0.0536271490755259	-0.0317623932525388	-0.0308737996517181	0.0167815723903862	0.0015031939301722	0.0209437130771533	0.00515309968925711	0.00344607461346085	0.0293515899749505	-0.039237330688516	-0.031930590129565	-0.0119916941364639	-0.00554500400066424	-0.0220645301269925	-0.00994992933570496
0.0525221444879048	0.0535924130676583	-0.0317541021523299	-0.0309459748315483	0.0167646730745939	0.00147308473340687	0.0209384813719668	0.00513034421641758	0.0034950458885784	0.0293476323191979	-0.0391993788234149	-0.0319240424654236	-0.0119423652334351	-0.00551885385663555	-0.0220588988843738	-0.00992020291256343
0.0525750301122701	0.0536175378254101	-0.0317113195164584	-0.0310362297786748	0.0168013313324846	0.00148828531662051	0.0209512679667792	0.00514326492169677	0.00348771591338109	0.0293088981430409	-0.0392021490427433	-0.0319415648360926	-0.0119626145169275	-0.00555001079142222	-0.0220327906498659	-0.00993665239949851
0.0526249778792236	0.0536374224960712	-0.0316695077844867	-0.0311674876040205	0.0168305143288391	0.00150671712389196	0.0209663470123824	0.00516428953132505	0.00351620600565743	0.0292519822197535	-0.039184164270361	-0.0319717033695225	-0.0119460826079348	-0.00557308617360427	-0.0220284180898569	-0.0099580066973575
0.0526056184745572	0.0536095470767673	-0.031673645651179	-0.0312451627099708	0.0167992637961225	0.00146703998351574	0.0209529778752301	0.00513572120794311	0.00355721866276487	0.0292611659927566	-0.039137183697484	-0.0319575798609948	-0.011917765741678	-0.00554843499343812	-0.0219852820170262	-0.00992349839788656
0.0526503010087074	0.0536437019392791	-0.0316593167859991	-0.0312681389062868	0.0168203428881279	0.00148834259296567	0.0209697207288111	0.00515018418358972	0.00353287901003706	0.029252249043703	-0.039158639975177	-0.0319679273216936	-0.0119449440659516	-0.00557608270434531	-0.0219803185327731	-0.00995235310299434
0.052624015357228	0.0536226912994911	-0.0316648600186241	-0.0312986713892128	0.0167965829837719	0.00146545440664344	0.0209591260019393	0.00512970998566866	0.00356841828372101	0.0292748466573473	-0.0391442678034923	-0.0319578466849442	-0.0119055155887324	-0.00555111580578873	-0.0219884322160104	-0.00993013546900576
0.0526583699884558	0.0536629467912551	-0.0316697550506598	-0.0312418085513185	0.0168103740101008	0.00149250001743436	0.0209604224031177	0.00514926776206705	0.00350771094578039	0.0292779982533155	-0.0391704416962494	-0.0319541362953647	-0.0119728837465207	-0.00558330231780437	-0.0219640688145541	-0.00996319369905516
0.0526001702368462	0.0536296245312243	-0.0317137837962847	-0.0311811417259147	0.016759080947528	0.00145316513814511	0.020937069021114	0.00511695133053676	0.00352242258458407	0.0293277350756806	-0.0391553724295345	-0.0319196210109736	-0.0119444928401104	-0.00554036042575365	-0.0219620306148566	-0.00992941602223111
0.0526104394664394	0.0536556070371696	-0.0317186243459433	-0.0311058959751899	0.0167765250870913	0.00147979584467958	0.0209395821953812	0.00513727884513484	0.00348244509264172	0.0293422511367203	-0.0391979203720892	-0.0319284848746341	-0.0119730262388916	-0.00555340406562735	-0.0219935367956503	-0.00995303203723217
0.052597898740816	0.0536601653960544	-0.0317388540716593	-0.0310332542026942	0.0167723215621497	0.00149387604670239	0.0209389773012969	0.00514563700057709	0.0034658363495274	0.0293488435043506	-0.0392166301791823	-0.0319309896669972	-0.0119816554092354	-0.00555128204688812	-0.0220151970330116	-0.00995569329180638
0.0525451528148535	0.0536376166768511	-0.0317929634540336	-0.0309104048242158	0.0167280916508247	0.00147000857457621	0.0209142828146258	0.00512346826102951	0.00344002427563361	0.0294231672456166	-0.0392236444359892	-0.0318899700249696	-0.0119927823870221	-0.00552034304160989	-0.0220144999379814	-0.00993720420818975
0.05250678744248	0.0536247322931567	-0.0318178060210116	-0.0308090494419991	0.0167136426450184	0.00146367325200716	0.0209061146490115	0.00511974809256173	0.00342731870589479	0.0294520582723091	-0.0392454918692102	-0.0318817767136427	-0.0119921663170655	-0.00550432661972363	-0.0220363026677135	-0.00992715570207306
0.0525429092585038	0.0536580377893791	-0.031793575333038	-0.030772860570742	0.0167652542199497	0.00151506130949394	0.0209314629242078	0.00516331303948915	0.00338970211696054	0.0294184649973768	-0.0392900374989256	-0.031913358331574	-0.0120201046006506	-0.00553964097897899	-0.0220857433294646	-0.00996888501198709
0.0525057913928677	0.0536231550981885	-0.0318145105356885	-0.0307626150898773	0.0167342160288055	0.00148377724916068	0.0209154898088264	0.00513804159841437	0.00341695727535573	0.0294315491497873	-0.0392558756514937	-0.0318907076325366	-0.0120010972359594	-0.00551705733517496	-0.0220675853310627	-0.0099395287896131
0.0525276723537055	0.0536348213118102	-0.0317926742783397	-0.0307811237312703	0.0167640318589248	0.00150469708498682	0.0209281394992041	0.00515355231208233	0.00342129211679603	0.0293930133453623	-0.0392682375631616	-0.0319118537797754	-0.0119996681212983	-0.0055327049532777	-0.0220886420713236	-0.00995231538442557
0.0524970323030093	0.0536030636738913	-0.0317919771833095	-0.0308173964215692	0.0167440982938228	0.00146241177542946	0.0209148220504608	0.00511748078748355	0.00346159650300103	0.0293978231613723	-0.0392250721536663	-0.031896225719449	-0.0119704725520876	-0.00551401470396098	-0.0220540820834437	-0.00992908773098442
0.0525456152165669	0.0536269479098258	-0.0317501892000662	-0.0308970901694405	0.0167909824748018	0.00149581785450194	0.0209497480481563	0.0051505515903892	0.00346207846249085	0.0293375754311771	-0.0392358554733819	-0.0319346804988003	-0.0119725386914657	-0.00554817794837689	-0.0220667429496936	-0.00995404205668474
0.0525557335718851	0.0536240351981265	-0.0317331865074559	-0.0309633477249262	0.0167962505015731	0.00148973119508996	0.0209556866272612	0.00514920350080174	0.00347481197191023	0.0293226598327052	-0.03921337660338	-0.0319393366465672	-0.0119677176995835	-0.00555339288975512	-0.0220530930187515	-0.00994466130893365
0.0525773644725817	0.053617972287443	-0.031694165949573	-0.0310907582562576	0.0168104382713662	0.00147928734249322	0.0209583632486598	0.00513927373832747	0.0035151736344604	0.0292821752355606	-0.0391830508740903	-0.0319466065514513	-0.0119381519296052	-0.00556075220161703	-0.0220263212168302	-0.00994024125146762
0.0525995611518098	0.0536152467716034	-0.031667163645287	-0.0311986040262704	0.0168174804678536	0.0014753101289642	0.0209616280003343	0.00513370955094213	0.00354754035741572	0.0292520241292744	-0.0391585072616943	-0.031961223195341	-0.0119150388288544	-0.00556099667382201	-0.022008639589982	-0.00993232733694641
0.052612332379798	0.0536173785692309	-0.0316640483709035	-0.0312467860054119	0.0168036531199399	0.00146061106301678	0.0209526509809674	0.00512631950543159	0.00355818816968061	0.0292511160896559	-0.0391359683213792	-0.0319540175517222	-0.0119188078917632	-0.00556494455068643	-0.0219672357773466	-0.00993044140850799
0.052637221047249	0.0536376627773241	-0.0316548953315491	-0.0312610575942466	0.0168131190837168	0.00147676019838574	0.0209614910958995	0.00514072520473304	0.00354382717386808	0.0292495626434162	-0.0391526315468707	-0.0319659198556447	-0.0119323642247753	-0.005575036363308	-0.0219778416800906	-0.00994062262810739
0.052626325968811	0.0536329591321002	-0.0316726523955348	-0.0312678623034492	0.016796390199976	0.00146126066059001	0.0209591790873324	0.00512797493150531	0.00354929357237143	0.029273312768884	-0.0391396773139748	-0.0319492552331692	-0.0119316810995854	-0.00556440671183547	-0.0219620487756489	-0.00993911248837262
0.0526203315103449	0.0536387216912176	-0.0316899344849508	-0.0312315672614059	0.0167852771920296	0.00146458687956177	0.0209614100708258	0.00513413982202289	0.00353042450909907	0.0292917934705965	-0.0391561994440793	-0.0319412574996063	-0.0119413635958867	-0.00556253335625331	-0.0219650257486136	-0.00993880375490233
0.0526345597926748	0.0536628070928522	-0.0316940569848188	-0.0311697968186196	0.0168053169279178	0.00149913289760147	0.0209749230973331	0.00516361199407124	0.00349038275589141	0.0292983998080671	-0.0392015609124673	-0.0319566899821687	-0.0119675696192765	-0.00557186381257937	-0.0220132482402919	-0.00995434799618697
0.052606933036528	0.0536471161682446	-0.0317283445608133	-0.031108061300434	0.0167799700497055	0.00147805520258012	0.0209540242162674	0.00514519415664007	0.00347777637201862	0.0293424774481329	-0.039192463752474	-0.031924749339342	-0.0119829029159728	-0.00555621759146066	-0.0219942716092493	-0.00994453558037109
0.0525924840307217	0.0536568293981945	-0.0317583056772716	-0.0310026379007265	0.0167675550526446	0.0014946080663333	0.0209472195070648	0.00515316395052242	0.00345586188356422	0.0293548728874174	-0.0392171945607298	-0.0319242003246189	-0.0119969942938679	-0.00555522154184837	-0.0220209023157838	-0.00994713816161611
0.0525236825673202	0.0536211532200758	-0.0318057165212293	-0.0308898537921731	0.0167226029005769	0.00146510096968424	0.0209218474831399	0.00513165877838835	0.00344745483368097	0.0294259933443062	-0.0392232993809342	-0.0318861380977795	-0.0119892633842544	-0.0055165781696532	-0.0220298234557895	-0.00991882129535929
0.052521908397604	0.0536330359662218	-0.03181448678696	-0.0307945543357199	0.0167311775885436	0.00148467271592292	0.0209226214122917	0.00514515085013519	0.00341014139028089	0.0294281977851031	-0.0392546896120536	-0.0318893874826297	-0.0120147751065821	-0.00552635426388434	-0.022048160268147	-0.00993449825012663
0.052500060964383	0.0536170670417925	-0.0318214479583738	-0.0307614835328142	0.016726093963664	0.00147259299502885	0.0209165096071672	0.00513497102751983	0.00342208979467628	0.0294295067591377	-0.0392512125188068	-0.03188459163646	-0.0119993621817961	-0.00551825035953526	-0.0220575130762175	-0.00992503088936578
0.0525050970918056	0.053619152738947	-0.0318113826884488	-0.0307654328066627	0.0167435576610038	0.00149070489295779	0.0209227303770459	0.0051456621462896	0.00342339318077483	0.0294068490751802	-0.0392597886037575	-0.0319035612825824	-0.011989095746171	-0.00552204317117252	-0.022079477856097	-0.00992636500911296
0.0524877647109645	0.0535988922795823	-0.0318011106648875	-0.030788129606173	0.0167384963878687	0.00147500418946197	0.0209207312929012	0.0051351023440185	0.00344908790801023	0.0293994855723662	-0.039240374716714	-0.0319019617358699	-0.0119681395887601	-0.00551215112726702	-0.0220749725826052	-0.00991772466289695
0.0525094473000702	0.0536066273801479	-0.0317828478926835	-0.0308143021019461	0.0167517970728036	0.00146832241485386	0.0209346354749364	0.00513134864793404	0.0034492681189499	0.0293722178411147	-0.039224615339889	-0.0319051789900874	-0.011983650302428	-0.00553718368407293	-0.0220434105224503	-0.00993247541725343
0.0525279587354313	0.0536011777454529	-0.0317506571897158	-0.0309138302290535	0.01677665640359	0.00147541210879828	0.020958913660367	0.005143668650081	0.0034836269411298	0.0293275632466451	-0.0392170115558221	-0.0319314828023592	-0.0119449775935683	-0.00554272272574577	-0.0220560797706043	-0.00993821562462635
0.0525874004058421	0.0536332832323948	-0.0317147519062164	-0.0309977749993235	0.0168207647773045	0.00150610943583959	0.0209710143360215	0.00516712401191878	0.00346861495076	0.0292916300234652	-0.0392238428077212	-0.0319565530777339	-0.0119722159881551	-0.00557610785005782	-0.0220501481764195	-0.00995454636791901
0.0525712540644412	0.0535936005040825	-0.0316999857850356	-0.0311294575078139	0.0167959236073105	0.00146162108246935	0.0209577737213998	0.00513537615288808	0.00354415546511477	0.0292711474436399	-0.0391576229708043	-0.0319471737269668	-0.0119141992414533	-0.00555568673752984	-0.0220109068950602	-0.00991581917668214
0.0526145452024991	0.0536145175459406	-0.0316673340773385	-0.0312118502288282	0.0168166618352129	0.00147701724344697	0.0209688559956975	0.00514869360163136	0.00354846516084256	0.0292341287638699	-0.0391520839291315	-0.0319659086797725	-0.0119237476272878	-0.00557511459441359	-0.0219928955799813	-0.00993395063238748
0.052625684753142	0.0536200468087252	-0.0316528641167717	-0.0312675423941067	0.0168181454322511	0.00148404407311011	0.0209694008194686	0.00515230061439283	0.00355956000799656	0.0292335783521626	-0.0391484545646256	-0.0319753997892618	-0.0119145526784125	-0.00557141817467429	-0.0219981398580241	-0.00993438928537241
0.0526229131368295	0.0536193315529026	-0.0316631682709656	-0.0312745608418656	0.0167970230337409	0.00146361457867796	0.0209590966652747	0.00513361455602819	0.00355249685674868	0.0292584558437414	-0.0391313331283728	-0.0319494270622047	-0.0119312270797762	-0.00556719369497224	-0.02195768320056	-0.00993195294522678
0.0526465347397667	0.0536467753041417	-0.0316610490461944	-0.0312585164802988	0.0168127321191409	0.00148737029208187	0.0209650827418366	0.00515164822285154	0.00352911274109634	0.0292579152109224	-0.0391588746684938	-0.0319613670846959	-0.0119466092709135	-0.00558125713318671	-0.021977759258033	-0.00995173843002181
0.0526447940976672	0.0536553164644917	-0.0316853425984493	-0.0312149724881318	0.0168008214333143	0.00149199989715217	0.0209625597886812	0.00515779774654481	0.0035059591278087	0.0292798674179456	-0.0391701818572202	-0.031951797744101	-0.0119631467678424	-0.00557631460369403	-0.0219859372025355	-0.00995142271163138
0.0526242933570496	0.0536548205351616	-0.0317082126239792	-0.0311429593584489	0.0167840534340207	0.00148622895613062	0.0209490104405892	0.00515169152935642	0.0034928121111169	0.02931837528269	-0.0391862346006911	-0.0319376309290684	-0.011971376400754	-0.00556067257352741	-0.0220056332803527	-0.00994856587929319
0.052603053611881	0.0536477517959776	-0.0317343250494391	-0.0310778096112978	0.0167640653865415	0.00148193183325909	0.0209417852391941	0.00514294640933828	0.00347861316545166	0.0293396709072198	-0.0391935715608086	-0.0319219232406525	-0.0119787357126159	-0.00555158100147021	-0.0220039401357103	-0.00993793203686858
0.0525808457567806	0.0536538412493576	-0.0317726038088028	-0.0309589779588852	0.01675093233969	0.00149229046983009	0.0209360282680128	0.0051590494442343	0.00344594469394621	0.0293690508783222	-0.0392199368403777	-0.0319129727639822	-0.0120013906026054	-0.00554616210042383	-0.0220252539210324	-0.00995068510406436
0.0525425139120238	0.0536418844630581	-0.0318033584121893	-0.0308557115025176	0.0167357792539333	0.00148364174170992	0.0209240267782243	0.00514555038756733	0.00342654477674303	0.0294138004677058	-0.0392400073099145	-0.0318942853086335	-0.0120048313742675	-0.00553017920615425	-0.0220423963120456	-0.00994297235524325
0.0525128335893552	0.0536254587248515	-0.0318197170951625	-0.030786999446094	0.0167247849896294	0.00147604494256317	0.0209185533948008	0.00513811005063177	0.00342149607646419	0.0294289130409256	-0.0392435807950593	-0.0318799550464696	-0.0120028169232985	-0.00552253211558248	-0.0220545305153168	-0.0099360628722385
0.0525113080827961	0.0536259448752934	-0.0318115195928835	-0.0307596464988168	0.0167378104687107	0.00149249023854616	0.0209255215511348	0.00515149315762438	0.00341764598848176	0.0294068686329566	-0.0392546504965008	-0.0318935951985234	-0.0120039400984573	-0.00553261834026794	-0.022070495248794	-0.00994261752130002
0.0525053443579786	0.0536190200254643	-0.0318114483466981	-0.0307548143310624	0.0167386640259521	0.00148864992945193	0.0209249893002199	0.00515111736892073	0.00341599615034415	0.0293982450505489	-0.0392474713955785	-0.0318932110279156	-0.0120067745790511	-0.00553277061152704	-0.0220600751449257	-0.00993546077212224
0.0525081397230196	0.0536103489455997	-0.0317848260220678	-0.0308093958940382	0.0167593407865573	0.00149810611434056	0.0209332831943969	0.00515777958575244	0.00344230555055208	0.0293731677902541	-0.0392480511439504	-0.0319149131747977	-0.0119756372020408	-0.00552738244412928	-0.0220910756175012	-0.00993119019194725
0.0525186031333927	0.0536013663382967	-0.031771188663982	-0.0308735202549124	0.016766496138751	0.00148335675696811	0.0209342024098876	0.00514607006562591	0.00346106145811814	0.0293574573078701	-0.0392170241286783	-0.0319121834680061	-0.011973533344094	-0.00553605212700988	-0.0220545277213487	-0.0099305839008789
0.052533391606318	0.053603391965138	-0.0317505663857539	-0.0309377899021256	0.0167727909487833	0.00148319191285275	0.0209393125774637	0.0051465310703553	0.00348807633526043	0.0293255753383726	-0.0392046049406654	-0.0319264522628727	-0.0119519722925988	-0.00553746866881474	-0.0220563689462982	-0.00992703835541467
0.0525796694962286	0.053624747659981	-0.031715173795393	-0.0310218450341338	0.0167978793849503	0.00148601801154232	0.0209459384727107	0.00514806076786646	0.00348444277980241	0.0293000370733484	-0.0391928828476826	-0.0319316280886982	-0.0119730625604764	-0.00556575619840696	-0.0220227868472382	-0.00994365827440122
0.0525923778599355	0.053611885628031	-0.0316876685768567	-0.0311454599598598	0.0167994118764295	0.00146772450568968	0.0209482309235014	0.00513135423587015	0.00354431332430998	0.0292625434190087	-0.0391544029226187	-0.0319435066438921	-0.0119262230829862	-0.00555975335803668	-0.0220118889748322	-0.00992893825369337
0.0526399074475357	0.0536354094420862	-0.0316483197277271	-0.0312336054611034	0.0168314293533777	0.00149987609310461	0.0209686925485662	0.00515740379704878	0.00354729588521074	0.0292225212235774	-0.0391631326758126	-0.0319762198188865	-0.0119280684988878	-0.00558437520153823	-0.0220158354547126	-0.00995297895183908
0.0526061311676957	0.0536064834907929	-0.0316822524697784	-0.0312443147406655	0.0167779164831837	0.00144730199617767	0.0209371290914272	0.00511529031652693	0.00356325223678377	0.029266976049331	-0.0391127322860339	-0.0319290604320539	-0.0119252549730545	-0.00555903111729397	-0.021944379721657	-0.00992345509138168
0.0526657404761899	0.0536591861102505	-0.0316458442720287	-0.0312664904651332	0.0168247405938495	0.00150570431047133	0.0209600591872703	0.00516578011328341	0.00353785786111448	0.0292331774177465	-0.039165462845172	-0.0319743255085439	-0.0119416192439639	-0.00559175686514459	-0.0220022511820199	-0.00996449568816968
0.0526181633911328	0.0536260929556004	-0.0316875204965497	-0.0312465205784465	0.0167776552471704	0.0014613682283602	0.020936331413547	0.0051276354643864	0.00355009404421974	0.0292887536333506	-0.0391341606240464	-0.0319320038774018	-0.0119307241655259	-0.00555504552186078	-0.0219679314753928	-0.00993218763854356
0.0526379642427521	0.0536536722142902	-0.0316954805115438	-0.0311862183658741	0.0167926504737318	0.00149397662955244	0.020944777578983	0.00515264427246383	0.00351381436900072	0.0292892425777605	-0.0391777716714468	-0.0319430037296419	-0.0119563867621287	-0.00557375672593793	-0.0219954045632964	-0.00995072002866507
0.0526071663328607	0.0536416050662524	-0.03172484790979	-0.0311147793966269	0.0167684239767103	0.00147683563552328	0.0209290894483435	0.00514015244128137	0.00349926617732837	0.029337033401374	-0.0391807863629802	-0.0319169164498945	-0.0119701302910006	-0.00555547020500543	-0.0219954911763062	-0.00994115068807014
0.0526030815515615	0.0536530100438607	-0.0317395274179611	-0.0310396495955765	0.0167719387885259	0.0014945885085569	0.0209328277776036	0.00515598306429184	0.00347540010218621	0.0293359437538318	-0.039204831252078	-0.0319240634201841	-0.0119832004735709	-0.00556268423052838	-0.0220166526903692	-0.00995216451015049
