0.0525364929108611	0.0535914058421738	-0.0319842594619703	-0.0308258132503406	0.0167543228199271	0.00159566030301575	0.0209005714163865	0.00524044751262039	0.00341502524644437	0.0294174801236367	-0.0392083432699255	-0.0317938225992111	-0.0119039663334449	-0.00554464916672101	-0.0221321692996823	-0.0100583827937702
0.0525023799578702	0.0535728944068127	-0.0320095434759013	-0.0307577787311707	0.0167415334311466	0.0015848825712362	0.0208996284521673	0.00523883399606752	0.00340739911063303	0.0294485001539886	-0.0392129966237243	-0.0317794546184784	-0.0119036128964857	-0.00553133171797773	-0.0221458304064966	-0.0100555036096875
0.0524739094233703	0.0535544821573177	-0.0320145223269787	-0.0307194175497493	0.0167352358271463	0.0015723935340218	0.020898874080792	0.00523137410135556	0.00341183034397129	0.0294517914483597	-0.0392117840415876	-0.0317738834461729	-0.0118912467938658	-0.00552643109800591	-0.0221494010976733	-0.010043204562301
0.052476007693381	0.0535579215319957	-0.0320067914173652	-0.0307003766574415	0.0167500522397521	0.00158598060068257	0.0209074543566947	0.00524134018541457	0.00340317742489903	0.0294305097936702	-0.039220101684493	-0.0317813070193001	-0.0118991174018821	-0.0055369168601235	-0.0221537624818102	-0.0100540703040743
0.052490391040938	0.0535615089869808	-0.0319957384797321	-0.0307175539730554	0.016763206241364	0.00159180323011317	0.0209103712593462	0.00524510645435529	0.00340727897000658	0.0294091303500987	-0.0392150837178628	-0.0317922034947221	-0.0119024813394226	-0.00554300771048757	-0.0221546677274606	-0.0100580600904596
0.0525037098866653	0.0535609697511458	-0.0319661922675302	-0.0307869365818127	0.0167821353749496	0.00159157691870056	0.0209190632939712	0.00524863523601117	0.0034322430745951	0.0293820595935952	-0.0392073975117382	-0.0318106911813547	-0.0118788806912459	-0.00554368105678929	-0.0221692215070691	-0.010057392332094
0.0525024609829439	0.0535442310885168	-0.0319597074676701	-0.0308534972828325	0.0167755891077923	0.0015685350641352	0.0209173003001273	0.0052297508059145	0.00346572878175721	0.0293630634047763	-0.0391659098800611	-0.0318069556460626	-0.0118637904697705	-0.00554267243432074	-0.0221258116253688	-0.0100483147298771
0.0525314749442309	0.0535522120582714	-0.0319319228523282	-0.0309297823896745	0.0168012950108999	0.00157971233334688	0.0209236942960255	0.00523632361576839	0.00347529672536811	0.0293417859410388	-0.0391656402621436	-0.0318237627609089	-0.0118548036715154	-0.00555105294150746	-0.0221300123563424	-0.0100548176905296
0.0525630370043858	0.0535518558273442	-0.0318943481729148	-0.0310549731133846	0.0168205189081155	0.00157401403549481	0.0209345139373259	0.00523422394877361	0.00351251377687022	0.0292935969769772	-0.039135419306656	-0.0318390946606213	-0.0118351550911552	-0.00556873177438758	-0.0221048428951017	-0.0100517094010662
0.0525757411771406	0.0535441752091557	-0.0318666459796305	-0.0311639965409334	0.0168290656564016	0.00156908268187436	0.0209437535896902	0.00523523815917827	0.00354949194410347	0.0292674538178687	-0.0391130591802966	-0.0318530114155127	-0.0118064247176259	-0.00556968451749498	-0.0220946197659814	-0.0100465601179373
0.0526077460812326	0.0535639760607751	-0.0318531930234364	-0.031203248998165	0.0168365059933372	0.00158072514676751	0.0209515962580259	0.00524077859783513	0.00353648043486243	0.0292519389132486	-0.0391120337940197	-0.0318614408171404	-0.0118288463112827	-0.00558238310231365	-0.0220708179521046	-0.010057783487622
0.0526261080393026	0.0535754313298084	-0.031845515199216	-0.0312330550493962	0.0168450108321024	0.00158583252037555	0.0209520321170428	0.00524751764878841	0.00352980843914252	0.0292578733014015	-0.0391174540920501	-0.0318612508273126	-0.011835294789558	-0.00558907744977802	-0.0220715667355438	-0.0100664000851095
0.0526049255704791	0.0535632119105115	-0.0318721514936866	-0.0312140043782001	0.0168122054561621	0.00156230311838425	0.0209375998750448	0.00522816802301026	0.00353243057816393	0.0292922349175495	-0.0391007727057663	-0.0318336617897346	-0.0118383276418838	-0.00557648643272954	-0.0220433742008655	-0.010054300806439
0.0525813123494461	0.0535564072013089	-0.0318946247757524	-0.0311691989094554	0.0167959236073105	0.00155630307198203	0.0209385288694237	0.00522241384579704	0.00352327893579351	0.0293147780488167	-0.0391100137551145	-0.031820819315561	-0.0118352081765483	-0.00556312986843346	-0.0220462897065329	-0.0100496614224805
0.0525837249408632	0.0535783999208689	-0.0319054220653083	-0.0310761723460164	0.0167950057888038	0.00157136675076088	0.0209349511933269	0.00523595760595293	0.00347960223014381	0.0293331497857749	-0.0391436992309927	-0.0318176914683213	-0.0118722017106058	-0.00557410597194504	-0.0220554776704881	-0.0100673877528176
0.0525922898499417	0.0535982301091528	-0.0319123692668819	-0.0310274413521518	0.0168071022735062	0.00159410266582401	0.0209401856924815	0.00525377613723589	0.00345501950219506	0.029339144244241	-0.0391768426770678	-0.0318301595507752	-0.0118866367465719	-0.00558201429853014	-0.02208649770084	-0.0100778888817595
0.0525436789967035	0.0535776036399726	-0.0319553251287729	-0.0309310117356195	0.0167752105251206	0.00158702135378377	0.0209304668745955	0.00524785711590732	0.00345155917275657	0.029379940368824	-0.039184460430975	-0.0318151126358047	-0.0118790776659939	-0.00555324341246408	-0.0221174059724696	-0.0100577010655643
0.0525015459584052	0.0535636337996881	-0.0319994698240721	-0.0308066689812146	0.0167459520916286	0.00157282799605465	0.0209163405720998	0.00523428960702295	0.00341745041071777	0.0294322434508495	-0.0391954351375026	-0.0317785675336203	-0.0119058327041069	-0.00554139698790276	-0.0221061406932641	-0.0100507720247831
0.0524878932334951	0.0535644873569295	-0.0320131449007267	-0.0307273608009351	0.0167456880616472	0.00157828601265383	0.0209133049258059	0.00523930058873303	0.0033986791363274	0.0294413671535393	-0.0392138264322372	-0.0317756352641446	-0.0119174514202716	-0.00554235392196226	-0.022123660269965	-0.0100555734588889
0.0524819895789909	0.0535615117809489	-0.0320103760783823	-0.0306970546294218	0.0167565705672289	0.00158858737287967	0.0209198064894744	0.00525009368733688	0.00339657527838054	0.029423974702385	-0.0392219429094425	-0.0317853834186951	-0.0119168730688838	-0.00554812346599978	-0.0221413879972861	-0.0100579678895137
0.0524572950923199	0.053536482018111	-0.0320083155269403	-0.0307141048194891	0.0167545854529244	0.00157913677592716	0.0209169273053917	0.00524366057588584	0.00341826066145428	0.0294202685037575	-0.0392158143405097	-0.0317845745649427	-0.0118893315287628	-0.00552523108872546	-0.0221531631756619	-0.0100360813407399
0.0524947147065061	0.0535633069054254	-0.0319848434012942	-0.0307199358308239	0.0167799798285937	0.00159918908467162	0.020926809570409	0.00525828141072767	0.0033932742051213	0.0293870119019761	-0.0392150515872302	-0.0317965299542582	-0.0119236610142781	-0.00556358388824271	-0.0221365306838191	-0.0100624312534846
0.0525260504552484	0.0535714415434231	-0.0319455951350147	-0.0308128534295086	0.016819317501851	0.00162321581297705	0.0209486458277578	0.00527993885412083	0.00341960316310562	0.0293453021498385	-0.0392240383854852	-0.0318347975377497	-0.0118980026086274	-0.00557176602369738	-0.022177614587112	-0.0100688476011273
0.0524847011249901	0.0535243925183287	-0.0319607929242603	-0.0308709218646195	0.0167772752675146	0.00156700257265598	0.0209291565035768	0.00523282277379307	0.00346918072929153	0.0293522549393481	-0.0391540313248672	-0.0318033248845726	-0.0118643394844937	-0.00554293087636601	-0.0221094627212838	-0.010030982349036
0.0525161528234068	0.0535344983007906	-0.0319235521240297	-0.0309534640629249	0.0168028931606285	0.00157100632888154	0.0209400893005835	0.0052362900881517	0.00347888418035318	0.0293284084219823	-0.0391584765280457	-0.0318175378000781	-0.0118584358299894	-0.00555723319884935	-0.0220972111713542	-0.0100423118895068
0.0525702412510206	0.0535567578443	-0.0318764150889415	-0.031079441288643	0.0168382731781331	0.00159353409332443	0.0209568950184458	0.00525215703274691	0.00350626227334288	0.0292613950981373	-0.0391490468858536	-0.0318555162078758	-0.0118390373097703	-0.00557972184773944	-0.0221024666252693	-0.0100538705353583
0.0525768601613474	0.0535461435596518	-0.031865348181468	-0.0311691136934297	0.0168295811435081	0.00157614723010626	0.0209497005506993	0.00524091689925395	0.00353567996301412	0.0292561899356472	-0.0391108673123559	-0.0318527641493397	-0.0118242823644617	-0.00557294647520143	-0.0220713502030194	-0.0100445470639523
0.0526130588114928	0.0535740720643487	-0.0318541387816237	-0.0311980033231382	0.0168421539997642	0.00159520209225441	0.0209577583545754	0.00525429441831045	0.00351836853693348	0.029249450884694	-0.0391205120900884	-0.0318625653892834	-0.0118463770638558	-0.00559258248270542	-0.022063918247988	-0.0100662617836907
0.0526102187429629	0.0535708743679076	-0.0318561071321198	-0.031226369083836	0.0168312002479971	0.00158601412829925	0.0209509173237881	0.00524881684393487	0.00353032532323305	0.0292628828861276	-0.0391140761846693	-0.0318572023675981	-0.0118349343676787	-0.00558214561502882	-0.0220634949618274	-0.0100569201514924
0.0526038736415057	0.053571681824676	-0.0318690012947025	-0.031205065077402	0.0168181272714588	0.00158297708502139	0.0209470309142209	0.00524642800124621	0.00351843698915088	0.0292868467501517	-0.0391200636582152	-0.0318478565444477	-0.0118417488557695	-0.00557335858548982	-0.0220615475660917	-0.0100567608953131
0.0525952542500501	0.0535802956281955	-0.0318978490148901	-0.0311434329360346	0.0168041434613339	0.00158935571409532	0.0209387020954433	0.0052481798192179	0.00349334436203174	0.0293098327253559	-0.039134338041018	-0.0318349288542484	-0.0118636898869204	-0.00557080210471775	-0.0220600639690535	-0.010054003248841
0.052577625708595	0.0535783133078591	-0.0319209537337367	-0.0310718333136241	0.0167915217106368	0.00158670284142528	0.0209307742110818	0.00524722567912646	0.00347205013448597	0.0293452895769822	-0.0391538441290074	-0.0318157440725856	-0.011875104643417	-0.00556216734643786	-0.0220727080714951	-0.010057147859889
0.0525419760731728	0.053564858954681	-0.0319461874562427	-0.0310006863140388	0.0167681208311761	0.00157208619753554	0.0209224607591284	0.00523495596840453	0.00347202917972555	0.0293625465206857	-0.039155005022735	-0.0318001188062273	-0.011869805882997	-0.00554971602779222	-0.0220732654681224	-0.0100442495063543
0.0525350009319187	0.0535805261305602	-0.031980565836199	-0.0308646549942678	0.0167601845649105	0.00159050263798268	0.0209185701586092	0.00524823150762695	0.00341681897393691	0.0293979949904078	-0.0391930714405264	-0.0317921406304408	-0.0119126332223574	-0.00555311488993345	-0.0220937410630275	-0.0100579078192005
0.0525194063992091	0.0535830365108593	-0.0319967862177534	-0.0307814101129961	0.0167658912446667	0.00161013445453458	0.0209171689836286	0.00526388471366581	0.00339402717951264	0.0294189902633715	-0.0392286037292902	-0.0317935194536769	-0.0119204940514855	-0.00554959868113383	-0.0221425502879978	-0.0100595772151145
0.0524624276116404	0.0535408545781201	-0.0320237466125186	-0.0307293123876229	0.0167347957771773	0.00157427806547619	0.0209060783274267	0.00523701372587844	0.00341033976201293	0.0294477751192778	-0.0392079102048767	-0.0317641311006702	-0.0119013651491839	-0.00552204317117252	-0.022134709016646	-0.010030345324319
0.0524720193039798	0.0535524579274604	-0.0320191840626817	-0.0307003193810963	0.0167550492516219	0.00159538090621005	0.0209148653569657	0.00525623902007806	0.00339597038429622	0.0294219616484	-0.0392250959023948	-0.0317819426470331	-0.0119112194745206	-0.0055381783367012	-0.0221449433216385	-0.0100430606729461
0.0524496982931731	0.053527991149186	-0.0320125148609298	-0.0307135432319097	0.0167500731945125	0.00158398989844202	0.0209150525528255	0.00524784314606704	0.00341703410947729	0.029416806777335	-0.0392111400319505	-0.031779386166261	-0.0118879876301274	-0.00552460244591266	-0.022151595759582	-0.0100277189943455
0.0524890541272228	0.0535551429307631	-0.0319851172101637	-0.030731921953788	0.0167759956301445	0.00160535257820518	0.0209273180725954	0.00526507075310597	0.00339954945737713	0.0293789820377805	-0.0392193934135906	-0.0318005365044518	-0.0119148376631543	-0.00555489464758571	-0.02213941964679	-0.0100503445476704
0.0524636667364736	0.053516009217174	-0.0319823414028992	-0.0308152003626764	0.0167558161958535	0.00156469894599306	0.0209160346325975	0.00523141321690836	0.0034618256083817	0.0293788968217548	-0.0391714223790374	-0.0317921951128179	-0.011860921064576	-0.00552748721793142	-0.0221155214410152	-0.010023272394183
0.0525159865823074	0.0535503582604657	-0.0319430973275718	-0.030872225250718	0.0168016987392841	0.001603674800387	0.0209355197658264	0.00525995080664167	0.00345361693023049	0.0293286668640276	-0.0391899128596381	-0.0318337078902075	-0.0118734659811516	-0.00556106512603941	-0.022133922514638	-0.010042075799206
0.0525489819480755	0.0535511000589848	-0.0319063021652463	-0.0309985084159384	0.0168230041427021	0.00160108618898227	0.0209439729161826	0.00526037968073841	0.0034790127028838	0.0293032794732785	-0.0391669087236415	-0.0318392022283914	-0.0118601401505041	-0.00557042631601409	-0.0221176015502336	-0.0100517275618586
0.0525668829014162	0.0535435423753908	-0.0318810251362354	-0.031113019196751	0.0168253929853908	0.00158668887158499	0.0209430313489474	0.00524929042152052	0.00351960067684658	0.029266195135259	-0.0391267454328234	-0.0318458658422072	-0.0118348407697488	-0.00557248547047204	-0.0220867365851088	-0.0100399062830098
0.0526007374123618	0.0535605436710171	-0.0318591064568289	-0.0311799263498099	0.0168416790251945	0.00159474946942919	0.0209506225601581	0.00525518290015255	0.00352556021071198	0.0292427621251657	-0.0391194671460351	-0.0318597099539292	-0.0118377101749432	-0.0055899505647958	-0.0220738256587178	-0.010052141069131
0.0525981627707973	0.0535553762270959	-0.0318606305664039	-0.0312174144162136	0.0168252686538122	0.00158325648182708	0.0209403142150121	0.00524391342999499	0.00353878825247744	0.0292655343618136	-0.0391093683484934	-0.0318532097872448	-0.011826359679712	-0.00557497908696283	-0.022065045614099	-0.0100436068937012
0.052604185168944	0.0535671430235676	-0.0318664545928186	-0.0312069663726647	0.0168123591244053	0.00158067345835846	0.0209295057495839	0.00524273856642706	0.00352768921437135	0.0292785975594637	-0.0391085539068048	-0.0318461368571087	-0.0118416608457757	-0.00557789738659828	-0.0220469979774354	-0.0100482239259152
0.0525965310934521	0.0535646298493004	-0.0318809035986249	-0.0311892959216888	0.0168051073803136	0.00158560341499488	0.0209269255200834	0.00524661799107408	0.00352249383076952	0.0292994643098967	-0.0391238075754115	-0.0318423915429284	-0.0118366861856504	-0.00556438436009102	-0.0220680854513449	-0.0100418187541448
0.0525792783407007	0.0535644538293128	-0.0319060688689135	-0.0311163146820742	0.0167886592903625	0.0015839745316177	0.0209243355116946	0.00524628550887531	0.00349643449070268	0.0293230034907762	-0.0391323431478254	-0.0318237920975735	-0.011857828141937	-0.00556386747600049	-0.0220668756631763	-0.0100393349165422
0.0525647189731561	0.0535704357149226	-0.0319332793238198	-0.0310288830396692	0.0167704342367273	0.00157781941998832	0.0209170851645869	0.00524216440599136	0.00346010452405864	0.0293579308854557	-0.039147885992126	-0.031802163990845	-0.0118943369225367	-0.00556208771834823	-0.0220489355942828	-0.0100431207432593
0.0525655334148447	0.0535900479736981	-0.031947820530572	-0.0309397568556377	0.0167776412773301	0.00160538889978992	0.0209210288504993	0.00526322952815646	0.00343941658758123	0.0293501175537846	-0.0391802415392091	-0.0318213767121883	-0.0119029996204972	-0.00556873875930771	-0.0220954174438617	-0.0100560526244107
0.052525980606047	0.0535793289152478	-0.0319851381649242	-0.0308392536336784	0.0167609766548546	0.00160633745194524	0.0209183787717973	0.0052655191849791	0.00341222429346731	0.0294069901705671	-0.0392109877606914	-0.0318060336366038	-0.0119105670829793	-0.00554420911675205	-0.0221376748137384	-0.0100418718395378
0.052484546059763	0.053560044947719	-0.0320172520337703	-0.0307521432975999	0.0167368200070345	0.00158262783901427	0.020910069510796	0.00524800100526225	0.00339897529694143	0.0294429150118428	-0.0392090822744766	-0.0317754061587639	-0.0119178705154801	-0.00553253591821026	-0.0221228947227174	-0.0100368147573548
0.0524782316919543	0.0535605702137137	-0.0320098200787389	-0.0307119213334526	0.0167495940289907	0.00159385959060306	0.0209096336517791	0.00525494122191563	0.00339047045817619	0.0294344325248221	-0.0392277795087134	-0.0317845815498628	-0.0119173452494854	-0.0055372409604181	-0.0221446764976891	-0.0100383682035945
0.0524768347079259	0.0535579438837402	-0.0320068584725986	-0.0306995496428966	0.0167564001351774	0.00159927988863347	0.0209133999207199	0.00525875219434526	0.00338902877065882	0.0294175457818861	-0.0392276789258634	-0.0317872749350697	-0.0119180940329247	-0.00553919673805794	-0.0221481298422074	-0.0100424026934687
0.0524590329404513	0.0535364764301749	-0.032005013056697	-0.0307180666661938	0.0167528140771763	0.00158158987988113	0.0209113114295973	0.0052460689763509	0.00341331533799354	0.0294084388430046	-0.0392089355911536	-0.0317840437110119	-0.0118954391429352	-0.00553084696451986	-0.0221385730744687	-0.0100281297076499
0.0524843546729511	0.0535477389154123	-0.0319741704433168	-0.0307588837455373	0.0167741348474186	0.00159001369357272	0.0209194670223554	0.00525476101097596	0.00341755937547199	0.0293778812143661	-0.0392063679345093	-0.0318016373278662	-0.0118973641869264	-0.00554841822962979	-0.0221379053161031	-0.0100411635686354
0.0524945317015984	0.0535375758566053	-0.031957444353544	-0.0308399912412454	0.0167838648411768	0.00158423157667894	0.0209241455218667	0.00525199637958364	0.00345355266896518	0.0293476015855493	-0.0391817069754549	-0.0318144602442634	-0.011871473881927	-0.00555062406741072	-0.0221255601682437	-0.0100362391999351
0.052515574472019	0.0535436876617298	-0.0319339428912333	-0.0309030357334656	0.0167987161783834	0.00158741530327979	0.0209298326438466	0.00525108973694917	0.00345946330838958	0.029328880602584	-0.0391677050045377	-0.0318191219799664	-0.0118739674984178	-0.00556089609097196	-0.0221138157235164	-0.010042174985072
0.0525760848352116	0.0535693293035721	-0.0318823061705895	-0.0310304588376533	0.0168374112389876	0.00160668669795235	0.0209534402769435	0.00526535434086374	0.00347931584841797	0.0292657187637053	-0.0391593189094149	-0.0318510807835854	-0.011868822406241	-0.00559044090618979	-0.0221083800586617	-0.0100625332333187
0.0525601675991914	0.0535366482592104	-0.0318713119062855	-0.0311447461010213	0.0168196388081776	0.00157223986577867	0.0209455696689272	0.0052403399448502	0.00353787462492283	0.0292642631063477	-0.039111801894671	-0.0318460991385399	-0.0118204336734633	-0.00556565561555691	-0.0220808231517164	-0.0100358703961516
0.0525918330361644	0.0535587918530454	-0.0318578407892991	-0.0311800241386919	0.0168287289832507	0.00158537570659825	0.0209491613148643	0.00525079357633514	0.00352707174743077	0.0292493698596203	-0.0391152510482372	-0.0318548233037976	-0.0118380091295253	-0.00558624855712039	-0.0220581878195033	-0.0100507412911345
0.0525974042084699	0.0535612337811272	-0.0318563599862289	-0.031206438312702	0.0168197938734047	0.00157836284677539	0.0209465070452102	0.00524344544034546	0.00352951367551251	0.0292629206046963	-0.0391123620852664	-0.0318516214164044	-0.0118337120066538	-0.00557618468417939	-0.0220573105135334	-0.0100451924705735
0.0525967867415293	0.0535614656804759	-0.0318750600144339	-0.0311992326690832	0.0168064806156135	0.00156560838259558	0.020940994546234	0.00523207678432188	0.00352236949919098	0.0292863089113008	-0.0391006860927565	-0.0318288366069003	-0.0118468911539782	-0.00557783033136491	-0.0220263673173031	-0.0100571869754418
0.0525936211757208	0.0535666596670937	-0.0318876803681469	-0.0311674401065636	0.01680660075624	0.00157578680822692	0.0209425004950166	0.00524086940179698	0.00351048675304493	0.0293012259067566	-0.0391234988419412	-0.0318354890448438	-0.0118453852051956	-0.00557158581275771	-0.0220560420520356	-0.0100506295324122
0.0525784177985391	0.0535713940459662	-0.0319039566290625	-0.031099763215305	0.0167988181582174	0.00158789726276961	0.0209392553011185	0.00525027529526058	0.00348526979434726	0.0293252274893495	-0.0391501910157729	-0.0318284077328036	-0.0118596274573657	-0.00556428098327291	-0.0220805661066551	-0.0100497620053306
0.0525571431287698	0.0535658550042933	-0.0319345743280142	-0.0310274064275511	0.0167760235698251	0.00157437864832623	0.0209295811867215	0.00523791897152888	0.00346245285421047	0.029360055698163	-0.0391505891562211	-0.0318014920415273	-0.0118853724760261	-0.00556009701610768	-0.0220572713979806	-0.0100466062184103
0.0525518918658068	0.0535821284712408	-0.0319573046551412	-0.0309130758576782	0.0167784389552103	0.00160053158632297	0.0209345446709746	0.00525895336004535	0.00342443393387603	0.0293708753394634	-0.0391902174021563	-0.031809872548714	-0.011905442945563	-0.00556639881106005	-0.0220957150014597	-0.0100637709611679
0.0525060763776095	0.0535627774484786	-0.0320007061549373	-0.0308028538178329	0.016750147234666	0.00158743905200828	0.0209191275552365	0.00525207461068923	0.00340599933263651	0.0294243239483921	-0.0392039804888046	-0.0317824190185868	-0.0119122546396857	-0.00554366149901289	-0.022107757003785	-0.0100543329370717
0.0524756724172142	0.0535487796685135	-0.0320189507663489	-0.0307261035153095	0.0167387199053132	0.00157940918781271	0.0209126846648973	0.00524370947032684	0.00339633779109571	0.0294404339682083	-0.0392140220100012	-0.0317703770162615	-0.011912662559022	-0.00553354174671075	-0.0221144234115688	-0.0100456660481591
0.0524716672640046	0.0535509212450291	-0.0320103942391746	-0.030700157330949	0.0167508527116004	0.00159122906967748	0.0209145580204794	0.00525242245971232	0.0033953948268765	0.0294240683003149	-0.039224665631314	-0.0317855803934432	-0.0119054247847706	-0.00553864213539865	-0.0221393945010775	-0.0100468548815673
0.052486021274897	0.0535604025756303	-0.0320032598417413	-0.030693626430616	0.0167722251702517	0.00160310203693533	0.0209204630719677	0.00526065209262396	0.003386435968302	0.029404827639291	-0.0392300035072867	-0.0317947851212067	-0.0119169764457019	-0.00555135608704163	-0.0221476828073183	-0.0100564395889866
0.0524844538588171	0.0535490674472234	-0.0319909468245145	-0.030738645637917	0.0167789278996203	0.00159733249289781	0.0209217790309225	0.00524889228107241	0.00341649627062634	0.0293876363538368	-0.039213622472569	-0.031804667386224	-0.0118906265329571	-0.00554286521811667	-0.0221578109415246	-0.0100454006211937
0.0525047017453255	0.0535554572521695	-0.0319661838856261	-0.0307984617000475	0.0167929843529146	0.00159748616114094	0.020929264071347	0.00525190697260582	0.00342606002328515	0.0293650582979689	-0.039198157859374	-0.031806435968004	-0.0118941385508047	-0.00556347632047252	-0.022137160723616	-0.0100589038688128
0.0524957638415115	0.0535346729237941	-0.0319603919898441	-0.0308648882906006	0.0167851416845789	0.00157703710893239	0.0209249753303796	0.00523463186810992	0.0034641278380606	0.0293455480190275	-0.0391631298818445	-0.0318051814763464	-0.0118640056053109	-0.00555390697987759	-0.0221117663479467	-0.0100386280426238
0.0525120596602034	0.053533735547511	-0.0319349543076699	-0.0309461131329671	0.0167938155584115	0.00156655553776688	0.020928083619843	0.00522613960220094	0.00348080363640828	0.0293335688809835	-0.0391502091765653	-0.0318059400386739	-0.0118538118128552	-0.00555493376313851	-0.0220919166018863	-0.0100368832095722
0.0525811153746981	0.0535660002906323	-0.0318762027473691	-0.0310716740574448	0.0168446769529196	0.00160217304255641	0.020958180243752	0.00525634798483228	0.00349715393747734	0.0292578299948966	-0.0391514049948937	-0.0318554379767702	-0.0118515207590486	-0.00558967954989428	-0.0221034165744086	-0.0100641411619355
0.052569721572962	0.0535413519044342	-0.0318729114529981	-0.0311647858369095	0.0168215261336	0.00157023798766589	0.020948507526339	0.00523093963932271	0.00354112540675704	0.0292618141933458	-0.0391011303336776	-0.0318436083160172	-0.0118246483742772	-0.00557244076698313	-0.0220662847389322	-0.0100394145446318
0.0526042592090975	0.0535679323195436	-0.0318588703665281	-0.0311922295881485	0.0168354107578588	0.00158957643757181	0.0209581676708958	0.00524875817060568	0.00352128124863281	0.0292478038405244	-0.0391105362271412	-0.0318504661106129	-0.0118491193435036	-0.00559519065188654	-0.0220547470478412	-0.0100620303190685
0.052593528974775	0.0535576491201102	-0.0318652867141708	-0.0312148733022658	0.0168196290292894	0.00157162658979017	0.0209522207098866	0.00523849732291666	0.00353308157272119	0.0292661979292271	-0.0391016192780875	-0.0318412138853924	-0.0118360002664924	-0.0055822727405754	-0.0220431478894529	-0.010048017172279
0.052610711878325	0.0535785871167287	-0.0318693826713422	-0.0311963716457929	0.016826485426901	0.00158364624037101	0.0209551432004742	0.00524968995895266	0.00351079129556313	0.0292762506262959	-0.0391211155871887	-0.0318434099442852	-0.0118566588663052	-0.00559001203209306	-0.0220511106984151	-0.0100632442981892
0.0525947527327839	0.0535760390178608	-0.0318949530669991	-0.0311524728196827	0.0168080899412143	0.00158199221128132	0.0209422909474124	0.00524430318853893	0.00349952601635766	0.0293055090597879	-0.0391265694128358	-0.0318309376708791	-0.0118583575988838	-0.00557595278483066	-0.0220556481025396	-0.0100576116585865
0.0525743148564476	0.0535745554208226	-0.031914094542157	-0.031086163575788	0.0167979562190719	0.00158390607940031	0.0209340347718042	0.00524492065547951	0.00348206092203389	0.0293386706666554	-0.0391513882310853	-0.0318229888317572	-0.0118662561465807	-0.00556145488458334	-0.0220802434033446	-0.0100478299764192
0.0525588111276997	0.053573155642826	-0.0319366167186638	-0.0310078570330569	0.0167840171124359	0.00158056169963618	0.0209225990605472	0.00523880465940292	0.00346378557697362	0.0293560910574902	-0.0391542855759604	-0.0318050543507998	-0.0118839950497741	-0.0055638828428248	-0.0220689473904905	-0.0100571869754418
0.052540120878383	0.0535818015769782	-0.0319772116775467	-0.0308836749318153	0.0167688137352543	0.00159566728793589	0.0209167163608034	0.00524671298598802	0.00342571636521415	0.029392944893145	-0.0391902313719966	-0.031797011913748	-0.0119064627439037	-0.00555228647840458	-0.0221015404248584	-0.0100600745414286
0.05249422017416	0.0535619406550456	-0.0320156021956327	-0.0307780755121202	0.0167414202754402	0.0015767674910149	0.0209010575668284	0.00523125535771314	0.00340856000436067	0.0294392674865445	-0.0391964353780669	-0.031768637771146	-0.0119110574243733	-0.00553148957717295	-0.0221055316082277	-0.0100476595443677
0.0524871220983114	0.0535663537275915	-0.032012865503921	-0.0307199959011371	0.0167558469295021	0.00158931659854252	0.0209049118457629	0.00524004937217228	0.00339265534119669	0.029438651416588	-0.0392206101866794	-0.0317783510010959	-0.0119171496717214	-0.00553836413557698	-0.022135249649465	-0.0100523212800707
0.0524541420993676	0.0535432979031858	-0.0320294840259235	-0.0306845348585588	0.0167356744801312	0.00156936766661616	0.0208920931203178	0.00522153095189106	0.00340972089808832	0.0294421271128508	-0.0391997895367193	-0.0317611513337375	-0.0119065884724663	-0.00552690886654364	-0.0221202181013189	-0.010039279037181
0.052493482566593	0.0535731165272732	-0.0320009170995256	-0.0306921107029451	0.016780044089859	0.00160555653787333	0.02091802254087	0.00525456822718003	0.00338721408840586	0.0293967544685906	-0.0392282866139158	-0.0317961080650816	-0.0119214733372895	-0.00555462363268419	-0.0221515762018056	-0.0100636633933977
0.0524542315063454	0.053530199780935	-0.0319962693336629	-0.0307424705801869	0.0167593673292538	0.00157030643988328	0.0209130367048725	0.00523024813222863	0.00343542540421192	0.0294006646268862	-0.039190446507537	-0.0317879734270839	-0.0118768159488518	-0.00552711003224374	-0.0221389488631724	-0.0100334452318782
0.0524972250868052	0.0535499698989057	-0.0319661950614983	-0.0308070559457905	0.016789665118863	0.00159126120031013	0.0209301246135085	0.00525095702346647	0.00343360373703882	0.0293570451975817	-0.0391910611805095	-0.0318076988415657	-0.0118888970667299	-0.00555854776082013	-0.0221232244109481	-0.0100571716086175
0.0525066938445501	0.0535445523948434	-0.0319552734403638	-0.0308637036481444	0.0167858792921459	0.00158016635315613	0.0209351230223624	0.00524216440599136	0.00345634943099015	0.0293362496933341	-0.0391667955679352	-0.0318119317031719	-0.0118765225822058	-0.00555683505840124	-0.0221080336066227	-0.0100480828305284
0.0525347760174901	0.0535427279337022	-0.031912081488172	-0.0309851769973549	0.016816174287787	0.00158173935717217	0.0209439603433264	0.00524422914838542	0.00348975131911055	0.0293045409498562	-0.0391589417237272	-0.0318338503825784	-0.0118466299179649	-0.00555789956023092	-0.0221193575591573	-0.0100439617276444
0.0525714063357003	0.0535532961178775	-0.0318725007396937	-0.0311070428990773	0.0168393488558351	0.00158781484071193	0.0209557131699578	0.00524905293423568	0.00351791032617215	0.0292589615519597	-0.0391327273184332	-0.0318529429632953	-0.0118340947802776	-0.00557658980954764	-0.0221000721946445	-0.0100575334274809
0.0526115514657261	0.053576297459906	-0.0318545285401676	-0.0311787906017948	0.0168542365146263	0.00159950620004608	0.0209601625640884	0.00525569279932294	0.00351838110978974	0.0292334149050313	-0.0391202312962987	-0.0318606529181484	-0.011845895104366	-0.00559748729362933	-0.0220796860067172	-0.010071971257415
0.0525805649629909	0.0535454227158931	-0.0318655102316153	-0.0312294913431396	0.0168185561455555	0.00156485401122022	0.0209430788464044	0.00522370046808725	0.00355447219216492	0.0292708694438183	-0.0390929691529833	-0.0318402527603808	-0.0118032996643543	-0.00556009981007574	-0.0220688523955765	-0.010041043428009
0.0525972812738754	0.0535663188029908	-0.0318700504297078	-0.0312106739682763	0.0168159605492306	0.00156874042078738	0.0209397009390236	0.00522700573229858	0.00353236352293057	0.0292758287371193	-0.039097665813287	-0.0318321642228561	-0.0118365618540718	-0.00557890042113071	-0.0220405131775753	-0.0100566700913513
0.0526119621790304	0.053586654699493	-0.0318759778329406	-0.0311783128332571	0.0168215666461368	0.00158905396554517	0.0209452846841853	0.00525056028000239	0.00350415143047588	0.0292823289038037	-0.0391262131819085	-0.0318381139778333	-0.0118563920423558	-0.00558809117905393	-0.022055716554757	-0.0100727451865667
0.0525700261154802	0.0535634270460519	-0.0319082579428861	-0.0311285396893072	0.0167960367630168	0.00157523639651971	0.020938150286752	0.0052448563942142	0.0035054436407022	0.0293157629225567	-0.0391286537130062	-0.0318237459971006	-0.0118439910151352	-0.00555888164000293	-0.0220688188679598	-0.0100480506998957
0.0525720168177208	0.0535820697979116	-0.0319275908048559	-0.0310427970005926	0.0167882150494415	0.00157800940981619	0.0209284957301314	0.00524534952957624	0.00346228381914303	0.0293458721193221	-0.0391470701534534	-0.0318078748615533	-0.0118877096303057	-0.00556960908035744	-0.0220582003923595	-0.0100614603495849
0.0525313603915406	0.0535630051568753	-0.0319594182919763	-0.030962798710203	0.0167590697716558	0.00157121587648581	0.0209137449757749	0.00523426446131044	0.00346657675106248	0.0293691416822841	-0.0391511144222157	-0.0317955800051189	-0.0118705644453245	-0.00554730064240702	-0.0220766615362956	-0.0100449410134484
0.0525144596787643	0.0535746923252573	-0.0319879419118693	-0.030838548156744	0.0167546860357745	0.00158377476290164	0.0209100764957162	0.00524351528954688	0.00341532140705841	0.0294155858132941	-0.0391933843649488	-0.0317826858425362	-0.0119053242019205	-0.00554491179971836	-0.0221047157695551	-0.0100545997610211
0.0525059702068234	0.0535832125308469	-0.0320063779100928	-0.030746745351314	0.0167536396947372	0.00159426192200326	0.0209039563086875	0.00525047087302457	0.00338300497552812	0.0294273023183408	-0.0392171177266082	-0.0317791053724713	-0.0119292587292801	-0.00554352180061005	-0.0221273091922473	-0.010052382747368
0.052468543607717	0.0535562912516345	-0.0320211845438104	-0.0307124004989744	0.016740621200576	0.00157918706735218	0.0208993867739304	0.00523899464923079	0.00340197182768247	0.0294412400279927	-0.0392103549269265	-0.0317693697907769	-0.0119060673974237	-0.00552672306766785	-0.0221370419799736	-0.0100430942005627
0.0524666045938855	0.0535547322174588	-0.0320196143337625	-0.0306930830038289	0.0167549989601968	0.00158444531523529	0.0209073048794037	0.00524597398143696	0.00339739530800525	0.0294256217465546	-0.0392138585628699	-0.0317778355139894	-0.0119102192339562	-0.00553462999726892	-0.0221400985810278	-0.0100477377754733
0.052467711005236	0.0535503624514177	-0.0320065497391283	-0.0307073098891747	0.0167648449036294	0.00158608816845276	0.0209107358721776	0.00524737096546542	0.00340632482991514	0.0294040187855385	-0.0392111875294074	-0.0317846639719205	-0.0119026084649692	-0.00553774806562043	-0.0221410038266783	-0.0100463854949338
0.0524917950098866	0.0535625553280181	-0.0319717816006281	-0.0307580595249605	0.0167911640827255	0.00160460658873398	0.0209233310801781	0.00526555410957981	0.00341409206111336	0.0293707482139168	-0.0392121598302913	-0.0318134641946512	-0.0118976352018279	-0.00555597591322374	-0.0221610645173269	-0.0100537056912429
0.0524723084796737	0.0535296353993875	-0.0319752866335555	-0.0308299832476656	0.0167650390844094	0.0015641317704775	0.0209129193582141	0.00523600929436198	0.00345895620318725	0.0293690983757792	-0.0391608360340698	-0.0317913317766883	-0.0118694454611177	-0.00554075018429759	-0.0221078855263156	-0.0100325791017805
0.0525263689676069	0.0535649651254672	-0.0319379676022193	-0.0308862062668748	0.0168058449878806	0.00159675693547808	0.0209363356044991	0.00526503582850526	0.00344484387053178	0.0293264875689432	-0.0391814527243617	-0.0318267453218097	-0.0118867317414858	-0.00556981583399366	-0.0221234060188718	-0.0100543133792953
0.0525532371614262	0.05356009384216	-0.0319001694053613	-0.0310239586709689	0.0168279969636198	0.0015950148963946	0.0209480716673221	0.00526105861497624	0.0034886099831593	0.029284601796818	-0.0391535116468086	-0.0318429489395558	-0.0118555943644755	-0.00557240723936644	-0.022118263720663	-0.0100518309386767
0.0525843116741552	0.05356363100572	-0.0318654515582861	-0.0311406962443228	0.0168443416767528	0.00159928966752167	0.0209625388339208	0.00526624980762598	0.00351646584468673	0.0292475481924472	-0.0391313107766284	-0.0318631493286072	-0.0118381097123754	-0.0055817670323571	-0.0221103232634453	-0.0100535687868081
0.0525565466165896	0.0535327143521862	-0.0318776821534553	-0.0311915506539107	0.0168024726684359	0.00155451493242561	0.0209430662735482	0.00522789002318859	0.00355112920938482	0.0292713039058511	-0.0390855832984249	-0.0318334704029227	-0.0118146892751383	-0.00556013473467645	-0.0220523693810248	-0.010024158082057
0.0526104087327908	0.0535793345031839	-0.0318544642789023	-0.0311945513756038	0.0168393251071066	0.00159112150190729	0.0209566952497298	0.00525519826697686	0.0035054143040376	0.0292537074950287	-0.0391227821891346	-0.0318527431945793	-0.0118565596804392	-0.00559695364573046	-0.0220561747655183	-0.0100569760308535
0.0525902949567491	0.0535631993376552	-0.0318699065403529	-0.0312029081340621	0.0168176914124419	0.00157286292065536	0.0209465279999707	0.00524109711019362	0.00352271734821407	0.0292799288852428	-0.0391062838077585	-0.0318380553045041	-0.011839122525796	-0.00557936002887607	-0.0220504499249697	-0.0100482337048034
0.0525932006835283	0.053575559852339	-0.0318837199184263	-0.03116893348249	0.0168198371799096	0.00158651983651755	0.0209469303313709	0.00525278707254375	0.00349623053103453	0.0292928258417935	-0.0391271379853354	-0.0318363789236699	-0.0118552828370372	-0.00557965060155399	-0.0220616481489418	-0.0100511394315826
0.0526015728088108	0.0535949066841491	-0.0318981242207437	-0.031099027004722	0.0168240518807235	0.0016092417817404	0.0209480381397054	0.00526864703221882	0.00346159789998506	0.02930924459508	-0.0391589990000724	-0.0318397414642264	-0.0118838581453393	-0.00558538242702275	-0.0220870942130201	-0.0100650743472665
0.0525372975736615	0.0535529384899662	-0.0319449874469623	-0.0310406135145561	0.0167669962590332	0.00155641063975222	0.0209147424223712	0.00522576241651325	0.00348011352629823	0.0293724860620482	-0.0391319226556328	-0.03179160977651	-0.0118649178358815	-0.00554549853301031	-0.0220587885226355	-0.0100284091044556
0.0525565075010368	0.053596668281009	-0.0319599756886036	-0.0309191220045533	0.0167860944276863	0.00160606364307566	0.0209240952304417	0.00526256316677489	0.00342308165333648	0.0293668184978448	-0.0391849759180815	-0.031814488183944	-0.0119091198075259	-0.00557233319921294	-0.0220999730087785	-0.0100619045905059
0.0524800673289677	0.0535525934349112	-0.0320075374068364	-0.030824996014684	0.016738510357709	0.00157122006743789	0.0208986840909641	0.00523786728311983	0.00342900765958519	0.0294385480397699	-0.039185934249125	-0.0317761074447462	-0.0118850441847794	-0.00552311186395429	-0.0221195279912088	-0.0100242391071307
0.052488918619772	0.0535742522752884	-0.0320125441975944	-0.0307331079932282	0.0167540895235943	0.00159629872471675	0.0209022603700769	0.0052571344868403	0.00338537705440843	0.0294350388158904	-0.0392193724588302	-0.0317778061773248	-0.0119249867521211	-0.0055446142421203	-0.022135196564072	-0.0100457414852967
0.052463634605841	0.0535551820463159	-0.0320216008450509	-0.0307037866954549	0.0167489444314175	0.00158554334468166	0.0208978752372116	0.00524470272597107	0.00339815806128478	0.0294373592063617	-0.0392131628648237	-0.0317732953158969	-0.0119124292626893	-0.00553324139514463	-0.0221413027812603	-0.0100325804987646
0.0524714451435441	0.0535544765693815	-0.0320124939061694	-0.0306969819862523	0.0167631028645459	0.0015981371556982	0.0209039646905917	0.00525553074917564	0.0033915070203253	0.0294178782640848	-0.0392215349901062	-0.0317828520836356	-0.0119157498937249	-0.00553955715993729	-0.0221484679123423	-0.0100384045251792
0.0524661589559804	0.0535437142044263	-0.0320131756343753	-0.0307033634092943	0.0167585319328048	0.00158757595644306	0.0208993714071061	0.0052443213493313	0.00339978834164599	0.0294097087014864	-0.0392018319273689	-0.0317793987391172	-0.0119132800259626	-0.00553874132126467	-0.022130977672306	-0.0100284021195355
0.0524955780426357	0.0535561906687845	-0.0319738547249263	-0.0307866865216716	0.0167932707346404	0.00160568506040395	0.020914194804632	0.0052601729271022	0.00342458061719901	0.0293712455402309	-0.0392040852626068	-0.031811983391581	-0.011889538282399	-0.00555149997639656	-0.0221586225892452	-0.0100446476468024
0.0525050272426042	0.0535485184325002	-0.0319624162197013	-0.0308567201249862	0.0167958355973167	0.00159617998107433	0.0209157538388078	0.00525413236816315	0.00344701618069603	0.029344149638015	-0.039173513664128	-0.0318139112295403	-0.0118791503091634	-0.00555497008472325	-0.0221342200722361	-0.0100317115746989
0.0524918383163915	0.0535218737561254	-0.0319462573054442	-0.0309490565783151	0.0167943589851986	0.00156846242096572	0.0209321362705095	0.00523785890121566	0.00348496804579711	0.0293425836189191	-0.039154270209136	-0.0318117221555677	-0.0118422936795406	-0.00553776063847669	-0.0221205422016135	-0.010012177547029
0.0525374302871442	0.0535361956363852	-0.031904129855082	-0.0310528413157572	0.0168203037725751	0.00157498354241056	0.0209562482148407	0.00524560936860554	0.00350027340281288	0.0292819824517646	-0.0391317228869167	-0.0318334312873699	-0.0118427686541103	-0.00557294787218546	-0.0220831533210758	-0.0100320314840414
0.0525840923476627	0.0535610200425708	-0.0318686436667912	-0.0311485151639301	0.0168457093241166	0.00159714809100605	0.0209648452545518	0.00525919084733019	0.00351338549490398	0.0292427691100859	-0.0391274844373744	-0.0318624298818326	-0.0118386643150347	-0.00559112822233179	-0.0220845251593918	-0.0100467696655416
0.0525983793033218	0.0535676403498817	-0.0318647055688149	-0.0311986459357912	0.0168411761109443	0.00159545354937953	0.0209616978495357	0.00525906092781555	0.00351906702894771	0.0292475789260958	-0.0391172654992063	-0.0318622692286693	-0.0118414987956284	-0.00559116873486862	-0.0220702382037328	-0.0100442620792105
0.0526062024138811	0.0535736753208846	-0.0318648173275372	-0.0312177119738116	0.0168365940033309	0.00158999972373244	0.0209565122448221	0.00525852448594862	0.00351336733411161	0.0292601853099686	-0.0391144715311493	-0.0318541778971765	-0.0118481596154761	-0.00558987233369021	-0.0220619233547954	-0.0100439268030437
0.0525897934394829	0.0535629213378336	-0.031882723868814	-0.031207567075797	0.0168168546190089	0.00158043038313751	0.020947769918772	0.00524785990987538	0.00351571147331136	0.0292904020745041	-0.0391132002756834	-0.0318403002578378	-0.0118395569878289	-0.00557185962162729	-0.0220599815469958	-0.0100365535213415
0.0525731916812887	0.0535606246960908	-0.0319085792492127	-0.0311480611441208	0.0167943743520229	0.00157641265707167	0.0209358620269134	0.00524167406459737	0.00349734392730521	0.0293195990406989	-0.0391187826238611	-0.0318199322307029	-0.011857432795457	-0.00556756249875575	-0.0220468554850644	-0.0100318764188142
0.0525796024409953	0.0535835533949498	-0.0319230673705718	-0.0310606253107638	0.016797521757039	0.00159688266404064	0.0209343155655939	0.00525843368198677	0.00345931941903465	0.0293362245476215	-0.0391577235536544	-0.0318219927821449	-0.0118873212687458	-0.00557257348046583	-0.0220792250019878	-0.0100433247029274
0.0525450731867639	0.0535650726932374	-0.0319468677874646	-0.0310169905146349	0.0167786387239264	0.00158045832281808	0.0209251778930638	0.00524786549781149	0.00346377160713334	0.029363788439487	-0.0391551489120899	-0.0318077728817192	-0.0118764764817329	-0.00554755768746826	-0.0220942858867986	-0.010024746212333
0.0525281487252592	0.053577227851269	-0.0319860545864468	-0.0308844712127115	0.0167593896809983	0.00159055712035979	0.020916255356074	0.00525284574587295	0.00341747695341432	0.0294014692896866	-0.0391822657690663	-0.0317920414445748	-0.0119137633824364	-0.00554997586682151	-0.0220962793830072	-0.0100385190778695
0.0525208997751355	0.0535846863489969	-0.0320004337430517	-0.0307891703592742	0.0167649259287031	0.00161435474328455	0.0209122027054075	0.00527112248791724	0.00338702689254604	0.0294233893660771	-0.0392230423358729	-0.0317968764062973	-0.0119271814140298	-0.00555047459011968	-0.022144230859784	-0.0100471985396383
0.0524701571242699	0.0535489864221497	-0.032030344568085	-0.0307239521599057	0.0167379431821934	0.00157986181063793	0.0208932889386462	0.00524527968037482	0.00339421996330857	0.0294511460417385	-0.0392033769917043	-0.0317684491783022	-0.0119151827182094	-0.0055260036208932	-0.0221299746377736	-0.0100235992884456
0.0524664481316743	0.0535543745895475	-0.0320284209210778	-0.0306881209165598	0.0167448065647252	0.0015884909809817	0.0208993253066331	0.00525113723440614	0.00339100270909103	0.0294337801332808	-0.0392131433070473	-0.0317774778860781	-0.0119125214636351	-0.0055351887908803	-0.0221426019764068	-0.0100318903886545
0.0524741301468468	0.0535546805290497	-0.0320139663273354	-0.0307073056982226	0.0167675536556606	0.0016036161270578	0.0209127740718751	0.00526561417989304	0.00339649425330689	0.0294100132440046	-0.0392233426874391	-0.0317968191299521	-0.0119020454804057	-0.00553883911014666	-0.0221662571069607	-0.0100363006672324
0.0524816193782233	0.0535495633765535	-0.0319986763371439	-0.0307498620226815	0.0167813237272291	0.00159979537573997	0.0209200397858071	0.00526143580066392	0.00341214187140964	0.0293904121611014	-0.0392110031275157	-0.0318034785528157	-0.0118914717082944	-0.00554051409399678	-0.0221670827245215	-0.0100342429097584
0.0524793814098098	0.0535301816201427	-0.0319850892704832	-0.0308192669831833	0.0167772082122812	0.00157688204370523	0.0209176900586712	0.00524603265476616	0.00344430323771277	0.0293807310617842	-0.0391755337030332	-0.0318000838816266	-0.0118710003043414	-0.00554105332983176	-0.0221342955093736	-0.0100260873170003
0.0525032125603512	0.0535399758751662	-0.0319572348059398	-0.0308750750981361	0.0167957643511312	0.00158973848771912	0.0209299653573293	0.00525540222664502	0.00345452217588093	0.0293402338917832	-0.0391711932736568	-0.0318216714758183	-0.0118663022470537	-0.00555566717975345	-0.0221293962863858	-0.0100322745592623
0.0525158832054893	0.0535283501740813	-0.0319263027855817	-0.0309750348933083	0.0168074962230022	0.00157449180403254	0.0209324883104847	0.00524804570875117	0.00348176615840389	0.0293219473708507	-0.0391471232388465	-0.0318195955575521	-0.0118522904972482	-0.00555555821499923	-0.0221072708533431	-0.0100272929142169
0.0525721355613632	0.0535564393319415	-0.0318835955868477	-0.0310851689231597	0.0168402568954536	0.00159529429320029	0.0209452218199041	0.00525937105826986	0.00349698071145781	0.0292628423735907	-0.0391340991567492	-0.0318493303625978	-0.0118499505490006	-0.00558419778456662	-0.0220950961375351	-0.0100471035447244
0.052588770847174	0.0535539862279876	-0.0318656638998585	-0.0311728045252329	0.0168378484949885	0.00158924255838901	0.0209439086549173	0.00525593447755986	0.00352780935499779	0.0292506886125432	-0.0391136640743809	-0.0318584889898883	-0.0118320859172447	-0.00558168880125151	-0.0220819700756037	-0.0100418229450968
0.0525984198158586	0.0535604836007039	-0.0318644415388336	-0.0312021369988784	0.0168341758239777	0.00158834150369066	0.0209472767834099	0.0052556369199618	0.00352418138747589	0.029258683552138	-0.0391087313237764	-0.0318553220270958	-0.0118413912278582	-0.00558402036759501	-0.0220653026591602	-0.0100458532440189
0.0526299371725246	0.0535879999951124	-0.0318570640661793	-0.0312046389972733	0.0168420673867544	0.00160463732238261	0.0209503850728732	0.00526607658160646	0.00350104872894868	0.0292539910827864	-0.0391194811158754	-0.0318592545371359	-0.0118679437032871	-0.00560125216558602	-0.0220626861080749	-0.010063822649577
0.0525894861029966	0.0535601106059683	-0.0318894908594478	-0.031182482830582	0.0167980623898581	0.00157022122385755	0.0209267201634312	0.00523709195698404	0.00351833221534874	0.0293013153137344	-0.0391031811062313	-0.0318297446465188	-0.0118463910336961	-0.00556657902199972	-0.0220508787990664	-0.0100325916746368
0.0526094769444438	0.0535874775230858	-0.0319015077160606	-0.0311154862705453	0.0168039939840429	0.00160038210903193	0.0209279131877915	0.00526119551941103	0.00347723573919961	0.0293071127974525	-0.039137527355555	-0.0318351006832839	-0.011879329123119	-0.00558246273040327	-0.0220735127342955	-0.0100498611911966
0.052568495020985	0.0535647793265914	-0.0319299950143689	-0.0310587687189899	0.0167798876276478	0.0015816178195617	0.0209118981628893	0.00524442053519732	0.00347601756912679	0.0293564095698487	-0.0391429923570743	-0.0318132518530788	-0.0118713830779652	-0.00555185201637173	-0.0220823528492275	-0.0100329297447717
0.0525516823182025	0.0535684184699855	-0.0319551002143443	-0.0309605369930609	0.0167710321458914	0.00158029487568675	0.0209095023352805	0.00524280701864445	0.00344818545632785	0.0293638261580558	-0.0391526525016311	-0.031801968413081	-0.0118959294843292	-0.00556072984987257	-0.0220707341330629	-0.0100380971886929
0.0525258045860594	0.0535713297847008	-0.0319878846355241	-0.0308440117612793	0.0167641310447909	0.00159456087658535	0.0209059092923593	0.00525392142357486	0.00341329997116923	0.0294092281389806	-0.0391960540014272	-0.0317979618628874	-0.0119107654547114	-0.00554767084317456	-0.0221130180456362	-0.0100408185135804
0.0524875789120887	0.0535586968581315	-0.0320155379343674	-0.0307579840878229	0.0167481006530643	0.00158702414775182	0.0208948409879018	0.00524743522673073	0.00340171757658929	0.0294439138554232	-0.0392075022855404	-0.0317801070100197	-0.0119121554538197	-0.00553129120544091	-0.0221373409345556	-0.0100273893061148
0.0524887370118483	0.0535679909928728	-0.0320166597125423	-0.0307013489583253	0.0167570818633833	0.00159692177959344	0.0208960214394058	0.00525232606781436	0.00337538303066886	0.0294349913184334	-0.0392209175231657	-0.0317800441457384	-0.0119348243136495	-0.00554104075697551	-0.0221391109133197	-0.0100355071803042
0.0524934504359603	0.0535697763384612	-0.032008057084895	-0.0307028716709163	0.0167746698923015	0.0016142639393227	0.0209020759681852	0.00526902002695441	0.00338736077172884	0.0294162354108674	-0.0392304198085272	-0.0318009011172832	-0.0119199184940658	-0.00554723498415768	-0.0221744071117827	-0.0100430425121537
0.0524677557087249	0.0535392089309345	-0.0320127858758314	-0.030724900712061	0.0167592346157711	0.00159015618594362	0.0208978165638824	0.00524667806138731	0.00341535493467509	0.0294162451897556	-0.0392023362386031	-0.0317878826231221	-0.0118950535753433	-0.00552777918759337	-0.0221597345885318	-0.0100219773899886
0.0524729496953427	0.0535372950628156	-0.0319895093279492	-0.0307560059584386	0.0167687871925577	0.00158341434102229	0.0209093137424366	0.0052448759519906	0.00342606980217335	0.0293934771440598	-0.0391928283653055	-0.0317963008488775	-0.0118917371352598	-0.00553657739300459	-0.0221477233198551	-0.0100255005837084
0.0524926820947447	0.053537268520119	-0.0319700004459918	-0.030824160618235	0.0167832669320127	0.00158403599891496	0.0209159480195878	0.00524706223199513	0.00344242708816255	0.0293613758480699	-0.0391724254135699	-0.0318054469033118	-0.011884186436586	-0.0055518701771641	-0.0221229617779507	-0.0100330149607974
0.0525096526567224	0.0535399116139009	-0.0319493641979234	-0.0308903161938865	0.0167945825026432	0.00158723788630818	0.0209197534040813	0.00525151581707785	0.00346145401063013	0.0293378897525835	-0.0391645967150744	-0.0318206405016053	-0.0118667911914636	-0.00555284806598402	-0.0221262865999385	-0.0100311541780715
0.0525469116177453	0.0535465263332756	-0.0319045503472746	-0.031014637993531	0.0168209338123719	0.00158971753295869	0.0209345265101822	0.00525236378638312	0.00348577131161347	0.0292945483231006	-0.0391435874722704	-0.0318368692650639	-0.0118536944661968	-0.00556898742246478	-0.0221119381769822	-0.0100370340838473
0.0525891354600055	0.0535601399426329	-0.0318657686736606	-0.0311350230921832	0.0168508418434372	0.00160938846506339	0.0209515599364412	0.0052685478463528	0.00351301948508852	0.0292473651875395	-0.0391330360519035	-0.0318663498190164	-0.0118408855196399	-0.00558617451696689	-0.0221161165562113	-0.0100466439369791
0.052580472762045	0.0535394967096444	-0.031865200101161	-0.0311950724506465	0.0168279857877476	0.00158275496456086	0.0209416231890468	0.005244551851696	0.00353388344155352	0.0292590649287778	-0.039095900025475	-0.0318486821620085	-0.0118281799499011	-0.00557367011292817	-0.0220716044541126	-0.0100315243788391
0.0526082364226265	0.0535604430881671	-0.0318589388187455	-0.0312099559184856	0.016838560956843	0.00158946328186551	0.0209448669859608	0.00525197542482321	0.0035171224271801	0.0292587771500679	-0.0391110293625032	-0.0318522556471533	-0.0118445833363632	-0.00558318916209807	-0.022063130348996	-0.0100463631431893
0.0526007192515694	0.0535610619520917	-0.0318776318620303	-0.0311842360455377	0.0168131176867327	0.00156907150600213	0.0209324324311235	0.00523507052109486	0.00351170632010177	0.0292793114183022	-0.0390972676728389	-0.0318354541202431	-0.0118549391789662	-0.00557756350741547	-0.0220397350574714	-0.0100356636425154
0.0526097284015689	0.0535740273608598	-0.0318855876860723	-0.0311641404302884	0.0168168071215519	0.00158536732469407	0.0209329255664856	0.0052473206740404	0.00350053184485815	0.0292925003445149	-0.0391227696162784	-0.0318411524180952	-0.0118579776192281	-0.00557479049411899	-0.0220628900677431	-0.0100499003067494
0.0525825933838002	0.0535647066834219	-0.0319114710061516	-0.0310962805341221	0.0167944553770966	0.00157960057462461	0.020926465912338	0.00524454905772794	0.0034872549086517	0.029323725731519	-0.039131687962316	-0.0318273166882773	-0.0118598104622734	-0.00555901016253354	-0.0220759881899939	-0.0100417866235121
0.0525714063357003	0.0535689423389962	-0.0319299670746883	-0.0310347350057644	0.0167860399453092	0.00158128813133098	0.020917335224728	0.00524288385276602	0.00346455671215733	0.0293512519048157	-0.0391494017197969	-0.0318172695791447	-0.0118773901092875	-0.00555274049821383	-0.0220838224764255	-0.0100383779824827
0.0525561386972533	0.0535788204130614	-0.0319553377016291	-0.0309342653114218	0.0167792659697552	0.00160030806887842	0.0209113659119744	0.0052521807814754	0.00344280706781829	0.0293624487318037	-0.0391714642885583	-0.0318159969266947	-0.0118911154773671	-0.00555618406384398	-0.0221074049638098	-0.0100515669086953
0.0525252108678473	0.0535746476217684	-0.031987338414769	-0.0308259417728712	0.0167658172045132	0.00160210319335499	0.0209017392950343	0.00525254539430682	0.00340825825581053	0.0294142670603713	-0.0391984805626846	-0.0317987120433107	-0.011907112341477	-0.00553934621534899	-0.0221353600112033	-0.0100522975313422
0.0524904818448999	0.0535608621833756	-0.0320159877632246	-0.0307395019891264	0.0167430910683383	0.00158791542356198	0.0208887361676974	0.00524314089782725	0.00339118711098279	0.0294417652939874	-0.0392034147102731	-0.0317725325626174	-0.0119171873902902	-0.00552557195282841	-0.0221322698825323	-0.0100407137397783
0.0524638120228126	0.0535426413206925	-0.0320207081722567	-0.030710024229142	0.0167386835837285	0.00157948462495024	0.0208892460668678	0.00523533594806027	0.00340703030684951	0.0294420293239688	-0.0392062128692821	-0.0317728049745029	-0.0118917776477966	-0.00551511552737541	-0.022151004835338	-0.0100306149422365
0.05246505952955	0.0535429277024183	-0.0320166666974624	-0.0306916552861518	0.0167492741196482	0.00158363785846685	0.020895343902152	0.00524246196358942	0.00339663255472571	0.0294235849438411	-0.0392057253218562	-0.0317773689213239	-0.0119028236005096	-0.00552558033473258	-0.0221413083691965	-0.0100377940431588
0.0524831965731915	0.0535465584639083	-0.0319960486101864	-0.0307242790541684	0.0167730661546369	0.00159598580029437	0.0209149338091831	0.00525501107111705	0.00340553832790712	0.0293911623415246	-0.0392107446854704	-0.0317991297415352	-0.0118942084000061	-0.00553591941352718	-0.0221604540353065	-0.0100446686015628
0.05246466418307	0.0535218793440615	-0.0319853225668159	-0.0307794459534521	0.016761976895419	0.00156835625017956	0.0209065267592998	0.00523178481465993	0.00344563456349188	0.0293874268062325	-0.0391782927464894	-0.0317970985267578	-0.0118627622895255	-0.00552358404455591	-0.0221395132447199	-0.0100222302440977
0.0525108847966355	0.0535487656986732	-0.0319549493400692	-0.0308463475185749	0.0167988321280577	0.00159289567162343	0.0209231983666954	0.00525384319246926	0.00344411185090087	0.0293360597035062	-0.0391751886479781	-0.0318198106930924	-0.0118746115080549	-0.00555680153078456	-0.0221259485298036	-0.0100549336402039
0.0525225621861293	0.0535413994018912	-0.0319269104736341	-0.030943701938534	0.0168134599478197	0.00158991031675462	0.0209309865526541	0.00525349534344617	0.00346928969404574	0.0293228596014213	-0.0391637347759288	-0.0318343742515891	-0.0118467738073199	-0.0055475157779474	-0.0221392603906107	-0.0100416916285982
0.0525473572556504	0.0535371819071092	-0.0318971980203328	-0.0310561912834574	0.0168202171595653	0.00157664036546831	0.0209320887730525	0.00523897369447037	0.00350760756896228	0.0292789230567423	-0.0391242099068117	-0.0318398434440605	-0.0118277678396127	-0.00555886347921056	-0.0220949298964357	-0.0100399859110994
0.0525776899698603	0.0535464369262978	-0.0318669323613563	-0.0311414394398259	0.0168319085188995	0.00157615002407432	0.0209380133823172	0.0052373210623647	0.00352517743708818	0.0292519011946799	-0.0391089646201092	-0.0318531860385163	-0.0118217314716257	-0.00557234018413308	-0.0220725320515075	-0.0100474723485079
0.0526006354325277	0.0535604416911831	-0.0318613318523862	-0.031186264466347	0.0168379113592698	0.00158101292547737	0.0209386294522738	0.0052434133097128	0.0035246088645886	0.0292465940523558	-0.0391040793669616	-0.0318585155325849	-0.0118264351168496	-0.0055789884311245	-0.0220626623593464	-0.0100549699617886
0.0526161349703234	0.0535704426998428	-0.0318517331751267	-0.0312272701385343	0.0168419668039044	0.0015933608673049	0.0209429978213308	0.00525699059748537	0.00352669735571114	0.0292522141191023	-0.0391179500213802	-0.0318672899892676	-0.011818356358213	-0.00557488828300098	-0.0220872171476146	-0.0100561001218677
0.0525924924126258	0.0535563890405165	-0.0318791084741483	-0.0312047116404428	0.0168108140600698	0.00156860072238454	0.0209238926677576	0.00523475619968846	0.00352415484477935	0.0292925199022913	-0.0391004430175356	-0.0318386294649398	-0.0118283420000484	-0.00556066698559129	-0.0220508229197053	-0.0100408953477019
0.0526001730308143	0.0535708422372749	-0.0318956124434605	-0.0311524169403216	0.016811118602588	0.00158189162843127	0.0209249795213317	0.00524610250396758	0.00349470921542754	0.029304089724015	-0.0391229372543618	-0.0318346592363309	-0.0118502997950077	-0.00556722442862087	-0.022055815740623	-0.0100549406251241
0.0525725825962523	0.0535626307651556	-0.0319199395233321	-0.0310799162632127	0.0167943017088534	0.00157625060692437	0.0209213054533369	0.00523753340393703	0.00347918872287139	0.0293353514326038	-0.0391385918573847	-0.0318237599669409	-0.0118492576449225	-0.00554912789751624	-0.0220744431256584	-0.0100441084109674
0.0525501582086275	0.0535534609619929	-0.0319449790650581	-0.0310077480683026	0.0167756100625527	0.00156860072238454	0.0209150413769533	0.00523258808047629	0.00346648734408466	0.0293585693071567	-0.0391455488378464	-0.0318095498454034	-0.0118565051980621	-0.00554193622373774	-0.0220717888560043	-0.0100424599698138
0.0525491062796541	0.0535784264635654	-0.0319701932297877	-0.0308919674290082	0.0167738652295012	0.00159582375014707	0.0209150846834582	0.00525525135236994	0.00342104485062299	0.0293810537650947	-0.0391882644184845	-0.0318131945767337	-0.0118911070954629	-0.00554663148705739	-0.0221077318580725	-0.0100605662798066
0.0524912990805565	0.0535442674101016	-0.0320116613036884	-0.0308034824606457	0.0167434165656169	0.00157406991485595	0.0208978682522915	0.00523678322351375	0.0034221792016541	0.0294353852679295	-0.0391936120733454	-0.0317864674783012	-0.0118735889157461	-0.00550960023443106	-0.0221341572079548	-0.010032699242407
0.0524930061950393	0.053557396266001	-0.0320149609799637	-0.0307365976593313	0.0167578418226948	0.00159819582902739	0.020900938823186	0.00525096261140258	0.00338950933316461	0.0294344325248221	-0.0392198446394318	-0.0317886048638648	-0.0118960887405084	-0.00552108064917692	-0.0221580651926178	-0.0100470406804431
0.0524717427011422	0.0535429947576517	-0.0320209805841423	-0.0307128000364065	0.0167504587621044	0.00158777293119108	0.0208959250475079	0.0052392209606434	0.00339949357801599	0.0294367724730697	-0.0392091451387578	-0.0317840073894271	-0.0118873338416021	-0.0055149185526274	-0.0221559934653036	-0.0100392022030595
0.0524493630170063	0.0535197210037376	-0.0320266188116811	-0.0307044013684274	0.0167366174443504	0.00156642142730015	0.0208882975147125	0.00522542434637837	0.00341339077513108	0.0294389350043458	-0.0391947785550092	-0.0317712054277903	-0.0118754706532324	-0.00550269773634646	-0.0221380282506976	-0.0100249697297775
0.052499375045225	0.0535549138253825	-0.0319874026760343	-0.0307356602830482	0.0167887528882924	0.00161303599036169	0.0209191764496775	0.00526826146462696	0.00339958857292992	0.0293855478627143	-0.0392237128882066	-0.0318170153280515	-0.0118905916083564	-0.00553954458708103	-0.0221748303979433	-0.010059894330489
0.0524849092756104	0.0535256064974495	-0.0319798743291049	-0.0308105428179255	0.0167760529064897	0.00157977240366011	0.0209154842208903	0.00524847597983193	0.00344169506853164	0.0293813415438046	-0.039182053427494	-0.0318096881468222	-0.011862097325128	-0.00552870818197229	-0.0221396752948672	-0.0100406983729539
0.0524988944827192	0.0535234760968061	-0.0319596306335486	-0.0308717712309088	0.0167892334507982	0.00158148650306302	0.0209264072390088	0.0052483125327006	0.00346111174954316	0.0293479410526682	-0.0391699904704083	-0.0318247378557608	-0.0118435523621502	-0.00553407958556171	-0.022133088515173	-0.010040012453796
0.0525162911248256	0.0535175598694455	-0.0319280182819686	-0.0309740681803606	0.0168049760638149	0.0015704740779667	0.020933387968199	0.00524277628499583	0.00348311285100732	0.0293289937582903	-0.0391524597178352	-0.031830788193588	-0.0118272062520333	-0.00553709008614303	-0.0221135684573434	-0.0100343728292731
0.0525554723358717	0.0535278626266554	-0.0318929274401578	-0.0310739595233154	0.0168245994984626	0.0015763064862855	0.0209469317283549	0.00524545709734643	0.00350644667523463	0.0292760410786916	-0.0391287012104632	-0.0318520460995491	-0.0118200550907916	-0.00556038200084949	-0.0220845125865355	-0.0100465335752408
0.0526038289380168	0.053553174580267	-0.0318583395125973	-0.0311693916932513	0.0168550747050434	0.00160204312304176	0.0209615371963724	0.00526511405961085	0.00351047976812479	0.0292388352030617	-0.0391319100827766	-0.0318801324634412	-0.0118201570706257	-0.00557528083551298	-0.0220922365112289	-0.0100626394041049
0.0525906958911652	0.0535374710828031	-0.0318684103704584	-0.0312095927026382	0.0168274577277848	0.00157386735217182	0.0209482476873097	0.0052392405184198	0.00352859446002179	0.0292688186712645	-0.0391037818093636	-0.0318571450912529	-0.0118105136898772	-0.00555924485585032	-0.0220610013453366	-0.0100447035261635
0.0525969934951655	0.053545467419382	-0.0318668066327937	-0.0312202600726795	0.0168302908113945	0.00157412998516917	0.0209474374365732	0.0052380279362831	0.00352872298255241	0.0292729481560526	-0.0391079671735128	-0.0318554072431215	-0.0118110780714247	-0.00556146326648751	-0.0220597775873277	-0.010051258175225
0.0525958661290546	0.0535520290533637	-0.0318752653710861	-0.0312007567786582	0.0168288728726057	0.00158069161915083	0.0209490593350302	0.00524235439581923	0.00351295522382322	0.0292905739035396	-0.0391235561182864	-0.0318578310104109	-0.0118175475044605	-0.00556265768783184	-0.0220607931947164	-0.0100539948669368
0.0526009860755189	0.0535715211715127	-0.0318946205848003	-0.0311402939129226	0.0168257226736215	0.00159417111804141	0.0209445009761454	0.00524950835102896	0.00347654562908955	0.0293056403762866	-0.039142486648856	-0.0318466984446881	-0.0118469610031797	-0.00556835598568392	-0.0220628705099667	-0.0100663092811476
0.0525702789695893	0.0535593213099922	-0.0319184880569265	-0.0310823540003424	0.0168033751201183	0.0015834688233994	0.0209345809925593	0.00524030362326546	0.0034739123141959	0.0293492304689265	-0.0391533007022203	-0.0318330820413628	-0.0118401395301687	-0.00554673765784355	-0.02208767675536	-0.0100526928778223
0.0525435965746458	0.0535574493513941	-0.0319525465275403	-0.0309854983036814	0.0167746140129404	0.00157332671935281	0.0209203708710219	0.00522998270526322	0.00345147675069889	0.0293707160832841	-0.0391516634369389	-0.0318088695141816	-0.0118614351546985	-0.0055436475291726	-0.0220658782165799	-0.010051994385808
0.0525136941315167	0.0535568500452459	-0.0319832089299809	-0.0308658228729156	0.0167580555612511	0.00158421620985463	0.0209126190066479	0.00524134158239861	0.00341717101391208	0.0294145520451131	-0.0391918700342619	-0.0318018021719816	-0.0118740820511081	-0.0055275500822127	-0.0221037825842241	-0.0100503808692552
