0.0523715551975733	0.0534596604694021	-0.0321353167419513	-0.0306931151344615	0.0168248607344759	0.00170234098834884	0.0208790201437795	0.00531230418009212	0.00341354584035824	0.0294098092843365	-0.039162615791722	-0.0316967978674826	-0.0117467930573872	-0.00552192163356204	-0.0222594443235629	-0.0101570922882369
0.0523948918157687	0.0534680437705569	-0.0321141482429681	-0.0307511388660835	0.0168434587828468	0.00171235596684885	0.0208945336514155	0.0053249790161823	0.0034166317780771	0.0293691975616452	-0.0391518185021661	-0.0317119062497504	-0.0117505914569606	-0.00554049453622038	-0.0222374264582904	-0.0101665680309019
0.0523972289700483	0.0534538853374285	-0.032103831515918	-0.0308253564365633	0.016847002931327	0.00168927918768277	0.0208963567155727	0.0053089653882641	0.00343794556339926	0.0293675337536673	-0.0391252297051525	-0.0317061269268247	-0.0117358714362528	-0.0055334411638607	-0.0222128269665333	-0.0101555136962847
0.0524571400270927	0.0534817216411795	-0.0320451945083075	-0.0309601290737246	0.0168939499765873	0.00171812131993428	0.0209256235309688	0.00533172784602378	0.00346198207059289	0.0292894451404446	-0.0391233214249696	-0.0317531913187434	-0.0117176910861064	-0.00556237829102615	-0.0222227204074228	-0.0101750854425234
0.0524715834449629	0.0534791330297748	-0.0320304828695038	-0.0310515435175948	0.0168896849843484	0.00170824603983712	0.0209216714631523	0.00532402068513878	0.00348809309906877	0.0292736242963224	-0.0390882249952227	-0.0317526730376688	-0.0117119201450849	-0.00556346933555238	-0.0221865063904532	-0.010171236751525
0.0524951338017146	0.0534933627090886	-0.0320233386931823	-0.0310938414000084	0.0168897213059332	0.00171373618706896	0.0209217301364815	0.00532866146608131	0.00348435197584056	0.0292704866701945	-0.0390876969352599	-0.0317554753876299	-0.0117189693264925	-0.0055719043251162	-0.0221687674872598	-0.0101771906974543
0.052495052776641	0.0534914488409697	-0.0320183458722646	-0.0311267347859424	0.016887405106414	0.00170947538578217	0.0209167093758833	0.00532285839442711	0.00349551387822793	0.0292873482674179	-0.0390867050765997	-0.031756070502826	-0.0117076509618939	-0.0055633575768301	-0.0221763810502149	-0.0101705661991914
0.0524699601495218	0.0534767944785111	-0.0320423656156499	-0.0311022735956041	0.0168572386333035	0.00168634971217509	0.0209058771617266	0.00530281726155487	0.00349719864096625	0.0293219347979945	-0.0390764148922461	-0.0317312516845765	-0.0117085590015124	-0.00554443961911674	-0.0221546467727002	-0.0101582196543479
0.0524876012638332	0.0535052761888833	-0.0320567769028875	-0.0310439299546397	0.0168600828927854	0.00171125514343442	0.0209049663281401	0.00531802203572059	0.00345761928947201	0.0293330939064138	-0.0391081040779476	-0.0317299273437175	-0.0117406505186141	-0.00555974497613251	-0.0221600726586667	-0.0101787106160773
0.052447189309858	0.053488177104375	-0.032088270510825	-0.0309713985438822	0.0168291480784593	0.00169069153853554	0.0208876437261872	0.00530447687858067	0.00345178548416918	0.0293769480290351	-0.0391138261245282	-0.0317054968870278	-0.0117376330331126	-0.00553296758627506	-0.0221677169552704	-0.0101587505082787
0.052440805092848	0.0534946451404268	-0.032098186303459	-0.0309070394896912	0.0168310787103866	0.00170301573163458	0.0208916977738378	0.00531762808622456	0.00342805631346181	0.0293836395825314	-0.0391359012661459	-0.0317066954993243	-0.0117492475583252	-0.0055387036026959	-0.0221850982305525	-0.0101696944811576
0.0524429550512677	0.0535210914450695	-0.0321164658394713	-0.0307936001956284	0.0168419234973995	0.0017455105887962	0.0208998379997716	0.00535158457700426	0.00337531038749938	0.0294020392591702	-0.0391874849013966	-0.0317199235410897	-0.0117852520276907	-0.00554766246127039	-0.0222405263658495	-0.0101893374735817
0.0523873271472546	0.0534925762070806	-0.0321729431097738	-0.0306836463767167	0.0167955492155909	0.00170812170825859	0.0208702498780489	0.00531985068781384	0.00336286605377388	0.0294635791995918	-0.0391743588394652	-0.0316700735630183	-0.0117954835387151	-0.00551830903286446	-0.0222203818561592	-0.0101649237807004
0.0523628757358045	0.0534833463336046	-0.0321863974629518	-0.0306138628335432	0.0167923319613733	0.00170631261394174	0.0208711006413222	0.00531705811674095	0.0033632250786692	0.0294720742594688	-0.0391901154223222	-0.0316700721660342	-0.0117860273538264	-0.00551321143814462	-0.0222476495874106	-0.0101609884766923
0.0523606377673909	0.0534828070977696	-0.0321769007655264	-0.0306096187960647	0.0168112610949589	0.00172048082595835	0.0208832571963378	0.00533198628806904	0.00336588214229132	0.0294528936687581	-0.0392012270332846	-0.0316867270096215	-0.0117745189994	-0.00551875746473759	-0.0222733792392468	-0.0101680767736526
0.0523643523479226	0.0534815595910322	-0.0321690734640149	-0.0306137049743479	0.0168208318325379	0.00172596119430199	0.0208888493234038	0.00533549970290061	0.0033572362081392	0.0294367151967246	-0.0391963054585523	-0.0316925789757167	-0.0117833437475078	-0.00552362595407677	-0.022266222490069	-0.0101661503326774
0.0523721237700729	0.0534758305595315	-0.0321414983962772	-0.0306703289279734	0.0168298326006332	0.00171028563651867	0.0208942738123862	0.00532065115966214	0.00338963925267926	0.0294056169352671	-0.0391767770188185	-0.0316969892542945	-0.0117730018747451	-0.00552660572100946	-0.0222496221288588	-0.010163430404774
0.0523848321337798	0.0534714398387301	-0.0321268677825472	-0.0307405678879402	0.0168418927637509	0.00170743718608465	0.0208979967748221	0.00531936733133999	0.00341645156713742	0.029376304019398	-0.039154904439885	-0.0317060067861982	-0.0117545491127132	-0.00553707611630275	-0.0222309011458935	-0.0101648483435629
0.0523963642369347	0.0534677951073998	-0.0321020140396969	-0.0308164311056055	0.0168567105733407	0.00170998388796852	0.0209029127616182	0.00532287515823545	0.00343278929535023	0.029360544642573	-0.0391451604762865	-0.0317206485758005	-0.0117372279077444	-0.00553495409756352	-0.022235886981891	-0.0101576524788323
0.0524611689290308	0.0534933054327435	-0.0320498380832181	-0.0309419515175464	0.0168983588581811	0.00173540480633435	0.020923617461904	0.00534456333527724	0.00344435213215376	0.0292953068854281	-0.0391347375784502	-0.0317558455883975	-0.0117409089606594	-0.00556831826711515	-0.0222254193805658	-0.0101790584651003
0.0524521318393507	0.0534671245550662	-0.0320443688907467	-0.0310432342565935	0.0168777659166176	0.00169605875117287	0.0209151168140908	0.00531677313199915	0.00349175319722333	0.0292907177928946	-0.0390814133010999	-0.0317421733057109	-0.0117117469190653	-0.0055512708710159	-0.0221762748794287	-0.0101569595747542
0.0524706781993125	0.0534739138974445	-0.0320279459465082	-0.0310947829672436	0.0168871704130972	0.00170579852381927	0.0209252589181374	0.00532067909934271	0.00350218587394784	0.0292768541233962	-0.039083922284415	-0.0317558134577648	-0.0117014483528076	-0.00555728907821049	-0.0221764816330649	-0.010164855328483
0.0524987100808275	0.0534936085782777	-0.0320194271379026	-0.0311148520397964	0.0168951751315802	0.00171420557370252	0.0209295755987854	0.0053269180300138	0.00348806236542015	0.0292816848941666	-0.0390923908015956	-0.0317582023004535	-0.0117195728235928	-0.00556888683961473	-0.022176925873986	-0.0101776824358323
0.0524729510923268	0.0534778855230374	-0.0320470636729376	-0.031100154370833	0.0168592013958635	0.00168878186136864	0.0209084881248758	0.00530549527993742	0.00349916140352623	0.0293148227523056	-0.0390760838070314	-0.0317361732593087	-0.0117123629890219	-0.00554162749026746	-0.0221551427020303	-0.010158179141811
0.0524875970728811	0.0534984994193613	-0.0320624137334423	-0.0310535230439631	0.0168584693762325	0.00170315962098951	0.0209057444482439	0.00531815195523523	0.00346324773812267	0.0293306533753161	-0.039094473704782	-0.0317246565229781	-0.011748254302681	-0.00555552468738255	-0.0221459281953786	-0.0101807488157748
0.0524677124022201	0.0534974125657871	-0.0320718377876982	-0.0310032232370345	0.0168559520110133	0.00171584144199984	0.0209051493330478	0.0053263634273545	0.00345905399206924	0.0293523876528308	-0.0391237908116032	-0.0317321359754665	-0.0117310574292907	-0.00553817135178106	-0.0222117009974064	-0.0101679552360422
0.0524557961284573	0.0535021259898992	-0.0320980591779124	-0.0309280794661438	0.016838559559859	0.00170931193865084	0.0208941718325522	0.00531978922051659	0.00342722231399683	0.0293815762371214	-0.0391282863062067	-0.0317081106441451	-0.0117664430347315	-0.00554130338997286	-0.0221860216369953	-0.0101722495649456
0.0524162097920429	0.0534947708689893	-0.0321367067410596	-0.0308150033879284	0.0168131889329182	0.00170948935562245	0.0208876213744427	0.00532302882647858	0.00341164175112745	0.0294111238463073	-0.0391468172993442	-0.0317007583172033	-0.01176872430965	-0.00552483155129332	-0.0222102523249689	-0.0101639808164812
0.0523984359642489	0.0534995052478618	-0.0321679139672713	-0.0306990243769019	0.0168024112011386	0.0017151178042731	0.0208794587967645	0.005327271466973	0.00337203026900056	0.0294494081936071	-0.0391779127668336	-0.0316828364091023	-0.0117970705125714	-0.00552331582362245	-0.0222280932079963	-0.0101674718795683
0.0523784912232746	0.0534918763180824	-0.0321811755366535	-0.030630299747622	0.0168037676726303	0.00171482024667504	0.0208709357972069	0.00532583397040772	0.00336066859789712	0.0294646898018944	-0.0391924483856497	-0.0316750649869519	-0.0117984856573922	-0.00551567851193888	-0.0222523965391393	-0.0101655342627209
0.0523628547810441	0.0534801514311315	-0.0321890112200691	-0.030592940203749	0.0167962672653815	0.00170640341790359	0.020868732753394	0.0053181994526922	0.00336470169078728	0.0294587763685019	-0.0391866048014587	-0.0316703389899837	-0.0117962407040585	-0.00551461820106128	-0.0222451894985365	-0.0101611435419194
0.0523709880220578	0.0534829873087093	-0.0321741948074633	-0.0306105114688589	0.0168157998960674	0.00172083985085366	0.020875211965318	0.00532785261232884	0.00337238789691184	0.0294373382516012	-0.0391976717089321	-0.0316900336708169	-0.011775501079172	-0.00551457629154042	-0.0222782281708095	-0.0101626886062549
0.0523566060714848	0.0534634197534227	-0.0321688848711711	-0.0306420595591735	0.0168114315270104	0.00170453565025755	0.0208721623491838	0.00531322479256687	0.00339756853402478	0.0294297288795982	-0.039171351132852	-0.0316864448188478	-0.0117554836950283	-0.00550828287849223	-0.0222646927925578	-0.0101514778094265
0.052373111437781	0.0534663576108345	-0.032149049094951	-0.0306865744552403	0.0168191526577357	0.00169748227789786	0.0208810904741097	0.00530865246384173	0.00340368033914927	0.0294095326814988	-0.0391535940688663	-0.0316872173510155	-0.0117649734075336	-0.00552747324809114	-0.0222323176876983	-0.0101578606294525
0.0524010133997814	0.0534738971336361	-0.0321170120602264	-0.030762161070068	0.0168471887302028	0.00171908104796184	0.0208994258894832	0.00532743491410433	0.00342498853653532	0.029362511596085	-0.0391556657961805	-0.0317213638316231	-0.011743933431081	-0.00553660812665321	-0.0222520696448767	-0.0101667272870812
0.0524045896788942	0.0534569992148279	-0.0320940121151819	-0.0308635038794284	0.0168506532505933	0.00169800335294048	0.0208993588342498	0.005312347486597	0.00345632568226167	0.0293561860524042	-0.039126139141755	-0.0317189498432219	-0.0117217828523258	-0.00552744391142654	-0.0222340541388457	-0.0101485776705834
0.0524534058887846	0.0534766463982041	-0.032050225047794	-0.030975217898216	0.0168832420940092	0.00171014035017971	0.0209193189420484	0.00532318808265782	0.00347510114760412	0.0292929753190846	-0.0391058884612785	-0.0317456825295904	-0.0117184300906575	-0.00556188794963217	-0.0222097130891339	-0.0101669731562702
0.0524699797072982	0.0534732377571747	-0.0320283762175889	-0.0310686593659114	0.0168881483019171	0.00170805046207314	0.0209243369086786	0.00532188050560719	0.00350222498950064	0.0292765579627821	-0.0390867218404081	-0.0317574283713017	-0.0117011633680658	-0.0055627484917937	-0.0221965367357775	-0.0101627822041848
0.0524861009029866	0.0534847321417608	-0.0320338468070444	-0.0310877198159957	0.0168722617995455	0.00169971884932742	0.0209140830459098	0.00531321361669464	0.00349478744653313	0.0292847442891889	-0.0390708688656531	-0.0317429388529585	-0.0117200897076833	-0.00556857670916042	-0.0221560297868883	-0.0101695715465631
0.0525196159468133	0.0535115193105065	-0.0320169167576035	-0.0311096147466737	0.0168895941803866	0.00172377910524953	0.0209212677347681	0.00533233413709213	0.00348362135319368	0.0292771991784512	-0.0390920261887641	-0.0317592011440338	-0.0117276571701654	-0.00557989926471106	-0.0221867983601151	-0.0101868173143944
0.0524832622314408	0.053487146130162	-0.0320482860339625	-0.0310880103886736	0.0168494630202011	0.00168957115734471	0.020898190955602	0.00530565872706875	0.00349013828368643	0.0293233457518632	-0.0390706900516975	-0.0317242527945939	-0.0117218107920063	-0.00555451746189803	-0.0221554933450214	-0.0101637153895158
0.0525033299070096	0.0535160427447906	-0.0320564709633852	-0.0310382372447237	0.0168627357654555	0.00172360867319806	0.0209042887908863	0.00533182842887383	0.00345260551379388	0.0293273425231686	-0.0391078428419343	-0.0317352763955625	-0.0117499781809721	-0.0055677315338232	-0.0221824090362977	-0.0101838361504777
0.0524698958882565	0.0535036640693145	-0.0320798914006223	-0.0309792691518985	0.0168414834474305	0.00171127470121082	0.0208951734701006	0.00532139435516528	0.00344496540814225	0.0293713349472088	-0.0391218084912668	-0.0317205871085032	-0.0117457271585735	-0.00554070408382465	-0.0222046224793342	-0.0101665764128061
0.0524130037136976	0.053459802961773	-0.0320862239292233	-0.0308980498974681	0.0168474220265355	0.00169019002126932	0.0208915455025787	0.0053081551375276	0.00346149871411904	0.0293497808806337	-0.0391128300749159	-0.0317105805119074	-0.0117183532565359	-0.00553004928663961	-0.0222182193248831	-0.0101470926765612
0.0524773082855115	0.0534946255826504	-0.0320393537180845	-0.0309989470689234	0.0168876761213155	0.00171984938917748	0.0209079279342804	0.00532878440067582	0.00346558768637033	0.0292870381369636	-0.0391087187509202	-0.0317465682174645	-0.0117294858222587	-0.0055671769311639	-0.0222033568118044	-0.0101751902163255
0.0524616369186803	0.0534689629860476	-0.0320440727301327	-0.0310711012939932	0.0168579902107108	0.0016837038244252	0.020902314852454	0.00530537933026306	0.00350438752077669	0.0292961101512444	-0.0390688683845244	-0.0317331376130149	-0.0116991349472564	-0.00555005828887919	-0.0221637970180866	-0.0101503155187148
0.0524975338202755	0.0534933710909928	-0.0320227715176668	-0.0311045842071872	0.0168865780918691	0.00171222465035017	0.0209293381115005	0.00533298373466536	0.00348281808737732	0.029280821558037	-0.0390959810505487	-0.0317535894591915	-0.0117165469561871	-0.00557122539087837	-0.0221788173903605	-0.0101721531730477
0.0525015725011018	0.0535003154985983	-0.0320324791596805	-0.031101283133928	0.0168746799788988	0.00170640621187165	0.0209158083211849	0.00532535480488596	0.00347570324772039	0.0292954773174795	-0.039085639177786	-0.0317413029846612	-0.01173141785117	-0.00557232761127682	-0.0221570314244367	-0.010173836538802
0.0524978844632667	0.0535046740887671	-0.0320429174243411	-0.0310803842528622	0.0168704107957078	0.00171536926139822	0.0209088792804038	0.00532767938630931	0.00346953416625072	0.0293128222711768	-0.0391017771372828	-0.0317417276678059	-0.0117289368075355	-0.00556499623909548	-0.0221745998955786	-0.0101719142887788
0.0524917531003658	0.0535116855516059	-0.0320652314502277	-0.0310256071121224	0.0168620219066169	0.00172463825042703	0.0209066147692936	0.00533406500030338	0.00344453793102955	0.0293356364173456	-0.0391210066224345	-0.0317342021148446	-0.0117440759234519	-0.00555729187217854	-0.0221898284184728	-0.0101737094132554
0.0524496270469877	0.053489206681604	-0.0320975450877899	-0.0309554156496126	0.0168252155684192	0.00169469389777707	0.0208827277393911	0.00530863570003339	0.00343971693914734	0.0293900251965255	-0.0391142270589444	-0.0317012933620862	-0.011748449880445	-0.00553361438988023	-0.0221720517967107	-0.0101572515444161
0.0524572657556553	0.0535182583614598	-0.0321107829084436	-0.0308541678351662	0.0168331448497647	0.0017250196270668	0.0208850020293894	0.00532990897281873	0.00340162397865939	0.0293831352712971	-0.039149704865331	-0.0317093679297707	-0.0117779374193177	-0.00555530116993799	-0.0221976724837926	-0.0101784242343514
0.0524192649961132	0.0535095607388986	-0.0321518905604649	-0.0307392603108895	0.0168098515380742	0.00172092646386342	0.0208715211335148	0.00532677693462693	0.0033703287424539	0.029440174129179	-0.0391729758252771	-0.0316876448281282	-0.011792781771604	-0.00553344395782876	-0.0222199376152381	-0.0101704698072934
0.052393630339191	0.0535009357595069	-0.0321765417406311	-0.0306542761845024	0.016799974860993	0.0017218680310986	0.0208664947849804	0.00533013249026328	0.00335213721643534	0.0294654790978705	-0.0391910108890845	-0.0316792154265005	-0.0117967128846601	-0.00552483574224541	-0.0222454381616936	-0.0101626215510215
0.0523734746536284	0.0534889384606705	-0.0321735633706824	-0.0306272920410087	0.016805769550743	0.00172290179927967	0.0208681991054951	0.00532919930493227	0.0033567696154737	0.0294634506770612	-0.039200169516375	-0.0316831437455885	-0.0117821563110836	-0.00551318489544808	-0.022274176917127	-0.0101550163699706
0.0523703174697241	0.053487882340745	-0.0321805874063775	-0.0305976145123082	0.0168073062331743	0.00172173392063188	0.0208674112065031	0.00532472336810509	0.00334873975127813	0.0294530291762089	-0.0391942518920305	-0.031677471990433	-0.0117972940300159	-0.00552273467826661	-0.0222512943187409	-0.010159894638198
0.0525067287691508	0.0535050247317582	-0.0320290439759545	-0.0311093814503409	0.016881713793482	0.00171457996542215	0.0209173883101211	0.00533182982585785	0.00347712677444538	0.0292958056087262	-0.0390969561454005	-0.0317503400743413	-0.0117263733418433	-0.00557334042469745	-0.0221681695780956	-0.0101765927882901
0.0524782945562356	0.0534887275160822	-0.032054840683024	-0.0310785388369607	0.0168529219526555	0.00169564524390044	0.0208999735072224	0.00531915359278364	0.00348121434971265	0.0293310738675086	-0.0390909686718546	-0.0317304274639997	-0.0117155802432394	-0.00554931509337606	-0.0221682394272971	-0.0101590941663497
0.0524838880802856	0.0535085814530947	-0.0320608253626019	-0.0309976646375852	0.016859767174395	0.00172182472459372	0.0209038459469492	0.00533927575072953	0.00343846105050576	0.0293423223829058	-0.0391271729099361	-0.0317313159458418	-0.0117493034376864	-0.00555773611309959	-0.0221969111274971	-0.0101770370292112
0.0524425331620912	0.0534870078287432	-0.0321013979697404	-0.0309301218567934	0.0168218097213578	0.00168851643440323	0.0208828981714425	0.00531168950711959	0.00343716045837527	0.0293918720094111	-0.0391175434990279	-0.0316938809648312	-0.011748301800138	-0.00553706494043052	-0.0221764411205281	-0.0101587351414544
0.0524598110605551	0.0535276656519074	-0.0321197040484493	-0.0308176031752054	0.0168363607069982	0.001735142173337	0.0208910118546798	0.00534713937382571	0.00339082529211942	0.0293889662826319	-0.0391686172351083	-0.0317153162877639	-0.0117836846116107	-0.00555751678660713	-0.0222246091298293	-0.0101898711214806
0.0523920042497819	0.0534939899549174	-0.0321712164375146	-0.0307163860944076	0.0167890727976349	0.00170414868568166	0.0208645781228933	0.00532079504901707	0.00338491046174293	0.0294656858515067	-0.0391675359694703	-0.031675655911196	-0.0117787141424375	-0.00551542006989361	-0.022232647375929	-0.0101576091723274
0.0523736758193285	0.0534933417543282	-0.0321878908388783	-0.0306252356805188	0.0167876199342453	0.00170202526995841	0.02085999601528	0.00531952099958312	0.00335645669105132	0.0294795215813245	-0.0391839868533894	-0.0316640553558237	-0.0118014905700374	-0.00551550947687143	-0.0222355978061971	-0.0101583914833834
0.0523635239363937	0.0534915717755642	-0.0321812342099827	-0.0306046092113387	0.016800222127166	0.00171388985531209	0.020864462173219	0.00532854691339098	0.0033592241164117	0.0294632900238979	-0.0391967091869365	-0.0316762412475039	-0.0117836804206586	-0.00551466430153422	-0.0222687943376654	-0.0101587980057356
0.052382288225864	0.0535037199486756	-0.0321700695136272	-0.0305961043725734	0.0168178241259246	0.00172898845869165	0.0208721399974394	0.00534161150802511	0.00334593600433302	0.0294403906617034	-0.0392045434733681	-0.0316849919554582	-0.0118031599659514	-0.00553023229154734	-0.0222736111385955	-0.0101701862195356
0.0523580226132897	0.0534738216964986	-0.0321684965096112	-0.0306301600492191	0.0168056061036117	0.00170398523855033	0.0208633417920282	0.00531879875884041	0.00338787625883534	0.0294380968139287	-0.0391760589690279	-0.0316771828147391	-0.0117665617783739	-0.00551480120596901	-0.0222639244513422	-0.0101523634973006
0.0523778486106215	0.0534805719233241	-0.0321465470965561	-0.0306792221282985	0.0168215205456639	0.00170054306990421	0.0208672086438189	0.00531372491284906	0.00339692871533974	0.0294149180549285	-0.0391618656112988	-0.0316861905677546	-0.0117644830661396	-0.00553013450266535	-0.0222430926255098	-0.0101617288782273
0.0524038953778321	0.0534873738385587	-0.0321436343848567	-0.0307633694612526	0.0167986169925173	0.00169789019723417	0.0208672826839724	0.00530841218258883	0.00339664512758197	0.0294326723249462	-0.0391416079459021	-0.031677376995519	-0.0117748472906467	-0.00552892052354462	-0.0222039030325595	-0.0101591290909504
0.0524002408676137	0.0535048864303394	-0.0321647009040059	-0.0306528289090489	0.0168002821974793	0.00171314526282492	0.020863874042943	0.00531787814636566	0.00335503735527841	0.0294506990068494	-0.0391778512995364	-0.0316733425056449	-0.0118045639349	-0.00553212799887395	-0.0222333738076238	-0.0101672539500599
0.0523801997347414	0.053491908448715	-0.0321745049379176	-0.0306154037069266	0.0168001788206612	0.00171357832787374	0.0208638153696138	0.00532032286841546	0.00335817498140633	0.0294648113395049	-0.0391865824497142	-0.0316682379260049	-0.0117926197214567	-0.00552456472734389	-0.0222593828562656	-0.0101716935653023
0.0523757517375948	0.0534883098178577	-0.0321735885163949	-0.0305914649886149	0.016808024282965	0.00172196023204449	0.0208721972737845	0.0053327057348437	0.00335754913256158	0.0294458794119512	-0.0391956796097076	-0.031679436149977	-0.0117924409075011	-0.00552849863436802	-0.0222736432692281	-0.0101676255478115
0.0523691747367888	0.0534774189303719	-0.0321668438775055	-0.0305985784312878	0.0168138525003317	0.00171656787369464	0.0208764832207839	0.00532548053344852	0.00336538900692928	0.0294340273994538	-0.0391872809417285	-0.0316833309414483	-0.0117829246522992	-0.00552195516117873	-0.0222761969560322	-0.0101612832403223
0.0523759347425025	0.0534757299766815	-0.0321526630926327	-0.0306189981468318	0.0168232276601467	0.00171107912344683	0.0208786834706287	0.00532128818437912	0.00337378068998822	0.0294149040850883	-0.0391747765376898	-0.0316862715928282	-0.0117828031146888	-0.00553417178650759	-0.0222572105461014	-0.0101677331155816
0.0523850766059848	0.0534654928777209	-0.0321293949266547	-0.0307101932642094	0.0168314978055951	0.00170258546055382	0.0208809409968187	0.00531031347785156	0.00341171160032887	0.0293954133639232	-0.039152648310679	-0.0316954805115438	-0.0117508624718621	-0.00552833798120475	-0.022248403958786	-0.0101677107638372
0.0524230941293352	0.0534876630142525	-0.032104766098233	-0.0307692046635395	0.01685804888404	0.00172222984996198	0.0208923152407784	0.00532761093409191	0.00341532978896257	0.0293498130112664	-0.0391513099999797	-0.0317170303871668	-0.0117537933443538	-0.00554890438007169	-0.022250708982433	-0.0101803869969114
0.0524242312743343	0.0534630062461503	-0.0320726270836743	-0.0308992946102374	0.0168635446192079	0.00170445741915195	0.0208972521823349	0.00531055375910446	0.00346588664095242	0.0293397966357823	-0.0391205344418328	-0.0317228893381821	-0.0117078409517218	-0.00553589845876676	-0.0222507788316344	-0.010158865060969
0.0524503367148741	0.0534668046457237	-0.0320408443000429	-0.0309848808367408	0.0168758143299299	0.00170593123730197	0.0209054315238215	0.00531173700457656	0.00348276081103215	0.0292907555114633	-0.0390964183065496	-0.0317369499824285	-0.011707998810917	-0.00555027202743555	-0.022216492652624	-0.0101557148619848
0.0524682921505919	0.053473695967936	-0.0320327459836299	-0.0310404849920255	0.0168698757508249	0.00169722104188454	0.0209016163604398	0.00529969639923529	0.0034939660199244	0.0292791619410112	-0.039072629065529	-0.0317334114218845	-0.0117130209684993	-0.00555730584201883	-0.022174911423017	-0.0101590159352441
0.0525162520092728	0.0535092282566998	-0.0320118317357399	-0.0310967066142507	0.0168979872604295	0.00172611486254511	0.0209097677622459	0.00532188469655927	0.00348401250872165	0.0292656768541845	-0.0390927749722034	-0.0317543843431037	-0.0117225050930685	-0.00557579771960351	-0.0221900728906778	-0.0101868508420111
0.0523734020104589	0.053481646204042	-0.0321699703277612	-0.0306159205910171	0.0168113295471763	0.0017117203391159	0.0208749437443845	0.00532235408319283	0.00337837816442587	0.029434477228311	-0.0391771975110111	-0.0316815623596683	-0.0117795690966629	-0.00552729443413549	-0.0222705168189724	-0.0101662201818788
0.0523844745058685	0.0534809169783791	-0.0321439221635666	-0.0306540889886426	0.0168295322490671	0.00171479091001045	0.020883311678715	0.00532459763954253	0.00339032237786917	0.0294052942319565	-0.0391749763064058	-0.0316974460680719	-0.0117687424704424	-0.00553595852907998	-0.0222733247568696	-0.0101647812883295
0.0523821988188861	0.0534653643551903	-0.0321323844724756	-0.0307245151444692	0.016825647236484	0.00169671253969818	0.0208787114103092	0.00531022965880986	0.00342114962442512	0.0293871488064109	-0.039140081042359	-0.0316918539410059	-0.0117498510554255	-0.00553561906196107	-0.0222321486526309	-0.0101607090798866
0.0524053789748703	0.0534722277377221	-0.0321115736014037	-0.0307848634575145	0.0168388138109522	0.00169973142218368	0.0208878770225199	0.00531481316340722	0.00342937646336871	0.0293687323659637	-0.0391319212586488	-0.0317040565964945	-0.0117484638502853	-0.0055432396098363	-0.0222236535927538	-0.0101691789940511
0.0524492428763798	0.0534801947376364	-0.0320592383887456	-0.0309268319594064	0.016878520287993	0.00172064008213759	0.0209091433103851	0.00533239141343729	0.00346190803043938	0.0293118569552132	-0.0391248930320016	-0.0317394072773346	-0.0117170275186929	-0.00555947954916711	-0.0222453920612207	-0.010171627907053
0.0524825120510175	0.053490039284085	-0.0320237116879179	-0.0310345352370483	0.0168975961049016	0.00172652836981754	0.0209209324586013	0.00533781031448368	0.00348114030955914	0.0292713430214039	-0.0391047666831036	-0.0317567424521437	-0.0117142461234923	-0.00557462425301961	-0.0222229187791549	-0.0101763566979893
0.0524883807809211	0.0534871014266731	-0.0320323492401659	-0.031073057071633	0.0168729323518792	0.00169871302082693	0.0209079810196735	0.00531269952657217	0.00348973595228623	0.0292786422629526	-0.0390707794586753	-0.0317350263354214	-0.0117263481961308	-0.00557349409294058	-0.0221586002375007	-0.0101665317093172
0.0525240807077683	0.0535110666876813	-0.0320123402379263	-0.0311151188637458	0.0168959141361313	0.00172544989814757	0.0209156518589737	0.00533735769165846	0.00348598505016983	0.0292706221776452	-0.0390933281778786	-0.0317590949732476	-0.0117253605284227	-0.00558361524222675	-0.0221914754626424	-0.0101857947220856
0.0524946322844484	0.053489553133643	-0.0320285564285286	-0.0311183263390751	0.0168658622157111	0.00169939893998491	0.0209055153428632	0.00531448068120845	0.00350445876696214	0.0292996906213094	-0.0390711440715068	-0.0317400401110995	-0.0117090996343314	-0.00556236990912198	-0.0221794166965087	-0.0101646387959586
0.0525153481606064	0.0535153652075368	-0.0320410105411423	-0.0310630323142448	0.0168725858998401	0.00171506332189599	0.0209043712129439	0.00532388657467205	0.00346326031097892	0.0293114434479408	-0.03909859620465	-0.03173231059847	-0.0117525779682491	-0.00558083664099415	-0.0221690273262891	-0.0101839325423756
0.0524579642476695	0.0534809365361555	-0.0320855645527619	-0.0309934583186756	0.016823293318396	0.00167893591793607	0.0208787044253891	0.00529430823183754	0.00347389275641951	0.0293628007717789	-0.0390848792184745	-0.0316993711120631	-0.0117296520633581	-0.00554246568068453	-0.0221615464768167	-0.0101538987827478
0.0524714619073524	0.0535040677976987	-0.0320856344019633	-0.0309337596032035	0.0168465586904059	0.00171237133367316	0.0208919785676275	0.00532132869691595	0.00343687547363346	0.0293695929081253	-0.0391328041525548	-0.0317116673654815	-0.0117526100988817	-0.00555699710854854	-0.0222024306113935	-0.0101783320334055
0.0524594827693084	0.0535166085233222	-0.0321144444035821	-0.030831722492781	0.0168399439710312	0.00172667784710858	0.0208903259355218	0.00533605989349602	0.0034023657771785	0.0293806807703591	-0.0391543051337368	-0.0317104813260414	-0.0117805483824668	-0.00555900736856549	-0.022220176499507	-0.0101814598806453
0.0524055941104107	0.0534897431234709	-0.0321561066582628	-0.0307286572021135	0.0168094575885782	0.00171478811604239	0.0208733847102087	0.00532850640085416	0.00338795029898885	0.0294421941680842	-0.0391702181788049	-0.0316834790217553	-0.0117773730377702	-0.00553184860206826	-0.0222380341463428	-0.0101659016695203
0.0523702671782991	0.0534767455840702	-0.0321851974536714	-0.0306288901907373	0.0167837866100713	0.00169776726263967	0.0208611918336084	0.00531354190794133	0.00336663791065072	0.0294697650448698	-0.0391719057355113	-0.0316554164065917	-0.0117953997196734	-0.00552365668772539	-0.0222216838452737	-0.0101575532929663
0.052376005988688	0.0534836243334263	-0.0321738707071687	-0.0305976480399249	0.0168051492898344	0.00171676065749057	0.0208701939986877	0.00532596388992236	0.003362184325568	0.0294458430903665	-0.0391909326579789	-0.0316743092185926	-0.0117892585778843	-0.00553251356646581	-0.0222619896284627	-0.0101652031775061
0.0523455112243308	0.0534563035167817	-0.0321869087591063	-0.0305851827514389	0.0167895854907734	0.0016943125211373	0.0208624756619305	0.00531160708506192	0.00338030460540111	0.0294535921607723	-0.039171940660112	-0.031663386200474	-0.0117758545161312	-0.00551772369655654	-0.0222442940317743	-0.0101484016505959
0.0523823538841133	0.0534801374612912	-0.0321558552011377	-0.0306065440342181	0.0168245059005327	0.0017229967941936	0.0208801852284593	0.00533416698013746	0.00337490246816307	0.0294120025492612	-0.0391929890184687	-0.0316942916781356	-0.0117808096184802	-0.00554228127879278	-0.0222692315936663	-0.0101692488432525
0.0523948806398965	0.0534782696936452	-0.0321389251516968	-0.0306713543142503	0.0168353786272262	0.00171357413692166	0.0208780492398798	0.00532512430252126	0.00339746515720667	0.0293974389907645	-0.0391700687015139	-0.0316980816958048	-0.0117703392231869	-0.00554508781970595	-0.0222572859832389	-0.0101690378986642
0.0523708357507987	0.0534471616532995	-0.0321352091741811	-0.030744684799872	0.0168176369300648	0.00168023092213045	0.0208754173219701	0.00530063237853436	0.00344608578933308	0.0293825359651489	-0.0391254266799005	-0.0316896271484646	-0.011727932376019	-0.00552784903679479	-0.0222273514094772	-0.0101424560865708
0.052427403825063	0.0534807968377527	-0.0320870006523431	-0.0308239259249182	0.0168686617717042	0.00171753179267427	0.0209021458173866	0.0053333734932093	0.00342958601097297	0.0293416504335881	-0.0391468661937852	-0.0317253047235673	-0.0117475837503473	-0.00555968211185123	-0.0222393584872018	-0.0101714281383369
0.0524603433114699	0.0534842543732231	-0.0320535917793026	-0.030952142516034	0.0168864020718815	0.00171544609551979	0.0209146781611059	0.00533202540362184	0.00346835930268279	0.0292896756428093	-0.0391113562567659	-0.0317433272145185	-0.0117271388890909	-0.0055734801231003	-0.022218310128845	-0.0101718374546573
0.0524641305351711	0.0534713448438161	-0.0320329289885377	-0.0310578564884194	0.0168832155513126	0.00170305065623529	0.0209145761812718	0.00532083695853793	0.00350804342797916	0.0292757826366463	-0.0390862454688544	-0.0317511852496785	-0.0116928415342082	-0.00556135569871732	-0.0222060068905064	-0.0101525604720486
0.0524851663206716	0.0534830152483899	-0.032021213880475	-0.0310936835408132	0.01688632523776	0.00170638386012719	0.020923027934644	0.00532640533687536	0.00349917257939846	0.0292735502561689	-0.0390795371515497	-0.0317500201649988	-0.0117107201358044	-0.00557945781775807	-0.0221782655816693	-0.0101701485009668
0.0524727806602753	0.0534741611636175	-0.0320291738954692	-0.0311072091401767	0.0168683292895054	0.00168787382175014	0.0209147549952275	0.00531263386832283	0.00350768580006788	0.0292900654013533	-0.0390696157709796	-0.0317355613803043	-0.0117019163424571	-0.00556790475984273	-0.0221582188608609	-0.0101586848500293
0.0524909638043897	0.0534959205868447	-0.0320344377312884	-0.0310753690802001	0.0168720508549572	0.00169928438729457	0.0209165543106561	0.00532098224487689	0.00347846089419256	0.029297564411618	-0.0390863013482155	-0.0317333597334754	-0.0117323705942775	-0.00558282454926665	-0.0221496022633734	-0.0101775161947329
0.0524938583552967	0.0535049618674769	-0.0320479270090672	-0.0310492063633152	0.0168732913767745	0.00171442769416304	0.0209127880417154	0.00533288454879934	0.00346620096235882	0.0293125289045309	-0.0391078372539982	-0.0317380200721943	-0.0117322253079385	-0.00557523613202407	-0.0221831410559286	-0.0101773485566495
0.0524584140765266	0.0534893435860388	-0.0320811361133917	-0.0309731601407421	0.0168386517608049	0.00169340029056671	0.0208923864869638	0.00531360058127052	0.0034527731518773	0.0293621777169022	-0.0391061776369724	-0.0317100524519446	-0.0117387240776389	-0.00555267763393255	-0.0221768993312895	-0.0101619202650392
0.0524430947496706	0.0534896928320459	-0.0320964777919922	-0.0309098460306044	0.0168303061782189	0.00169797401627588	0.0208874160177906	0.0053159167807897	0.00343921961283321	0.029380430710218	-0.0391248944289857	-0.0317002484180329	-0.0117463767561468	-0.00555103198674703	-0.0221881059371657	-0.0101670695481681
0.0524444079146573	0.0535132236310212	-0.0321248253918976	-0.0307819325850228	0.016831686398439	0.0017286573734769	0.0208875668920656	0.00533844175126454	0.00338849791672801	0.0293978594829571	-0.0391631438516848	-0.0317027126978591	-0.0117908623155489	-0.00556252637133317	-0.022219538077806	-0.0101848000694573
0.0523827534215454	0.0534793076527783	-0.0321703642772572	-0.030686119038447	0.0167924507050157	0.0016979600464356	0.0208635527366165	0.00531576870048269	0.00339173053776986	0.0294558985814033	-0.0391643368760451	-0.0316672041578238	-0.0117762750083238	-0.00552538615395262	-0.0222312587738048	-0.0101584780963931
0.0523675919538846	0.0534772890108572	-0.0321856151518959	-0.030610420664897	0.0167876604467822	0.00169770719232645	0.0208611094115507	0.00531884625629738	0.00337422213694121	0.0294657263640435	-0.0391788054396278	-0.0316586951281065	-0.0117859602985931	-0.00552561665631732	-0.0222418381338523	-0.0101632012993933
0.0523719198104048	0.0534846790563678	-0.0321761240424066	-0.03059201120937	0.0168067851581317	0.00171938000254392	0.020867359518094	0.00533180188617728	0.00337177741489141	0.0294406840283494	-0.0391937447868281	-0.0316812787719105	-0.0117870415642311	-0.00552960364873453	-0.022273585992883	-0.0101609968585964
0.0523882212170328	0.0534930008902253	-0.0321595320631006	-0.0306098856200141	0.0168339718643095	0.0017376260109396	0.0208801517008426	0.00534542108347071	0.00336414010320784	0.0294180486961363	-0.0391995716072108	-0.0316940122813299	-0.0117928013293804	-0.00554186777152035	-0.0222858724674132	-0.0101770384261952
0.0523495177745244	0.0534494471191701	-0.0321613551272577	-0.0306520759346576	0.0168121663406093	0.00169735794631934	0.0208697902703035	0.00531664181550047	0.00341086502800763	0.0294266415448954	-0.039161876787171	-0.0316816196360135	-0.0117492503522933	-0.00551653346616428	-0.0222664613743378	-0.010143255161435
0.0523579807037688	0.0534432696557962	-0.0321440185554646	-0.0307023757415862	0.0168196010896088	0.00169111342771213	0.020876442708247	0.00531057611084891	0.00342636875675544	0.0294040802528358	-0.0391421709304656	-0.0316846455034191	-0.0117465988766073	-0.00553069050230867	-0.0222304163924356	-0.0101485162032862
0.052423328822652	0.0534869365825578	-0.0320999269455584	-0.0307602080863962	0.0168717840310078	0.00174213407839943	0.0209062068499573	0.00535151612478687	0.00341053533977691	0.0293397211986448	-0.0391652910161365	-0.031732061935313	-0.011766321497121	-0.00557097672772131	-0.0222560175217411	-0.0101813592977952
0.0524102265094491	0.0534515942836218	-0.032086162461926	-0.0308690652728457	0.0168557536392812	0.00169780637819247	0.0208929704262877	0.00531724670958479	0.00345668750112504	0.0293478753944189	-0.0391169260320873	-0.0317117930940441	-0.0117306746556669	-0.00554462821196058	-0.0222185825407305	-0.0101523285726999
0.0524382444211238	0.0534578639479415	-0.0320524001519263	-0.0309674464760657	0.0168708522426608	0.0016976163883646	0.0209055656342883	0.00531824136221306	0.00348662766282292	0.0292969692964219	-0.0390942725390819	-0.0317304456247921	-0.0117135420435419	-0.00556352661189755	-0.0221899834837	-0.0101603640248315
0.0524761501857519	0.0534784247588724	-0.0320314146578508	-0.0310419252825588	0.0168886637890236	0.00170948237070231	0.020921901965517	0.00532588286484871	0.00348984352005642	0.0292667692956947	-0.0390856699114346	-0.0317451558666117	-0.011721300892836	-0.00558525530147616	-0.0221717472541925	-0.0101746495835065
0.0525009159186084	0.0534921934334568	-0.0320166848582548	-0.03110138092281	0.0169001749374181	0.00172492742612092	0.020924651230085	0.00533922685628853	0.00349708548525995	0.0292665010747613	-0.0390963763970287	-0.0317639313319542	-0.0117109296834087	-0.00558027086246263	-0.0221979211469497	-0.0101781811591305
0.0524977615286722	0.0534938446685785	-0.0320226779197369	-0.0311122019610944	0.0168827154310304	0.00171468753319234	0.0209110362237437	0.00532822700404846	0.00349748502269209	0.0292858548914915	-0.0390823199437344	-0.0317478855734033	-0.0117207448931926	-0.00557598212149527	-0.0221778520743969	-0.0101719478163955
0.0524978788753305	0.0535042885211752	-0.0320386314773418	-0.03107006333486	0.0168710310566164	0.00171239089144955	0.0208993742010741	0.00532320344948213	0.00347549649408417	0.0293081898721385	-0.0390915009227694	-0.0317342454213495	-0.0117396265293213	-0.00557861403940488	-0.0221687716782119	-0.010170399958092
0.0524946420633366	0.0535125181540868	-0.0320604202372337	-0.0310232098875296	0.0168645755934209	0.00171883238480477	0.0208957127059356	0.00532946612888171	0.00345665816446044	0.0293315292843019	-0.0391063829936246	-0.0317240935384147	-0.0117521840187531	-0.00557407244432837	-0.0221818879612551	-0.0101816833980898
0.052453668521782	0.0534933152116317	-0.0320843617495134	-0.030967266265126	0.0168400976392743	0.0017052844336968	0.0208837517286839	0.00531826511094154	0.00345473312046922	0.0293758499995887	-0.0391177181220315	-0.031706438454263	-0.0117393122079149	-0.00554539795016026	-0.02220746115088	-0.0101570098661792
0.0524413303588427	0.0534970703047002	-0.032107562860258	-0.0308740371390029	0.0168298158368249	0.001711185294233	0.0208815612577273	0.00532452359938903	0.00342670403292227	0.0293875176101944	-0.0391311738721936	-0.0316973189425253	-0.0117626250773817	-0.00555594797354317	-0.0222001074269542	-0.0101709350029749
0.0524162419226756	0.0535014638194697	-0.0321470905233431	-0.0307432668610831	0.0168121705315614	0.00171763516949238	0.0208710014554562	0.00532779952693576	0.0033834212767686	0.0294342453289622	-0.0391643536398534	-0.0316834035846178	-0.0117950448857301	-0.00554328431332521	-0.0222177974357066	-0.0101697377876625
0.0523744734972088	0.0534855116588487	-0.0321803876376614	-0.0306478179273388	0.016789222274926	0.00170487930832854	0.0208560774750802	0.00531647417741706	0.00337466637786226	0.0294709315265335	-0.0391721697654927	-0.0316637047128325	-0.0117956190461658	-0.00552378660724004	-0.0222346213143613	-0.0101541292851125
0.0523722830262522	0.0534879703507388	-0.0321764760823817	-0.0305985546825593	0.0168037509088219	0.00171674808463431	0.0208617324664274	0.005328007677556	0.00336317758121223	0.0294607838345508	-0.0391922863355024	-0.0316726007071257	-0.0117989494560897	-0.00553102857244356	-0.0222609069658407	-0.0101636511282505
0.0523635239363937	0.0534804406068254	-0.0321813683204494	-0.0305817657285053	0.0168065253191024	0.00171798022454741	0.0208650433185748	0.00533084914306988	0.00336899182873867	0.0294476214510347	-0.0391883496345102	-0.0316760400818038	-0.0117957503626645	-0.00553375269129905	-0.0222626923114291	-0.0101612566976257
0.0523626438364558	0.0534722738381951	-0.0321688373737141	-0.0305999460786517	0.0168148094343912	0.00172228572932312	0.0208793177013776	0.00534367066248305	0.00337439256899268	0.0294272506299318	-0.0391888721065369	-0.0316853244376569	-0.0117895673113546	-0.00553648798602677	-0.0222674616149022	-0.0101601474923071
0.0523640352325481	0.0534656633097724	-0.0321557336635272	-0.0306388101743233	0.0168197324061075	0.00171131661073167	0.0208797032689694	0.00533270154389161	0.00339185486934839	0.0294082572350809	-0.0391702922189584	-0.0316869281753216	-0.0117777376506016	-0.00553981280801449	-0.022251005143047	-0.0101529446426564
0.0523766611741973	0.0534612572221467	-0.0321309483728943	-0.030710271495315	0.0168333641762572	0.00171066561617441	0.0208832320506253	0.0053288766016217	0.00342455267751845	0.0293784819174983	-0.0391534641493516	-0.0317009455130631	-0.0117504489645897	-0.00554578351775212	-0.0222494880183921	-0.0101557414046814
0.0524188738405852	0.0534843144435363	-0.0321070641369598	-0.030771390943544	0.0168534486156343	0.00172560915432681	0.0208888325595954	0.00533675698852622	0.00342045252939492	0.0293492137051181	-0.039146656646181	-0.031711147687423	-0.0117685636564867	-0.00556181949741477	-0.0222361091023516	-0.0101747501663566
0.0524254075348863	0.05346181322179	-0.032076390558647	-0.0309129822597483	0.0168613457663471	0.00170491842388134	0.0208913205881501	0.00532411288608466	0.00347488601206374	0.0293244102536929	-0.0391118256433994	-0.0317208860630853	-0.0117174605837417	-0.00554580866346463	-0.0222294860010726	-0.0101533749137372
0.0524847584013353	0.0534931573524365	-0.0320275003086031	-0.0310203530551914	0.0169016305947757	0.00173369210391546	0.0209120923436692	0.00534566695265972	0.00347972097378623	0.0292660344820958	-0.0391043084723423	-0.0317574688838385	-0.0117271542559152	-0.00557997749581665	-0.022220963001515	-0.0101790277314517
0.0524701431544296	0.0534688638001816	-0.0320361252879948	-0.0310805882125304	0.0168699162633617	0.00169835678989968	0.0208975218002524	0.00531486904276836	0.00351224555593676	0.0292834269332501	-0.0390654806982554	-0.0317358519529822	-0.0117117064065285	-0.00556361322490731	-0.022167204262132	-0.0101547732947497
0.0524893195541882	0.0534840839411716	-0.032021508644105	-0.0311180958367104	0.016882744767695	0.00170722903546441	0.0209115572987863	0.00532593175928971	0.00350978546706265	0.0292830902600992	-0.0390813071303138	-0.0317445034750704	-0.0117117525070015	-0.00556817437776022	-0.0221823154383678	-0.0101660846744281
0.0525044447002643	0.0535012877994821	-0.0320320433006636	-0.0310961087050866	0.0168714278000805	0.00170673031216625	0.0209097621743097	0.00532029213476683	0.00348771731036512	0.0292935215398397	-0.0390734910046746	-0.0317359944453531	-0.0117447506667376	-0.00558431932217709	-0.022155276812497	-0.010173199514085
0.0524898350412947	0.0534967587772618	-0.0320519503230691	-0.0310711110728814	0.0168566840306442	0.00170307300797975	0.0209000922508648	0.00531786417652537	0.00348812802366948	0.029318228599367	-0.039082445672297	-0.0317276488627671	-0.0117368968225297	-0.0055694693819546	-0.0221661313783981	-0.0101650103937102
0.0524607554217583	0.0534894497568249	-0.0320777218844261	-0.0309907565515645	0.0168333041059439	0.00169652394685434	0.0208879105501366	0.00531370675205669	0.0034684137850599	0.0293493198759043	-0.0390932862683578	-0.0317093874875471	-0.0117453681336782	-0.00555693005331517	-0.0221672936691098	-0.0101586401465404
0.0524794596409153	0.0535189722202983	-0.0320841633777813	-0.0309182516835036	0.0168485438047104	0.00172186663411458	0.0208928684464536	0.00533082399735737	0.00342216383482978	0.0293582340309899	-0.039128494456827	-0.0317110680593333	-0.0117873489007174	-0.00557763195963287	-0.0221837040404921	-0.0101822701313818
0.0524331230776755	0.0535016035178725	-0.0321299187956654	-0.0308131104745699	0.016810969125297	0.0017075377689347	0.0208742703980828	0.00531978083861242	0.00341932376629993	0.0293913132157997	-0.0391278476532218	-0.031692495156675	-0.0117829917075326	-0.0055542310801722	-0.022193271984103	-0.0101640548566347
0.052401433891974	0.0534976975505289	-0.0321610044842666	-0.0307037378010139	0.0168007823177615	0.00171241603716207	0.0208676151661712	0.00532197689750515	0.00338951212713267	0.0294372963420804	-0.0391634930976919	-0.0316824089319895	-0.0117946090267133	-0.00553634409667184	-0.0222283362832172	-0.0101587966087516
0.0523666922961703	0.0534819549375123	-0.0321856430915765	-0.0306184952325815	0.0167825810128547	0.00169718751426786	0.0208504643932538	0.00530464731063214	0.00338190554909772	0.029466681901119	-0.0391702503094376	-0.0316625452160889	-0.011791062084265	-0.00552007901162851	-0.0222411508177103	-0.0101428891516196
0.0523817252413005	0.0534981054698653	-0.0321692913935234	-0.0305737344673257	0.0168116955569918	0.00172811254970581	0.0208660114285065	0.00533441005535841	0.00336164508973301	0.0294385089242171	-0.0391971939403944	-0.0316846608702434	-0.0118023818458476	-0.00554512274430666	-0.022279136210428	-0.0101686928436092
0.0523430301806963	0.0534629196331405	-0.0321884733812181	-0.030569424771598	0.0167886914209952	0.00169540775661561	0.0208531549844927	0.00530858959956045	0.00338542315488137	0.0294517369659826	-0.0391683196775102	-0.0316632297382629	-0.0117801460510666	-0.00551870717331257	-0.0222586438517146	-0.0101420090516816
0.0523605204207325	0.0534680940619819	-0.0321610366148992	-0.0306152346718591	0.0168163964082475	0.00170965699370586	0.0208681194774055	0.00531932961277122	0.00339741486578165	0.0294237861095412	-0.0391714824493507	-0.0316781718794312	-0.0117712835843901	-0.00553192823015788	-0.0222652934956901	-0.0101688870243892
0.0523856745151489	0.0534762831823567	-0.0321286405552793	-0.0306685352004808	0.0168418187235974	0.00172157885540472	0.0208820976995942	0.00532953039014701	0.00340151361692114	0.0293932173050305	-0.0391682330645005	-0.031698972971615	-0.0117743820949652	-0.00555214817698577	-0.0222641451748187	-0.0101766570495554
0.0523928633949594	0.0534704633468942	-0.0321177412858893	-0.0307346600424838	0.0168416091759931	0.00171133337454001	0.0208835198293352	0.00532122951104992	0.00342667329927364	0.0293658727396575	-0.0391396982687352	-0.0317026693913543	-0.0117579395929503	-0.00555461525078002	-0.0222384043471103	-0.0101678364923998
0.0524269344384294	0.0534824061633535	-0.0320904428209892	-0.0308158569451698	0.0168660466176029	0.00172153275493177	0.0208959767359169	0.00533243471994218	0.00343499513313116	0.0293448690847896	-0.0391414794233715	-0.0317209908368875	-0.01175753027663	-0.00556287841130834	-0.0222420854000253	-0.0101739315337159
0.052443948306912	0.0534703180605552	-0.0320536923621526	-0.0309542324041405	0.0168833734105078	0.00171585960279222	0.0209097496014535	0.00533190246902733	0.00348406140316265	0.029296481748996	-0.0391078582087586	-0.0317387115792884	-0.0117207351143044	-0.00556622698202455	-0.0222308829851011	-0.0101633549676365
0.0524575856649978	0.0534613578049967	-0.0320334612394525	-0.0310398367914363	0.0168805151811856	0.00170182550124234	0.0209118311076559	0.00532131053612358	0.00350554422355225	0.0292778878915772	-0.0390795357545657	-0.0317390217097427	-0.0117097129103199	-0.00556620183631204	-0.0221908482168136	-0.0101592394526886
0.0524704155663151	0.053468979749856	-0.0320302649399954	-0.0310759795622205	0.0168705239514141	0.00169393533544961	0.020907271351787	0.00530870415225078	0.00351385907248963	0.0292772173392436	-0.0390662811701037	-0.031737658253331	-0.0117105399248648	-0.00556823584505747	-0.0221652554694123	-0.0101566913538207
0.0525111907361377	0.0535036528934423	-0.0320075946831816	-0.0311047630211428	0.0168948482373176	0.00172239469407733	0.0209157482508717	0.00532989919393053	0.00349370338692705	0.0292707185695432	-0.0390901248935014	-0.031754103549314	-0.0117269628691033	-0.00558977733877628	-0.0221845394369411	-0.0101842901702869
0.0524938667372008	0.0534926767899307	-0.0320313336327772	-0.0310907275226089	0.0168706622528329	0.00170589770968529	0.0209031851735038	0.00531552562526174	0.00349620538532202	0.0292969134170608	-0.039076357615901	-0.031734122486755	-0.0117283053707546	-0.00557694883444296	-0.0221679111360504	-0.0101692264915081
0.0524930257528157	0.053501335296939	-0.0320548839895289	-0.0310366279191229	0.0168561643525856	0.00170901298406875	0.0208946104855371	0.00531671864962204	0.00346977165353556	0.0293192064881869	-0.0390872792370354	-0.0317194290087436	-0.0117516545618063	-0.00557524171996018	-0.0221593643877643	-0.0101753648393291
0.0524696849436682	0.053495540607189	-0.0320705581503282	-0.030980664738943	0.0168446699679995	0.00171282954443449	0.020890581583599	0.00531890353264254	0.00346927432722143	0.0293502698250437	-0.0391155150782186	-0.0317195910588909	-0.0117372656263132	-0.00555204619715169	-0.0222079626681462	-0.0101681508138062
0.0524711587618183	0.0535093302365339	-0.0320835906143297	-0.0309168519055071	0.0168459426204494	0.00172514395864534	0.0208880097360027	0.00533068150498646	0.00343243725537505	0.0293634783090327	-0.0391316767864438	-0.0317115458278711	-0.0117685594655346	-0.00556387166695257	-0.0222113838820319	-0.0101787022341731
0.0524166777816925	0.05349067910277	-0.0321370434142105	-0.0307996267847272	0.0168062808468975	0.0017136006796182	0.0208714373144731	0.00531967466782625	0.00341982109261406	0.029414497562736	-0.0391376321293571	-0.0316879521646145	-0.01176970918339	-0.00553540532340471	-0.0222220330912808	-0.0101632669576427
0.0523860307460762	0.0534861389046775	-0.0321661928829483	-0.0306809418156376	0.016793001116723	0.00171169798737144	0.0208616444564336	0.0053156709116007	0.00338537426044038	0.0294543255773873	-0.0391635629468933	-0.0316688665688177	-0.0117916390386688	-0.00552684739924639	-0.0222331447022432	-0.0101626886062549
0.0523595215771522	0.0534715655672926	-0.03218807524077	-0.0306034036141221	0.0167864520555975	0.00169515769647451	0.0208530166830738	0.0053026174928388	0.00337663472835835	0.0294742186299525	-0.039169486159174	-0.0316535779756103	-0.0117952600212705	-0.00552172884976612	-0.0222300154580194	-0.010157637112008
0.0523760674559852	0.0534862786030803	-0.032173496315449	-0.0305855613341107	0.0168148890624808	0.00172422055220253	0.0208686684921287	0.00532455014208557	0.00337420397614884	0.0294409648221391	-0.0391955427052728	-0.0316830766903551	-0.0117895100350094	-0.00553596132304804	-0.0222723440740817	-0.0101743506289244
0.0523571690560483	0.0534701294677114	-0.0321817999885142	-0.0305889923268845	0.0167975776364002	0.00170845139648931	0.0208520723218706	0.00530866922765007	0.00338675448066049	0.0294450440155022	-0.0391739844477456	-0.0316726943050557	-0.0117791947049433	-0.00551833697254503	-0.0222621405027378	-0.0101487243539064
0.0523488891317116	0.0534536911566485	-0.0321655153456945	-0.0306272682922802	0.0168013229505805	0.00169891977446315	0.0208573822581628	0.00530490435569338	0.00341553374863073	0.0294316678934297	-0.0391584821159818	-0.0316775097090017	-0.0117549528410975	-0.00551427873394236	-0.0222625526130262	-0.0101517516182961
0.0523947744691103	0.0534784093920481	-0.0321316999503016	-0.0306810717351522	0.0168337301860726	0.00171525610569192	0.0208734280167136	0.00531833496014296	0.0034082666377147	0.0293910743315308	-0.0391576802471495	-0.0316983443288021	-0.0117748039841418	-0.00554847969692704	-0.0222442269765409	-0.0101769671800097
0.052354651690829	0.0534340174305758	-0.0321377139665441	-0.0307472119439795	0.0168045150590855	0.0016725405250538	0.020869224491772	0.00528654938254349	0.00346383167744656	0.0293885695391678	-0.0391088654342431	-0.0316816713244225	-0.0117229940374785	-0.00551788155575175	-0.0222164898586559	-0.0101410716753986
0.0524385769033226	0.0534864043316429	-0.0320643387774335	-0.0308514884197996	0.0168881049954122	0.00173411399309206	0.0209125365845903	0.00534070207142258	0.00343716045837527	0.0293236544853335	-0.0391509370052441	-0.0317395008752645	-0.0117473853786153	-0.00556681511230053	-0.0222550745575219	-0.0101857136970119
0.0524524182210765	0.0534755022682848	-0.0320469211805667	-0.0309673095716309	0.0168806003972114	0.00171127609819485	0.0209119610271705	0.00532318389170574	0.0034749181426964	0.0292905124362424	-0.0390934203788245	-0.0317366342640381	-0.0117332087846945	-0.00556982700986589	-0.0222016930038265	-0.0101713582891355
0.0524915030402247	0.0534937329098562	-0.032020375690058	-0.031062402274448	0.0169028096492958	0.00172657866124256	0.0209289176193079	0.00533379258841784	0.00349031011272193	0.0292595021847787	-0.0390922441182726	-0.0317616765997322	-0.0117231365298494	-0.0055851686884664	-0.0221995779700074	-0.0101825648950118
0.0524630688273095	0.0534652539934521	-0.0320369858301563	-0.0311015653247017	0.0168668428984991	0.00169166244243531	0.0209054901971507	0.00530564894818055	0.0035209515604021	0.0292926470278379	-0.039058294612413	-0.0317331138642864	-0.0117011452072734	-0.00555756707803215	-0.0221650696705365	-0.0101578243078678
0.0524763373816117	0.0534817188472115	-0.0320328591393362	-0.0310909566279896	0.0168676168276509	0.00169447038033251	0.0209053700565243	0.00530378537148659	0.00349944080033192	0.0292976454366917	-0.0390632874333307	-0.0317286071938106	-0.01172218658071	-0.00557116532056515	-0.0221452967585977	-0.0101720260475011
0.0524957456807191	0.0535008589253853	-0.0320319357328934	-0.0310790361632748	0.0168780173737427	0.00171611385388539	0.0209091097827685	0.00532232195256018	0.00348254986644385	0.0293037544478481	-0.0390901248935014	-0.0317387479008732	-0.0117313885145054	-0.00557748387932586	-0.0221756881461368	-0.0101840666528424
0.052488723042008	0.0535030452053899	-0.0320550292758679	-0.0310293300745583	0.0168673737524299	0.00172563150607127	0.0209039199871027	0.00533177254951269	0.00346059626243666	0.0293239115303947	-0.039103115447982	-0.0317329629900113	-0.0117447143451529	-0.00557000023588541	-0.0221908244680851	-0.0101789969978031
0.0524493741928785	0.0534844387751149	-0.0320899077761063	-0.0309577472159561	0.0168328975835916	0.00170034190420412	0.0208845535975162	0.00531173560759253	0.00345193635844425	0.0293781941387885	-0.0391011135698692	-0.0316983946202272	-0.0117531060282118	-0.00554779238078504	-0.0221773784968112	-0.0101680320701637
0.0524614776625011	0.0535080980966208	-0.0320895836758117	-0.0308881327078501	0.0168515501143396	0.00173430537990395	0.0209023567619749	0.00533850182157776	0.00342078920254578	0.0293640566604205	-0.0391403520572605	-0.0317172483166752	-0.0117743513613166	-0.00556503675163231	-0.0222167063911803	-0.0101897244381576
0.0524293582057188	0.0535053264803083	-0.0321380869612797	-0.0307548492556631	0.0168222469773587	0.00172996914147962	0.0208839389245437	0.0053327797749972	0.0033776726874915	0.0294195113384141	-0.0391586134324805	-0.0316874087378274	-0.0118112540914123	-0.00555200568461486	-0.0222130183533452	-0.0101855670136889
0.052359953245217	0.0534662081335435	-0.0321856766191932	-0.0306554314902939	0.0167755513892235	0.00169062727727023	0.0208563093744289	0.00530240096031439	0.00338616355641646	0.0294736221177724	-0.039150636653678	-0.0316500841185551	-0.0117910509083928	-0.00551237883566366	-0.0222113224147347	-0.0101542550136751
0.0523766052948362	0.0534878446221762	-0.0321669235055951	-0.0306105491874277	0.0168146222385314	0.00172828996667742	0.0208756436333828	0.00533270992579578	0.00336144252704889	0.0294503539517944	-0.0391964577298114	-0.0316775991159796	-0.0118002821788528	-0.00552994730680553	-0.0222685205287958	-0.0101772326069752
0.0523521035919611	0.0534688190966927	-0.0321806069641539	-0.030588916889747	0.016802034015451	0.00171538881917462	0.0208720184598289	0.00532088166202684	0.00337198835947971	0.0294479357724411	-0.0391773958827431	-0.0316676791323935	-0.0117925303144789	-0.00552449767211052	-0.0222580417515983	-0.0101615011698307
0.0523594182003341	0.0534703446032518	-0.0321654692452215	-0.03060536218573	0.0168201221646514	0.00172435745663732	0.0208775896321344	0.0053284644913333	0.0033790570986637	0.0294246955461437	-0.0391806089460086	-0.0316832750620872	-0.0117836287322496	-0.00553180110461129	-0.0222705531405572	-0.0101633507766844
0.0523458213547851	0.0534477623564318	-0.0321522216456797	-0.030651704336906	0.0168135661186059	0.00170155169237276	0.0208713241587668	0.00530995026200417	0.00341505877406106	0.0294164407675196	-0.0391560737155168	-0.0316810245208173	-0.0117527456063325	-0.00551763708354677	-0.0222592724945274	-0.0101507960812206
0.052377578992704	0.0534580623196736	-0.0321256496124744	-0.0307186967059906	0.0168365618726983	0.00171761840568404	0.0208829652266759	0.00532438529797021	0.00342001667037805	0.0293794667912384	-0.0391450137929635	-0.0317008100056124	-0.0117575777740869	-0.00554225054514415	-0.0222411717724707	-0.0101654853682799
0.0523772702592337	0.0534463765482755	-0.0321183587528299	-0.0307544106026781	0.0168260160402675	0.0016972825091818	0.0208747886791573	0.00530740216313626	0.00343810342259447	0.0293681162960072	-0.0391166899417865	-0.0316922227447895	-0.0117533491034328	-0.00554074878731356	-0.0222048683485232	-0.0101547076365003
0.0524383436069898	0.0534738999276042	-0.0320612863673313	-0.0308837741176813	0.0168767405303407	0.00172317421116521	0.0209025132241861	0.00532973993775128	0.00345009233952669	0.0293158439476304	-0.0391243929117194	-0.0317294970726367	-0.0117445341342132	-0.0055675401470113	-0.0222228531209055	-0.0101764698536956
0.0524529169443747	0.0534634169594546	-0.0320381076083312	-0.0310015454592163	0.016879601553631	0.00171345120232715	0.0209025802794195	0.00532124627485827	0.00349526521507087	0.029284551505393	-0.0390865290566121	-0.031740360020442	-0.0117145157414097	-0.00556548378652141	-0.0222029377165959	-0.0101635505454004
0.0524679778291855	0.0534662514400484	-0.0320244772351655	-0.0310685378283009	0.0168800667493125	0.00170750144734996	0.0209067111611916	0.00531737523211541	0.00350516284691248	0.0292718515235903	-0.0390696576805005	-0.0317394701416159	-0.0117123518131497	-0.00557038300950921	-0.0221750022269788	-0.0101630182944856
0.0524956464948531	0.0534881086521576	-0.0320204120116427	-0.0310886348405343	0.0168848472286579	0.00171523235696344	0.0209066860154791	0.00532772129583016	0.0034894691283368	0.0292747768081459	-0.0390784894135284	-0.0317398082117508	-0.0117305936305933	-0.00558388625712827	-0.0221659749161869	-0.0101746886990593
0.0524918355224234	0.0534854823221841	-0.0320221666235824	-0.0311100366358503	0.0168797622067943	0.00171908803288198	0.0209100946565085	0.00533463916073908	0.00350387482763825	0.0292838627922669	-0.0390828815313138	-0.031752828102896	-0.0117134163149794	-0.00557236393286156	-0.0221862144207912	-0.010168731959162
0.0524774577628026	0.0534781006585778	-0.0320445686594628	-0.0310779451187486	0.0168595282901261	0.00171023115414156	0.0209013048330015	0.00532187072671899	0.00349059230349568	0.0293152614052905	-0.0390817918837717	-0.0317273303504086	-0.0117281293507671	-0.00556146186950349	-0.0221705961393531	-0.0101625237621395
0.0524538850543064	0.0534793160346825	-0.0320690130859927	-0.0310005326457957	0.0168414541107659	0.00170936781801197	0.0208930654212016	0.00531832518125476	0.00346947828688958	0.0293432988747417	-0.0390996648974317	-0.0317113628229633	-0.011738335716079	-0.00555023291188275	-0.0221792155308086	-0.0101598331709007
0.0524805073789367	0.0535133144349831	-0.0320732361687107	-0.0309357782451246	0.0168600521591368	0.00174341092180143	0.0208933126873747	0.00534528278205189	0.00342030584607194	0.0293549231788424	-0.0391396284195338	-0.031722246725529	-0.0117792380114481	-0.00556735295115149	-0.0222069079452047	-0.0101867209224964
0.0524184128358558	0.0534797407178272	-0.0321212491127848	-0.0308492560393221	0.0168098487441061	0.00171341348375838	0.0208725018163028	0.00532250495746791	0.00343360373703882	0.0293959595846784	-0.0391258611419333	-0.0316927661715765	-0.0117617826960126	-0.00553476550471968	-0.022205300016588	-0.0101550051940984
0.0523936666607757	0.0534863763919623	-0.0321570594013702	-0.0307093592647444	0.0167952726127532	0.00171750105902565	0.0208629324757078	0.00532786658216912	0.00338125315755643	0.0294435660064001	-0.0391631913491418	-0.0316736582240353	-0.0118002975456771	-0.00553197433063082	-0.0222132376798377	-0.0101596571509131
0.0523728180711351	0.053479832918773	-0.0321770362729771	-0.0306313684404038	0.0167896679128311	0.00171643376322791	0.0208546008629621	0.00532364769040318	0.00336952407965351	0.0294650739725022	-0.0391807318806031	-0.0316649578075061	-0.0117960451262945	-0.00552009996638894	-0.0222405459236259	-0.0101608138536887
0.0523638019362154	0.0534802045165246	-0.0321733342653017	-0.0306007549324042	0.0168009695136213	0.001721298061615	0.02085881696076	0.00532607564864464	0.0033672358198149	0.0294564601689828	-0.0391894350911004	-0.0316729234104363	-0.0117914266970964	-0.00552249998494983	-0.0222638895267415	-0.0101605987181483
0.0523545455200428	0.0534703669549962	-0.0321790591058504	-0.030588128990755	0.016799089173119	0.00171740606411172	0.0208589482772587	0.00532323418313076	0.00336873059272534	0.0294517188051902	-0.0391783961233075	-0.0316708698439145	-0.0117925247265428	-0.00552370977311847	-0.0222524035240595	-0.0101589474830267
0.0523675779840443	0.053473497596204	-0.0321590305458344	-0.0306081771085473	0.0168208835209469	0.0017296338653128	0.0208697902703035	0.00533041049008494	0.00337333644906717	0.0294212100709927	-0.0391802946246022	-0.0316874310895718	-0.0117902434516243	-0.00553539833848457	-0.0222631533161585	-0.0101626117721333
0.0523588649946588	0.0534553968741473	-0.0321457494186758	-0.0306513341361385	0.016811656441439	0.00170355357048554	0.0208672687141322	0.00530772766041489	0.0034051248206347	0.029413122930452	-0.0391522389943587	-0.0316826883287952	-0.0117701450424069	-0.00553092379864142	-0.0222390986481725	-0.0101505376391754
0.0523778122890368	0.0534583626712397	-0.0321222647201734	-0.030717926967791	0.016829083817194	0.00170900041121249	0.0208751965984936	0.00531480617848708	0.00342306628651217	0.0293769955264921	-0.0391399972233173	-0.0316980733139006	-0.0117595573004552	-0.00554443123721257	-0.0222236158741851	-0.0101584571416327
0.0524337684842966	0.0534904248516768	-0.0320811277314875	-0.0307973999921858	0.0168769933844499	0.00174477298122918	0.0208982957294042	0.00534382852167827	0.00341592350717467	0.0293343358252151	-0.0391574441568487	-0.0317341616023077	-0.0117681976466713	-0.00557068475805936	-0.022251054037488	-0.0101782733600764
0.0524246461785908	0.0534553521706584	-0.0320673618508711	-0.0309255453371162	0.0168597126920179	0.0017015195617401	0.0208880111329867	0.00531219800930595	0.00348060666166027	0.0293150658275265	-0.0390903693657064	-0.0317213568467029	-0.0117221334953169	-0.00555479546171969	-0.0222053475140449	-0.0101502023630085
