0.0525885096111607	0.0535076803983963	-0.0321700653226751	-0.0311017860481782	0.016895165352692	0.00177919466769036	0.0208420587403546	0.00537036004234672	0.00348478923184147	0.0293149568627723	-0.0390546708358432	-0.0316563998833477	-0.0116886924916437	-0.00558418521171036	-0.0222490647322315	-0.0102778503816247
0.052561328492919	0.0534933738849609	-0.0321993251531512	-0.0310734230814484	0.0168675371995613	0.00175876377627418	0.0208275287094746	0.00535804283416782	0.00348346908193458	0.0293517240854173	-0.0390504254013807	-0.0316323284515534	-0.0116848493885814	-0.00556279598925066	-0.0222346939575307	-0.0102639266418131
0.0525728438322656	0.0535172720907357	-0.0322070546657806	-0.0310134491601228	0.0168769961784179	0.00178757936582915	0.020830885662095	0.00538082345271986	0.00345260551379389	0.0293560421630492	-0.0390873909957577	-0.031644237740396	-0.0117061240583508	-0.00557039139141338	-0.0222705196129405	-0.0102758806341446
0.0525279238108306	0.0534963354911012	-0.0322354790998076	-0.0309546794390296	0.0168499128490582	0.00176425112953795	0.0208117595537614	0.00536062446065241	0.00345026556554622	0.0294113697154963	-0.0390859982026813	-0.0316179451039964	-0.011699210384394	-0.00554508223176983	-0.0222792745118468	-0.0102547736024587
0.0525119297406888	0.0535068952933723	-0.032266672356179	-0.0308463978099999	0.0168353045870727	0.00177313455097491	0.020804817940124	0.00536532810587622	0.00342050282081995	0.029423382381157	-0.0391014334792118	-0.0316083687784813	-0.011726603844208	-0.00554929693258369	-0.0222752861224456	-0.0102672360969765
0.0524713026511732	0.0534964654106159	-0.0323063606724275	-0.0307359494587421	0.016808960262264	0.00176578920895329	0.0207886213072981	0.00535702163884302	0.00339865119664683	0.0294818405748118	-0.0391288283360098	-0.0315865674457332	-0.0117343738693743	-0.00552215353291077	-0.0223021892408656	-0.0102522296945428
0.0524482328569273	0.0534927075235793	-0.0323271282369945	-0.0306418290568088	0.016802676628104	0.00176536173184058	0.0207852657516617	0.00535733176929733	0.00337289919306626	0.0295053741677551	-0.0391484112581207	-0.0315731815447726	-0.0117460666256924	-0.00551670250123173	-0.0223224874187991	-0.0102540429798118
0.0524448842862111	0.0534917282377754	-0.0323259170518419	-0.0305990436269693	0.0168093639906483	0.00177111032111768	0.0207842417623689	0.00536048755621762	0.00336791894500481	0.0294986728353706	-0.0391574371719286	-0.0315739596648764	-0.0117523656266768	-0.00552096749347061	-0.0223406775478336	-0.0102580397511172
0.0524343174990198	0.0534841342325967	-0.0323240339173715	-0.0305923325156966	0.0168179079449663	0.0017770614730789	0.0207884047747737	0.00537012674601397	0.00337346776556584	0.029485289728378	-0.0391596444066935	-0.0315819783531998	-0.0117440675415477	-0.00551973255958945	-0.0223563405327607	-0.010252580337534
0.0524567321077564	0.0534986586755405	-0.0323076542796378	-0.030601433866642	0.0168374615304126	0.0017892166311105	0.0207940555751688	0.00537823623829916	0.00336599809196569	0.0294523167143544	-0.039160944998824	-0.0315966229367701	-0.0117576839448731	-0.00553755109087242	-0.0223538636800782	-0.0102569207669104
0.0524403804097033	0.0534735674454054	-0.0323007154599685	-0.0306531907279123	0.0168275918382516	0.0017609738050072	0.0207894161912103	0.00535609543843215	0.00340199417942693	0.0294512089060198	-0.0391258653328854	-0.0315872701286996	-0.0117258452818805	-0.00552971820142486	-0.0223285740782111	-0.0102500490024744
0.0524708165007313	0.0534854068850466	-0.0322713299009299	-0.0307288360160692	0.0168543398914444	0.00177822236680655	0.0208061730146316	0.00536918657576282	0.00341562175862452	0.0294049338100772	-0.0391196361811025	-0.031613406302888	-0.0117139611387505	-0.00554812067203172	-0.0223314867899104	-0.0102579238014428
0.0524559162690838	0.0534563579991589	-0.0322654653619785	-0.0308049353240353	0.016839640825497	0.00174901701870763	0.0208062037482803	0.005350933582447	0.00345552800438142	0.0294101501484394	-0.0390902352552396	-0.0316050383685575	-0.0116812298029637	-0.00552766044395094	-0.0223127252944082	-0.0102364577448616
0.0525345916155984	0.0534925650312084	-0.032204224376139	-0.0309252128549174	0.0168995630584136	0.00178611812053539	0.0208378733762054	0.00538090447779351	0.00345599459704692	0.0293354478245017	-0.0390983964359339	-0.0316471294973349	-0.0116884075069019	-0.00557350666579684	-0.0223161926087669	-0.0102699881555126
0.0525298348849815	0.0534659482945142	-0.0321990792839622	-0.031024159836669	0.0168772602083993	0.00174843727033583	0.0208248241483956	0.0053499962061639	0.00349672366639658	0.0293300428932956	-0.0390434963605996	-0.0316323060998089	-0.0116607765598031	-0.00555794566070386	-0.0222618960305328	-0.0102434077404031
0.0525596465241488	0.0534872215672996	-0.0321776942524546	-0.0310743897943961	0.0168924314549484	0.00176877176985404	0.0208343851070863	0.00536545802539086	0.00349687454067165	0.0293088254998714	-0.0390495369195386	-0.0316522717955436	-0.0116660795111751	-0.00557348571103641	-0.0222589511882009	-0.0102612053169257
0.0525650891739236	0.0534927536240522	-0.0321777277800712	-0.0311035252932936	0.0168843289475833	0.00176306089914571	0.0208286965881224	0.00536352459949548	0.00349670690258824	0.0293201690101825	-0.0390460165197869	-0.0316426270178112	-0.0116687281928931	-0.00556844539266174	-0.0222513851227027	-0.0102558744258731
0.0525691404276062	0.0535086289505516	-0.0321810749538034	-0.0311025362286015	0.01688554152972	0.00178188665591319	0.0208334407458831	0.00537484017012598	0.00348895643519836	0.0293285341505449	-0.0390572315075674	-0.0316492598979783	-0.0116846593987536	-0.00556991501985968	-0.0222651705610955	-0.010261121497884
0.0525524702171946	0.0535069120571807	-0.0322010308706499	-0.031062455359841	0.0168679325460413	0.00177697346308511	0.0208259571024426	0.00537482200933361	0.00347244268699797	0.0293567462429996	-0.0390616753137619	-0.0316311731457619	-0.0116999661527534	-0.00556271356719298	-0.0222572762043507	-0.0102579657109637
0.052539678034446	0.0535126941740744	-0.0322234566552587	-0.0309755364105745	0.016850737069635	0.00177877696946585	0.0208182611174299	0.00537606672210297	0.00344559125698701	0.0293842989589928	-0.0390816424064806	-0.0316199819067099	-0.011721989605962	-0.00555527742120951	-0.022272460023756	-0.0102557598731828
0.0525213971014496	0.05350746665984	-0.0322490019052031	-0.0309226270374807	0.0168376640930967	0.00176780505690635	0.0208061269141587	0.00536554184443257	0.00343862030668501	0.0294199751371116	-0.0390865793480372	-0.0316031929526559	-0.0117242890416728	-0.00554738446144873	-0.0222721890088545	-0.0102593333583276
0.0524911957037384	0.0535032156374414	-0.0322840089279722	-0.0308122583143125	0.0168138105908108	0.00177037131656662	0.0207968467492577	0.00536859984247087	0.00342140527250234	0.0294478659232397	-0.0391087564694889	-0.0315974303935385	-0.0117316469565507	-0.00553330705339397	-0.022297741243719	-0.010248161677052
0.0524818023831311	0.0535140282938216	-0.0323101213534321	-0.0307013098427725	0.016817940075599	0.00178735305441654	0.0207999033503119	0.00538339110936416	0.00337367871015414	0.0294842936787657	-0.0391492410666336	-0.0315889199668372	-0.0117704551728612	-0.00553646423729828	-0.0223272064308472	-0.0102586725848821
0.0524207667539438	0.0534725727927772	-0.0323423455840165	-0.0306295537581508	0.0167836818362691	0.00175182076565275	0.0207805537245338	0.00535454199219251	0.00338521919521322	0.0295281994897961	-0.0391375664711078	-0.0315561453245455	-0.0117501751557201	-0.0055038684089623	-0.0223216785650466	-0.0102360232828287
0.0524433517947318	0.0534969236213772	-0.0323324339823346	-0.0305808395280945	0.0168095525834921	0.00177476343435209	0.0207895042012041	0.00537167320733347	0.00335469649117547	0.0294990178904257	-0.039159126125619	-0.031573301685399	-0.0117699690224193	-0.00553331822926619	-0.022332889361875	-0.0102576052890843
0.0524299924364677	0.053483608966602	-0.032332650514859	-0.0305943553485698	0.0168155498359263	0.00177349636983828	0.0207967755030722	0.00537295424168757	0.00337598233681707	0.0294830880815492	-0.039158046256965	-0.0315825259709389	-0.011746827981988	-0.00551768737497179	-0.0223549435487322	-0.0102444107749356
0.0524219094868791	0.0534696251564771	-0.0323218685921274	-0.0306218619640901	0.0168184862963541	0.00176574869641646	0.0207995555012888	0.00536826875725612	0.00339208397472906	0.0294646115707888	-0.0391417881568418	-0.0315829422721794	-0.0117309945650094	-0.00551817073144564	-0.0223445416056563	-0.0102381215528395
0.0524515912065317	0.053481157259632	-0.0322936173841199	-0.0306773403908122	0.0168428483008263	0.0017706646832126	0.0208071089939307	0.00536820030503873	0.0033972011272253	0.029433496545523	-0.0391342346641999	-0.0315975170065483	-0.0117260338747244	-0.00553967450659567	-0.0223261698686981	-0.0102576807262219
0.0524691694565617	0.0534796471198973	-0.0322801518550696	-0.0307402954760546	0.016852111701919	0.00176859574986645	0.0208107844589096	0.00536693603449297	0.00341828860113485	0.029395106027437	-0.039115337661247	-0.0316107171086332	-0.011698620857134	-0.00554871718421188	-0.0223094633367018	-0.0102573356711669
0.0524945861839755	0.0534806333906214	-0.0322402959007378	-0.0308464634682493	0.0168770813944437	0.00177691339277189	0.020821605497194	0.00537406903494227	0.00344158191282534	0.0293762663008292	-0.0391105068904766	-0.03162754517824	-0.0116790155832786	-0.00555255889029013	-0.022323318624296	-0.0102630325720349
0.0525134273075673	0.0534730100487781	-0.0322128046520418	-0.0309623586602341	0.0168830702649737	0.00176410444621497	0.0208279072921464	0.00536640098961007	0.00348590402509618	0.0293319413945903	-0.0390658271502944	-0.031638051895118	-0.0116679305150128	-0.00556167979901193	-0.0222847632620947	-0.0102523498351693
0.0525306241809576	0.0534714761603148	-0.0321923891274499	-0.0310451858432813	0.0168826539637332	0.00175754141524928	0.0208331012787642	0.00535621697604262	0.00350732537818853	0.0293146048227972	-0.0390453892739581	-0.031647967687752	-0.0116628259353728	-0.00555851982113956	-0.0222618890456127	-0.010239377441481
0.0525779428239695	0.0534954595821154	-0.0321723619644179	-0.0310976677392623	0.016902234091876	0.00177899908992637	0.0208418184591017	0.0053763335460524	0.00349909993622898	0.0293019760871799	-0.0390533241432398	-0.0316611775687251	-0.0116749182291231	-0.00558134095222843	-0.0222624478392241	-0.0102706251802296
0.0525789416675498	0.0534908704895819	-0.0321766604842735	-0.0311203617448046	0.0168874302521265	0.00176721273567828	0.0208322449275547	0.00536541890983807	0.00350414444555574	0.0293194928699127	-0.0390425575873324	-0.0316497404604841	-0.0116714830453972	-0.00557229548064417	-0.0222536258850844	-0.0102590316097774
0.0525822273739847	0.0535045274054441	-0.0321887304262794	-0.0311010274858508	0.0168852397811699	0.00177575110206021	0.0208331166455885	0.00537006807268477	0.00348212797726726	0.0293372625067547	-0.0390561027444724	-0.0316463653470713	-0.0116915772636625	-0.0055730777917001	-0.0222482614664151	-0.0102651783395026
0.0525592735294132	0.0534949399040568	-0.0322153723086861	-0.0310533274661991	0.0168642081866214	0.00177132685364209	0.0208195728854326	0.00536403449866587	0.00347450742939203	0.0293663435232751	-0.0390585153358895	-0.031628281388823	-0.0116941686690353	-0.00555899479570923	-0.0222486624008313	-0.0102568844453257
0.0525597512979509	0.0535167412368049	-0.0322188731506614	-0.0309762279176686	0.0168734925424746	0.00179650329980293	0.0208212576481709	0.00538507587210248	0.00343379093289863	0.0293842780042324	-0.0390963484573482	-0.0316337715360548	-0.0117237763485344	-0.00556508844004136	-0.0222816675454876	-0.0102751374386415
0.0524997899494815	0.053483020836326	-0.0322607966413554	-0.0309069738314419	0.0168274786825453	0.00175989952428931	0.0208007024251762	0.00535363534955803	0.00344374584108541	0.0294284981366692	-0.0390792186391912	-0.0315970839414995	-0.0117099098850679	-0.00553439111300005	-0.0222616320005515	-0.0102467646930235
0.0524996390752064	0.0535151011775555	-0.0322821369693741	-0.0307716060790844	0.0168401577095875	0.00179763485686598	0.0208085087719272	0.00538535806287623	0.00338360288469229	0.0294436805590904	-0.039136299406594	-0.0316055496647119	-0.0117557700767541	-0.00554797538569277	-0.0223014795729792	-0.0102728659426112
0.0524905502971173	0.0535250113822533	-0.0323009264045568	-0.0306775415565123	0.0168418871758148	0.00181753629133538	0.0208067737177639	0.00540170556997723	0.00335634213836099	0.0294671359209282	-0.0391723220367518	-0.0316094081345985	-0.0117763700032377	-0.00554490481479821	-0.02234599586603	-0.0102794736770658
0.0524065719992306	0.0534649941544228	-0.0323549757166178	-0.030613216029938	0.0167755220525589	0.0017443762377651	0.0207743832460801	0.00534099543806856	0.00338843644943076	0.0295269463951226	-0.0391271743069201	-0.031550916413327	-0.011748254302681	-0.00549146458777363	-0.0223036421042552	-0.0102325825111666
0.0524497304238058	0.0535038610440625	-0.0323263012224497	-0.0305790653583783	0.0168257659801264	0.00179578245604425	0.0208022083739589	0.00538182928122035	0.00335539777715775	0.0294746628708736	-0.039170271264198	-0.0315915099752259	-0.011772307573683	-0.00553485211772944	-0.0223443921283653	-0.0102705385672198
0.0524302816121616	0.0534821100027394	-0.0323228841995161	-0.030607276053849	0.0168260761105807	0.0017886271038505	0.020800104516012	0.0053780713941838	0.00337765732066719	0.0294683345332246	-0.0391581370609268	-0.0315932562052615	-0.0117414873120472	-0.00551726408881117	-0.0223629245184868	-0.0102480331545214
0.0524006194502854	0.0534471951809162	-0.0323253219366457	-0.0306325349220675	0.0168031194720411	0.00174857138080256	0.0207914976974127	0.00534536939506166	0.00341006595314335	0.0294717976566312	-0.0391199616783812	-0.0315721799072242	-0.0117203439587765	-0.00550155220944312	-0.0223207481736837	-0.0102255934000723
0.0524767802255488	0.0534929799354649	-0.0322713787953709	-0.0307017945962303	0.0168637234331636	0.00180007818193175	0.0208249219372775	0.00538849429202012	0.00339089653830487	0.0294081929738156	-0.0391459036717896	-0.031620428941599	-0.0117420391207384	-0.00555165643860774	-0.022340498733878	-0.0102723672193131
0.052451412392576	0.0534584925907543	-0.0322789769915017	-0.0307745257757039	0.0168403002019584	0.0017639144563871	0.0208141050899452	0.0053584102409673	0.00344139052601344	0.0294080379085884	-0.0390972648788708	-0.0316082011403979	-0.0117030786331688	-0.0055240059337325	-0.0223132282086585	-0.0102367818451562
0.0524995538591807	0.0534729499784648	-0.0322334283272539	-0.0308902672994455	0.0168838148574608	0.0017781706783975	0.020835402111459	0.00537210766936632	0.00345052819854357	0.0293673758944721	-0.0390976266977342	-0.0316308029449943	-0.0116963996525287	-0.00554718888368474	-0.0223116677774987	-0.0102525216642048
0.0525193924293688	0.0534655417721619	-0.032201229242382	-0.0310036004227222	0.0168898176978311	0.00176948842266064	0.0208434836640637	0.00536608527121964	0.00348809170208474	0.0293235343447071	-0.0390619854442162	-0.0316447602124226	-0.0116742588526617	-0.00555128903180826	-0.0222837378758178	-0.0102445742220669
0.0525573428974858	0.0534849626441255	-0.0321838200274193	-0.0310615165865739	0.0168961180957995	0.00177451477119503	0.0208473253701419	0.00536574720108476	0.00348656898949373	0.0293039514225961	-0.0390475043077772	-0.0316512226605383	-0.0116906454753155	-0.00557493997141004	-0.0222466814774789	-0.0102602008854092
0.0525639897474932	0.0534859768545302	-0.0321744239128439	-0.0311109949668938	0.0168990992597162	0.001779373481646	0.0208443162665446	0.00536778959173436	0.00349945197620415	0.0293125652261156	-0.0390519662747641	-0.0316618537089948	-0.0116714369449242	-0.00556259342656654	-0.0222621852062267	-0.0102571079627702
0.0525532497342825	0.0534838199111903	-0.0321929423331252	-0.0310941752791912	0.0168642193624937	0.00175003681704841	0.0208222886223839	0.00534055399111557	0.00349809969566461	0.0293397784749899	-0.039029625706181	-0.0316341710734869	-0.0116847474087474	-0.00555095934357755	-0.022220666840901	-0.0102447586239587
0.0525602025237921	0.0534950642356353	-0.0321987970931884	-0.0310765607075764	0.0168675288176571	0.0017652597520065	0.0208248157664914	0.00535003252774864	0.00349000976115581	0.029357258936138	-0.0390538312484421	-0.0316334544206803	-0.0116863106338752	-0.00555500361233993	-0.0222402455720598	-0.0102659690324627
0.0525652582089911	0.0535136427262298	-0.0322069289372181	-0.0310248792834436	0.0168780830319921	0.00179085669035991	0.0208281727191118	0.00537482480330167	0.00345552521041336	0.0293621358073814	-0.0390807609095586	-0.0316429720728662	-0.0117083005594671	-0.00555917919760099	-0.0222749536402468	-0.0102705245973795
0.052528535689835	0.0534969026666168	-0.0322478088808428	-0.030950625391379	0.0168370913296451	0.00176043736314027	0.0208039224733618	0.00535169214477445	0.00344267435433559	0.029417100143981	-0.0390739198787713	-0.0316025810736514	-0.0117254205987359	-0.00553946356200738	-0.0222460514376821	-0.0102524853426201
0.0525194916152348	0.0535067234643368	-0.0322612115456118	-0.0308701283776913	0.0168378596708607	0.0017836692075335	0.0208043555384106	0.00537063245423227	0.00342708121860996	0.0294205730462757	-0.0391062321193495	-0.0316147767442199	-0.0117251886993872	-0.00554318792142725	-0.022288757239432	-0.0102609035683755
0.0524672262517782	0.0534903550024754	-0.0323074866415544	-0.0307399364511593	0.0168029169093569	0.00176459618459298	0.020783561431147	0.00535426399237084	0.00339399365189596	0.029488627123222	-0.0391158727061299	-0.031575265844943	-0.0117483073880741	-0.00551912207756902	-0.0222911782127533	-0.0102483712246563
0.0524613519339385	0.0535032561499782	-0.0323204017588975	-0.0306435515381159	0.0168120853155357	0.00178344289612089	0.0207872089564453	0.00536794745092958	0.00335854797614192	0.0294991366340681	-0.0391544476261077	-0.0315760663167913	-0.0117703196654105	-0.00552437054656393	-0.0223219076704273	-0.0102619121908441
0.0524580732124237	0.0535030172657093	-0.0323207971053776	-0.0306108215993132	0.0168264197686517	0.00178812139563219	0.0207980341856818	0.00537702924409857	0.0033557386412607	0.0294879677467606	-0.0391654824029484	-0.0315850447331422	-0.0117679210438336	-0.00552773867505654	-0.0223512708777214	-0.0102653250228256
0.0524106581775139	0.0534595584895681	-0.0323389090033065	-0.0306113203226114	0.0168028093415868	0.00175787250046402	0.0207895111861242	0.00535420112808956	0.00339495896785962	0.0294988237096457	-0.03914101422769	-0.0315740770115348	-0.0117249903276551	-0.00549891190962933	-0.0223469863277061	-0.0102321843707185
0.0524400577063927	0.0534777597944748	-0.0323192548350101	-0.0306036690410875	0.0168240504837394	0.00177453153500337	0.0208006493397831	0.00536723918002715	0.00337654811534859	0.0294638725662378	-0.0391465057719059	-0.0315854917680313	-0.011753459465171	-0.00553028677392444	-0.0223315789908563	-0.0102544620750203
0.0524497318207898	0.0534772191616558	-0.032298874235019	-0.0306521541657632	0.0168366973801491	0.0017758684487186	0.0208088482390461	0.00537280057344443	0.00339782278511796	0.0294315701045477	-0.0391408996749997	-0.0316033997062921	-0.0117371692344152	-0.00553261554629988	-0.0223397415685346	-0.0102457043821459
0.0524457057128198	0.0534547528645102	-0.0322820238136678	-0.0307401110741628	0.0168378568768927	0.00176301340168874	0.0208115053026682	0.0053674333608071	0.00343780726198045	0.0294112048713809	-0.039105273788306	-0.031608990436374	-0.0117016774581882	-0.00552819269486578	-0.0223233381820724	-0.0102396722051111
0.0524629878022358	0.0534556958287294	-0.0322592208433713	-0.0307998977996287	0.016857999989599	0.00176815849386555	0.0208248981885491	0.00537251139775054	0.00344223709833468	0.0293877173789105	-0.0391011792281186	-0.0316194021583381	-0.0117027237992255	-0.00553766564356275	-0.0223110405316699	-0.0102410761740597
0.0524909596134376	0.0534527551773495	-0.032217972095963	-0.0309167205890084	0.0168789533530418	0.00176503902853	0.0208367320402541	0.00536715675796947	0.00347184058688171	0.0293451694363558	-0.0390752861291511	-0.031633831606368	-0.011682128063694	-0.00555294445788199	-0.0222850133222357	-0.0102447097295177
0.0525372584581087	0.0534724330943743	-0.0321843019869092	-0.0310178538507645	0.0169085330928604	0.00178047011410834	0.0208487656606752	0.00537691050045615	0.00348376244858056	0.0293008543090051	-0.039065264165731	-0.0316568231695084	-0.0116817620538786	-0.00557463961984392	-0.0222704316029467	-0.0102579112285866
0.0525476156976957	0.053474184912346	-0.0321799573665806	-0.0310754012108327	0.01690154537875	0.00177015199007416	0.0208408391732978	0.00536755350143355	0.00349807594693612	0.0292993204205418	-0.0390395065742143	-0.0316526126596466	-0.0116810607678963	-0.00557592763911816	-0.0222398236828832	-0.0102549971199032
0.0525445786544178	0.0534690915085782	-0.03217452309871	-0.0311171514755072	0.0168923839574914	0.00176380688861691	0.020839031475965	0.0053637117953553	0.00351280854050023	0.0293135389239834	-0.0390414036785249	-0.0316510228918222	-0.0116580580288837	-0.00555817756005259	-0.0222549753716559	-0.0102436396397519
0.0525586155499358	0.0534856765029641	-0.0321756853894216	-0.0311015276061329	0.0168837338323872	0.00177379811838843	0.0208395008625985	0.00537030555996961	0.00349296019142391	0.0293216302554763	-0.0390476174634835	-0.0316457925836197	-0.0116860871164307	-0.00556870523169103	-0.0222434418715169	-0.0102573636108474
0.0525704689594172	0.0535081693428063	-0.0321970243204563	-0.0310547831235568	0.0168786222678271	0.00178086825455645	0.0208315953299815	0.00537435821063616	0.00345999835327248	0.0293415749964505	-0.0390626532025818	-0.0316336709532047	-0.0117179984225927	-0.00557475556951828	-0.0222365058458156	-0.0102682642772215
0.0525482415465404	0.0535018340202372	-0.0322203916723003	-0.030994510247649	0.0168613122387305	0.00177895857738955	0.0208193367951318	0.00537137564973541	0.00345460180397055	0.0293743328749338	-0.0390790244584113	-0.0316284727756349	-0.0117118391200112	-0.00555415704001869	-0.0222652599680734	-0.0102563382245705
0.0525207461068924	0.0534942316331544	-0.0322379405856658	-0.0309406453374798	0.0168564814679601	0.00177491011767508	0.0208180152482409	0.00536768481793223	0.00344083033541803	0.0294046613981916	-0.0390945617147758	-0.0316194007613541	-0.0117127806872464	-0.00554235811291434	-0.0222834123785391	-0.0102464615474894
0.052492549381262	0.0534948239543824	-0.0322733569247552	-0.0308308200410986	0.0168364654808003	0.00177954810464956	0.0208220273863706	0.00537558615959718	0.00341171718826499	0.029427113725497	-0.0391075145506876	-0.0316036986608742	-0.0117378705203975	-0.0055448056289322	-0.0222850105282677	-0.010256754525811
0.0524529253262788	0.0534791609694554	-0.0323149926367393	-0.0307104950127596	0.0168077267253669	0.00176430980286715	0.0208060961805101	0.00536334299157178	0.0033832690055095	0.029483423357716	-0.0391279608089281	-0.0315759769098135	-0.0117513430343679	-0.00552390115993037	-0.0222956220189478	-0.010239962777789
0.0524825427846662	0.0535095830906431	-0.0323149688880108	-0.0306277921612909	0.0168320691720628	0.00179879994154572	0.0208134289496754	0.00538804306617893	0.00334048916360606	0.0294739252633065	-0.0391700924502423	-0.0315920464170929	-0.0117881326087573	-0.00554629621089055	-0.0223306234537808	-0.010268929241619
0.0524481266861411	0.0534798161549647	-0.0323259603583467	-0.0306092793289458	0.0168161379662023	0.00178087943042867	0.0208039126944736	0.00537649280223165	0.00336445582159827	0.0294840561914809	-0.0391566534638886	-0.0315839271459195	-0.0117601649885076	-0.00552320127093211	-0.0223460629212633	-0.0102486282697175
0.052421561637856	0.0534570285514925	-0.0323333252581448	-0.0306007744901806	0.0168084601419819	0.00177047469338473	0.0207996323354104	0.00536546221634295	0.00337716278832111	0.0294824803934968	-0.0391448182151995	-0.031575019975754	-0.011748597960752	-0.00551006962106462	-0.0223368204749311	-0.0102328367622598
0.0524440670505544	0.0534748177461109	-0.0323139267379256	-0.0306092038918083	0.0168336924675038	0.00178517934726826	0.0208047033874337	0.00537272373932287	0.00336989567740508	0.0294530180003366	-0.0391495148755032	-0.0315883891129064	-0.011764895176428	-0.00553535223801162	-0.0223277931641392	-0.0102490222192135
0.0524633202844346	0.0534844597298753	-0.0322842799428737	-0.0306717580426345	0.016852699832195	0.00178972513329686	0.0208110373130187	0.00537695660092909	0.00338581850136143	0.0294232091551374	-0.0391393811533607	-0.0316068432719223	-0.0117533756461293	-0.00554739144636886	-0.0223299305497027	-0.0102542664972563
0.0524491297206735	0.0534610825991431	-0.0322714472475883	-0.0307509027757827	0.016849260457517	0.00177401465091284	0.0208145493308663	0.00536991859539373	0.00342786492664992	0.0294012401843059	-0.0391095611322893	-0.0316118696204567	-0.0117136985057531	-0.00553589985575078	-0.0223156673427722	-0.0102380139850693
0.0524904580961714	0.0534756112330391	-0.0322435299187636	-0.0308206402184832	0.0168731768240841	0.00178007197366023	0.0208235570838817	0.00537550653150756	0.00342185230739144	0.0293842305067754	-0.0391028109054638	-0.0316219726089505	-0.0117284506570936	-0.00555530116993799	-0.0222956625314847	-0.0102560965463336
0.0525120638511555	0.0534650975312409	-0.0322114635473744	-0.03094487959607	0.0168858418812861	0.00177264281259689	0.0208342775393161	0.00536932906813372	0.00347660569940277	0.0293343106795026	-0.0390737620195761	-0.0316429692788982	-0.0116857672070881	-0.00556089748795599	-0.0222857467388507	-0.0102446831868211
0.0525325254762203	0.0534613969205495	-0.0321922089165102	-0.0310465031992201	0.0168901655468542	0.00176284017566921	0.020839428219429	0.00536118046029573	0.00350775145831721	0.0293153661790927	-0.0390452984699963	-0.0316491509332241	-0.0116708935181372	-0.0055632346422356	-0.0222571267270597	-0.0102462380300448
0.0525613494476795	0.0534743288017009	-0.0321775112475468	-0.0311010735863237	0.0168995211488928	0.00177628614694311	0.0208488285249565	0.00537397823098042	0.00350693701662862	0.0293050969494995	-0.0390536901530552	-0.0316647175262532	-0.0116699868755027	-0.00556889941247099	-0.0222619197792613	-0.0102485276868674
0.0525551831601778	0.0534684083833883	-0.0321802800698912	-0.0311245848275226	0.0168863140618877	0.00176301200470471	0.0208417458159323	0.00536215695213162	0.00350915263329776	0.0293272950257117	-0.0390430032252375	-0.0316526224385348	-0.0116672571687111	-0.00555973240327626	-0.0222458237292854	-0.010239964174773
0.0525541438040607	0.05347644383552	-0.0321891425365678	-0.0310969915989925	0.0168739200195873	0.0017647442649	0.0208352749859124	0.00536022352623624	0.00349085773046109	0.0293452099488926	-0.0390451825203219	-0.0316380826287666	-0.0116894636268274	-0.00556414687280618	-0.0222294957799608	-0.0102483125513271
0.0525693541661625	0.053500349026215	-0.032201916558524	-0.0310491253382415	0.0168828271897527	0.00178657074336061	0.0208408293944096	0.00537782552499479	0.00345725188267253	0.0293524183864794	-0.0390716358098848	-0.0316407313104846	-0.0117217507216931	-0.00557519981043933	-0.0222441249967068	-0.0102629417680731
0.0525569768876704	0.0535073954136545	-0.0322215805057085	-0.0309835397320735	0.0168701146350938	0.00179265600578856	0.0208270439560168	0.00537964160423179	0.00343689503140986	0.0293839846375864	-0.0390910538878803	-0.0316338860887451	-0.0117314010873617	-0.0055614478996632	-0.0222736237114517	-0.010258175258568
0.0525087292502796	0.0534809407271076	-0.0322585181604049	-0.0309172346791309	0.0168297571634957	0.00176088160406132	0.0208013045252925	0.0053571878799424	0.00344452675515732	0.0294261274547729	-0.0390769401582408	-0.031600102823985	-0.0117209753955573	-0.00553535363499566	-0.0222591300021565	-0.0102412005056382
0.0524721003290534	0.0534784205679203	-0.0323000868171557	-0.0307827833482961	0.0168004596144509	0.00176184831700901	0.0207862003339768	0.00535556179053328	0.00341464806075669	0.0294689589850854	-0.0391013426752499	-0.0315827299306071	-0.0117350737583725	-0.00551999239861874	-0.0222769611062957	-0.01023922796419
0.0524369955174024	0.0534696237594931	-0.0323357951259071	-0.0306636387714611	0.0167800846023958	0.00175367735742657	0.0207750789441262	0.00534922367399617	0.00338437122590795	0.0295095371801599	-0.0391225894053387	-0.0315564792037283	-0.0117534147616821	-0.0055082032504026	-0.0222848191414558	-0.0102336526009324
0.0524712467718121	0.0535068924994043	-0.0323248790927087	-0.0305944517404678	0.0168209519731643	0.0018017643416541	0.0207950250820845	0.00538700650402981	0.00334249243870287	0.0294842433873407	-0.0391725148205477	-0.0315889926100066	-0.0117906443860405	-0.00553680510140123	-0.0223378738008885	-0.0102634614461316
0.0524359603522373	0.0534745565100976	-0.0323377690643393	-0.0305941541828697	0.0168065867863997	0.00178020189317487	0.0207928192443036	0.0053726860207541	0.0033681145227688	0.029493682808421	-0.039148770283016	-0.0315769156830806	-0.0117675927525869	-0.00551701682263813	-0.0223369056909568	-0.0102454836586694
0.0524520452263409	0.0534825277009639	-0.0323158503849328	-0.0306108146143931	0.016839100192678	0.00180536157552738	0.0208126815632202	0.00539538701121652	0.00336220528032843	0.029458828056911	-0.0391651401418615	-0.0316018462600525	-0.0117688528321806	-0.00552996686458192	-0.0223619703783954	-0.0102536951307887
0.0524287658844907	0.0534587789724802	-0.0323143639939265	-0.0306391678022346	0.0168253650457102	0.00177602491092979	0.0208023885848985	0.00537029717806544	0.00338885973559138	0.0294599344682615	-0.0391320930876843	-0.0315868147119063	-0.0117583810399033	-0.0055207020665052	-0.0223263752253503	-0.0102325168529173
0.0524437317743876	0.0534558187633239	-0.0322895409847249	-0.0307088256168456	0.0168427449240082	0.00177903261754305	0.0208151193003499	0.00537565181784651	0.00341202871570333	0.0294319850088042	-0.0391236762589128	-0.0316049294038033	-0.0117346756179244	-0.00553106070307621	-0.0223239039606039	-0.0102395003760756
0.0524593277040813	0.053459948248112	-0.0322767613748326	-0.0307519700715804	0.01684980248732	0.00177527193653845	0.0208261778259191	0.00537457334617655	0.00341595703479135	0.0293980718245294	-0.0391045264018508	-0.031610366465642	-0.0117332059907265	-0.00554441028245214	-0.0222933994173586	-0.0102444904030252
0.0524952315905966	0.0534648949685568	-0.0322324755841464	-0.0308659346316379	0.0168808113417997	0.00178113507850588	0.0208401099476349	0.00538133055792219	0.00343485124377623	0.0293641041578775	-0.0391026642221408	-0.0316324430042437	-0.0116980397117781	-0.00555356751275868	-0.0223043447872215	-0.0102529994327425
0.0525181463196154	0.0534617028600517	-0.0321995919771006	-0.0309870098404002	0.0168914996666014	0.00177631129265562	0.0208481607665909	0.00537626090288292	0.00347629556894846	0.0293207236128418	-0.0390704064639397	-0.0316523765693458	-0.0116646867180987	-0.00556089469398793	-0.0222842463780041	-0.0102498883493112
0.0525478112754597	0.0534725252953202	-0.0321786889050828	-0.0310688577376435	0.0169044455175931	0.00178411624242261	0.0208539764111014	0.0053806683874927	0.00348901790249561	0.0292965879197822	-0.0390553371972248	-0.0316634364918991	-0.0116723044720059	-0.00557137347118539	-0.0222646844106536	-0.0102544662659724
0.0525258045860594	0.0534502503849865	-0.0321880445071214	-0.0311091034505193	0.0168786837351243	0.00175605223027494	0.0208400610531939	0.0053572758899362	0.003518688446276	0.0293263255187959	-0.0390327968599256	-0.0316435783639346	-0.0116593530330781	-0.00554375928789488	-0.0222437533989553	-0.0102327529432181
0.0525850828093389	0.0535014596285176	-0.0321624727144805	-0.0311049446290665	0.0169188512168945	0.00180216527607027	0.0208570274242195	0.00539326359549327	0.00347519334855	0.0292984095869553	-0.039068848826748	-0.0316688567899295	-0.0117097995233297	-0.00558571211525347	-0.0222578112492336	-0.0102730070379981
0.052544538141881	0.053474527173433	-0.032198971716192	-0.031100696400636	0.016879357081426	0.00176852729764906	0.0208349005941928	0.00536302308222927	0.0034912656497974	0.0293496188304864	-0.0390444840283077	-0.0316383899652529	-0.0116890110040022	-0.00554945618876293	-0.0222380062066622	-0.0102467423412791
0.0525296868046745	0.0534765290515457	-0.0322287987221836	-0.0310245090826761	0.0168551850667816	0.00176348837625842	0.020819937498264	0.00535807356781644	0.00346883707122052	0.0293766099589002	-0.0390573684120021	-0.0316179702497089	-0.0117070809924103	-0.00554504032224898	-0.0222255213603999	-0.0102420582538317
0.0525120820119479	0.0534782138142841	-0.0322429389945196	-0.0309521257522256	0.0168478173730156	0.00176602250528604	0.0208138438539319	0.00535736669389804	0.00344946649068194	0.0294113305999435	-0.0390850538414781	-0.0316131562427469	-0.0117109841657858	-0.00553340903322805	-0.022254391432332	-0.0102440838806729
0.0525196215347495	0.0535034559186943	-0.0322577959196622	-0.0308634046935624	0.0168501265876146	0.00178856004861713	0.0208150354813082	0.00537719967615004	0.00341346481528458	0.0294094153348405	-0.0391086726504472	-0.0316156526532057	-0.0117427613614811	-0.00555052348456067	-0.0222710588487755	-0.0102670097855639
0.0524650315898695	0.0534825053492195	-0.032301724082437	-0.0307554304010189	0.016817597814512	0.00177912062753685	0.0208001422345808	0.00537683506331862	0.00339358712954368	0.029471345033806	-0.0391286620949104	-0.0315947160535712	-0.0117420530905787	-0.00551481238184123	-0.022303632325367	-0.0102451344126623
0.0524581249008328	0.0534916248609573	-0.0323272721263495	-0.0306452139491098	0.0168112052155978	0.00178587085436235	0.0207935037664776	0.0053860439820342	0.00335154349822324	0.0294913945485824	-0.0391509691358768	-0.0315786898527968	-0.011779916945686	-0.00552406600404573	-0.0223067392178463	-0.0102564443953567
0.0524507194884979	0.0534835488962887	-0.0323253568612464	-0.0306150684307597	0.0168204518528821	0.00179534100909126	0.0207995541043048	0.0053902167733272	0.00336056661806305	0.0294862243106931	-0.0391708021181288	-0.031592644326257	-0.0117592262152405	-0.00551289711673821	-0.0223580211045469	-0.0102526068802305
0.0524378909841646	0.0534677476099429	-0.0323405322987476	-0.0305950845742326	0.0168096573572942	0.00178186430416874	0.0207957780564759	0.00537642714398231	0.003366357116861	0.0294883491234003	-0.0391535228226808	-0.0315832775483462	-0.0117593142252343	-0.00550815714992966	-0.0223418146928328	-0.010242368384286
0.0524525858591599	0.0534771898249912	-0.0323232893248843	-0.0306082399728286	0.0168302977963147	0.00179273703086221	0.0208024933587007	0.0053850423444858	0.00336954084346185	0.0294600615938081	-0.0391579386891948	-0.0315990928045324	-0.0117559516846778	-0.00551909972582456	-0.0223575628937856	-0.0102487735560564
0.0524276203575874	0.0534505255908401	-0.0323103686196051	-0.0306549760735006	0.0168220513995947	0.00176377056703217	0.0208025841626625	0.00536532950286025	0.00340718257810862	0.0294551679587564	-0.0391302881843195	-0.0315961633290247	-0.0117229591128777	-0.00550423441877775	-0.0223455139065401	-0.0102297284727965
0.0524586585487316	0.053473695967936	-0.032284046646541	-0.0307165858631236	0.0168473675441584	0.00178171063592561	0.0208120305686629	0.00537410535652701	0.00340826943168276	0.029410523143175	-0.039125893272566	-0.031614097809982	-0.0117323328757087	-0.00552798035329346	-0.0223240869655117	-0.010241337410073
0.0524634446160131	0.053468244936257	-0.0322595239889054	-0.0307968481834946	0.0168587697277987	0.0017856473369178	0.0208220692958914	0.00537737150518555	0.00343350734514086	0.0293942091636907	-0.0391108477545795	-0.031627595469665	-0.0117072961279507	-0.0055250271290573	-0.0223250900000441	-0.0102510352731985
0.0524988302214539	0.0534747297361171	-0.0322204056421406	-0.0309177459752853	0.0168857734290687	0.00178319143899577	0.0208368018894555	0.00537905067998775	0.00345563836611967	0.0293533529687945	-0.0390908848528129	-0.0316414060537703	-0.0116998949065679	-0.00554330806205369	-0.0223038977523324	-0.0102498254850299
0.0525040158261676	0.0534532497096955	-0.0322029936332099	-0.0310165853892667	0.016868897862005	0.00175245779036972	0.0208298281451855	0.0053539720227089	0.00350016304107464	0.029334331634263	-0.0390421804016448	-0.0316352816757896	-0.011667842505019	-0.005536647242206	-0.0222613847343784	-0.0102340004499555
0.0525487765914233	0.053481157259632	-0.0321799811153091	-0.0310635114797665	0.0168874623827591	0.00177024000006795	0.0208402566309579	0.00537094956960673	0.00349304540744965	0.0293026047299927	-0.0390459452736015	-0.0316535975333867	-0.0116830514701368	-0.00556193684407316	-0.0222463741409927	-0.0102600947146231
0.0525631375872359	0.053489796208864	-0.0321824509830714	-0.0310953291879987	0.0168862218609419	0.00177186050154096	0.0208369150451618	0.00536953023383381	0.00349028496700942	0.0293157587316047	-0.0390472304989076	-0.0316507700377131	-0.0116874659396667	-0.00555776824373225	-0.0222438148662525	-0.0102586753788501
0.0525655152540523	0.053494409050126	-0.0321869129500583	-0.0310993664718409	0.0168836150887448	0.00177472990673541	0.0208348894183206	0.00537032092679392	0.00348553242734461	0.0293260712677027	-0.0390491220152822	-0.0316515439668648	-0.011687725778696	-0.00555740223391679	-0.0222447452576155	-0.0102582646655458
0.0525587985548435	0.0534972141940551	-0.0322044478935835	-0.031069716882821	0.016872629206345	0.0017718577075729	0.0208304973005351	0.00536767224507597	0.00347470300715601	0.0293522116328432	-0.0390605772843155	-0.0316415639129655	-0.0116903297569251	-0.0055501714445855	-0.0222515290120577	-0.0102572476611731
0.0525423099523556	0.0534987858010871	-0.0322284913856973	-0.0310074602895928	0.0168550230166343	0.00177141765760394	0.0208199095585834	0.00536336534331624	0.00346165657331426	0.0293819240861445	-0.0390744283809577	-0.0316283917505612	-0.0116934967197176	-0.0055364404885698	-0.0222709903965581	-0.010254692577385
0.052536389534043	0.0535062764294477	-0.0322433972052809	-0.0309519134106533	0.0168563445635253	0.00177600255918533	0.02081463734086	0.00536815141059773	0.00343794416641523	0.0294089277874145	-0.0390936927907101	-0.031621214046623	-0.0117112188591026	-0.00553715295042431	-0.0222862314923086	-0.0102598530363861
0.0524826405735482	0.0534846469257351	-0.032293033444796	-0.0308324139998751	0.0168053672193429	0.00175262961940522	0.0207910185318909	0.00534685718305196	0.00342856341866415	0.029447044496631	-0.0390861085644196	-0.0315904734130768	-0.0117167104033185	-0.00551213436345867	-0.0222714723560479	-0.0102364214232768
0.0524804459116394	0.0535055639675932	-0.032307365103944	-0.030708701285267	0.016815980107007	0.00178219678636751	0.0207923107421173	0.00537119404181171	0.0033727245700627	0.02947900330025	-0.0391421485787211	-0.0315905446592623	-0.0117517174260875	-0.0055201181271813	-0.0223153753731102	-0.0102634488732754
0.0524600108292712	0.0535007080511103	-0.0323271072822341	-0.030634521433356	0.0168098948445791	0.00178091714899744	0.0207875442326122	0.00536785804395176	0.00335629044995194	0.0295035846312147	-0.0391554758063526	-0.0315823471569833	-0.0117565286390816	-0.00550999837487916	-0.0223377103537572	-0.0102631191850447
0.0524342616196587	0.0534794515421333	-0.0323376126021281	-0.0305994962497945	0.016797422571173	0.00176902602094722	0.0207850631889776	0.00536249362528248	0.00336724280473504	0.0295055068812379	-0.0391537100185406	-0.0315764239447026	-0.0117438328482309	-0.00549660967995044	-0.0223455111125721	-0.0102472717982259
0.0524365973769542	0.0534787251104385	-0.03233230406282	-0.030589605602873	0.0168115376977965	0.00177569801666713	0.0207906846527081	0.00537247367918178	0.00336314125962749	0.0294890001179576	-0.0391586609299375	-0.0315849511352123	-0.0117460344950598	-0.00550227584716986	-0.0223507973001358	-0.0102532285381232
0.0524288217638519	0.0534671720525231	-0.0323213712658133	-0.0306173636755185	0.0168192518436017	0.00177266097338926	0.0207969012316348	0.00537059892661559	0.00338267947824949	0.0294696015977385	-0.0391489127753869	-0.0315922350099367	-0.0117294690584503	-0.00549802622175529	-0.0223551083928476	-0.0102452014678957
0.0524462267878624	0.0534702943118267	-0.0322958078550765	-0.0306639963993724	0.0168373497716903	0.00177167051171309	0.0208079807119645	0.005368066194572	0.00339161319111147	0.0294411855456156	-0.0391359333967785	-0.031604177826396	-0.0117283137526588	-0.00551388059349425	-0.0223392679909489	-0.0102530092116307
0.0524541826119045	0.0534623580455611	-0.032278352539641	-0.030748710907842	0.0168448809125878	0.00177046212052847	0.0208135448993498	0.0053654496434867	0.00342715106781138	0.0294043931772582	-0.0391127113312735	-0.0316209430317215	-0.0116956145475047	-0.00551124448463255	-0.0223312674634179	-0.0102435781724546
0.0524691932052902	0.0534610518654945	-0.032259698611909	-0.0308219002980769	0.0168528507064701	0.0017604387601243	0.0208174466757413	0.00535949430057338	0.00343898771348449	0.029398102558178	-0.0390975219239321	-0.0316233667990109	-0.0116922045094913	-0.00551351178971073	-0.0223089031461064	-0.0102404587071191
0.0525194259569855	0.0534776899452734	-0.0322034532409553	-0.0309584163713057	0.0168991719028857	0.0017824859620614	0.02084291369458	0.00537751818850853	0.00347064616553738	0.0293291558084376	-0.0390893104518128	-0.0316641503507376	-0.01166622340053	-0.00553974435579709	-0.0223195118428185	-0.0102581976103124
0.0525108945755237	0.0534533782322262	-0.032200741694956	-0.0310477940124624	0.0168705239514141	0.00174483025757435	0.0208273191618704	0.00534337170790097	0.00350981340674322	0.0293313532643143	-0.0390352345970553	-0.0316439373888299	-0.0116452057758219	-0.00552565577187011	-0.0222586857612354	-0.0102342295553362
0.0525454671362599	0.0534766631620125	-0.0321800272157821	-0.031089060920663	0.0168880644828754	0.00176415892859208	0.0208357625333384	0.00535194918983569	0.00350122474893626	0.029314941495948	-0.0390437561996289	-0.0316592762734623	-0.0116535709161843	-0.00554179931930296	-0.0222576184654377	-0.010253122367337
0.0525596423331967	0.0534916206700052	-0.0321778102021289	-0.0310909119245007	0.0168849617813482	0.00176031861949785	0.0208351632271902	0.00535262393312143	0.00348844374205991	0.0293240428468934	-0.0390444449127549	-0.031654399402219	-0.0116735044812863	-0.00555326157325645	-0.0222385482364652	-0.0102639364207013
0.0525457758697302	0.0534803470088955	-0.0321939118400409	-0.0310979611059083	0.0168699553789145	0.00175150365027829	0.0208280022870603	0.00534640176625869	0.00350001356378359	0.0293505212821688	-0.0390439839080255	-0.0316462717491414	-0.0116535751071364	-0.00553482976598499	-0.0222485254963965	-0.0102534618344559
0.0525958703200066	0.0535242947294467	-0.0321927006548882	-0.0310618811994053	0.0168974298638022	0.00180052521682086	0.0208415516351523	0.00538847194027566	0.00345238618730142	0.0293420988654612	-0.0390901584211181	-0.0316689769305559	-0.0116960615823938	-0.00556001599103403	-0.0222852452215845	-0.0102875887572871
0.0525359913935949	0.0534917743382483	-0.0322462540376191	-0.0309752444409125	0.0168336617338552	0.00174943052598006	0.0208078018980088	0.00533903127852455	0.00345663441573196	0.0294097589929115	-0.0390698616401686	-0.0316221709806825	-0.0116884158888061	-0.00551730041039591	-0.0222623779900227	-0.0102424591882478
0.0525319122002318	0.0535021567235478	-0.0322487462571259	-0.0309277581598172	0.0168487826889792	0.00176797129800573	0.0208111658355493	0.0053525876115367	0.00343726662916143	0.0294203872474	-0.0390964266884538	-0.031620282258276	-0.011695579622904	-0.00552705694685066	-0.0222837127301053	-0.0102726675708792
0.0524887998761296	0.0535006856993658	-0.0322979606074644	-0.0307914306794322	0.0168098277893457	0.00176386276797804	0.0207922380989478	0.00534369580819557	0.00340763240696578	0.0294660560522742	-0.03910674900344	-0.0315968981426237	-0.0117228445601874	-0.00551496046214825	-0.0222821439170413	-0.0102598111268653
0.05245592884194	0.0534879088834416	-0.0323247519671621	-0.0306965391423153	0.0167990626304224	0.00176503344059389	0.0207879996494054	0.00535423186173819	0.00339110049797302	0.0295041965102192	-0.039138949485296	-0.031589893664705	-0.0117200198584819	-0.00549454493755638	-0.022328224832204	-0.0102525384280131
0.0524659340415518	0.0535036361296339	-0.0323327622735813	-0.0306302075466761	0.0168127782196138	0.00178576747754424	0.0207948085495601	0.005372238985865	0.0033554634354071	0.0295011259393246	-0.0391653776291463	-0.0315916454826767	-0.0117487278802667	-0.00550852315974511	-0.0223483944876068	-0.0102661143188017
0.0524265027703646	0.053472810280062	-0.032349685338102	-0.0306011307211078	0.0167923682829581	0.00176213888968693	0.0207839651595313	0.00535580765972229	0.00338047224348453	0.0295072475233373	-0.0391456885362492	-0.0315803606456948	-0.0117244790315007	-0.00548930345348161	-0.0223454021478179	-0.0102452629351929
0.0524627363451107	0.0534967727471021	-0.0323204478593705	-0.0306207541557555	0.0168366484857081	0.0017995794586336	0.0208088663998385	0.00538265350179714	0.00336299457630451	0.0294731401582825	-0.0391730903779674	-0.0316126128159598	-0.0117352288235997	-0.00551158674571952	-0.022377810780294	-0.0102718601141107
0.0524191713981833	0.0534548171257755	-0.0323233549831337	-0.030660787527059	0.0168142282890354	0.00176099895071971	0.0207954092526924	0.00535180669746479	0.00340982008395434	0.0294793748980015	-0.039131539882009	-0.0315966327156583	-0.0116941253625304	-0.00548358140690105	-0.0223591708224023	-0.0102364339961331
0.0524448130400256	0.0534705345930796	-0.0322972886581467	-0.030705755045951	0.0168323150412518	0.00176411003415108	0.020800889621036	0.00535599066463002	0.00340964546095079	0.0294488689577721	-0.0391236678770087	-0.0316052339463215	-0.0117083368810519	-0.00551080164069553	-0.0223235379507885	-0.0102525454129333
0.0524460787075554	0.0534678216500964	-0.0322806226386872	-0.0307703823210755	0.0168386769065174	0.00176336404467988	0.0208053739397674	0.00535323301815784	0.00344072835558395	0.0294151094417404	-0.0391050349040371	-0.0316191674650213	-0.0116787292015528	-0.00550998300805485	-0.0223195677221796	-0.0102468988034903
0.0524887649515289	0.0534795507279993	-0.0322399256999702	-0.0308712389799939	0.0168700978712854	0.0017704439597361	0.020819248785138	0.00535962002913595	0.00344988698287451	0.0293899357895477	-0.0391031405936945	-0.031634372239187	-0.0116773936848216	-0.00552172326183	-0.0223186568885931	-0.0102610977491555
0.0525247708178783	0.0534820960328991	-0.0322017740661531	-0.0309971044469898	0.0168919103799057	0.00177665495072662	0.0208311818227091	0.00536645686897121	0.00348895503821433	0.0293349030007306	-0.0390752931140713	-0.0316622029550019	-0.0116529660221	-0.00553428773618194	-0.0223084672870895	-0.0102648332844476
0.0525179563297875	0.0534633680650137	-0.0321956021907153	-0.0310740810609259	0.0168733388742314	0.00174818162225862	0.0208276530410532	0.0053446890638398	0.00351875270754131	0.0293332070621201	-0.0390376723341849	-0.0316503313847281	-0.011633673672667	-0.00552485250605374	-0.0222604752977759	-0.0102504583187948
0.052559610202564	0.0534964388679193	-0.0321868724375215	-0.0310942744650572	0.0168841696914041	0.00176301340168874	0.0208323594802451	0.00535292707865561	0.00349795580630968	0.0293258659110505	-0.0390470921974888	-0.0316576948875421	-0.0116596785303567	-0.00554889041023141	-0.0222455988148569	-0.0102722386967824
0.0525616637690859	0.053498581841419	-0.0321800132459418	-0.0311314482100544	0.0168838539730136	0.00176707862521155	0.0208329601833773	0.00535203021490934	0.00351543207650567	0.0293361672712764	-0.0390512524159256	-0.0316656549025363	-0.0116379330769698	-0.00553780673894963	-0.0222754858911617	-0.0102681734732596
0.0525469158086974	0.0534944956631357	-0.0321999915145327	-0.0310919931901387	0.0168598970939096	0.00175458819101312	0.0208245377666697	0.00534354074296841	0.00349987945331686	0.0293657428201428	-0.0390486330708722	-0.0316453553276188	-0.0116578666420718	-0.00553308632991747	-0.0222495089731525	-0.0102631624915496
0.0525745886653171	0.0535280246768027	-0.0322040581350396	-0.031046304827488	0.016878718659725	0.00179245344310444	0.0208298141753452	0.00536884431467585	0.00345875364050312	0.0293697004758955	-0.0390872778400514	-0.0316555016226174	-0.0116867884024129	-0.00554955816859701	-0.0222792577480385	-0.0102921513071241
0.0525205044286554	0.0534926712019946	-0.0322428761302383	-0.0309857022633496	0.0168331057342119	0.00175678704387391	0.0208060612559094	0.00533925758993716	0.00346399093362581	0.0294362039005701	-0.0390760055759258	-0.0316185919076016	-0.0116764549115544	-0.00550936274714622	-0.0222810612544192	-0.0102585272985431
0.0525168108028842	0.0535073954136545	-0.0322640935236625	-0.0308923222629514	0.0168306414543857	0.00176909726713267	0.0208067709237958	0.00534908676956138	0.00343070359819574	0.0294388134667353	-0.0390976700042391	-0.0316134118908241	-0.0117037072759816	-0.0055249922044566	-0.0222789434266321	-0.010274179107598
0.0524919458841617	0.05351051487899	-0.0322964909802664	-0.0307738007409931	0.0168187852509362	0.00178323614248468	0.0208014861332162	0.00535982817975619	0.00339303112990035	0.0294815625749901	-0.0391366165219684	-0.0316066937946312	-0.011719877366111	-0.00551125566050478	-0.0223203486362515	-0.0102753064737089
0.0524495110973133	0.0534937175430319	-0.0323336284036789	-0.0306726702732051	0.0167925331270734	0.00176161082972417	0.0207865439920478	0.00534063920714131	0.00338079354981107	0.0295251149490613	-0.0391446519741001	-0.0315793464352902	-0.0117248059257634	-0.00549175376346752	-0.0223219244342356	-0.0102616830854634
0.0524641095804107	0.0535120264157088	-0.0323267859759076	-0.0306208337838452	0.0168151558864302	0.00178818984784959	0.0207947722279754	0.00536581006536604	0.00335574003824473	0.0295094044666772	-0.0391736840961795	-0.0315920394321727	-0.0117454337919276	-0.00551139815287568	-0.0223566786028956	-0.010278354692859
0.0524257092834365	0.0534797952002043	-0.0323510823221305	-0.0306015889318691	0.0167888255314619	0.00176085366438075	0.0207809141464131	0.00534180429182104	0.00338350090485822	0.0295179428330592	-0.039145923229566	-0.0315749626994089	-0.0117276641550856	-0.00548817469038661	-0.0223385960416312	-0.010251353785557
0.0524536657278139	0.0534915913333406	-0.0323233046917086	-0.0306179112932576	0.0168216993596195	0.00178606084419022	0.0207989911197413	0.00536359165472885	0.00338262359888835	0.0294800063347824	-0.0391653301316893	-0.0316052996045708	-0.0117250098854315	-0.00550852036577706	-0.0223665636618809	-0.0102662903387893
0.0524237632846848	0.0534550727738527	-0.0323142256925077	-0.0306640858063502	0.0168068619922533	0.00175490670337161	0.0207990400141823	0.00533896422329119	0.003423106799049	0.0294809940024905	-0.0391341229054776	-0.0315999980501828	-0.0116898016969623	-0.00548547152629155	-0.0223511367672547	-0.0102438673481485
0.0524682069345661	0.0534799586473356	-0.032287484624235	-0.0307182804047502	0.0168410238396852	0.00177398112329616	0.0208171756608398	0.00535642931761495	0.00341200636395888	0.0294308897733259	-0.0391282360147817	-0.0316182733952431	-0.0117097757746012	-0.00552422106927288	-0.0223241274780485	-0.01026927289969
0.0524775066572436	0.0534743944599503	-0.0322671878432855	-0.030803595616352	0.0168522905158747	0.00177545773541423	0.0208285540957515	0.00535906822044471	0.0034372652321774	0.0294125627398566	-0.0391194056787378	-0.0316358628211454	-0.0116828405255485	-0.00551496605008436	-0.0223311892323124	-0.0102620518892469
0.0524846284818206	0.0534591198365831	-0.0322371554806418	-0.0309232975898144	0.0168612228317526	0.00175785853062374	0.0208322784551714	0.00534560408837844	0.00347572420248082	0.0293910743315308	-0.0390851041329031	-0.031637659342606	-0.0116525175902268	-0.00551598026048902	-0.0223068565645047	-0.0102489397971558
0.052511500866592	0.0534656744856446	-0.0322067962237354	-0.0310228243199377	0.0168748182803176	0.0017605910313834	0.0208416047205454	0.00534797896122682	0.0034956004912377	0.0293511150003809	-0.0390634397045898	-0.0316542611008002	-0.0116348094206821	-0.00553045860295995	-0.0222836275140795	-0.0102526669505438
0.0525517381975637	0.0534889915460636	-0.0321808193057262	-0.0311028170223912	0.0168985823756257	0.00177867778359983	0.0208513766238244	0.00535786262322815	0.00350128202528143	0.0293230454002971	-0.0390696492985963	-0.0316761392676698	-0.011618063773133	-0.00554511715637054	-0.0222898818115749	-0.0102690689400219
0.0525374400660324	0.0534745816558101	-0.0321934857599122	-0.0311318002500296	0.01687071673521	0.00175161680598459	0.0208317811288573	0.00533111457003528	0.00351326954522962	0.0293543895309436	-0.0390417920400849	-0.031652730006305	-0.011604511631073	-0.00552854752880902	-0.022255766064616	-0.0102562767572733
0.0525708447481209	0.0535028007331849	-0.0321742520838084	-0.0311386063562162	0.0168967453416282	0.0017839933078281	0.0208432140461462	0.00535975833055476	0.00349890854941708	0.0293392238723306	-0.0390702122831598	-0.0316772610458447	-0.0116240805833436	-0.0055470883008347	-0.0222845215838577	-0.0102794666921457
0.0525399155217308	0.0534886800186253	-0.0322111939294569	-0.0310947019421699	0.0168547072982439	0.00175453929657212	0.020819839709382	0.00533245008676649	0.00349332620123937	0.0293906831760029	-0.0390497548490471	-0.0316344965707656	-0.0116522158416767	-0.00552479802367664	-0.0222434781931017	-0.0102635019586685
0.0525305752865166	0.0534969753097862	-0.0322328276241216	-0.0310226371240779	0.0168434671647509	0.00176504741043417	0.0208189260818274	0.00534260057271725	0.00346771389606165	0.0294135741562932	-0.0390775799769259	-0.0316289952476615	-0.0116684851176721	-0.0055191849418503	-0.0222609321115532	-0.0102682377345249
0.0525350889419125	0.0535106755321533	-0.0322397580618868	-0.0309589584011088	0.0168510206573928	0.00178040166189094	0.0208328051181501	0.00536307337365429	0.00343002745792597	0.0294306047885841	-0.0391103490312814	-0.0316310083016465	-0.0116983707969929	-0.0055296022517505	-0.0222839111018373	-0.01028173958516
0.052507423070213	0.0535048249630421	-0.0322785103988362	-0.0308545701665664	0.0168264393264281	0.00178194952019447	0.0208212772059473	0.00536450947323554	0.00341635377825544	0.0294506375395522	-0.0391200441004389	-0.03162096678045	-0.0117071717963722	-0.00552306995443344	-0.0222925109355165	-0.0102765707442547
0.0524664495286583	0.0534976696108484	-0.0323232837369482	-0.0307326218427863	0.0167975804303682	0.00177412361566706	0.0207982074117014	0.00535762234197525	0.00338302453330451	0.0295072740660338	-0.0391443208888854	-0.0315946392194497	-0.0117235807707704	-0.00549604948935502	-0.0223083834680478	-0.0102590721223142
0.0524547889029728	0.0534999341219585	-0.0323317927666655	-0.0306638161884327	0.0168097467642721	0.00179064853973967	0.0208045622920468	0.00537378963813658	0.00336387607322646	0.0295202003592492	-0.0391743770002576	-0.0315927993914842	-0.0117283570591637	-0.00550116105391515	-0.0223484755126805	-0.0102767677190027
0.05243157801334	0.0534794054416603	-0.0323414137956695	-0.0306333381878839	0.0168022938544802	0.00177573014729978	0.020801132696257	0.00536217930387608	0.00337084003860832	0.0295271419728866	-0.0391673683313868	-0.0315898363883598	-0.0117164533582572	-0.0054876927308968	-0.0223545426143161	-0.0102596560616381
0.0524364171660146	0.0534772932018093	-0.0323372228435842	-0.0306196253926605	0.01681102221069	0.00178242449476415	0.0208104421978226	0.00536777841586213	0.00336640321733394	0.0295095623258725	-0.0391698829026381	-0.0315961507561685	-0.0117178503422857	-0.00549735986037372	-0.022357191296034	-0.0102660598364246
0.0524335477608201	0.0534717862907691	-0.0323283128794507	-0.0306312790334259	0.016809695075863	0.0017720001999438	0.0208073939786725	0.00536008103386534	0.0033814822629371	0.0294952711792613	-0.0391554520576241	-0.031598729588685	-0.0117124496020317	-0.00549864229171184	-0.0223421122504309	-0.0102642800787723
0.0524478430983833	0.0534747492938935	-0.0322980807480908	-0.0306895821618536	0.0168337357740087	0.00177950060719259	0.0208178895196783	0.0053626417055895	0.00340192433022551	0.0294637230889467	-0.0391548806911565	-0.0316204876149282	-0.0116897947120422	-0.00550399413752486	-0.0223580364713712	-0.0102671508809508
0.0524441592515003	0.0534600683887384	-0.0322888229349342	-0.0307539733466772	0.0168277049939579	0.00176211514095844	0.020820821789154	0.00534755846903425	0.00342908589069079	0.0294416214046325	-0.0391177279009197	-0.0316126156099278	-0.0116761112534834	-0.00550854970244165	-0.0223177097334218	-0.0102576248468607
0.0524830037893955	0.0534816126764253	-0.032252481792418	-0.0308289662432928	0.0168646943370634	0.00178303357980055	0.0208361075883934	0.00536226312291779	0.00342919485544501	0.0294086497875929	-0.0391259337851028	-0.0316389711106087	-0.0116757340677958	-0.00552538335998456	-0.0223278155158836	-0.0102732738619475
0.0524919416932096	0.0534670365450724	-0.0322171017749133	-0.030962699524337	0.0168774767409237	0.00177060321591535	0.0208438608497513	0.00535644887539135	0.00347910350684565	0.0293688385367499	-0.0390867316192963	-0.0316531896140503	-0.0116399293671464	-0.00552674961036439	-0.022305645379352	-0.0102632630743996
0.0525307485125361	0.053477277834985	-0.0321911919121375	-0.0310514764623614	0.0168885897488701	0.00177489894180285	0.0208539903809417	0.00535893410997797	0.00348854013395788	0.0293388019831541	-0.0390694271781358	-0.0316648530337039	-0.0116446860977633	-0.00554514090509903	-0.0222722476821837	-0.010272758374841
0.0525526643979745	0.0534889566214629	-0.0321814800791717	-0.0311060705981935	0.0168912384305881	0.00178056510902227	0.020852191065513	0.00536290154461879	0.00349568151631135	0.0293323311531342	-0.0390677619731739	-0.0316773588347267	-0.0116418586020897	-0.00554311807222582	-0.0222716777127001	-0.0102672039663439
0.0525373925685755	0.053469817940273	-0.0321870065479882	-0.031135893413233	0.0168660424266508	0.00175496677368483	0.0208387073756704	0.00534166179945013	0.00351107628030494	0.0293715752284616	-0.0390491485579787	-0.0316531351316732	-0.0116278943497413	-0.0055286397297549	-0.022249040983503	-0.0102604816791989
0.0525628148839253	0.0534947932207338	-0.0321875569596955	-0.0311125945136064	0.0168728904423583	0.00177149309474147	0.0208413532634203	0.00535351660591562	0.00348390494095146	0.0293889285640631	-0.0390703519815626	-0.0316623803719736	-0.0116566303112066	-0.00554986550508327	-0.022251692459189	-0.0102786229137925
0.0525546271605345	0.0534950097532582	-0.0322122626222387	-0.0310805043934887	0.0168569019601526	0.00177063674353203	0.0208306621446505	0.00535071565293856	0.00347826531642858	0.0294053501113176	-0.0390763045305079	-0.0316475681503198	-0.0116593418572059	-0.005532572239795	-0.0222606177901468	-0.0102729972591099
0.0525117006353081	0.0534739432341091	-0.032238492394357	-0.0310130133011059	0.0168322591618906	0.00175247595116209	0.0208206373872623	0.00533443240710287	0.003478678823701	0.0294343067962595	-0.0390821495116829	-0.0316256522648814	-0.0116435279980037	-0.00550334733391968	-0.022277415126105	-0.0102548364667399
0.0525392309995569	0.0535075756245942	-0.0322456072340139	-0.030946009756149	0.0168595660086949	0.00178613069339164	0.020830688687347	0.00536118046029573	0.00342795573061177	0.029424710912968	-0.0391182322121539	-0.0316332364911719	-0.0116856680212221	-0.00553531731341092	-0.0222897602739644	-0.0102832078153739
0.0524710344302397	0.0534791651604074	-0.032295095393222	-0.0308386557245142	0.0168107707535649	0.00176554333976428	0.0208105260168643	0.00534718687128268	0.00343099417087366	0.029479739510833	-0.0391189265132161	-0.0316120260826678	-0.0116698890866207	-0.00549602434364251	-0.0223090735781579	-0.0102552695317888
0.0524555977567253	0.0534851861615701	-0.0323293745873123	-0.0307082025619689	0.0167941941410833	0.00176637873621329	0.020802755991698	0.00534701643923121	0.00338104640392022	0.0295192434251897	-0.0391481542130595	-0.031585083848695	-0.0117109855627698	-0.00549822878443942	-0.0223057124345854	-0.0102656770628008
0.0524521276483986	0.0534872145823794	-0.0323434394225108	-0.030638940093838	0.0167962672653815	0.00177493386640356	0.0207970060054369	0.00535563862465484	0.00336635571987697	0.0295259657123346	-0.0391717408913959	-0.0315843741808086	-0.0117190377787099	-0.0054955968665298	-0.0223352223252025	-0.0102671578658709
0.0524241991437017	0.0534700149150211	-0.0323434058948941	-0.0306169795049107	0.0167902658219952	0.00176591493751585	0.020796816015609	0.0053471337858896	0.00338308600060177	0.0295238087689947	-0.0391649347852093	-0.0315820160717685	-0.0116982618322387	-0.00548563916437497	-0.0223504773907933	-0.0102595247451394
0.0524257553839094	0.0534762873733088	-0.0323309643551367	-0.0306113775989565	0.0168103293066119	0.00177967523019614	0.0208067094564986	0.00535284745056599	0.00337702029595021	0.0295031920787027	-0.0391723192427837	-0.0315971789364134	-0.0117025841008227	-0.00549507998243928	-0.0223622204385365	-0.010260091920655
0.0524439664677044	0.0534812438726418	-0.0323141614312424	-0.0306500964082892	0.0168295238671629	0.0017852352266294	0.0208148846070331	0.00535963679294429	0.00338204385051654	0.029479448938155	-0.0391652840312164	-0.0316063934430651	-0.0117018520811918	-0.00550657436702542	-0.0223571074769923	-0.0102745143837648
0.0524522994774341	0.0534730812949635	-0.0322940714039292	-0.0307251801088667	0.0168361357925696	0.00177515039892797	0.0208184790469383	0.00535339646528917	0.00341147690701209	0.0294602669504603	-0.0391439646579581	-0.0316174617475226	-0.0116825890684234	-0.00550765144171136	-0.0223418454264814	-0.0102675224787024
0.0524615782453511	0.0534685913882961	-0.0322782212231423	-0.0307879186615847	0.0168447216564085	0.00177124163761635	0.0208274448904329	0.00535004649758893	0.00343427848032456	0.0294304301655805	-0.0391211854363901	-0.0316283219013598	-0.0116661800940251	-0.00551359421176841	-0.0223289903794516	-0.010263921053877
0.0524825483726023	0.0534668074396917	-0.0322499867789432	-0.0308817694456004	0.0168577122108891	0.00176375799417591	0.020830980657009	0.00534294283380423	0.00345234288079654	0.0294174703447485	-0.0391055350243193	-0.0316276024545851	-0.0116586210134472	-0.0055187532737855	-0.0223083778801117	-0.0102639168629249
0.0525145379098699	0.0534718407731462	-0.032208251881093	-0.0309975919944158	0.0168807163468857	0.00176941717647519	0.0208466981243131	0.00534746207713629	0.00348884747044414	0.0293587341512721	-0.0390833579028676	-0.0316552250197798	-0.0116338510896386	-0.00553419413825203	-0.022295923767498	-0.0102698582359979
0.0525505018666985	0.0534900350931329	-0.0321837096656811	-0.0310803605041338	0.0168934791929697	0.001780011903347	0.0208547000488281	0.00535776623133018	0.00349439070306905	0.0293333649213153	-0.0390725173068067	-0.0316698877641425	-0.0116390813978411	-0.00555187436811619	-0.0222786235172896	-0.0102781954366798
0.0525607110259785	0.0534929352319759	-0.0321764732884137	-0.0311293387641715	0.0168925795352554	0.0017787993212103	0.0208512299405014	0.00535633013174893	0.00350281172279259	0.0293389919729819	-0.0390652585777949	-0.0316730225963023	-0.0116325155729074	-0.00554680611006094	-0.0222748293086683	-0.010276144664126
0.0525426759621711	0.0534777611914588	-0.0321874004974843	-0.0311432611069991	0.0168717281516466	0.00175231529799882	0.0208445495628774	0.00533863034410838	0.00351910893846857	0.0293632017061951	-0.0390484919754853	-0.0316560548282927	-0.0116218062933452	-0.00553301228976396	-0.0222575933197252	-0.010262350843829
