0.0525096121441856	0.0535990361689372	-0.0318458043749099	-0.0307739711730446	0.0167598744344562	0.00153677183828018	0.0209606165838977	0.00517181368730231	0.00340591411661078	0.0294170191189073	-0.0392657118160381	-0.0319013037563925	-0.0119586973737117	-0.00550865447624379	-0.022129456356699	-0.00997705876553759
0.0524794275102827	0.0535605813895859	-0.0318428413717856	-0.0308295473886487	0.0167375352628571	0.00149190210827018	0.0209531413223614	0.00514234430922202	0.00344946788766597	0.029423089014511	-0.0392152960594351	-0.0318820016280713	-0.0119292028499189	-0.00549444854565842	-0.0220854779024992	-0.00995867305873907
0.0525191283993874	0.0535784222726133	-0.0318052415466597	-0.0308978054252631	0.0167747104048384	0.00152040477340278	0.0209791629438595	0.00517080227086571	0.0034547023868206	0.0293664315332689	-0.0392231149790424	-0.0319132451758677	-0.0119284834031443	-0.0055238145469206	-0.0220928497872174	-0.00997921012094142
0.0525385353015107	0.053576147982615	-0.0317840912084688	-0.0309814400650787	0.016787948225492	0.00151967275377187	0.0209839741568535	0.00517053963786836	0.00347080123076454	0.0293547471588549	-0.0392128275886569	-0.0319226720240917	-0.0119200288558041	-0.00552168554326124	-0.022084730516044	-0.00997489064632543
0.0525514168912371	0.0535596146766382	-0.0317560327842573	-0.0311070945874863	0.0167921573383698	0.00149712682853661	0.020986015150519	0.00515262052373535	0.00352337951864356	0.0293183655038018	-0.0391651219810691	-0.0319285211962189	-0.011883454416955	-0.00552478545082038	-0.0220537440133088	-0.00996194200136566
0.052582682790778	0.0535697805294133	-0.0317207882742033	-0.0312021160441179	0.0168126496970832	0.00150282233242063	0.0209978573841283	0.00515748901307452	0.00354297780757878	0.0292821514868321	-0.0391534585614155	-0.0319479937565915	-0.011873780302558	-0.00554117347045821	-0.0220371408581306	-0.00997195977383373
0.0526142602177573	0.0535937136597888	-0.031717530507449	-0.0312260827021101	0.0168109006730796	0.0015069741689532	0.020992934412412	0.00515553882337079	0.00352576137641208	0.0292756415412595	-0.0391415953730458	-0.031943059609003	-0.0119089675362667	-0.00556040155862588	-0.0219943652071792	-0.00998372237935333
0.0526217284943734	0.0535981197474146	-0.0317122079983005	-0.0312690623127296	0.0168133398071933	0.00150903332341114	0.0209891597615671	0.00515744151561755	0.00353971165892025	0.0292865966900106	-0.0391500191867374	-0.0319502317250051	-0.0118852942449205	-0.00554741240112929	-0.0220207598234129	-0.00998014330627242
0.0526139654541272	0.0535965257886381	-0.0317287329223732	-0.0312557029544655	0.0167907575603733	0.00149863277731929	0.0209777980904636	0.00514462698112452	0.00353934704608882	0.0293085838216345	-0.0391417783779536	-0.0319339666399618	-0.0118919396979439	-0.00553829987431167	-0.0220047853110475	-0.0099750317417123
0.0525845296036636	0.0535841443191939	-0.0317627061769612	-0.0312097687226258	0.0167599806052423	0.00147914345313829	0.0209648801791525	0.00513329604366971	0.00353416283835922	0.0293460690940701	-0.039140279414091	-0.0319095347862881	-0.0118934135160939	-0.00551862894220697	-0.0219894282656227	-0.00996244631259994
0.0525920761113854	0.0536110250858694	-0.0317717223118809	-0.0311184478766856	0.0167653813454963	0.00150327495524585	0.0209677328205386	0.00515141492651879	0.00348788634543256	0.0293598740902393	-0.0391828455174381	-0.0319159357671065	-0.011927977694926	-0.0055294108649386	-0.0220151411536504	-0.00997718449410015
0.0525815177060983	0.0536092285644088	-0.0317893662201603	-0.031075607964469	0.0167647471147474	0.00150766986699937	0.020971188959025	0.00516077192554139	0.00347674679478965	0.0293812563277789	-0.0391976284024272	-0.0319138877885208	-0.0119281201872969	-0.00552586531947438	-0.0220368307276762	-0.00998582064936407
0.0525194399268258	0.0535868698350334	-0.0318380329527596	-0.0309517862851067	0.0167195896060276	0.00148768042253618	0.0209578156309206	0.00514449287065779	0.00346460281263027	0.0294289479655263	-0.0392015469426271	-0.0318868044591611	-0.0119318375617966	-0.00549683738834708	-0.022040302232987	-0.00996229124737278
0.052514395417499	0.0536054511195959	-0.0318633951977963	-0.0308270789178704	0.0167247821956613	0.0015057029134873	0.0209541792814945	0.00515746386736201	0.00340890925036779	0.0294560676164708	-0.0392433824233273	-0.0318746381252573	-0.0119750812023975	-0.00550997322916666	-0.0220527004662395	-0.00998070209988381
0.0524987547843164	0.0535966724719611	-0.0318725314733424	-0.0307715739484518	0.0167299957400555	0.0015115199549818	0.0209514579566071	0.00516059869952186	0.00340471271034631	0.0294611694021427	-0.039261973486778	-0.0318765547873443	-0.0119677889457689	-0.00550149633008198	-0.0220890611665322	-0.00997390158163328
0.0525100326363781	0.053605603390855	-0.0318655675079605	-0.0307537470352646	0.0167525612230672	0.00152802811524607	0.02096063474469	0.00517478227836278	0.00339741626276568	0.0294402607421888	-0.0392699628384367	-0.0318919425664178	-0.0119719114456369	-0.00551415719633188	-0.0221163177219114	-0.00998571308159388
0.0524673589652609	0.0535630861819489	-0.0318746018036725	-0.0307689504124463	0.0167341615464284	0.00149979367104693	0.0209554449490243	0.00515374509587825	0.00343026913616289	0.029447342054229	-0.0392428990668534	-0.0318787145246523	-0.0119367116390719	-0.00548579702357018	-0.0221084540988152	-0.00995507303089774
0.0525017345512491	0.0535851236049978	-0.0318513126829341	-0.030785134472416	0.0167616304433799	0.00151910418127229	0.0209730790784155	0.00516914405082393	0.0034139956692154	0.0294118907905389	-0.0392512153127748	-0.0318952115090444	-0.0119612552514679	-0.00551715791802501	-0.0220950444491261	-0.00997937077410469
0.0524771923358372	0.0535502548836475	-0.0318404497351289	-0.0308589399326074	0.0167451348559719	0.00148343079712162	0.0209630431451551	0.00514084674234351	0.0034683104082418	0.029410817906805	-0.0392090822744766	-0.0318872542880183	-0.0119157694515013	-0.00549619198172593	-0.0220764030942503	-0.00995494031741504
0.0525353124593571	0.0535892195621693	-0.0317984228676168	-0.0309176076738665	0.0167969964910443	0.00152894453676874	0.0209925083322833	0.00518028080749879	0.0034533179756484	0.0293452881799982	-0.0392289026838723	-0.0319291805726803	-0.0119367968550976	-0.00553451963553067	-0.0220886462622757	-0.00998779179382822
0.0525386400753129	0.0535745987273274	-0.0317778844084304	-0.0310075091840338	0.0167986924296549	0.00150565122507825	0.0209912985441147	0.00515958029816512	0.00347879617035939	0.0293396974499163	-0.0391973895181584	-0.0319212261456223	-0.0119193652883906	-0.00553007443235212	-0.0220592788640295	-0.00997422707891191
0.0525853859548731	0.0535903427373281	-0.031735698284739	-0.0311279767047437	0.0168243606141938	0.00151223101985228	0.0210010746383458	0.00516508720920529	0.00350931468344506	0.0292830888631152	-0.0391739788598095	-0.0319469669733306	-0.011904314182468	-0.00555577055657155	-0.0220336330312351	-0.00999254712746109
0.052572174676916	0.0535647262411983	-0.0317290165101309	-0.0312200225853947	0.0168019627692655	0.0014801995730638	0.0209902997005343	0.00513956012005331	0.0035580400893736	0.0292838921289315	-0.0391374575063536	-0.031941536896412	-0.0118612661196311	-0.00553216851141078	-0.0220061194307947	-0.00996326773920867
0.0526168669899544	0.0535993155657429	-0.0317087323020377	-0.031251013279082	0.0168264044018274	0.00150658580739329	0.0210043477719245	0.00516105132234708	0.00353131857887728	0.029269039394741	-0.0391548136359231	-0.0319597423922709	-0.0118847019236925	-0.00555904648411828	-0.0220083210776235	-0.00998855873805985
0.0526007108696653	0.053587294518178	-0.0317215356606586	-0.0312708127337173	0.0167992735750107	0.00148365710853423	0.0209897786254917	0.00514172125434533	0.00354699134269253	0.029294569277861	-0.0391357881104396	-0.0319388616719975	-0.011871621962234	-0.00554062445573502	-0.021991508374841	-0.00997324360215588
0.0526016091303955	0.0535980275464687	-0.031733042618101	-0.0312424665307959	0.0167923263734372	0.00148687995068788	0.0209871229588536	0.00514306654996473	0.00352790714387979	0.0293134830446223	-0.0391477644545155	-0.0319329342687648	-0.0118888956697459	-0.005542341349106	-0.0219839716460075	-0.00997900616127326
0.0526115849933428	0.0536157371129974	-0.0317455079065869	-0.0311921904725957	0.0167960213961925	0.00150859047947412	0.0209867723158625	0.00515907738391487	0.00350080146277564	0.0293204637738125	-0.0391743113420083	-0.0319333072635004	-0.0119086029234353	-0.00554676000958801	-0.0220055787979756	-0.00999279020268204
0.0525845687192164	0.0536068481036244	-0.0317735300092137	-0.0311195179664514	0.0167709944273227	0.00149382296130931	0.0209716918732753	0.00514605330181757	0.00348753151148933	0.0293688175819895	-0.0391814122118249	-0.0319103673887691	-0.0119183636508421	-0.00553235850123865	-0.022011338563125	-0.00998344018857958
0.0525604665537735	0.0536002250023454	-0.031791954831565	-0.0310469488371252	0.0167571964160736	0.00149408419732263	0.0209677286295865	0.00514609102038634	0.00348178012824418	0.029381998126298	-0.0391923268480392	-0.0319019924695185	-0.0119229080398867	-0.00552829746866792	-0.0220244213185515	-0.00998072026067618
0.0525421967966493	0.0536104760711463	-0.0318309893592881	-0.0309045989585935	0.0167409383159504	0.00150366471378979	0.0209575055004663	0.00515339165891905	0.00342560181252382	0.0294264250123709	-0.0392251699425483	-0.0318849688221477	-0.011969855085147	-0.00552654006276012	-0.0220294364912136	-0.00998864116011753
0.0525299145130711	0.0536188467994448	-0.0318518770644816	-0.0308055695547842	0.0167456433581583	0.00152180315441527	0.0209586342635613	0.00517526284086857	0.0033957287060593	0.0294419482988952	-0.0392607427438489	-0.0318895397538888	-0.0119846407641042	-0.00552375727057544	-0.02207687806882	-0.00999477671397051
0.0525090519535902	0.0536074613796129	-0.031861764917435	-0.0307714021194162	0.0167444056303091	0.00152029720563259	0.0209537532013659	0.00516953241238384	0.00339808960906739	0.0294507912077953	-0.0392639921286991	-0.0318808533071999	-0.0119763566488155	-0.00551247802152968	-0.0220966006893338	-0.00998993476732788
0.0524647270473513	0.0535711383978889	-0.0318737692011916	-0.0307573889726268	0.016726187561594	0.0014968711804594	0.0209493261589797	0.00515064379133508	0.00342973828223208	0.0294559083602915	-0.0392445922114959	-0.0318727186692022	-0.011943590388428	-0.0054939274706158	-0.0220961326996842	-0.00996242116688742
0.0525057411014427	0.0535987190535628	-0.0318518882403539	-0.0307552669538876	0.0167622618801608	0.00152693287976776	0.0209687484279273	0.00517437994696259	0.00339866796045517	0.0294160538029437	-0.0392614915272881	-0.0318923672495624	-0.0119813438817971	-0.00552620478659329	-0.0220929154454667	-0.00999002696827376
0.0524768039742773	0.0535635457896943	-0.0318428274019453	-0.030804477113274	0.0167484568839916	0.00149602879909024	0.0209605313678719	0.00514926496809899	0.00344398332837025	0.0294136258447022	-0.0392281119909122	-0.0318882014431896	-0.0119383530953053	-0.00550279412824442	-0.0220842792902028	-0.00996319649302322
0.0525091846670729	0.0535742005868793	-0.0318185827441314	-0.0308626433372668	0.0167665771638247	0.00150357670379599	0.020969912115623	0.00515573998907089	0.00344976544526403	0.0293765149639863	-0.0392150879088149	-0.0318972608846141	-0.0119477478128967	-0.00552924322685519	-0.0220583582515548	-0.00997654746938318
0.0525271876002476	0.0535788818803587	-0.0318010268458458	-0.0309271853963656	0.016777293428307	0.00150501699432933	0.0209767391765701	0.005158543736016	0.0034713446575516	0.0293537259635301	-0.0392067185775004	-0.0319137243413895	-0.0119286049407548	-0.00553086512531223	-0.0220649198855364	-0.00997568832420568
0.0525501651935476	0.053574970325079	-0.0317682591884743	-0.0310489577001581	0.016796784149472	0.00149491400583553	0.0209847634528295	0.00514893248590022	0.00350321824514487	0.0293293402103293	-0.0391834727632669	-0.031922195652538	-0.0119061637893216	-0.00553437434919171	-0.0220483125394061	-0.00997135208578135
0.0525609610861195	0.0535615592784058	-0.0317394477898714	-0.031168293663805	0.0167993769518288	0.00148072064810641	0.0209918266040774	0.00514023765730711	0.0035532190974914	0.0292971313465692	-0.0391492745942503	-0.031933438579999	-0.0118680093615364	-0.00553131216020133	-0.0220327333735208	-0.0099625231467215
0.0525999551013059	0.0535868740259855	-0.031717038769071	-0.0312284966905113	0.0168166450714046	0.00149430072984704	0.020999170549115	0.00514943679713449	0.00354552031851057	0.0292726464075025	-0.0391431599951577	-0.0319451830247263	-0.011888850966257	-0.00555541711961235	-0.0220085585649083	-0.00997784387056158
0.0526153484683154	0.0535979311545707	-0.0317128436260335	-0.0312556163414557	0.0168163475138065	0.00149719947170609	0.0209929274274918	0.00514884866685851	0.00353929954863185	0.0292821165622314	-0.0391402836050431	-0.0319442512363793	-0.0118958093437027	-0.00555754752025575	-0.0220003848113578	-0.00998328232938437
0.0526178714214708	0.0536048350496394	-0.0317177638037817	-0.0312623917139938	0.0168074487255453	0.00149639201493764	0.0209923211364235	0.00514978464615758	0.00354229188842081	0.0292934908061911	-0.0391451590793024	-0.0319434270158025	-0.0118951639370816	-0.00555350464847739	-0.0220058637827174	-0.00998116170762917
0.0526180991298675	0.0536108295081055	-0.031722833458821	-0.0312463389705228	0.0168089281316314	0.00151067897059667	0.0209968180280111	0.00516371397390532	0.00352626987859844	0.029309051811284	-0.0391628798217034	-0.0319461273859295	-0.0118985348595422	-0.00555206994588017	-0.0220289489437877	-0.00998665604581309
0.0525719148378867	0.0535890980245588	-0.0317747845008712	-0.0311563117317929	0.0167573794209813	0.00147077551880783	0.0209684704281056	0.00512845968496319	0.00351012633116559	0.0293589129652277	-0.0391430817640521	-0.0318944333889405	-0.0119193052180773	-0.00552954497540533	-0.0219760032491092	-0.00996167238344817
0.0525707972506639	0.0536018832223872	-0.0317830993498086	-0.03109097758275	0.0167676835751752	0.00148981920508375	0.0209750418409755	0.00514862095846188	0.00348319247909695	0.0293747156485576	-0.0391857959477062	-0.0319040893425452	-0.0119273294943368	-0.00553184720508423	-0.0220139341594498	-0.00997468109872116
0.0525794250240237	0.0536286382605002	-0.0318010925040951	-0.0309922275757465	0.0167699858048541	0.0015209998885989	0.0209752877101645	0.00516522830459217	0.00344508275480065	0.0293717652182895	-0.039213668573042	-0.031908939671092	-0.0119646122040882	-0.00554890158610363	-0.0220338272120151	-0.00999314363964124
0.0525247358932776	0.0536025146591681	-0.0318512442307167	-0.030883860730691	0.0167323063516386	0.00150075479605851	0.0209472195070648	0.00514659253765256	0.00343044795011854	0.0294447269001278	-0.0392234083456884	-0.0318773063647516	-0.0119646960231299	-0.00551176975062725	-0.0220496466591533	-0.00996736649034816
0.0525036540073042	0.0535992471135255	-0.0318636983433304	-0.0307983024438682	0.0167295528961185	0.00150978070986637	0.0209452260108562	0.00515465732644884	0.00340958958158965	0.0294603912820388	-0.0392472841997187	-0.0318714991021453	-0.0119720315862634	-0.00550627541244333	-0.0220842066470333	-0.00996880119294538
0.0524987436084442	0.0535980024007562	-0.031869078128824	-0.0307509991676806	0.0167337620089962	0.00151112879945383	0.0209478928533665	0.00515345731716839	0.0033986889152156	0.0294550338482897	-0.0392538486276685	-0.0318664406229783	-0.0119824628660039	-0.00551100699734771	-0.0220894076185712	-0.0099734657226164
0.0524931137628095	0.0535903608981205	-0.0318644261720093	-0.0307579701179826	0.0167431972391244	0.00152376032903914	0.0209531036037926	0.00516269138159649	0.0034155225727585	0.0294368870257601	-0.0392594561215587	-0.0318839392449187	-0.0119604436037473	-0.00550570683994375	-0.0221186856098396	-0.00996800910300125
0.05247408963431	0.053569570981809	-0.0318647642421441	-0.030770802813268	0.0167347007822634	0.0015025904330719	0.0209443165742536	0.00514979163107772	0.00343362469179925	0.0294331291387235	-0.0392321450838023	-0.0318722967800256	-0.0119505892784106	-0.00549853472394165	-0.0220949284994517	-0.00995775244626432
0.0524764086277972	0.0535626810565807	-0.0318399370419904	-0.0308150872069701	0.0167405960548635	0.0014952758246989	0.0209469484921632	0.00513986186860345	0.00345498737156241	0.0294113753034324	-0.0392197007500769	-0.0318802819407322	-0.0119323334911267	-0.00550090959679003	-0.0220901284623299	-0.00994975610968543
0.0525293599104118	0.0535900619435384	-0.0318069458671744	-0.0308766215594556	0.0167785940204375	0.0015257859558804	0.0209711107279194	0.0051667957206721	0.00344741013019206	0.0293585804830289	-0.0392213547791666	-0.0319086239527016	-0.0119509971977469	-0.00554214856531007	-0.022077812651135	-0.00998319431939057
0.0525396682555578	0.0535800525529745	-0.0317859980916677	-0.0309636774131569	0.0167863319149711	0.00152138685317479	0.020970645532238	0.00516429651624519	0.0034743928767017	0.029348615795954	-0.0392064419746628	-0.0319174934042982	-0.0119257355355603	-0.00552933682478509	-0.0220866150474984	-0.00997009200618768
0.0525629867129608	0.0535761242338865	-0.0317525095905375	-0.0310902050505823	0.0167975804303682	0.00150840607758237	0.0209787200999224	0.00515220981043098	0.00351505628780201	0.0293108692875051	-0.0391699359880311	-0.031924305098421	-0.0119026182438574	-0.00553925541138714	-0.0220551605551136	-0.00996796300252831
0.0525811153746981	0.0535748068779477	-0.0317310058153875	-0.0311865173204562	0.01679972759482	0.00149519759359331	0.0209822083690415	0.00514266701253259	0.00354369026943329	0.029288138960378	-0.0391411455441887	-0.0319306292451178	-0.0118889375792667	-0.00554343379061625	-0.0220221456315691	-0.00996373712584223
0.0526369025348905	0.053615126630977	-0.0317054605654431	-0.0312411030743841	0.016831196057045	0.00152724720117416	0.0210010704473937	0.00516637941943162	0.00352973998692512	0.0292582742358177	-0.0391572862976535	-0.0319578788155769	-0.0119077828938106	-0.00557303029424313	-0.0220317820273974	-0.00999161254514605
0.0526028300944364	0.0535860386295365	-0.0317239314882674	-0.031267754735679	0.0167920944740885	0.00148470344957154	0.0209817054547912	0.00513270931037775	0.0035552125937	0.0292987672148665	-0.0391252869814976	-0.0319259018511655	-0.0118878088161717	-0.00554212621356561	-0.0219993580280969	-0.00996189310692467
0.0526216684240602	0.0536089002731622	-0.0317247403420198	-0.0312404003914178	0.016794034884904	0.00149705977330324	0.0209817459673281	0.005142539886986	0.00353001798674678	0.0293033227797833	-0.0391442454517478	-0.0319288117688968	-0.0119106788417016	-0.00555766486691414	-0.0219937966346796	-0.00997895167889615
0.0526166197237813	0.0536153180177889	-0.0317507549785978	-0.0312001868091746	0.0167836888211893	0.00149849307891644	0.0209772337089162	0.00514750476822314	0.00351272053050643	0.0293258114286734	-0.0391547256259293	-0.031919689463191	-0.0119235730042843	-0.00555008483157573	-0.0219983535965805	-0.00998002176866195
0.052598785825674	0.0536175783379469	-0.0317673371790155	-0.0311335087614964	0.0167747956208641	0.00150627427995494	0.020977862351729	0.00515580005938411	0.00349367963819857	0.0293490376851306	-0.0391800697101736	-0.0319179655848999	-0.0119299851609749	-0.00553689450837904	-0.0220308949425393	-0.00997715795140361
0.052593925718239	0.0536268892364966	-0.031786211830224	-0.0310741970106002	0.0167725506675304	0.00151424407383729	0.0209735833896498	0.0051681507951797	0.00346510432989649	0.0293648752930612	-0.0392016265707167	-0.0319114039509182	-0.0119499326959172	-0.00553992177276871	-0.0220405830267767	-0.00997544664596875
0.0525669583385537	0.0536231453193003	-0.0318209129134909	-0.030975167606791	0.0167549039652829	0.0015249170318147	0.0209632010043503	0.00517761675895652	0.00344578124681488	0.0293952177861593	-0.0392193179764531	-0.0319050895831096	-0.0119608068195947	-0.00552772889616834	-0.0220643988104938	-0.00997831884513126
0.0525242413609316	0.0536091503333033	-0.0318590701352442	-0.0308672561785288	0.016729084906469	0.00151628646448689	0.0209488930939309	0.00516572283693824	0.0034229349700135	0.0294475404259611	-0.0392357493025958	-0.0318772197517419	-0.0119735724596468	-0.00550696691953742	-0.0220755551249451	-0.00996846451979453
0.0524695983306585	0.0535740650794286	-0.0318892827088276	-0.0307820890472339	0.0166973524142626	0.00148544804205871	0.0209292305437303	0.00513828187966727	0.00342627236485748	0.0294825949461871	-0.0392291485530613	-0.0318456074001619	-0.011963127210066	-0.00548221655350525	-0.0220681944160991	-0.00994317771189543
0.0524936627775327	0.0536004317559817	-0.0318752541952138	-0.0307341976407704	0.0167290164542516	0.00151474279713545	0.0209435943335109	0.00515964176546237	0.00339680438376121	0.0294487907266665	-0.0392533191707217	-0.0318644583026419	-0.011993221040007	-0.00551132690669023	-0.0220865312284566	-0.00996837650980073
0.0525078617231979	0.0536069193498098	-0.031860585862915	-0.030741590480249	0.0167515078971097	0.00153882121384993	0.0209519594738733	0.00517761815594055	0.00339323369258448	0.0294240976369795	-0.0392630365916236	-0.0318842563602932	-0.0119927013619484	-0.00551909972582456	-0.0221157840740125	-0.00997496468647894
0.0524725976553676	0.0535687719069447	-0.0318639763431521	-0.0307806766963812	0.0167295207654859	0.00150512176813147	0.0209424446156555	0.00515370877429351	0.0034447614484741	0.0294279714736904	-0.0392308877981767	-0.0318728276339564	-0.0119484826264957	-0.00549450582200358	-0.0221081327924887	-0.00994540869538888
0.0525164308232285	0.0535951930658749	-0.0318274298439836	-0.0308319949046665	0.0167615298605299	0.00152405509266914	0.0209535771813783	0.00516877524704042	0.0034374761767657	0.0293912042510455	-0.0392331215756382	-0.0318972119901731	-0.0119642168576082	-0.00552640036435728	-0.022093222781953	-0.00997464338015239
0.0525207405189562	0.0535846612032844	-0.0318092620666936	-0.0309065421633771	0.0167681194341921	0.00151908881444798	0.0209620890050637	0.00516515007348657	0.00347167015483024	0.0293581641817885	-0.039209298807001	-0.0319106942830317	-0.011936370774969	-0.00552356588376354	-0.0220869014292242	-0.00996704797798967
0.0525463165025492	0.0535881313116111	-0.0317892516674699	-0.0309807443670326	0.0167791667838891	0.00150449871325477	0.0209650226715234	0.00515397978919504	0.00347628020212414	0.0293472174149415	-0.0391891542973106	-0.0319065536223714	-0.0119451717743482	-0.00553241158663173	-0.0220486073030361	-0.00996871877088771
0.0525812746308773	0.0535953956285591	-0.0317391614081456	-0.0311133572668859	0.0168121132552163	0.0015210390041517	0.0209830158258099	0.00516642971085664	0.00352424704572523	0.0292807656786759	-0.0391764138029711	-0.0319503183380149	-0.0118997306778706	-0.00554575557807154	-0.0220735742015927	-0.0099659695063197
0.0526006270506235	0.0535931115596725	-0.0317211947965556	-0.0312216333079795	0.0168153947706991	0.00151312229566244	0.0209923993675291	0.00516595613327099	0.00355075202369714	0.0292675516067507	-0.0391452149586636	-0.0319515071714231	-0.0118908835780184	-0.00555351582434962	-0.02204094484564	-0.0099740203252757
0.0526184944763475	0.0536091908458401	-0.031717140748905	-0.031255823095092	0.016813570309558	0.00151994795962548	0.0209929665430446	0.00517036780883286	0.0035387128153399	0.0292642742822199	-0.0391454524459484	-0.0319559244349211	-0.0119050238503544	-0.0055549826575795	-0.0220263854780955	-0.00996679232991246
0.0526109926721147	0.0536027395735967	-0.0317207533496026	-0.0312715279895399	0.0167965243104427	0.00149999623373106	0.0209862694016122	0.00515980381560967	0.00354891359271569	0.0292840863097115	-0.0391319212586488	-0.0319370511806966	-0.0119023779626045	-0.00555305202565217	-0.022001521956357	-0.00997112018643262
0.0526288740676789	0.0536223644052284	-0.0317235920211485	-0.0312451976345715	0.0168062920227697	0.0015212303909636	0.0209897786254917	0.00517871339141886	0.00351992338015716	0.0292904789086257	-0.0391594586078177	-0.0319447848842782	-0.0119239473960039	-0.00556360204903508	-0.0220151565204747	-0.00998191607900454
0.0525965548421806	0.0536082171479722	-0.0317638908194173	-0.031180420882156	0.0167691224687245	0.00149921531965915	0.0209654836762528	0.00515368083461295	0.00351100643110352	0.0293253713787045	-0.0391514329345742	-0.031912865196212	-0.0119326855311019	-0.0055393713610615	-0.0219958208645369	-0.00995216451015049
0.0525814338870566	0.0536123410448242	-0.0317810010797979	-0.0310958083535204	0.0167620928450933	0.00150012056530959	0.0209632596776795	0.0051571788826202	0.00348614011539699	0.0293603630346493	-0.0391770815613367	-0.0319035333429019	-0.0119474041548257	-0.00553790732179968	-0.0220090419213822	-0.00997115231706528
0.0525963620583847	0.0536407696698033	-0.0317890728535143	-0.0310112768499585	0.0167727965367194	0.0015344947543138	0.0209634133459226	0.00517872317030706	0.00344885461167748	0.0293484244091421	-0.0392146576377341	-0.0319214845876675	-0.011977023010197	-0.0055491306914843	-0.0220422594076108	-0.00997893351810378
0.0525477400292742	0.0536221436817519	-0.0318418523070934	-0.0309171159354885	0.0167391054729051	0.00152375893205511	0.0209427980526147	0.00516787558932609	0.00343948224583056	0.0294131927796534	-0.0392238958931143	-0.031894848293197	-0.0119731631433264	-0.00551426895505416	-0.022066763904454	-0.00996418835168342
0.0525113681531093	0.0536075871081754	-0.0318690599680316	-0.0308389574730644	0.0167282145854192	0.00151700311729349	0.0209374727494982	0.00516856290546809	0.00342438923038712	0.0294556331544379	-0.0392368654928345	-0.0318695740581541	-0.0119814835801999	-0.0055066078946421	-0.0220766713151838	-0.0099710112216784
0.0524708304705716	0.0535854002078355	-0.0318876035340254	-0.0307715138781385	0.0167161530253176	0.00150456157753606	0.0209312896981883	0.00515773069131144	0.00342178245819002	0.0294672197399699	-0.0392421097708773	-0.0318585015627446	-0.0119716851342243	-0.00549003687009655	-0.0220844413403501	-0.00994907577846358
0.0525028563294239	0.053611592261385	-0.0318724308904923	-0.0307476911095013	0.0167480671254476	0.00153687800906634	0.0209526984784244	0.00518638143675106	0.00339654314774789	0.0294321456619675	-0.039267326729575	-0.0318815504022301	-0.0119948233806876	-0.00551777957591767	-0.0221092112641586	-0.00997634909765114
0.0524654297303176	0.0535718857843442	-0.0318829012857856	-0.030773204228813	0.0167318076283404	0.00150472642165141	0.0209588130775169	0.00516705975065348	0.00343430781698916	0.0294350863133474	-0.0392415425953618	-0.0318732453321809	-0.0119530353974444	-0.00549197308995999	-0.0221100480575917	-0.0099431665360232
0.0524865884504126	0.0535802146031218	-0.0318556405394543	-0.0308003699802303	0.016753681604258	0.00151466456602985	0.020975702614421	0.00517599206653143	0.00343450060078509	0.0294028467159387	-0.039244255538345	-0.0318898610602154	-0.0119582964392956	-0.00551491436167531	-0.0221031050469703	-0.00995774825531224
0.0525018071944186	0.0535782448556417	-0.0318393042082255	-0.0308668692139529	0.0167594008568705	0.00150813506268085	0.0209700895325946	0.00516778618234827	0.00345602253672749	0.029380380418793	-0.0392168550936109	-0.0318926354704959	-0.0119494479424593	-0.00552515425460389	-0.0220735141312795	-0.00995808632544712
0.0525270031983558	0.0535856265192481	-0.031811984788565	-0.030931035484348	0.0167785618898048	0.00152103760716767	0.0209782982107458	0.00518118046521312	0.0034741330376724	0.0293447573260674	-0.0392131614678397	-0.0319173285601829	-0.0119369477293727	-0.00553004369870349	-0.0220865843138497	-0.00996351221141365
0.0525592567656048	0.0535861853128595	-0.0317677953897769	-0.0310551770730528	0.0168046240238397	0.00152043411006738	0.0209878200538838	0.00518001817450144	0.00349699887225018	0.0293169964594539	-0.0391973364327653	-0.0319293985021887	-0.0119199604035867	-0.0055382914924075	-0.0220810187294804	-0.00996335574920246
0.0525577354499978	0.0535647932964317	-0.0317560844726663	-0.0311485640583711	0.0167870541557138	0.00149072724470225	0.0209846000056982	0.0051557651347834	0.0035367835803966	0.0292974372860715	-0.0391465770180913	-0.0319217556025691	-0.0118962689514481	-0.00553681767425748	-0.0220215421344688	-0.00994728624192312
0.0526219799514985	0.0536094129663006	-0.0317205172593018	-0.0312137808607555	0.01682604118598	0.00152832846681219	0.0210022858234985	0.00518789017950179	0.00351946656637985	0.0292541698967421	-0.0391637152181524	-0.0319515895934808	-0.0119244265615257	-0.0055708537931268	-0.0220245763837786	-0.00998011536659186
0.0526209629471258	0.0536041267787369	-0.0317171756735057	-0.0312643293308412	0.0168202856117827	0.00151796843325715	0.0210014476330814	0.00517989943085902	0.0035376720622387	0.0292670109739317	-0.0391531316671528	-0.0319520031007532	-0.0119067575075337	-0.00555571048625833	-0.0220322989114879	-0.0099679671934804
0.0526171715324726	0.0536025481867848	-0.0317280525911513	-0.0312499711289967	0.0167994398161101	0.00149926840505223	0.0209882014305236	0.00516178054800994	0.00353575819411971	0.0292875159055014	-0.0391371641397076	-0.0319328392738508	-0.0119200707653249	-0.00555675263634356	-0.0219998805001236	-0.00996695298307574
0.0526067751773328	0.053600891363727	-0.0317476355132622	-0.0312162004370928	0.0167840143184679	0.0014949517244043	0.020977961537595	0.00515583219001677	0.00352232200173402	0.0293146034258131	-0.0391455711895908	-0.0319151171344658	-0.011927293172752	-0.0055478594360184	-0.0219931107155217	-0.00996456414038708
0.0526150942172222	0.0536215262148114	-0.0317581366422041	-0.0311509068005868	0.0167871254018993	0.00152146508428038	0.0209822125599936	0.00517753992483496	0.00348897738995878	0.0293219389889466	-0.0391830285223458	-0.0319243889174627	-0.0119482102146101	-0.00555585716958132	-0.022020420356294	-0.00997493115886225
0.0525852127288536	0.0536069556713945	-0.0317858500113607	-0.0310974609856261	0.0167658716868903	0.00150544167747398	0.0209661444496983	0.00516553983203051	0.00348766143100398	0.0293670028997365	-0.0391875407807578	-0.0319041130912737	-0.0119457710804964	-0.00553303324452439	-0.0220355720450666	-0.00996048913797607
0.0525575706058825	0.0536144728424517	-0.0318342792566752	-0.0309368120133057	0.0167408000145316	0.001515015209021	0.0209531874228343	0.00516950307571925	0.00346366264237912	0.0293742742016046	-0.0392020400779891	-0.0318985405219842	-0.0119670206045533	-0.00553736249802858	-0.0220449080893288	-0.00996752295255935
0.0524992521106305	0.0535856810016252	-0.0318733528999511	-0.0308302193379664	0.0167087448190146	0.00149447116189851	0.0209348561984129	0.00515351878446564	0.0034330826619962	0.0294564587719987	-0.0392245287268792	-0.0318594724666443	-0.0119738406805802	-0.00549876382932232	-0.0220611606015158	-0.00994472696718299
0.0525270255501003	0.0536213446068877	-0.0318598398734438	-0.0307663031277124	0.0167522762383254	0.00154479751152366	0.0209554323761681	0.00519383155257482	0.0033892634639756	0.0294340972486552	-0.0392758581110368	-0.0318899253214807	-0.0120044723493722	-0.00552982018125894	-0.0221128699653292	-0.00997897961857672
0.0524702591041039	0.0535785703529203	-0.0318915947173947	-0.030740904561091	0.0167110442547255	0.00149797759180994	0.0209302265933426	0.00515443241202026	0.00342304393476772	0.0294604792920326	-0.0392373390704202	-0.0318582012111785	-0.0119775091606389	-0.00549543621336654	-0.0220811905585159	-0.00994385804311729
0.0525090128380374	0.0536081598716271	-0.0318616252190322	-0.0307452896939563	0.0167543800962722	0.00154184987522362	0.0209489084607552	0.00518730763716193	0.00340140325518289	0.0294176268069597	-0.0392686804070986	-0.0318918894810247	-0.0119921760959537	-0.00552110020695331	-0.0221185892179417	-0.00996929851925952
0.0524724789117252	0.0535696589918028	-0.0318660173368177	-0.0307894232133833	0.0167332465218897	0.0015018737802653	0.0209408283051346	0.00515754628941969	0.00344768254207761	0.0294263551631695	-0.0392246586463939	-0.0318738851508659	-0.0119539881405518	-0.00549773145812529	-0.0221034235593287	-0.00994054300001776
0.05252416452681	0.0535986128827766	-0.031824010027082	-0.0308462776693735	0.0167773101921153	0.00153145352008385	0.0209662506204844	0.00518167220359113	0.00343951018551113	0.0293727417101254	-0.0392386871600076	-0.0319094383943902	-0.0119686425030103	-0.00553771034705166	-0.0221021187762462	-0.00996483096433651
0.0524867658673842	0.0535537263889583	-0.0318269422965577	-0.0309187685675941	0.0167480252159268	0.00148607528788749	0.0209568586968611	0.00514869918956747	0.00349563122488632	0.0293712623040393	-0.0391820296787655	-0.0318871355443758	-0.0119204339811723	-0.00550899254637868	-0.0220648849609357	-0.00993785659973104
0.0525853789699529	0.0536182530812327	-0.0317560230053691	-0.0310118440254741	0.01682839929502	0.00154791977082726	0.0209950997376561	0.00519979248342424	0.00345818925895563	0.0293042936836831	-0.0392257748366326	-0.0319417660017927	-0.0119614969297048	-0.0055665287305747	-0.0220870606854034	-0.00998683206580067
0.0525794320089438	0.0535931953787143	-0.0317411604922903	-0.0311465370345458	0.0168143386507736	0.00151528482693849	0.0209850177039227	0.00516970563840337	0.00352837233956127	0.0292818287835215	-0.0391646889160203	-0.0319412756603987	-0.0119104916458418	-0.00554905106339467	-0.0220541603145492	-0.00995981020373824
0.0525821659066875	0.0535869885786758	-0.0317365937515013	-0.0312116406812239	0.0167969336267631	0.00149278360519214	0.0209770674678168	0.00514975251552493	0.00354831708053554	0.0292788182829402	-0.0391280474219379	-0.0319295116578951	-0.0119039579515407	-0.00554815000869632	-0.0220006432534031	-0.00995428233793763
0.0526272675360462	0.0536207802253402	-0.0317169731108216	-0.0312430490731357	0.016819907029111	0.00152069674306473	0.0209924189253055	0.00517522931325189	0.00353054325274148	0.0292620279319022	-0.0391530185114465	-0.0319543933404259	-0.0119209718200233	-0.00557072946154826	-0.0220122479997275	-0.00997748763963433
0.0526317001663685	0.0536236035300617	-0.0317204977015254	-0.0312604764488907	0.0168107721505489	0.00151176303020275	0.0209848710205997	0.00516609443468981	0.00353423827549675	0.0292747307076729	-0.0391470659625013	-0.0319445068844565	-0.0119189755298466	-0.00556504513353647	-0.0220090223636058	-0.00997218329127828
0.0526091095376443	0.0536129710846211	-0.0317427307023383	-0.0312390788445269	0.0167892097020697	0.00149127346545738	0.0209796924008062	0.00515125986129163	0.00353518403368402	0.0293078406261314	-0.0391446673409244	-0.0319256573789605	-0.0119160628181473	-0.00555008483157573	-0.0219965207535351	-0.00996173804169751
0.0526205606157256	0.053635106296552	-0.0317608062786825	-0.0311762411059429	0.0167945140504258	0.00151200051748759	0.0209837226997283	0.00516617545976346	0.00349515904428471	0.0293164083291779	-0.0391707001382947	-0.0319242645858842	-0.0119465883161531	-0.00556156664330562	-0.0220052980041859	-0.00997818194069647
0.0525701546380108	0.0536085943336599	-0.0317994552388138	-0.0311042712827648	0.0167479972762462	0.00147674902251351	0.0209576577717254	0.00514035640094953	0.0034981290323292	0.0293757941202276	-0.0391618516414585	-0.0318904938939803	-0.0119386562408395	-0.00552558312870063	-0.0220000257864625	-0.0099550953826422
0.0525813794046795	0.053635353562725	-0.0318018426845184	-0.0310152624453917	0.0167642511854173	0.0015127618737831	0.0209664461982484	0.00516653448465878	0.0034634209641422	0.0293622755057842	-0.0392056345178943	-0.0319076781945143	-0.0119652059223003	-0.00554589667345842	-0.0220340409505714	-0.00997686179078958
0.0525520790616666	0.0536359822055378	-0.0318378261991234	-0.0309078818710604	0.0167510217466678	0.00152137008936645	0.0209561448380226	0.00517221462171848	0.00342692335941474	0.0294129497044325	-0.0392320514858724	-0.0318897716532375	-0.0119874207623208	-0.00553089585896085	-0.0220608378982053	-0.00998199989804624
0.0525292998400986	0.0536328054638571	-0.0318596442956798	-0.0308230374430761	0.0167451180921636	0.00152805046699053	0.0209516046399301	0.00517793387433098	0.0034065581262479	0.0294350974892196	-0.0392564623847857	-0.0318832253860802	-0.0119939502656699	-0.00552153327200213	-0.0220928483902333	-0.00997576655531127
0.0524946797819054	0.0536088024842802	-0.0318772546763426	-0.0307836285236333	0.0167358896156716	0.00151298818519571	0.0209502886809753	0.00516740899666059	0.00341670861219866	0.0294495842135947	-0.0392530174221715	-0.0318743265978189	-0.0119779212709273	-0.00550273266094716	-0.0221078883202837	-0.00995958109835757
0.0524563633039729	0.0535760739424615	-0.0318954098807764	-0.0307622434921257	0.016718382611827	0.00148875330627004	0.020942370575502	0.0051460351410252	0.00343556789658283	0.0294554571344503	-0.0392315206319416	-0.0318587530198697	-0.011956647998142	-0.00548769552486486	-0.0220844692800306	-0.00994226408434082
0.0524685841202538	0.0535853443284743	-0.0318701132939891	-0.0307633219637957	0.0167409299340463	0.00150477391910838	0.0209566030487839	0.00515812184683941	0.0034308684423111	0.0294254108019663	-0.0392434620514169	-0.0318768858725591	-0.0119610568797358	-0.00550301205775286	-0.0220977518041732	-0.00995503251836092
0.0524978383627937	0.0536033556435532	-0.0318411272723827	-0.0307976584342311	0.0167671219875958	0.00152019243183046	0.0209666794945812	0.00517007583917091	0.00342592451583439	0.0293940918170323	-0.0392465954865927	-0.0318932962439413	-0.0119714099283707	-0.00552270813557007	-0.0221003264457377	-0.00997215814556577
0.0524845781903956	0.053573644587236	-0.0318387412236621	-0.0308824441888862	0.0167559181756876	0.00149101781738017	0.020962695296132	0.00515127243414789	0.0034776185128234	0.0293826421359351	-0.0392061667688092	-0.0318897255527646	-0.0119288354431195	-0.00550928032508854	-0.0220757451147729	-0.0099484485326348
0.0525081969993647	0.0535861322274664	-0.0318085733535675	-0.0309367435610883	0.0167749101735544	0.00150596414950063	0.0209743112183286	0.00516270954238886	0.00348125486224948	0.0293503145285326	-0.0392021504397274	-0.0319085303547717	-0.0119307199745738	-0.00552146901073683	-0.0220728240211694	-0.00996278298575079
0.0525598141622322	0.0536044005876065	-0.0317662545163935	-0.031049836403112	0.0168081542024796	0.00151692348920387	0.0209880868778332	0.00517239483265815	0.0034885708676065	0.0293075179228208	-0.0391909228790907	-0.0319252424747041	-0.0119354739112227	-0.00554841822962978	-0.0220558967656966	-0.00997381776259157
0.0525834860565944	0.0536002445601218	-0.0317419567731865	-0.0311605431964151	0.016811217788454	0.00150782772619459	0.0209915751469523	0.0051659365754946	0.00352985593659948	0.0292762492293119	-0.0391578856038017	-0.0319402390982496	-0.0119071305022693	-0.00555033908266891	-0.0220437583714734	-0.00996454039165859
0.0526034307975687	0.0536042078038106	-0.0317318915032615	-0.0312300277850065	0.0168093695785844	0.00150320790001248	0.0209926103121174	0.00516015445860081	0.00354313985772608	0.0292651250454933	-0.0391419418250849	-0.0319415955697412	-0.0119066094272267	-0.00555010858030422	-0.0220121907233823	-0.00996688033990626
0.0526198411689509	0.0536150078873346	-0.0317209349575263	-0.0312622995130479	0.0168129276969049	0.00151130342245739	0.020994357939137	0.00516567953043336	0.0035371761329086	0.0292693313644029	-0.0391495372272476	-0.0319428654282231	-0.0119096227217761	-0.00555283130217568	-0.0220147346312981	-0.00997279936123483
0.0526234439907603	0.0536196388893889	-0.0317224506851972	-0.0312576014557602	0.0168051087772976	0.00150831247965246	0.020991121127143	0.00516002873003825	0.00353293349241417	0.0292824336776058	-0.0391511870653852	-0.0319401566761919	-0.0119145806180931	-0.00555293886994587	-0.0220090530972544	-0.00997505269647273
0.0526014708289767	0.0536083945649439	-0.0317526492889404	-0.0312213930267266	0.0167839626300588	0.00149588351275128	0.0209779769044193	0.00514996904804934	0.00352551131627098	0.029314350571704	-0.0391485286047791	-0.0319172251833648	-0.0119177336110453	-0.00553709288011109	-0.0219976998080551	-0.00996519697415197
0.0526023341651063	0.0536236524245027	-0.0317653758134396	-0.0311474618379726	0.0167860106086446	0.00151201309034384	0.0209806730835942	0.00516511514888586	0.00349338347758454	0.0293239534399156	-0.0391774154405195	-0.0319196028501812	-0.011938976150182	-0.00554139279695067	-0.0220191211611475	-0.00997778938818447
0.052605069459834	0.0536356413414349	-0.0317812371700987	-0.0310847344611269	0.0167870248190492	0.0015208280595634	0.0209705114217712	0.00516970563840337	0.00346306054226286	0.0293493310517765	-0.0392016139978604	-0.0319098044042056	-0.0119635323354342	-0.00554440190054797	-0.0220317191631161	-0.00998412890170561
0.0525225230705766	0.0535859967200156	-0.0318351956781978	-0.0309899421098759	0.0167217786800001	0.00147958769405934	0.0209429950273627	0.00513566253461391	0.00348892011361362	0.0294012080536733	-0.0391762685166321	-0.0318729924780718	-0.0119341411884595	-0.00549873868360981	-0.0220244562431522	-0.00994693699591601
0.0525424440628224	0.0536263919101825	-0.0318469471078452	-0.0308591117616429	0.0167438901432026	0.00152595079999576	0.020954400004971	0.00517098387878941	0.003411521610501	0.0294213972668525	-0.0392447039702182	-0.0318800053378946	-0.0119927418744852	-0.00552378940120809	-0.02206676250747	-0.00998291771655294
0.0525192457460458	0.0536195327186027	-0.0318644457297857	-0.0307995415687015	0.0167427529982034	0.00152957457656557	0.0209503347814482	0.00517849685889445	0.00340873043641215	0.0294417177965305	-0.0392615543915694	-0.0318818577387163	-0.0119859888536917	-0.00550972735997765	-0.0221123796239352	-0.00997489064632543
0.0524900403979469	0.0536011456148202	-0.0318842409934689	-0.0307508287356292	0.0167259975717661	0.00151033810649372	0.0209384967387911	0.00516328370282456	0.00340757652760464	0.0294526338297288	-0.0392472408932139	-0.0318617327868024	-0.0119899367305561	-0.00550211938495867	-0.0220924558377213	-0.0099609571276256
0.0524796761734398	0.0535924354194028	-0.0318746898136663	-0.0307475583960185	0.0167362863591357	0.00151700591126155	0.020946639758693	0.00516738105698002	0.0034183794050967	0.0294321889684724	-0.0392581639113324	-0.0318768579328785	-0.0119705954866821	-0.00549341757144542	-0.0221207461612816	-0.00994796377917693
0.0525006532856111	0.053602214307602	-0.031857981884686	-0.0307735646506923	0.0167594986457525	0.00153112103788507	0.0209610007545055	0.00517787520100179	0.0034147025431338	0.0294084625917331	-0.0392495696655893	-0.0318864133036331	-0.0119854258691282	-0.00551654045108443	-0.02211291187485	-0.00997312066756137
0.0524920492609798	0.0535830155560989	-0.0318456423247626	-0.0308275203648234	0.0167534874234781	0.00150789897238004	0.0209572694101655	0.0051603304785884	0.00344747159748931	0.0294008420438578	-0.0392207121665135	-0.0318886470810946	-0.0119581329921643	-0.00550949825459698	-0.0220985159544368	-0.00995369560464568
0.0525061168901464	0.0535775924641004	-0.0318238186402701	-0.0309023903268445	0.0167647834363322	0.00150629802868343	0.0209636703909839	0.00515832720349159	0.00347613491578518	0.0293670322364011	-0.0392019730227557	-0.0318990993155955	-0.0119333588774036	-0.00551572600939584	-0.0220859458921487	-0.0099576434815101
0.052545618010535	0.053595635909812	-0.0317869773774716	-0.030976100792122	0.0167976907921065	0.00152498967498418	0.0209765058802373	0.00517207911426772	0.00347493350952071	0.0293417580013583	-0.0392075106674445	-0.0319212219546702	-0.0119384941906922	-0.00553646284031425	-0.0220891589554142	-0.0099732841146927
0.0525558145969587	0.0535789209959115	-0.0317593017268838	-0.0310979583119402	0.016797225596425	0.00150264212148096	0.0209792593357574	0.00515612415967872	0.00352435740746348	0.0293051500348926	-0.03916349589166	-0.0319256881126092	-0.0119024142841893	-0.00553563163481732	-0.0220526990692555	-0.00996230521721306
0.0525941171050509	0.0535937318205812	-0.0317304540066962	-0.0311891394594776	0.0168134669327398	0.00150969689082466	0.0209847271312448	0.00516011674003205	0.00353704481640992	0.0292719940159612	-0.0391471651483673	-0.0319381687679194	-0.0119026014800491	-0.00555712004314304	-0.0220267347241026	-0.00997351182308934
0.0525985651021975	0.0535904684658907	-0.0317266765618833	-0.031249198596829	0.0168080578105817	0.00150464539657776	0.0209877222650018	0.00515788156558651	0.00355725079339752	0.0292709211322273	-0.0391379562296517	-0.0319430414482107	-0.0118817473024723	-0.00554641355754895	-0.0220239631077901	-0.00996651572707483
0.0526056715599503	0.0535926351881188	-0.031726812069334	-0.0312638403864313	0.0167979310733594	0.00149219407793213	0.0209781543213909	0.00514876065686472	0.00355530479464588	0.0292868341772955	-0.0391304474404988	-0.031929900019455	-0.0118894824030378	-0.00554587851266605	-0.0220055690190874	-0.00996555599904728
0.0526112119986072	0.0536030706588114	-0.0317367166860958	-0.0312431678167782	0.0167869088693749	0.0014910289932524	0.0209732564953871	0.0051463885779844	0.00354269561680503	0.0293028352323574	-0.0391346747141689	-0.0319240466563757	-0.0119037903134573	-0.00554650715547885	-0.0219967205222512	-0.00997177257797391
0.0526357430381469	0.0536347095530879	-0.031744483917294	-0.031197603785706	0.0167994370221421	0.00152427721312966	0.0209764639707165	0.00516754450411135	0.00350446295791423	0.0293031816843965	-0.0391676100096238	-0.0319321044602519	-0.0119412853647811	-0.00555908001173496	-0.0220164682884775	-0.00998718410577585
0.0525856248391419	0.0536079936305277	-0.0317786206190134	-0.031137416125824	0.0167650768029781	0.00150525029066208	0.0209679647198873	0.00515667596836996	0.00350550790196751	0.0293509641261058	-0.0391689119987383	-0.0319064725972977	-0.0119300256735117	-0.00552616148008841	-0.02202749328643	-0.00996995649873692
0.0525703767584713	0.0536055307476855	-0.0317941369206175	-0.0310723990921556	0.016758098867756	0.00150491082354317	0.0209629760899217	0.0051553083210061	0.00348409073982724	0.0293739375284538	-0.0391859482189653	-0.0318955914887001	-0.0119429715245034	-0.00552388579310606	-0.0220288609337939	-0.00997143590482305
0.0525574937717609	0.0536231131886677	-0.0318269353116376	-0.0309401298503733	0.0167494403607476	0.00152372261047037	0.0209570668474814	0.0051690686136864	0.00343899888935672	0.0293932634055034	-0.0392150809238948	-0.0318926494403362	-0.0119786979940472	-0.00552943740763514	-0.0220427944524937	-0.00998644230725674
0.0525286488455413	0.0536190786987935	-0.0318628657408495	-0.0308267953301126	0.0167334923910788	0.00152114098398578	0.0209447175086698	0.00516268719064441	0.00341218797188258	0.0294384921604088	-0.0392392096320343	-0.0318722758252652	-0.0119948471294161	-0.00551561285368954	-0.0220637939164095	-0.00998504532322828
0.0524993946030014	0.0536044648488718	-0.0318789995093941	-0.0307611887691842	0.0167229465586479	0.00151260680855594	0.0209388431908301	0.00515831043968325	0.00341165572096774	0.0294551036974911	-0.0392475873452529	-0.0318645826342204	-0.0119885844500166	-0.00550494688063227	-0.0220853815106012	-0.00997205476874766
0.052500406019438	0.0536055880240307	-0.0318713272731098	-0.0307419159775276	0.016742241702049	0.0015328407252241	0.0209480576974818	0.00517409635920481	0.00340918026526931	0.0294344115700616	-0.0392606351760787	-0.0318823243313818	-0.0119816051178104	-0.00551426197013402	-0.022113941452079	-0.00998081106463803
0.0524710595759522	0.0535736040746992	-0.0318797524837855	-0.0307492236009805	0.0167240487790464	0.00150472362768336	0.0209349386204706	0.00515364591001223	0.00343426031953219	0.0294407161589821	-0.0392366727090386	-0.0318660508644344	-0.011956793284481	-0.00549126062810548	-0.0220999702148104	-0.00995727328074256
0.0524862126617089	0.0535784306545175	-0.0318617830782274	-0.0307761141465442	0.0167411017630818	0.00151308178312561	0.0209441237904577	0.00516256285906587	0.00344085268716248	0.029413959723885	-0.0392367188095115	-0.031880267970892	-0.0119521678703627	-0.00550326491186201	-0.0221075935566537	-0.00996241557895131
0.0525047394638943	0.0535791654681165	-0.0318350308340825	-0.0308466590460132	0.0167568793006992	0.0015122072711238	0.0209568614908292	0.00516285063777574	0.00346172642251568	0.0293905770052167	-0.0392244281440292	-0.031894553529567	-0.0119406148124474	-0.00551334834257941	-0.0221018743040412	-0.00996849804741121
0.0525278721224215	0.0535848190624796	-0.0318122558034665	-0.0309054455309147	0.0167775979708252	0.00152092305447734	0.0209678795038616	0.00516740899666059	0.00347182801402545	0.0293471014652671	-0.0392118902123738	-0.031915073827961	-0.0119367940611296	-0.00552463737051337	-0.0220925773753318	-0.00996675600832772
0.0525564711794521	0.0535907981541214	-0.031783902615625	-0.031005704280669	0.0167939482718942	0.00151344639595704	0.0209745962030704	0.00516326274806413	0.00348276919293632	0.0293334333735327	-0.039195897539216	-0.0319126039601986	-0.0119338548067337	-0.005533946872079	-0.0220682698532367	-0.0099745455912704
0.0525523556645043	0.0535683989122091	-0.0317598325808147	-0.03112376898885	0.0167858094429445	0.00149100245055585	0.0209724923451236	0.00514598205563212	0.0035433172746977	0.0293002158873041	-0.0391494981116948	-0.0319228662048717	-0.0118840132105664	-0.00552395843627554	-0.0220435963213261	-0.00995204017857196
0.0526054662032981	0.0536001635350482	-0.0317269950742418	-0.0311972140271621	0.0168116508535028	0.00151769322740355	0.0209858614822759	0.00516891773941132	0.00353160775457117	0.029264768814566	-0.0391512611055387	-0.0319422870768353	-0.0119089773151549	-0.00555998665436943	-0.0220194759950907	-0.00997993236168413
0.0526199976311621	0.0536085035296981	-0.0317207784953151	-0.0312383160912473	0.016812838289927	0.00151812070451626	0.020982086831431	0.00516976989966868	0.00353185641772823	0.0292684372946247	-0.0391439045876449	-0.031943893608468	-0.0119115896752882	-0.00555949212202336	-0.0220131476574418	-0.00998048836132745
0.0526114173552593	0.0536020019660296	-0.0317238825938264	-0.0312525513584973	0.0167976642494099	0.00150580768728944	0.0209727018927278	0.00515448410042931	0.00353849767979952	0.029285338007401	-0.0391385150232631	-0.0319305468230601	-0.0119019309277154	-0.00554668177848241	-0.022005545270359	-0.00996825916314234
0.0526223571371862	0.0536186190910481	-0.0317266220795062	-0.0312350848671895	0.0168027925777784	0.0015229389024304	0.0209786125321522	0.00517309053070432	0.00351349585664223	0.0292967248242169	-0.0391590688492738	-0.0319364155529637	-0.0119205848554474	-0.00555136586592983	-0.0220195723869887	-0.00997991699485981
0.0525955755563766	0.0536086236703245	-0.0317588574859628	-0.031185132909284	0.0167764803836024	0.00151292112996234	0.0209698241056292	0.00516157519135775	0.0035023604969514	0.0293322822586932	-0.0391598106477929	-0.0319144479791162	-0.0119254170232018	-0.00553232637060599	-0.0220166037959282	-0.00996704658100564
0.052599468950864	0.0536276715475525	-0.0317708785335277	-0.0311080151999611	0.0167769092576992	0.00152711867864355	0.0209721081745157	0.00517937137089626	0.00346188567869492	0.0293546158423562	-0.0391900707188333	-0.0319111133782403	-0.0119650871786579	-0.00554130758092494	-0.0220325363987728	-0.00998014051230437
0.0525467607434703	0.0535935599915457	-0.0318120085372935	-0.0310362018389942	0.0167328064719208	0.00149651634651617	0.0209495077669034	0.00514863492830216	0.00347578566977807	0.0293908228744057	-0.0391759025068167	-0.0318809636689381	-0.0119444369607493	-0.00551243192105674	-0.0220205363059683	-0.00995191305302537
0.0525411672194203	0.0536163308312095	-0.0318386127011314	-0.0309025886985765	0.0167378523782316	0.00153263117761984	0.0209537043069249	0.00517974296864783	0.0034186937265031	0.0294145771908256	-0.0392337544094031	-0.0318878088906776	-0.0119822840520482	-0.00551574556717224	-0.022064999513626	-0.00996890596674752
0.0525066966385182	0.0535993840179603	-0.0318772407065023	-0.0308099225570169	0.016712590716045	0.00151825481498299	0.0209347458366747	0.00516755707696761	0.00340185867197617	0.0294604834829847	-0.0392378489695905	-0.0318575935231261	-0.011990960719849	-0.00550072938585036	-0.0220611145010429	-0.0099661608931316
0.0525011506119252	0.0535989788925921	-0.0318780034597818	-0.0307668535394196	0.0167230261867376	0.00153626752704591	0.0209372687898301	0.00518190410293986	0.00339783256400616	0.0294567255959482	-0.0392618128336147	-0.0318720131922678	-0.011982715720113	-0.00549670886581646	-0.0221112522578242	-0.0099637944021874
0.052476398848909	0.053579680955223	-0.0318875113330795	-0.0307445101768685	0.0167119983948169	0.00152063527576748	0.0209330135764794	0.00517056338659684	0.00340886594386291	0.0294556219785657	-0.0392452138693886	-0.0318626338415007	-0.0119765550205475	-0.00549050346276206	-0.0220986766076	-0.00995117404847432
0.0524714674952886	0.0535692510724665	-0.0318757906370808	-0.0307493521235111	0.0167249707885052	0.00152359408793975	0.0209362629613296	0.0051715775970015	0.00341899966600533	0.0294346644241708	-0.0392435291066502	-0.0318690851137442	-0.0119669800920165	-0.00549179148203629	-0.0221053066937991	-0.00994895284386907
0.0524870592340302	0.0535745833605031	-0.031843502145231	-0.0307837165336271	0.0167505537570183	0.00153272617253377	0.020950468891915	0.00518222960021849	0.00342654477674303	0.0293996294617211	-0.0392447235279946	-0.0318916030992989	-0.0119616254522354	-0.00550650870877608	-0.0221140113012804	-0.00995810448623949
0.0525015361795171	0.0535696366400584	-0.0318304780631337	-0.0308547573624262	0.016757855792535	0.00152572309159912	0.0209522276948068	0.00517518181579492	0.00344607321647682	0.0293774718980458	-0.0392172825707236	-0.0318907160144408	-0.0119565362394197	-0.00551825035953526	-0.0220786354747278	-0.00995905024442676
0.0525243922352066	0.0535779864135964	-0.0318048503911317	-0.0309181566885897	0.0167808906621803	0.00153914671112856	0.0209671712329592	0.00518444801085568	0.0034560770191046	0.0293432863018854	-0.0392156383205221	-0.0319145974564072	-0.0119492146461266	-0.00552543504839361	-0.0220834732304184	-0.00996203280532751
0.0525166012552799	0.0535472178403697	-0.0317904460888143	-0.0310264634633319	0.0167689869612738	0.00149219547491616	0.0209587320524433	0.00514894086780439	0.00350150554272598	0.0293403009470166	-0.0391660747241765	-0.0318935099824977	-0.0119163254511446	-0.00551268477516589	-0.022029260471226	-0.00993971598547292
0.0525806138574319	0.0535799827037731	-0.0317333848791879	-0.0311428741424232	0.0168200131998972	0.00152710610578729	0.0210089312765218	0.0051879642196553	0.00351518201636458	0.0292626034893219	-0.0391764263758274	-0.0319455923410466	-0.0119135119253113	-0.00555274189519786	-0.0220482398962366	-0.00996962541352217
0.0526098918487003	0.053592742755889	-0.0317213400828946	-0.0312125026203695	0.0168249054379648	0.00153143955024356	0.021013801162845	0.00518800612917615	0.00352599746671289	0.0292438252300114	-0.0391582795532977	-0.0319564357310755	-0.011918208585615	-0.00556622279107246	-0.0220275673265835	-0.00997005289063488
0.0525977827911416	0.053577325640151	-0.0317288893845844	-0.0312650012801589	0.0168013075837562	0.00150860165534635	0.020996864128484	0.00516548115870132	0.00354835479910431	0.0292757714607741	-0.0391358551656729	-0.0319378334917526	-0.0118918502909661	-0.00553876926094523	-0.0220127872355625	-0.00996050310781635
0.0526286547411865	0.0536082422936848	-0.0317273429232649	-0.0312453499058306	0.0168032787282203	0.00151953584933708	0.0209920403426338	0.00517172148635643	0.00351907820481994	0.0292757085964928	-0.0391442328788916	-0.0319360411612441	-0.0119294864376767	-0.00556355315459408	-0.0219891348989767	-0.00998311888225304
0.0526047551384276	0.0535959432462982	-0.0317506837324123	-0.0312185557521648	0.0167803626022175	0.00150605215949442	0.0209796071847805	0.0051602718052592	0.00352472760823102	0.0293094317909398	-0.0391481723738518	-0.0319215628187731	-0.0119184726155964	-0.00554091642539697	-0.0219960471759495	-0.00996674064150341
0.0525897166053613	0.0535968415070285	-0.0317697902829695	-0.0311552514209153	0.0167694367901309	0.00151247130110518	0.0209764597797644	0.00516944021143797	0.0035070292175745	0.0293289490548014	-0.0391683518081429	-0.0319146072352954	-0.0119255315758922	-0.00553206094364058	-0.0220177912323524	-0.00996695996799588
0.0526024431298605	0.0536175476042983	-0.0317729782005225	-0.0310996989540397	0.0167834150123197	0.00153981586647819	0.020981251434982	0.00519410256747634	0.00346865965424891	0.0293441789746796	-0.039204933231912	-0.0319226901848841	-0.0119536863920017	-0.00554472600084257	-0.0220494999758303	-0.00998320130431072
0.0525390270398887	0.0535841946106189	-0.0318275206479455	-0.031003590643834	0.0167338346521657	0.00150690990768789	0.0209606165838977	0.00516767861457808	0.00347095769297572	0.0293844079237471	-0.03918499966681	-0.031886551605052	-0.0119469180043838	-0.00551232016233446	-0.0220305275357398	-0.0099551987594603
0.052529566664048	0.0536019586595248	-0.0318517331751267	-0.0308722797330951	0.0167347007822634	0.00152952428514055	0.0209583534697716	0.0051823581227491	0.00341531861309035	0.029422646170574	-0.0392349390518593	-0.0318807457394297	-0.0119867991044282	-0.005516617285206	-0.0220557905949105	-0.00997552208310629
0.0525157043915337	0.0536029602970732	-0.0318713174942216	-0.0307958633097545	0.0167355236058561	0.00153861725418177	0.0209520460868831	0.00518749483302174	0.00339640484632907	0.029440858651353	-0.039257607911689	-0.0318780677210471	-0.0119901113535597	-0.00550832897896516	-0.0220946644694703	-0.00997364872752413
0.052471734319238	0.0535703225592163	-0.0318862750022143	-0.030761915200879	0.0167163639699058	0.00151561311818518	0.0209457163522501	0.005168312845327	0.00341504201025272	0.0294558301291859	-0.039245676271102	-0.0318634762228699	-0.0119651262942107	-0.00548638375686214	-0.0220976861459239	-0.00995239640949922
0.0524725040574377	0.0535711817043938	-0.0318794479412672	-0.0307420123694256	0.0167328469844576	0.00152887748153537	0.0209537727591423	0.00518421471452292	0.00340888270767125	0.0294348292682861	-0.0392528861056728	-0.0318775927464775	-0.0119715091142367	-0.00549835451300198	-0.0221068182305179	-0.00995848865684732
0.0524866052142209	0.0535753586866389	-0.0318616810983933	-0.0307682114078953	0.0167480657284636	0.00153524493473708	0.0209562957122976	0.0051820438013427	0.00341480312598385	0.0294162968781646	-0.0392526877339408	-0.0318877655841727	-0.0119656110476686	-0.00550258178667209	-0.0221108219867435	-0.00996535343636315
0.0525104838622193	0.0535836805204964	-0.0318348743718713	-0.0308141149060863	0.0167687257252605	0.00153701770746919	0.0209642599182439	0.00518488945780867	0.00341954868072852	0.02939044289475	-0.0392417283942376	-0.0318973698493683	-0.0119707896674621	-0.00552014327289382	-0.0221025448563748	-0.00997748344868224
0.052493140305506	0.0535528365101321	-0.0318352082510541	-0.0308853708704258	0.0167471576888451	0.00150349148777026	0.0209547841755789	0.00515820287191306	0.00347230019462707	0.0293763179892383	-0.0391934248774856	-0.0318887853825135	-0.0119322315112926	-0.00550682023621443	-0.022065685432784	-0.00995070466184076
0.052530446763986	0.0535716357242031	-0.0318079824293235	-0.0309391924740902	0.016778473879811	0.00151896029191736	0.02096721314248	0.00516716731842367	0.00346642308281935	0.0293492961271758	-0.0392005313352384	-0.0319062854014379	-0.0119400979283569	-0.00552474493828356	-0.0220614372043535	-0.00996934461973245
0.052560445599013	0.0535698280268703	-0.0317683052889473	-0.0310661028851393	0.0167951287233983	0.0015115199549818	0.0209770730557529	0.00516694659494717	0.00350817893542992	0.0293028519961658	-0.0391693702094996	-0.0319236722646561	-0.0119117978259084	-0.00553721441772156	-0.0220477774945232	-0.00996773250016362
0.0525971317965843	0.0535817708433295	-0.0317353071292111	-0.031172467852082	0.0168154087405394	0.00152200990805148	0.0209932180001698	0.00517678834742765	0.00352698373743698	0.0292651739399342	-0.0391604448785418	-0.0319452570648798	-0.0119051300211406	-0.00555090905215252	-0.0220364828786532	-0.00997248643681245
0.0526029977325198	0.0535808194972062	-0.0317290835653643	-0.0312318019547226	0.0168073271879348	0.00151377189323567	0.0209894279825006	0.00516913147796768	0.00353852701646411	0.0292653625327781	-0.0391401173639437	-0.0319424756696791	-0.0118979900357711	-0.00554819471218523	-0.0220102992070078	-0.0099674028119329
0.0526009762966307	0.0535795803723729	-0.0317264781901512	-0.0312548563821443	0.0168005895339655	0.00150475436133198	0.0209832491221427	0.00516190208562041	0.00354316640042262	0.0292831223907319	-0.0391377131544308	-0.0319367634019868	-0.01189243423029	-0.00553879440665775	-0.0220054139538603	-0.00996488684369765
0.0526419903507221	0.0536189627491191	-0.031719595249843	-0.0312418267121108	0.0168194977127907	0.00154042634849862	0.0209972622689321	0.00519303666866263	0.00350561407275368	0.0292723474529204	-0.039168850531441	-0.0319508240462332	-0.0119306124068037	-0.00556579671094378	-0.02201708296145	-0.00999454900557387
0.0525929967238601	0.0535830895962524	-0.0317616821876684	-0.0312165678438923	0.0167754661731978	0.00150381558806486	0.0209757612877502	0.00516599245485573	0.00352684962697025	0.0293249201528633	-0.039149112544103	-0.0319195525587562	-0.0119075216577973	-0.00552761853443009	-0.0220066656515498	-0.00996017062561758
0.052588967821922	0.0536019041771476	-0.0317780716042902	-0.0311297145528751	0.0167706549602038	0.00151798100611341	0.0209776108946038	0.00517468169551273	0.00348763907925952	0.0293421477599022	-0.0391825786934887	-0.03191718886178	-0.0119348410774578	-0.00552847348865551	-0.0220257819809952	-0.00996493713512267
0.0525758906544317	0.0536011875243411	-0.0317949709200824	-0.0310756247282773	0.0167635904119719	0.00151451508873881	0.0209689593725156	0.00516971821125963	0.00347277377221272	0.029371740072577	-0.0391892185585759	-0.0319008064300783	-0.0119431573233792	-0.00552954776937339	-0.0220294490640699	-0.00997560031421188
0.052572128576443	0.05362214647572	-0.0318194530651811	-0.0309628671624204	0.0167639634067075	0.00154387829603294	0.0209687959253843	0.00518687736608116	0.00343655696127498	0.0293819254831285	-0.0392245636514799	-0.0319121010459484	-0.0119741438261144	-0.00553208050141698	-0.0220658223372188	-0.00998524090099226
0.0525183153546828	0.0536004527107421	-0.0318705840776067	-0.0308531997252345	0.0167266234206108	0.00151512137980716	0.0209467445324951	0.00516341781329129	0.00341812655098755	0.0294484093500268	-0.0392281077999601	-0.0318712546299404	-0.011980750163585	-0.00550381811753728	-0.0220629291832959	-0.00996656741548388
0.052486561907716	0.0535834067116269	-0.0318855513644876	-0.0307867396070647	0.0167208650524455	0.00151428039542203	0.020943109580053	0.00516742715745296	0.00341429043284541	0.0294650250780612	-0.0392491547613328	-0.0318680723003235	-0.011965140264051	-0.0054913598139715	-0.0220927380284951	-0.0099562101758969
0.0524877842687409	0.0535884512209536	-0.0318757459335918	-0.0307552976875362	0.0167394100154233	0.00152922672754249	0.0209519538859372	0.0051799818529167	0.00340418045943146	0.0294432474940416	-0.0392595553074247	-0.0318770199830258	-0.0119738420775642	-0.0055054931013874	-0.0221085253450007	-0.00996875648945647
0.0524680323115626	0.0535697497957647	-0.0318871830418328	-0.0307435336850326	0.0167282411281158	0.00150831247965246	0.0209432436905198	0.00515877703234876	0.00341272581073353	0.0294467189993523	-0.0392402587670396	-0.0318636913584103	-0.0119658108163847	-0.00549475727912871	-0.0220866360022588	-0.00995393029796246
0.0525011338481169	0.0535864675036332	-0.0318494099906874	-0.0307880374052271	0.0167722950194532	0.00154284452785189	0.0209688350409371	0.00518532950777763	0.00341813353590769	0.0293998012907566	-0.0392642212340797	-0.0319030318256357	-0.0119536081608961	-0.00551438350774449	-0.0221279657747407	-0.009974182375423
