0.0523702504144907	0.0534707609044922	-0.0321778828452984	-0.0306371323965052	0.016833748346865	0.00172924410676886	0.0208828115584328	0.00534459406892586	0.00339724303674615	0.0294108737861662	-0.0391701343597632	-0.0316806906416345	-0.0117701813639917	-0.00553491637899475	-0.0222796586824547	-0.0101889295542454
0.0523979665776153	0.0534782710906292	-0.0321467245135277	-0.0307076074467727	0.0168563236087648	0.0017369778103504	0.0208877289422129	0.00534749979570505	0.00341239751948685	0.0293840293410753	-0.0391607913305809	-0.0316980579470763	-0.0117644369656666	-0.00555138961465831	-0.0222757918306639	-0.0101963950368935
0.0523839143152731	0.0534527747351259	-0.0321389167697926	-0.0307815623842552	0.0168464511226357	0.00171686822526076	0.0208808292380964	0.00532703258270413	0.00346052781021926	0.0293686136223213	-0.0391259603277994	-0.0316998391017126	-0.0117217157970924	-0.00553229423997334	-0.0222639384211824	-0.0101727846098285
0.0524178247055798	0.0534663897414672	-0.0321023465218957	-0.0308642610447718	0.0168719572570273	0.00172064846404177	0.0208911808897472	0.00532951642030673	0.00345974829313139	0.0293469352241677	-0.0391182014785053	-0.0317046419328024	-0.0117309219218399	-0.00555529139104979	-0.0222394604670358	-0.0101890762375684
0.0524524531456772	0.0534728326318064	-0.0320668016602757	-0.0309799704378808	0.0168953427696637	0.00172568319448032	0.0209062739051907	0.005334193522834	0.00349388499485075	0.0292877980962751	-0.0390932736955015	-0.0317296926504007	-0.0117096598249268	-0.00557095437597685	-0.0222245015620591	-0.0101936080537567
0.0524593430709056	0.0534633387283491	-0.0320528038803105	-0.0310627333596627	0.0168838148574608	0.00171037783746455	0.0209047819262483	0.00532132450596386	0.00352156204242254	0.0292781924340954	-0.0390623109414948	-0.0317281000886083	-0.0116941644780832	-0.00556768543335026	-0.0221929576626966	-0.0101819795587038
0.0524931319236019	0.0534880974762854	-0.0320350188766442	-0.0310984807839669	0.0169036785733615	0.00173265554176635	0.0209115698716426	0.0053427304922319	0.00350575237417249	0.0292656908240248	-0.039078567644634	-0.03174507204757	-0.0117099964980777	-0.00558400919172278	-0.0221935457929725	-0.0101986162414987
0.0524846424516609	0.053480323260167	-0.0320442683078967	-0.0311101889071094	0.0168810180954359	0.00171459952319854	0.0209017839985232	0.00533281050864583	0.00351626188501857	0.0292842916663637	-0.0390647947790974	-0.0317308968506332	-0.0117048961093898	-0.00557423728844372	-0.0221778506774128	-0.0101885984690307
0.0524913549599177	0.0534928472219821	-0.032054006683559	-0.0310892159858902	0.0168777393739211	0.00172600589779089	0.0208968735996632	0.00534218287449275	0.00350113673894247	0.0293014871427699	-0.0390819315821745	-0.0317326780052695	-0.0117153273891303	-0.00557355975118992	-0.0221884831228534	-0.0101944252894134
0.0524740672825655	0.0534887247221142	-0.0320842583726953	-0.031035648633319	0.0168548414087106	0.00171669779320929	0.0208870737567036	0.00533495348214548	0.00348418433775715	0.0293327921578636	-0.0390838189075969	-0.0317108724815693	-0.0117257754326791	-0.00556138782934998	-0.022182524985972	-0.0101890482978878
0.0524503255390019	0.0534863735979943	-0.0321029262702675	-0.0309651107187701	0.0168426778687749	0.00171316202663326	0.0208791793999588	0.00532757321552315	0.00346558349541825	0.0293689307376958	-0.0391073594854605	-0.0317023830096284	-0.0117295794201886	-0.00554371179043792	-0.0222095971394595	-0.0101731380467877
0.052443164598872	0.0534912155446369	-0.0321177538587456	-0.0309010813528098	0.0168377297513461	0.00172649763616891	0.0208776510994316	0.00533858424363544	0.00345258874998554	0.0293776171843847	-0.0391217176873049	-0.0316964458275075	-0.0117406519155981	-0.00555406903002489	-0.0222231953819925	-0.0101901337544779
0.0524161986161707	0.0534953184867285	-0.0321633164928337	-0.0307644772695872	0.0168175139954703	0.00172820894160377	0.0208664207448269	0.00533928972056981	0.00340092408966113	0.0294265800775981	-0.0391494659810622	-0.0316717569287726	-0.0117837782095406	-0.00554305939889663	-0.0222250156521816	-0.0101895847397548
0.0523881541617994	0.0534883517273786	-0.0321885893308925	-0.0306751750655681	0.0168100107942534	0.00173208277831468	0.0208613091802668	0.00534019077526817	0.00338403315577306	0.0294562031239215	-0.0391710731330303	-0.0316670784292613	-0.0117825865821644	-0.005528792001014	-0.0222645712549473	-0.0101824699000978
0.0523580491559862	0.0534726412449945	-0.0322043445167654	-0.0306130791255032	0.0167974072043487	0.00172175906634438	0.0208534218084421	0.00532617902546275	0.00337721866768225	0.029470511034341	-0.0391704221384731	-0.0316503565304406	-0.0117855118667199	-0.00551709924469582	-0.0222643225917903	-0.0101720511932136
0.0523521413105299	0.053468834463517	-0.0321987412138273	-0.0305941765346142	0.0168082184637449	0.00173388907866348	0.0208619531899039	0.00534255586922834	0.00337897747057407	0.0294480405462433	-0.0391817167543431	-0.0316651603701902	-0.0117763769881579	-0.00551911788661694	-0.0222838426496199	-0.0101754779950354
0.0523432774468693	0.0534558131753878	-0.0321932999610364	-0.0305951278807375	0.0168086529257778	0.0017234829446355	0.020859258407713	0.00533098744448869	0.0033862739181547	0.02943826026106	-0.0391700617165937	-0.031662155457545	-0.0117701757760555	-0.00551966690134012	-0.0222670914141347	-0.0101684274166438
0.0523739831558148	0.053474136017905	-0.0321637788945471	-0.0306287728440789	0.0168364529079441	0.00173939179875156	0.0208747872821733	0.00534361059216983	0.00338881642908649	0.0294042576698074	-0.0391772422145	-0.0316826128916577	-0.0117740482157824	-0.00554135368139788	-0.0222782728742984	-0.0101893542373901
0.0523812153421301	0.0534621010004998	-0.0321479859901054	-0.0307168037926321	0.0168488036437397	0.00173111187441491	0.0208812818609216	0.00533524126085535	0.0034244129791156	0.0293810914836635	-0.0391481723738518	-0.0316950278887186	-0.0117466771077129	-0.0055437550969428	-0.0222659891937362	-0.0101808480016408
0.0523843725260344	0.0534522494691312	-0.032135888108419	-0.0307758291618024	0.0168502620950654	0.00172237793026899	0.0208916363065405	0.00533500097960245	0.00344399869519457	0.0293583429957441	-0.0391275584775279	-0.0316992467804845	-0.0117323887550698	-0.00554415184040688	-0.0222499350532812	-0.0101732428205899
0.052435211568798	0.0534690691568338	-0.0320866136877672	-0.0308900130483524	0.016890595817935	0.00174024814996101	0.0209063325785199	0.00534844555389232	0.00345438108049406	0.0293102532175485	-0.0391242392434763	-0.0317289410729934	-0.0117287118931069	-0.00556309494383275	-0.0222528072524437	-0.0101801159820099
0.0524531684014998	0.0534670882334814	-0.0320580844799381	-0.0310019645544248	0.0168938004992962	0.00173026530209366	0.0209049998557567	0.00533987086592565	0.00349533785824035	0.0292751246571689	-0.0390876410558988	-0.0317375381127045	-0.0117059494353473	-0.00556460648055154	-0.0222280331376831	-0.0101758384169148
0.0524767816225328	0.0534721271548721	-0.0320346947763496	-0.0310780848171514	0.0169026392172443	0.00173619829326252	0.0209125198207819	0.00534801667979558	0.00350699289598976	0.0292591752905161	-0.0390727003117145	-0.0317443679676197	-0.0117025645430463	-0.00557778423089197	-0.0222068339050512	-0.0101974204231704
0.0524853926320842	0.053479486466734	-0.032040455938483	-0.0311104445551866	0.0168867303631282	0.00172301635197	0.0209013942399793	0.00533137021811249	0.00350351161179085	0.0292784927856615	-0.0390633069911071	-0.0317314877748773	-0.0117121031499926	-0.00556371939569347	-0.0221835825028816	-0.010184294361239
0.0524700132349149	0.0534699185231231	-0.0320491298123157	-0.0311124352574271	0.0168671488380013	0.00170772636177854	0.0208944414504697	0.00532215990241288	0.0035213245551377	0.0293005749121994	-0.0390550829461316	-0.0317217661630233	-0.0116983135206477	-0.00555773052516348	-0.0221767219143178	-0.0101821276390109
0.0524696849436682	0.0534787767988475	-0.0320658195805037	-0.0310609745567709	0.016855398805338	0.00171068377696678	0.0208878546707755	0.00532212218384411	0.00349408476356682	0.0293233136212306	-0.0390702080922077	-0.0317072305442072	-0.011721842922639	-0.00556230564785667	-0.0221681765630158	-0.0101853616570367
0.0524972753782303	0.0535161796492254	-0.032071577948669	-0.0310021140317159	0.0168756355159742	0.00174927126980081	0.0208966472882506	0.00535324419403007	0.00345234008682848	0.0293209527182225	-0.0391138303154803	-0.0317228013281883	-0.0117541998667061	-0.00557803289404904	-0.022207708417053	-0.0102112812987007
0.0524555558472044	0.0534901286910628	-0.0321093188691817	-0.030957153497744	0.0168471929211548	0.00171642538132374	0.0208725185801111	0.00532562861375553	0.00346135901571619	0.0293766197377884	-0.039105616049393	-0.0316952304514027	-0.0117399059261269	-0.00554389060439356	-0.0222100888778375	-0.0101842245120376
0.0524139578537891	0.0534745034247045	-0.0321462453480059	-0.0308584048877245	0.0168139544801658	0.00170216357137722	0.0208625259533555	0.00531078565845318	0.00345713313903011	0.0294052509254516	-0.0391081431935004	-0.0316790268336566	-0.011736375747487	-0.00553099504482688	-0.0222063128300086	-0.010174771121117
0.0524096383791731	0.0534974307265795	-0.0321688932530753	-0.0307238976775286	0.0168176369300648	0.00172629786745284	0.0208606875223741	0.00532886263178141	0.00339351448637419	0.0294347943436854	-0.0391570543983048	-0.0316698011511327	-0.0117865610017253	-0.00553998603403402	-0.0222290277903113	-0.0101936415813734
0.0523730667342921	0.0534856471662995	-0.0321898857320709	-0.0306290634167568	0.0168035958435948	0.0017241702607775	0.020855430671475	0.00532409751926035	0.00338018865572675	0.0294560913651992	-0.0391752752609879	-0.0316588753390462	-0.0117880851113004	-0.00552331582362245	-0.0222585362839444	-0.0101792512488963
0.0523742220400836	0.053488568259903	-0.0321950559699602	-0.0305878984883903	0.0168108531756226	0.00172550438052468	0.020855624852255	0.00532820325531998	0.00336786585961173	0.0294525081011663	-0.0391732705889071	-0.0316527132424966	-0.011801614901616	-0.00553908078838358	-0.0222579397717643	-0.0101957761729689
0.0523734872264847	0.0534849724230137	-0.032181887998508	-0.0306080569679209	0.0168363146065253	0.00174654016602518	0.020867161146362	0.00534794263964208	0.00338604062182195	0.0294268063890107	-0.0391938761033268	-0.0316856569198557	-0.011771079624722	-0.00552935498557747	-0.022312810510434	-0.0101865421085408
0.0523557860418601	0.0534636949592763	-0.0321868933922819	-0.0306170186204634	0.0168162888404773	0.00171922773128482	0.0208538409036506	0.00532333476598081	0.00339788844336729	0.02942843946334	-0.0391548932640127	-0.031661225066182	-0.011771771131816	-0.00552781131822602	-0.0222661610227717	-0.0101727273334834
0.0523474250924498	0.0534456780562613	-0.0321715838443141	-0.0306533639539318	0.0168133146614807	0.00169834980497954	0.0208504196897649	0.00530690483682213	0.00342636316881932	0.0294185585953067	-0.0391359850851876	-0.0316600641724544	-0.011747029147688	-0.00552144246804029	-0.0222508291230594	-0.0101667161112089
0.0523923493048369	0.0534701057189829	-0.0321402941960447	-0.0307182091585647	0.016842927928916	0.00171832947055452	0.0208668230762271	0.005320693069183	0.0034325965115543	0.0293678843966585	-0.0391344456087882	-0.0316884089783918	-0.0117475013282897	-0.00555179893097865	-0.0222447522425356	-0.0101862990333198
0.0524079005310417	0.0534666132589118	-0.032121211394216	-0.0307966693695389	0.0168507901550281	0.00171371942326062	0.0208684938691251	0.00532003928065768	0.00345496501981795	0.0293557641632276	-0.0391199896180617	-0.0316979587612103	-0.0117322183230184	-0.00554570249267847	-0.0222426791182374	-0.0101818566241093
0.0524592997644007	0.0534820261836977	-0.0320679122625783	-0.0309370481036065	0.0168948803679502	0.00173588257487209	0.0208877065904685	0.00534139776946875	0.00348369958429928	0.0292958740609436	-0.0391094940770559	-0.0317344018835606	-0.0117132291191195	-0.00557000861778958	-0.0222543341559868	-0.0101943386764036
0.0524619037426297	0.0534682910367299	-0.0320564569935449	-0.0310382903301168	0.016882106345994	0.0017071941108637	0.0208878071733185	0.0053187442764633	0.00351942884781108	0.0292834800186431	-0.0390620077959606	-0.0317265452453846	-0.0116964764866503	-0.00556362719474759	-0.0222051714940574	-0.0101803800119913
0.0524889549413568	0.0534857980405746	-0.0320411404606569	-0.0310927782951627	0.0168948524282697	0.00171779442567162	0.0208930207177127	0.00532833876277074	0.00352126727879253	0.0292681746616274	-0.0390658690598153	-0.0317393025035325	-0.0116966050091809	-0.00557587036277299	-0.0221974322025397	-0.010189203363115
0.052478900847304	0.0534761239261775	-0.0320452713424291	-0.0311146564620324	0.0168764387817906	0.0017034487966834	0.0208887333737294	0.00531520012798311	0.00353264850767237	0.0292887424574783	-0.0390580864617928	-0.0317288376961753	-0.011684240303545	-0.00556030935768001	-0.0221926223865297	-0.0101762128086344
0.0524907724175778	0.0534910800371861	-0.0320502306357301	-0.0311160841797095	0.0168769780176256	0.00171024652096587	0.0208887808711864	0.00532101437550954	0.00351758622587755	0.0293015975045082	-0.0390664208685065	-0.0317214364747925	-0.011699213178362	-0.00556587214808132	-0.022185712903525	-0.0101930855817301
0.0524832538495366	0.0534958102251065	-0.0320745353638572	-0.0310672316482343	0.0168603399378466	0.00170865116520538	0.0208807705647672	0.00531702738309233	0.00349321444251709	0.0293296629136399	-0.0390714583929132	-0.0317049492692887	-0.0117234508512558	-0.00556474059101827	-0.0221706338579218	-0.0101917305072225
0.0524905209604527	0.0535184329844633	-0.0320840097095382	-0.0309924622690633	0.016869685760997	0.00173650423276474	0.0208832544023698	0.00533614091856967	0.00345682859651191	0.0293400816205241	-0.0391101241168528	-0.0317137754143805	-0.011748303197122	-0.00556905168373009	-0.0222092101748836	-0.0102045129110829
0.0524414868210538	0.0534838604237271	-0.0321197445609861	-0.0309271225320843	0.0168278265315683	0.00170018823596099	0.0208592765685054	0.00530851975035903	0.0034577953094596	0.029390199819529	-0.0390943381973312	-0.0316750789567922	-0.011742262638183	-0.00554045821463564	-0.0221871657669146	-0.0101829825932363
0.0524464391294347	0.0535132208370532	-0.0321398262063952	-0.0308049800275242	0.016837875037685	0.00174052335581461	0.0208692356676442	0.00534290930618754	0.00340972927999249	0.0293900559301741	-0.0391461146163779	-0.0316922325236777	-0.0117772305453993	-0.00555515308963098	-0.0222286827352563	-0.0102057687997244
0.0523625222988453	0.0534643068382808	-0.0321926294087028	-0.0307038691175126	0.0167859435534112	0.00169903013620139	0.0208399688522481	0.00530861334828893	0.00341875100284826	0.0294661328863958	-0.0391397974546012	-0.0316479173963269	-0.0117511767932685	-0.00550643466862258	-0.0222353519370081	-0.010168092140477
0.0523880996794223	0.0535007695184075	-0.0321860063074239	-0.0306175620472505	0.0168165947799796	0.00173918085416327	0.0208497435494952	0.00534087390045808	0.00336319155105251	0.0294511642025309	-0.0391836222405579	-0.0316637577982256	-0.0117965662013371	-0.00553716133232848	-0.0222667044495588	-0.010198237658827
0.0523517655218262	0.0534729960789378	-0.0322052413805117	-0.0305877126895145	0.0168023441459053	0.0017176211996521	0.0208505132876948	0.00532637739719479	0.00337674648708063	0.029457454821611	-0.0391649040515607	-0.031650180510453	-0.0117843076664874	-0.0055228911404778	-0.0222607491066455	-0.0101798323942521
0.0523633856349749	0.0534773518751385	-0.0321944929853967	-0.030590978838173	0.0168244919306924	0.00173565626345948	0.0208708505811811	0.00534883810640431	0.00337196041979914	0.0294308758034856	-0.0391820729852704	-0.0316696963773306	-0.011784779847089	-0.00553368982701777	-0.0222835283282135	-0.0101841714266445
0.0523667719242599	0.0534739655858535	-0.0321757286959265	-0.0306207625376597	0.0168326614932908	0.00173785791028832	0.0208691406727303	0.00534831284040961	0.00338708137492315	0.0294098986913143	-0.0391722493935823	-0.0316782682713292	-0.0117731457641	-0.00553756785468076	-0.0222842994633972	-0.0101836685123943
0.0523627611831142	0.0534573708125795	-0.0321644061403759	-0.0306928119889274	0.0168285389934229	0.0017093049537307	0.0208631629780725	0.00532186094783079	0.00342178385517405	0.0294053962117906	-0.0391370551749534	-0.0316671021779897	-0.0117498426735214	-0.00553049213057663	-0.022251251012236	-0.0101772186371349
0.0523910249639779	0.0534673508664788	-0.032137215243246	-0.0307557433254413	0.0168498737335055	0.00172236954836482	0.0208779263052852	0.00533830065587767	0.00343603309226431	0.0293602345121186	-0.0391353899699914	-0.031690627389029	-0.011740890799867	-0.00554903290260231	-0.0222521115543975	-0.0101821024932984
0.0524116374633178	0.0534658351388079	-0.0321115065461703	-0.0308461295890665	0.0168683181136332	0.0017181269078704	0.020888368760898	0.00533307453862721	0.00345047651013452	0.0293434748947292	-0.0391175714387085	-0.0316957640993016	-0.0117347175274453	-0.00555376728147475	-0.0222382269301387	-0.0101816289157127
0.052459562397398	0.0534805230288831	-0.0320666885045694	-0.0309682790785467	0.0169003286056612	0.0017282103385878	0.0209035483893512	0.00533940287627612	0.00348208467076238	0.0292823233158676	-0.0390975414817085	-0.0317264949539596	-0.0117165651169795	-0.00558081009829761	-0.0222256624557868	-0.0101939419329395
0.0524931053809053	0.053491267233046	-0.0320371241315751	-0.0310744121461406	0.0169143361645146	0.00173627233341602	0.0209116997911572	0.00534621317341484	0.00350726810184337	0.0292549577957341	-0.0390867302223122	-0.031748607814146	-0.0116985789476131	-0.00558481804547525	-0.0222271893593299	-0.0101976593074392
0.0524890499362707	0.0534827190877758	-0.0320536742013603	-0.0311031215649094	0.0168860067254015	0.00170975338560383	0.0208940991893827	0.00531915778373572	0.00351358386663602	0.0292785514589907	-0.0390507983961163	-0.0317176380752192	-0.011714771389487	-0.00557465778063629	-0.0221725267712804	-0.0101857332547883
0.052494561038263	0.0534900630328134	-0.0320454138348	-0.0311180399573493	0.0168834935511343	0.00171115176661631	0.0208929941750162	0.00532151728975979	0.00351435639880376	0.0292846213545944	-0.0390581395471859	-0.0317192571797081	-0.0117078297758496	-0.00557426522812429	-0.0221794879426942	-0.0101903251412898
0.0524749683372639	0.0534803498028636	-0.0320637771898541	-0.0311019369224533	0.0168665830594698	0.00169855516163172	0.0208882653840799	0.00531493330403367	0.00351412030850295	0.02931366604953	-0.0390585768031868	-0.031706976293114	-0.0117014497497916	-0.00556214080374132	-0.0221748290009593	-0.0101817546442753
0.0524831658395428	0.0534988514593365	-0.0320774620453968	-0.031045616114362	0.0168682538523679	0.00171944845476132	0.020890874950245	0.00533377023667338	0.00348052004865051	0.0293250151477772	-0.0390879525833371	-0.0317080994682729	-0.0117282774310741	-0.00556894132199184	-0.0221873292140459	-0.010196221810874
0.052469872139528	0.0535024556781299	-0.0321000987745939	-0.0309630655341525	0.0168546472279307	0.00172021400200891	0.0208825880409882	0.00533610040603285	0.00345318945311778	0.029358436593674	-0.0391053366525873	-0.0316959568830975	-0.0117463767561468	-0.00556647704216565	-0.0222025228123394	-0.0101976690863274
0.052445127361432	0.0534957264060648	-0.0321312808550931	-0.0309019349100512	0.0168346186679147	0.00170563926764002	0.0208662698705518	0.00531866464837368	0.00344920944562071	0.0293851678830585	-0.0391064779885385	-0.0316791050647622	-0.011743003039718	-0.00555190510176481	-0.0221987914679994	-0.010187925122729
0.0524160617117359	0.0534971932392947	-0.0321626040309792	-0.0307901622179344	0.0168250213876392	0.00171810315914191	0.020863825148502	0.00532925099334132	0.00341824389764593	0.0294202070364603	-0.0391442831703166	-0.0316730114204301	-0.0117525556165046	-0.00553675900092829	-0.022241581088791	-0.0101869500278771
0.0523486879660115	0.0534616260259302	-0.0322095482822714	-0.0306715470980462	0.0167791053165919	0.00168284887019978	0.0208426301068223	0.0053030938643925	0.00340538605664802	0.0294754549608177	-0.0391374938279383	-0.0316287382026003	-0.0117598478731332	-0.00551130595192981	-0.0222189667113384	-0.0101613852201563
0.0523673600545359	0.053489059998281	-0.032196173557183	-0.0306038352821869	0.0168112778587673	0.00172494558691329	0.0208561612941219	0.00533548992401241	0.00336480367062135	0.029454407999445	-0.039184312350668	-0.0316520650419074	-0.0117879579857538	-0.00553630917207112	-0.0222579844752532	-0.0101848685216747
0.0523535871889993	0.0534768964583452	-0.0322036432307831	-0.030583320571729	0.0168118101096821	0.001724047326183	0.0208540783909355	0.00533702800342774	0.00337108031986121	0.0294448596136105	-0.0391762922653606	-0.0316527174334487	-0.0117848552842266	-0.00553034544725364	-0.0222610955586845	-0.0101811176195583
0.0523601390440928	0.0534711995574772	-0.0321892459133859	-0.030611793900197	0.0168352151800949	0.00173236496908843	0.0208639830076972	0.00534744671031197	0.00338194606163454	0.029424857596291	-0.0391816538900618	-0.0316701266484114	-0.0117692062691398	-0.00552812983058451	-0.0222899935702972	-0.0101770021046105
0.0523482339462023	0.0534519854391498	-0.032183604891879	-0.030633980800537	0.0168214995909035	0.0017075182111583	0.0208540895668077	0.0053253715686943	0.0034021157170374	0.0294229660799165	-0.0391514035979096	-0.031658182434968	-0.0117621347359878	-0.0055230923061779	-0.022253261272253	-0.0101681200801575
0.0524045184327088	0.053481693701499	-0.0321383621671334	-0.0307140643069523	0.0168702291877841	0.00174985520912471	0.0208795286459659	0.00536073482239065	0.00340520305174029	0.0293667989400684	-0.0391690586820613	-0.031702167874088	-0.0117652835379879	-0.00555722062599309	-0.0222765713477518	-0.0101958334493141
0.0523745168037137	0.0534461264881344	-0.03214408980165	-0.0307754924886516	0.0168398252273888	0.00170872241139083	0.0208755891510056	0.00533057673118433	0.00344574352824611	0.0293703919829895	-0.0391170741123944	-0.0316848955635602	-0.0117341531458978	-0.00553214755665035	-0.0222399871300146	-0.0101636525252345
0.052409386922048	0.0534539062921889	-0.0321104266775163	-0.0308713353718919	0.0168628712729062	0.00170458873565062	0.020883905396927	0.00532563839264373	0.00345837366084738	0.0293424089959155	-0.0391044439797931	-0.0316905938614123	-0.0117347328942696	-0.00554944640987473	-0.0222099226367381	-0.0101701778376314
0.052467512633504	0.0534805383957074	-0.0320583359370632	-0.0309945046597129	0.0169093293737566	0.00173707699621641	0.0209152090150367	0.00534842599611592	0.00347751792997335	0.0292715204383755	-0.0391046339696209	-0.0317393988954304	-0.0117214671339353	-0.0055723904755581	-0.0222314138390319	-0.0101849858683331
0.0524590594831478	0.0534621834225575	-0.0320601282675717	-0.0310723599766028	0.0168862134790377	0.00170946840086202	0.0209057276844356	0.00532801466247614	0.00350914145742553	0.0292796299306607	-0.0390596440989845	-0.0317205829175512	-0.0117041263711901	-0.00556689613737418	-0.0221805678113482	-0.0101751329399804
0.052483368402227	0.0534779986787437	-0.0320460117439642	-0.0311075290495192	0.0168955243775874	0.00172014275582346	0.0209078413212706	0.00533739261625917	0.00350490719883528	0.0292789943029278	-0.0390737801803685	-0.031731768568667	-0.0117066171937129	-0.0055694987186192	-0.0221898982676742	-0.0101810659311492
0.0524740463278051	0.0534726328630904	-0.032053612734063	-0.0311105032285158	0.0168769933844499	0.00170310932956449	0.0208971781421814	0.0053237566551574	0.00351002435133151	0.0292977907230306	-0.0390597446818345	-0.0317160343375545	-0.0117076467709418	-0.00556297340622228	-0.0221710124405935	-0.0101740041768854
0.0524972208958531	0.0535022447335416	-0.032058668419262	-0.0310818524830762	0.0168886568041035	0.0017296143075364	0.0209073663467009	0.00534485251097113	0.00348049350595396	0.0293016310321249	-0.0390892978789565	-0.0317237051768548	-0.0117337130959288	-0.00557933907411565	-0.0221877133846537	-0.0101977906239379
0.0524599493619739	0.0534805970690366	-0.0320836911971797	-0.0310376295566713	0.0168648857238752	0.00172327758798332	0.0209001355573697	0.00533983454434091	0.0034794541498368	0.0293343875136241	-0.0390925053542859	-0.0317103053060538	-0.011721251998395	-0.00555091883104072	-0.0222064553223795	-0.0101797639420347
0.052483470382061	0.0535162103828741	-0.0320957765060099	-0.030951456596876	0.0168811424270144	0.00174887732030479	0.0208960074695656	0.0053562700614357	0.00342163717185106	0.0293532370191201	-0.0391294905064393	-0.031703101059419	-0.0117837181392274	-0.00557762218074467	-0.0222063142269926	-0.0102093730185179
0.0524264301271951	0.0534845617097094	-0.0321388692723357	-0.030873648777443	0.0168367532595102	0.00172232484487591	0.0208742606191946	0.00533219862964137	0.003440436385922	0.029388330654899	-0.0391182461819942	-0.0316834524790588	-0.011754391253518	-0.00554386964963313	-0.0222131971673008	-0.0101796214496638
0.0523869345947426	0.0534771632822947	-0.0321835504095018	-0.030739627717689	0.0168051031893615	0.00170895850169164	0.0208564686306082	0.00531617242886691	0.00339819158890147	0.0294519437196188	-0.0391395250427157	-0.031648114371075	-0.0117784640822964	-0.00552502712905731	-0.022211096103322	-0.0101755310804285
0.0523901546429282	0.0534939061358757	-0.0321858735939412	-0.0306587353575212	0.0168264057988114	0.00174353804734803	0.0208659695189857	0.00534838268961104	0.00336736993028163	0.0294510957503135	-0.0391858588119875	-0.0316687883377121	-0.0117917396215188	-0.00553342998798848	-0.0222734113698794	-0.0101889854336066
0.0523721181821368	0.0534872467130121	-0.0321994173540971	-0.0306146116169824	0.0168201934108369	0.00173524694713914	0.0208604500350893	0.00533982336846868	0.00335912353356165	0.0294556121996775	-0.0391843821998694	-0.0316583933795563	-0.0118018859165175	-0.00552616427405647	-0.0222718229990391	-0.0101731366498037
0.0523416024630192	0.0534585638369398	-0.032215270328852	-0.0305944335796754	0.0167994677557907	0.00171642119037165	0.0208517943220489	0.00532951362633867	0.00337876512900175	0.029462312135078	-0.0391659923021188	-0.0316422833597402	-0.0117855523792568	-0.00551812323398868	-0.0222482474965748	-0.010168537778382
0.0523789759767325	0.0534846720714476	-0.0321815848529738	-0.0306227071394273	0.0168433456271405	0.00175345942791813	0.0208760250100225	0.00535971223008182	0.00337396090092789	0.0294125138454156	-0.0391909801554358	-0.0316802575765857	-0.01178443339505	-0.0055387524971369	-0.0222927260710569	-0.0101912234020201
0.0523557860418601	0.0534565647527951	-0.0321783773776445	-0.0306726521124127	0.0168261683115266	0.00171415388529347	0.0208718117061927	0.00532997323408404	0.00341127713829602	0.029417442405068	-0.0391486571273097	-0.0316683105691744	-0.0117589412304987	-0.00552334096933496	-0.022265043435549	-0.0101678546531921
0.0523635602579785	0.0534511737914293	-0.0321638082312117	-0.030728088629614	0.0168284216467645	0.00170418081631431	0.0208705111140622	0.00531646858948094	0.00343507755518884	0.0293920019289257	-0.0391242085098277	-0.0316706169898053	-0.0117449308776773	-0.00553192823015788	-0.0222312517888846	-0.0101665624429658
0.0524014646256226	0.0534696991966306	-0.0321287201833689	-0.0307995960510786	0.0168632861771627	0.00173010464893039	0.0208932833507101	0.00533861497728407	0.0034380014427604	0.0293567490369676	-0.0391374449334973	-0.0317005725183275	-0.0117402188505493	-0.00554802567711779	-0.0222531383376584	-0.0101834869044706
0.0524221623409882	0.0534624572314271	-0.0320939855724854	-0.0309304431631199	0.0168818828285495	0.00171481605572295	0.0208997877083466	0.00533068010800243	0.0034738089373778	0.0293189075336048	-0.0390969659242887	-0.0317067192480527	-0.0117202587427507	-0.00555553586325477	-0.0222240587181221	-0.010176535511945
0.0524711252342016	0.0534856038597946	-0.0320526669758757	-0.0310335615391805	0.0169116902767647	0.00173706861431224	0.0209182404703785	0.00535181507936896	0.00348363392604994	0.0292705062279709	-0.039093198258364	-0.0317378426552227	-0.0117211625914171	-0.00558026667151054	-0.022215954813773	-0.0101950301834977
0.0524760496029019	0.0534804252400011	-0.0320515647554773	-0.0310959606247795	0.0168985544359451	0.00172142937811367	0.0209124136499958	0.00533834396238255	0.00350460684726916	0.0292721448902362	-0.0390678220434871	-0.031730884277777	-0.0117087950918132	-0.00557402354988737	-0.0221884998866618	-0.0101864177769623
0.0524878443390541	0.0534864532260839	-0.0320521752374977	-0.0311169111942543	0.0168948147097009	0.00171751083791385	0.0209071987086175	0.00533071503260315	0.00350151532161418	0.0292847889926778	-0.0390657279644284	-0.031724699829483	-0.0117125348180574	-0.00557239885746227	-0.0221780909586657	-0.0101883023084166
0.0524928245871156	0.0534956803055919	-0.032058572027364	-0.0311092487368582	0.0168872779808674	0.00172497212960983	0.0209056745990425	0.00533598585334251	0.00349744311317123	0.0292916914907624	-0.0390738234868733	-0.0317303143082934	-0.0117149753491551	-0.00557282773155901	-0.0221893827805677	-0.0101824056388325
0.0524806498713076	0.0534909710724319	-0.032078748667687	-0.0310871805801607	0.0168711693580352	0.00171889944003813	0.0208968079414139	0.00533398118126168	0.0034905881125436	0.0293229462144311	-0.039074643516498	-0.0317101460498746	-0.0117203104311598	-0.0055645506011904	-0.0221833408246447	-0.010187092520248
0.052455974942413	0.0534892737368374	-0.0321110455414409	-0.0309953135134654	0.0168382689871811	0.00170267347054761	0.020877028044555	0.00531744228734878	0.00346729899180519	0.0293578833879987	-0.0390814817533173	-0.031684149574089	-0.011739710348363	-0.00554917120402112	-0.0221687660902758	-0.0101762058237142
0.0524489020122769	0.0534914320771613	-0.0321153915587534	-0.0309527655709106	0.0168450764903517	0.00171616414531042	0.0208771076726446	0.00532865308417714	0.00346002489596902	0.0293741009755851	-0.0391151979628441	-0.0316910660420139	-0.0117299300631797	-0.00554330247411758	-0.0222124958813186	-0.0101813118003382
0.0524140416728308	0.0534875289037858	-0.0321532470319566	-0.0308331530044261	0.016817547523087	0.0017145632016138	0.0208661413480212	0.00532349821311214	0.00343604985607264	0.0294029431078366	-0.0391185199908638	-0.031673153912801	-0.011751692280375	-0.00553790732179968	-0.022212420444181	-0.0101822198399567
0.052404529608581	0.0535002568252691	-0.0321737785062228	-0.0307198869363829	0.0168209100636435	0.00173363901852238	0.0208652570571312	0.00533861777125213	0.00338751164600392	0.0294350499917626	-0.0391649124334648	-0.031669321985611	-0.0117833996268689	-0.00553787519116702	-0.0222445971773085	-0.01019200012514
0.0523812041662579	0.0534950362959547	-0.0322009484485922	-0.030632951223308	0.0168077546650475	0.00172741266070755	0.0208544038882141	0.00533116206749225	0.00336628726765957	0.0294588420267513	-0.0391693730034677	-0.0316510061280139	-0.0118023441272788	-0.00553317154594321	-0.022241972244319	-0.0101903363171621
0.052368349119228	0.0534839470367369	-0.0321956538791244	-0.0306212864066704	0.0168193971299406	0.00173089673887452	0.0208642358618064	0.00533618841602664	0.0033826459506328	0.029450971418735	-0.0391822951057309	-0.0316654705006445	-0.0117773576709458	-0.0055270052584416	-0.0222816940881841	-0.0101858687622391
0.0523485063580878	0.0534672335198204	-0.0322070700326049	-0.0306050981557486	0.0168107525927726	0.00171525610569192	0.0208602851909739	0.00532072659679968	0.0033849090647589	0.0294489206461812	-0.0391625976309297	-0.0316495728224007	-0.0117788049463993	-0.00552518917920461	-0.0222511783690665	-0.010177078938732
0.0523495764478536	0.0534607040164714	-0.0321871350705189	-0.0306395002844334	0.0168270889240013	0.00171976836410384	0.0208768226879028	0.00533426895997154	0.00340508989603399	0.0294217828344444	-0.0391659978900549	-0.0316716367881461	-0.0117548466703113	-0.00552508021445039	-0.0222747399016905	-0.0101761653111774
0.0523679900943327	0.0534639184767209	-0.0321649663309713	-0.0306834480049846	0.0168416804221786	0.00171793133010642	0.0208851556976325	0.00533366127191916	0.00341290881564126	0.0293956047507351	-0.0391519651854891	-0.031681743967592	-0.0117607293700551	-0.00553914365266486	-0.022256996807545	-0.0101798575399646
0.05237551425031	0.0534568245918244	-0.0321489038086121	-0.0307628944866829	0.0168486457845444	0.00171316202663327	0.0208855943506174	0.00532889196844601	0.00344034837592821	0.0293686848685068	-0.0391238774246129	-0.0316865356228096	-0.0117358155568916	-0.00553955436596923	-0.0222425659625311	-0.010177518988701
0.0524011698619926	0.0534632577032754	-0.032122734106807	-0.0308384252221495	0.0168666123961344	0.0017100956466908	0.0208909545783346	0.00532575853327018	0.00344821199902439	0.0293526097732913	-0.0391168855195505	-0.0316940499998987	-0.01173494802981	-0.0055481192750477	-0.0222239958538408	-0.0101795124849096
0.0524457601951969	0.0534748121581748	-0.0320754839160125	-0.0309624788008605	0.0168939248308748	0.00172764036910419	0.0209052806495465	0.00533856468585904	0.00347907836113314	0.0292921245558112	-0.0390996537215595	-0.0317243603623641	-0.0117159727957514	-0.00557069593393159	-0.0222190351635558	-0.0101895051116651
0.0524647088865589	0.053475119494661	-0.0320559987827836	-0.0310530983608184	0.0168960203069175	0.00172088455434257	0.0209085384163008	0.00533985549910134	0.00349858584610651	0.0292716447699541	-0.0390717643324154	-0.0317271599183571	-0.0117116197935188	-0.00557588712658133	-0.0221926209895457	-0.0101872084699224
0.0524759657838602	0.0534787320953586	-0.0320448312924601	-0.0311018558973796	0.0168994540936594	0.00172440774806234	0.0209088653105635	0.00534505507365525	0.00350653468522843	0.0292676354257924	-0.0390701857404632	-0.0317349243555873	-0.0117055037974422	-0.00557477792126274	-0.0221882037260477	-0.0101863674855372
0.0524662721116867	0.0534727935162536	-0.032055329627434	-0.031107861531718	0.016873465999778	0.00170494636356191	0.0208928013912203	0.00532304559028692	0.00350998383879469	0.0292912458528573	-0.039051716214623	-0.0317128785506342	-0.0117064579375336	-0.00556562907286037	-0.0221581112930907	-0.0101765704365457
0.0524928022353711	0.0535024081806729	-0.032055331024418	-0.0310934907570172	0.0168878814779677	0.00173033654827911	0.0208985667443057	0.00534360779820177	0.00348479202580953	0.0292919820634403	-0.039079992568343	-0.0317280120786145	-0.0117253242068379	-0.0055790862200065	-0.0221778045769399	-0.0101933356418712
0.0524498324036398	0.0534717988636254	-0.0320951045566922	-0.0310552343493979	0.0168479291317378	0.00170272236498861	0.0208861517472448	0.00532573897549378	0.00349227008131385	0.0293392462240751	-0.0390697205447818	-0.0316970199879432	-0.011711878235564	-0.00555017284156953	-0.0221684936783902	-0.0101680655977804
0.0524644308867372	0.0534991825445512	-0.0320997509255708	-0.0309759275661025	0.0168639357747359	0.00173249768257113	0.0208959669570287	0.0053502169296404	0.0034448648252922	0.0293514977740047	-0.03911460005368	-0.0317042144556897	-0.0117489122821584	-0.00556534688208662	-0.0222014597074938	-0.0101923815017797
0.0524439748496085	0.0534928081064293	-0.032121950398767	-0.0309043391195642	0.0168494700051212	0.00172898426773956	0.0208851445217603	0.00534630118340864	0.00343109195975565	0.0293706043245619	-0.0391217568028577	-0.0316938921407035	-0.0117574771912369	-0.00555971843343597	-0.0222039449420804	-0.0101853001897395
0.0524148575115034	0.0534986936001412	-0.0321642776178453	-0.0307862925721756	0.0168314614840104	0.00172823129334822	0.0208775742653101	0.00534758221776273	0.00339567142971413	0.0294116938157909	-0.039142536940281	-0.031674774414274	-0.0117850969624635	-0.00554909436989956	-0.0222087659339626	-0.0101949268066796
0.0523894785026584	0.053495196949118	-0.0321924505947471	-0.0306864571085819	0.0168232262631626	0.00173566464536364	0.0208726023991528	0.00535085814530946	0.00337069475226935	0.0294407189529501	-0.0391717604491723	-0.0316649717773463	-0.0117928627966777	-0.00554025285798346	-0.0222419680533669	-0.0101877169721087
0.0523544742738574	0.0534753248513132	-0.0322112051053292	-0.0306253264844807	0.016808025679949	0.00172370506509602	0.0208612910194744	0.00534285482381043	0.00337203445995264	0.0294589789311861	-0.0391711583490561	-0.0316533949707025	-0.0117833423505238	-0.00552480919954887	-0.022255715773191	-0.0101717368718072
0.0523722802322841	0.053490336841683	-0.0322030327487627	-0.0305964117090597	0.0168303466907557	0.00174738953231448	0.0208699327626744	0.00536037020955922	0.00335474817958452	0.0294330425257137	-0.0391891598852467	-0.0316691613324477	-0.0118009639070587	-0.00554283308748402	-0.0222686211116458	-0.0101882631928638
0.0523475242783158	0.0534607752626568	-0.0322020618448629	-0.0306179043083375	0.0168227792282735	0.00172864619760468	0.0208680649950284	0.00534699129351869	0.0033841728541759	0.0294315100342345	-0.039174442658507	-0.0316657093849134	-0.0117645878399417	-0.00552190207578565	-0.0222777084927509	-0.0101661475387093
0.0523480397654223	0.0534538029153708	-0.032177764101656	-0.0306556550077385	0.0168339564974852	0.00173090512077869	0.020881544493919	0.00535003252774865	0.00339816644318896	0.0294086232448963	-0.0391676016277196	-0.031677375598535	-0.0117536787916635	-0.00552632632420377	-0.0222797858080013	-0.0101668837492923
0.0523802109106136	0.0534647399033296	-0.0321612168258389	-0.0307056488751649	0.0168494532413129	0.00173008509115399	0.0208869158975084	0.00534621736436693	0.00339886633218721	0.0293805340870361	-0.0391494897297907	-0.0316791791049158	-0.0117710167604407	-0.00555560012452008	-0.0222358799969709	-0.010178991409867
0.0523611923700502	0.0534349925254276	-0.0321532568108448	-0.0307772834221761	0.0168377437211864	0.00170762438194446	0.0208832306536413	0.005330708047683	0.00345249096110355	0.029367863441898	-0.039118775638941	-0.0316851442267173	-0.0117188449949139	-0.00552864112673893	-0.022240302848405	-0.0101535970341977
0.0524275169807693	0.0534717010747434	-0.032099806804932	-0.0308750429675034	0.0168939653434116	0.00173872264340194	0.0209082268888625	0.00535346910845865	0.0034381928295723	0.029322205812896	-0.039129966877993	-0.0317120487421213	-0.0117414356236381	-0.00556980605510546	-0.0222383512617172	-0.0101875423491052
0.0524205739701478	0.0534478377935693	-0.0320868344112437	-0.0309769585403155	0.0168763829024294	0.00170104598415446	0.0208999204218293	0.00532415200163746	0.00349477347669285	0.0292990354358	-0.0390720451262051	-0.0317074135491149	-0.0117034069244155	-0.00556025347831887	-0.0221922759344907	-0.0101645340221565
0.0524743089608024	0.0534798915921022	-0.0320523666243096	-0.0310628101937843	0.0169055980294166	0.0017255448930615	0.0209134222724643	0.00534453818956472	0.00349475252193242	0.0292642128149227	-0.0390782128106907	-0.0317323343471985	-0.0117091722775009	-0.00558345319207945	-0.022191849854362	-0.0101920699743414
0.0524841604921711	0.0534840210768904	-0.0320491312092997	-0.0311014842996281	0.0168986410489548	0.00172612045048123	0.0209093710187818	0.00534249859288318	0.00349872554450936	0.029273259683491	-0.0390696129770116	-0.0317295012635888	-0.0117121059439607	-0.00558207297185934	-0.0221859545817619	-0.0101869346610528
0.0524839956480557	0.053487834843288	-0.0320589743587642	-0.0311037725594667	0.0168815112307979	0.00171688079811701	0.0209005784013067	0.00533151550445145	0.00349903008702756	0.0292889422261944	-0.0390644357542021	-0.0317172608895315	-0.0117139024654213	-0.00557736513568344	-0.022172015475126	-0.0101825621010437
0.0524961536000554	0.0535049325308123	-0.0320617250203162	-0.0310860266713532	0.0168894447030955	0.00173424670657476	0.0209023651438791	0.00534693681114158	0.00347951561713404	0.0292992449834043	-0.0390907228026656	-0.0317237219406631	-0.011725035031144	-0.00558013814897992	-0.0221911052618748	-0.0101943652191001
0.0524700202198351	0.0534921207902873	-0.0320967767465743	-0.0310277151610214	0.0168600256164402	0.00171949036428217	0.0208907380458102	0.00533946713754143	0.00346835790569876	0.0293347353626472	-0.0390903693657064	-0.0316987592330586	-0.0117328623326555	-0.00556353499380172	-0.0221825263829561	-0.0101824112267686
0.0524348385740624	0.053476541624402	-0.0321233529707316	-0.0309623139567451	0.0168373385958181	0.00170605696586453	0.0208760753014475	0.00532802304438031	0.00346084771956178	0.0293796400172579	-0.0391023051972455	-0.0316796931950382	-0.0117329964431222	-0.00553771872895584	-0.0221928975923833	-0.0101680837585728
0.0524481169072529	0.0535061143793004	-0.0321334769139858	-0.0308720562156506	0.0168508627981976	0.00173773078474173	0.0208801447159224	0.0053503985375641	0.00341844785731409	0.029371639489727	-0.0391333950767988	-0.031689794786548	-0.0117671932151548	-0.00555731981185911	-0.0222154938090436	-0.0101947256409795
0.052416704324389	0.0535040719886508	-0.0321828602993918	-0.0307464701454604	0.0168220877211794	0.00172835702191079	0.0208624337524097	0.00534017540844385	0.00338272138777034	0.0294326737219302	-0.0391547717264023	-0.0316640986623286	-0.0117933084345828	-0.00553882094935429	-0.0222231911910404	-0.0101857039181237
0.052357645427602	0.0534751879468784	-0.0322128395766425	-0.030664958921368	0.0167954835573415	0.00170950891339885	0.0208522804724908	0.00532262370111032	0.00338752142489212	0.0294711578379462	-0.0391604099539411	-0.0316443453081662	-0.0117680789030288	-0.00550907636542039	-0.0222469343315881	-0.0101647659215052
0.0523816232614664	0.0534988975598094	-0.0321995682283721	-0.0306126614272787	0.0168282679785213	0.00174506495089113	0.0208658423934391	0.00535158597398829	0.00334734975216982	0.0294506557003445	-0.0391958877603278	-0.0316606229660658	-0.0117964041511898	-0.00553650754380317	-0.0222770700710499	-0.0101905654225427
0.0523532155912477	0.0534750049419707	-0.032210116854771	-0.0306013053441114	0.0168164453026885	0.0017283919465115	0.0208575736449747	0.00533801986208795	0.00337462027738932	0.0294446221263256	-0.0391778038020794	-0.0316589451882476	-0.011772553442872	-0.00551799890241014	-0.0222832377555356	-0.010165932403169
0.0523446520791533	0.0534596241478174	-0.0322069457010264	-0.0306074325160602	0.0168125980086741	0.00171312291108047	0.0208588225486961	0.00532482953889126	0.00338883319289484	0.0294384502508879	-0.0391601040144389	-0.0316513036856119	-0.0117702987106501	-0.00552171208595778	-0.02225527851719	-0.0101678574471602
0.0523715524036053	0.0534726440389626	-0.0321744574404606	-0.0306538906169105	0.0168357208883132	0.00172252181962393	0.0208691378787622	0.005332082679967	0.00340055668286164	0.0294054031967107	-0.0391633561932571	-0.0316731301640725	-0.0117651019300642	-0.00553696715154853	-0.022264945646667	-0.0101777704458261
0.0523922668827792	0.0534731301894045	-0.0321480209147061	-0.030742722037312	0.0168555860011978	0.00173221688878141	0.0208819845438879	0.00534345412995864	0.0034256744556933	0.0293697912798573	-0.0391486096298527	-0.0316933417289962	-0.0117458179625354	-0.00554960147510189	-0.0222639230543581	-0.0101820675686976
0.0524001165360351	0.053466920595398	-0.0321351644706922	-0.0308001394778656	0.0168589429538182	0.00172477794882988	0.0208851850342971	0.00534041848366481	0.0034398720043745	0.0293581725636926	-0.0391280418340018	-0.0316949468636449	-0.0117467748965949	-0.00554953022891644	-0.0222431093893182	-0.0101766989590763
0.0524269260565252	0.0534650751794964	-0.0320961956012184	-0.0309229525347594	0.0168787563782938	0.00171926684683762	0.0208937778830561	0.00533573439621739	0.00347184477783379	0.0293176362781389	-0.0390992206565107	-0.0317040565964945	-0.011727833190153	-0.00556188096471202	-0.0222223124880865	-0.0101745657644648
0.0524776100340617	0.0534886017875197	-0.0320603084785114	-0.0310226063904293	0.0169056580997298	0.00173803253329188	0.0209091014008643	0.00534940388493584	0.00347974751648277	0.0292685867719158	-0.0390865793480372	-0.0317298155849952	-0.0117326485940991	-0.00558717056657917	-0.0222047090923439	-0.0101929039738064
0.052464176635644	0.0534677252581984	-0.0320654717314806	-0.0310881417051723	0.0168754161894818	0.00170732123641028	0.0208936786971901	0.00532452639335708	0.00351720904018987	0.0292810143418329	-0.0390524482342539	-0.0317122471138533	-0.0117034795675849	-0.00556573524364654	-0.0221743330716292	-0.0101692111246838
0.0524809264741452	0.0534794906576861	-0.0320585566605397	-0.0311183305300272	0.0168810795627331	0.00171291755442828	0.0208928824162939	0.00532864749624103	0.00351589866917117	0.0292865436046175	-0.0390614476053652	-0.0317192795314526	-0.0117012583629797	-0.00556548099255336	-0.0221806725851503	-0.0101733601672483
0.0524844217281844	0.0534889538274948	-0.0320642256217272	-0.0311179421684673	0.0168721248951107	0.00171538462822254	0.0208910356034083	0.00533232156423587	0.00351280015859606	0.0292951350563926	-0.0390625791624283	-0.031717237140803	-0.0117081119666233	-0.00556732780543898	-0.0221783843253117	-0.0101763692708456
0.0524619121245339	0.0534798552705175	-0.0320893727312234	-0.031071586047451	0.0168449884803579	0.00169890999557495	0.0208747174329719	0.0053152881379769	0.00350247225567368	0.029330896450537	-0.039059227797744	-0.0316956914561321	-0.0117185963317569	-0.00555268880980478	-0.0221594537947421	-0.0101624231792895
0.0524893488908528	0.0535186020195308	-0.0320878192849838	-0.0309961600857866	0.0168639315837838	0.00174087539578979	0.0208861503502608	0.0053469717357423	0.00345049327394286	0.0293310193851315	-0.0391052612154497	-0.0317090689751886	-0.0117586841854375	-0.00557538700629914	-0.0221924561454303	-0.010202555736459
0.0524441788092767	0.0534915592027079	-0.0321198688925646	-0.0309342876631662	0.0168303844093245	0.00171199973592159	0.0208631755509288	0.00532301345965426	0.00345375942260139	0.0293817159355242	-0.0390989552295453	-0.0316788689744614	-0.011752869937911	-0.00554905385736273	-0.0221885641479271	-0.0101773178230009
0.0524639181935988	0.0535310575291285	-0.0321357134854154	-0.0308232861062331	0.0168461898866224	0.00175292857398731	0.0208715155455787	0.00535585096622717	0.00340143678279957	0.0293743650055665	-0.03914130899132	-0.0316934842213671	-0.0117981741299539	-0.00557462145905155	-0.0222242123863652	-0.0102064617038026
0.052379638147162	0.053480372154608	-0.0321950042815512	-0.030722247839391	0.0167899836312215	0.00170807700476968	0.0208442324475029	0.00532380694658243	0.00340897770258518	0.0294531632866756	-0.0391357797285354	-0.0316483923708966	-0.011774517602416	-0.00551902428868703	-0.0222303060306974	-0.0101629791789328
0.0523812139451461	0.0534945543364649	-0.0321985246813029	-0.030631332118819	0.0168077867956801	0.0017354467158552	0.0208492727658776	0.00534581223899868	0.0033685322209933	0.0294540461805816	-0.0391730289106702	-0.0316524715642597	-0.0118047706885363	-0.00553378761589976	-0.0222607379307733	-0.0101820116893365
0.0523771710733677	0.0534901314850308	-0.0322026793118035	-0.0305948959813888	0.0168129751943618	0.00173895873370274	0.0208494543738013	0.00534729024810078	0.00336498108759297	0.0294455776634011	-0.039175328346381	-0.0316527593429696	-0.0118109146242934	-0.00553785283942257	-0.0222666583490859	-0.0101854510640146
0.0523564971067306	0.0534716032858614	-0.0322008674235186	-0.030600795444941	0.016811903707612	0.00173077939221613	0.0208508192271971	0.00534194957815999	0.00338250625222996	0.0294431427202395	-0.0391707448417836	-0.0316566695012652	-0.011785611052586	-0.00552475332018773	-0.0222775198999071	-0.0101722397860574
0.0523616142592268	0.0534674221126642	-0.0321877930499963	-0.0306253167055925	0.0168244416392674	0.00173153795454358	0.0208579927401832	0.00534190347768706	0.00339249608501745	0.0294242764509352	-0.0391622078723857	-0.0316631976076302	-0.0117791974989113	-0.00553286840040904	-0.0222780130352691	-0.0101730905493308
0.0523765256667466	0.053467067278721	-0.0321615493080377	-0.0306809921070626	0.0168387719014313	0.00172986436767749	0.0208647010574879	0.00533917935883156	0.00340796628614858	0.0294003181748471	-0.0391497775085005	-0.0316734095608782	-0.0117727574025401	-0.00554225333911221	-0.0222648674155614	-0.0101787874501988
0.0524039121416404	0.0534770640964286	-0.032140801301247	-0.0307494499123931	0.0168575976581988	0.00174249869123086	0.020875949572885	0.00534673983639357	0.00342390866788133	0.0293544356314165	-0.0391390207314814	-0.0316978344296318	-0.0117622017912211	-0.00555378125131503	-0.0222611961415346	-0.0101778207372511
0.0524006809175826	0.0534557056076176	-0.0321274028274301	-0.0308422445764833	0.0168522877219066	0.00171805566168495	0.0208707737470596	0.00533228803661919	0.00345543440645151	0.0293629837766866	-0.0391091266702565	-0.0316877887174831	-0.0117379627213434	-0.00554029337052028	-0.0222389910804023	-0.0101643999116897
0.0524614636926608	0.0534813290886675	-0.0320717609535767	-0.0309777995247006	0.0169002629474119	0.0017512340323608	0.0208994594170999	0.00535864912523617	0.00347766042234426	0.0292863927303425	-0.039107285445307	-0.0317319920861116	-0.0117243644788104	-0.00557121980294226	-0.0222494209631587	-0.0101826082015167
0.0524213953967566	0.0534326330194036	-0.0320819449671441	-0.0310662593473505	0.0168529526863042	0.00168765170128962	0.0208737632928804	0.00530660029430393	0.00353345875840887	0.0293055565572448	-0.0390342092107784	-0.0316959526921454	-0.0116833853493196	-0.00553643210666563	-0.0221769929292194	-0.010138835103969
0.0524663531367604	0.0534671301430023	-0.0320567461692388	-0.0310802208057309	0.0168750669434746	0.00171513037712936	0.0208856180993459	0.00532909453113014	0.00350724854406697	0.0292818273865375	-0.0390562620006516	-0.0317112776069376	-0.0117171728050319	-0.00557285706822361	-0.0221599525180402	-0.0101729801875925
0.0524912851107162	0.0534882176169118	-0.032047281602446	-0.0310964383933173	0.0168818493009328	0.00172812651954609	0.0208840185526333	0.00533502752229899	0.00349279674429258	0.0292840723398712	-0.0390660869893237	-0.0317181074618527	-0.0117295458925719	-0.00558044688245021	-0.0221634296112871	-0.0101840568739542
0.0525074384370373	0.0535047732746331	-0.0320472438838773	-0.0310990828840831	0.0168907606620503	0.00174807964242454	0.0208879231229929	0.00535272311898745	0.00348742534070317	0.0292862334741632	-0.0390858976198313	-0.0317306537754123	-0.0117327938804381	-0.00558121382668184	-0.0221990429251245	-0.0101894282775436
0.0524962611678256	0.0535056435956828	-0.0320710722404507	-0.0310676353766186	0.0168796951515609	0.00175149806234217	0.0208865359178526	0.00535591802146053	0.00346940843768816	0.0293141717577483	-0.0390932080372522	-0.0317202616112246	-0.0117460498618841	-0.00557227452588374	-0.0221994243017643	-0.0101892061570831
0.0524468288879787	0.0534795912405361	-0.0321086804474807	-0.0309804984978436	0.0168365660636504	0.00172005893678175	0.0208666079406867	0.00533046916341414	0.00345743768154832	0.029365456438417	-0.0390862468658384	-0.0316796610644056	-0.0117514268534096	-0.00554586733679382	-0.0221806167057892	-0.0101700185814522
0.0524669412670363	0.0535085772621426	-0.0321130655803461	-0.0309105417286505	0.0168555608554853	0.00174964845548849	0.0208717222992149	0.0053550965948518	0.00342106720236745	0.0293625688724302	-0.0391254783683095	-0.0316891200432622	-0.0117829917075326	-0.00556996670826873	-0.0222058336644868	-0.0101941850081605
0.0523838919635286	0.0534657610986544	-0.0321731819940426	-0.0307848927941791	0.0167928739911764	0.00171141439961366	0.0208429206795002	0.00532457389081405	0.00342465326036849	0.0294278904486168	-0.0391165278916392	-0.0316529227901009	-0.0117640500010908	-0.00552223595496845	-0.0222064273826989	-0.0101537409235526
0.0523999894104885	0.0535003434382788	-0.0321788774979267	-0.0306791425002089	0.0168182474120852	0.0017533504631639	0.0208553077368805	0.00535595993098139	0.00336698995062589	0.0294369470960733	-0.0391742582566152	-0.031664317988821	-0.011807162325193	-0.00554516465382751	-0.02224486819221	-0.0101933440237753
0.0524019619519367	0.0535117037123983	-0.0321930876194641	-0.030615277978364	0.0168293394652712	0.00176949401059675	0.0208578390719401	0.00536968949001306	0.00333865352659267	0.0294378914572765	-0.0391928269683214	-0.0316650500084519	-0.0118319224701133	-0.00555300452819521	-0.0222636380696163	-0.0102017650434989
0.0523441100493503	0.0534636418738832	-0.0322190435827128	-0.0306025430719606	0.0167954933362297	0.00172254975930449	0.0208449141757088	0.00533660332028309	0.00338149623277738	0.0294594776544842	-0.039160355471564	-0.0316438214391555	-0.0117873586796056	-0.00551773906338085	-0.0222576086865495	-0.0101598164070924
0.0523790542078381	0.0534859796484983	-0.0321898885260389	-0.0306172868413969	0.0168370312593318	0.0017614501765609	0.0208658661421676	0.00536884291769182	0.00337073107385409	0.029417442405068	-0.0391930253400535	-0.0316783688541792	-0.011787529111657	-0.00553798136195319	-0.0223002250813216	-0.0101820927144102
0.0523327916847517	0.053435649107921	-0.0321992036155407	-0.0306519711608554	0.0168036433410517	0.00171346656915147	0.0208512983927188	0.00533176696157657	0.00341646833094577	0.029433004807145	-0.0391415436846368	-0.0316539998647868	-0.0117531465407487	-0.00550701860794647	-0.0222610592370998	-0.0101501464836474
0.0523837243254452	0.0534667781030271	-0.0321614361523314	-0.0307031859923227	0.0168449647316295	0.00174251685202323	0.0208742019458654	0.00535433523855629	0.00339983164815088	0.0293852544960683	-0.0391493961318608	-0.0316791302104748	-0.011779327418426	-0.00555103617769911	-0.0222473422509244	-0.0101807530067269
0.0523741102813614	0.0534458540762489	-0.0321483631757931	-0.0307710039789681	0.0168406033474926	0.00172226337757866	0.0208751826286534	0.00534074258395941	0.00343990553199119	0.0293672138443248	-0.0391222192045712	-0.0316873807981468	-0.0117405275840196	-0.00553539275054846	-0.0222404383558557	-0.0101605498237073
0.0524329554395921	0.05347349619922	-0.0321017444217794	-0.0308705656336922	0.0168874009154619	0.00174782678831539	0.0208946887166427	0.00535852758762569	0.00343359535513465	0.0293265937397294	-0.0391265847796601	-0.0317115947223121	-0.011753655042935	-0.00556409937534921	-0.0222411158931096	-0.0101857248728841
0.0524226121698454	0.0534446680368087	-0.0320860702609802	-0.0309904995065033	0.0168746213055696	0.00171224839907865	0.0208882346504312	0.0053279783408914	0.0035021984468041	0.029302079463998	-0.0390734714468982	-0.0317089516285302	-0.0117015251869291	-0.00554753114477172	-0.0222076273919794	-0.010158964246835
0.0524693370946452	0.0534737127317444	-0.0320503870979413	-0.0310584613825037	0.0169071975761291	0.00173923673352441	0.0209069528394285	0.0053507421956351	0.0034948545017665	0.0292632642627673	-0.0390799213221575	-0.0317370603441668	-0.0117165804838038	-0.00557952906394352	-0.0221993251158983	-0.0101840331252257
0.0524769674214086	0.0534757774741384	-0.0320568830736736	-0.0311023071232208	0.0168977288183843	0.00172831511238993	0.0208983334479729	0.00534397799896931	0.00350058493025123	0.0292776671681007	-0.0390644678848348	-0.0317240879504785	-0.0117162368257328	-0.00557451389128136	-0.0221795577918956	-0.010181297830498
0.052482091558825	0.0534840308557786	-0.0320556034363036	-0.031111644564467	0.0168927499673068	0.00172626433983616	0.0209087325970808	0.0053472469415959	0.00349500258207352	0.0292813384421275	-0.0390672562649556	-0.0317275915864219	-0.0117219309326328	-0.00557730227140216	-0.0221734725294676	-0.0101826556989736
0.0524718544598644	0.0534853719604459	-0.0320779551807589	-0.031082632000164	0.0168718510862411	0.00171685425542047	0.020904374006912	0.00533993792115902	0.00348358084065685	0.029307333520929	-0.0390716372068688	-0.0317113195164585	-0.0117344926130167	-0.00556918858816488	-0.0221578710118378	-0.0101760619343593
0.0524764086277972	0.0534972127970711	-0.0320888907717336	-0.0310391410933901	0.0168772322687187	0.00174139088289629	0.0209022897067415	0.00535463978107449	0.00346296694433295	0.0293229070988783	-0.0391006553591079	-0.0317150578457186	-0.0117406002271891	-0.00556928358307882	-0.0221952040130143	-0.0101862152142781
0.0524570142985301	0.0534964821744242	-0.0321115037522022	-0.0309693966657694	0.0168637387999879	0.00173645813229181	0.0208890197554552	0.00534955056825883	0.00343948224583056	0.0293624543197399	-0.0391123830400268	-0.0316971694652342	-0.0117614027163568	-0.00556178876376615	-0.0221956217112388	-0.010184934179924
0.0524417815846838	0.0534995108357979	-0.0321314526841286	-0.0308951776983056	0.0168584749641687	0.00174335364545627	0.0208866839981596	0.00535251217439916	0.00342527771222921	0.0293695957020933	-0.0391261628904835	-0.031697895896929	-0.0117641184533082	-0.0055574860529585	-0.0222171129135326	-0.0101877840273421
0.0524026394891905	0.0534940751709432	-0.0321827988320945	-0.0307605349806589	0.0168263736681788	0.00173121245726495	0.0208671667342981	0.00534135446296387	0.00338374398007917	0.0294283095438253	-0.0391428414827992	-0.0316626513868751	-0.0117971138190763	-0.00553822304019011	-0.0222102774706814	-0.0101804344943684
0.0523897159899433	0.0534993906951714	-0.0321960799592531	-0.0306753790252363	0.0168315997854292	0.00174882144094365	0.0208702023805919	0.00535759999023079	0.00336413730923978	0.0294419622687354	-0.0391782955404574	-0.0316665671331068	-0.0118019236350863	-0.00553827193463111	-0.0222605730866579	-0.0101863395458567
0.0523561492577075	0.0534761951723629	-0.0322160791826045	-0.0306194940761619	0.0168101924021771	0.00172817401700306	0.0208533324014643	0.00534126645297008	0.00336704862395508	0.0294595810313023	-0.0391674940599494	-0.0316458861815496	-0.0117995487622379	-0.00552387182326577	-0.0222481622805491	-0.0101714029926244
0.0523420550858444	0.053467264253469	-0.0322151082787047	-0.0305906728986708	0.0168113197682881	0.00173189418547084	0.0208571643286543	0.00534480780748222	0.00337416625758007	0.0294445480861721	-0.0391713958363409	-0.0316559793911552	-0.011786105584932	-0.00552506903857816	-0.0222594624843553	-0.0101694262602241
0.0523595537077849	0.0534774985584615	-0.0321950392061519	-0.0306161343295734	0.0168343616228535	0.00174302256024153	0.0208692314766921	0.00535615969969746	0.00337816442586951	0.0294161585767458	-0.0391737008599878	-0.0316731930283538	-0.0117847002189994	-0.00553385606811715	-0.0222772796186542	-0.0101802472985086
0.0523598750141114	0.0534699073472509	-0.0321809045217519	-0.0306568508260668	0.0168361134408252	0.00173388907866348	0.0208707150737304	0.00534700386637495	0.00339790939812772	0.0294021524148765	-0.0391563251726419	-0.0316782361406965	-0.0117724877846226	-0.00553507703215803	-0.0222651342395108	-0.0101725499165118
0.0523735920002868	0.0534664358419401	-0.0321568163261493	-0.0307408780183945	0.016853093781691	0.00173660900656688	0.0208814816296377	0.00535030493963419	0.00342530565190979	0.0293687519237401	-0.0391415353027326	-0.0316935093670797	-0.011751394722777	-0.00554109663633665	-0.0222534736138253	-0.0101768707881118
0.0524083028624419	0.0534833547155088	-0.0321344212751891	-0.0307989715992178	0.0168780369315191	0.00174970573183366	0.0208934160641928	0.00535969127532139	0.00342362787409161	0.0293396262037308	-0.0391360605223251	-0.0317057595200252	-0.0117647848146897	-0.00556199691438639	-0.0222449142926829	-0.0101888527201239
0.052419454985941	0.0534665671584388	-0.0321040690032028	-0.0309278084512423	0.0168860151073057	0.00172887250901729	0.0208988461411114	0.00534375308454073	0.00347063219569709	0.0293168930826358	-0.0391004332386474	-0.0317110582804451	-0.0117301186560236	-0.00555627626478986	-0.0222276154394585	-0.0101736549308783
0.0524484871080204	0.0534685313179828	-0.0320759756543905	-0.03102774589467	0.0168984845867437	0.00172430995918035	0.0209053477047798	0.00534021871494874	0.0034930034979288	0.0292800769655498	-0.039073658642758	-0.0317251873769089	-0.0117148552085287	-0.00556687378562973	-0.0221994997389018	-0.0101746635533468
0.0524672290457462	0.0534736163398464	-0.0320632239841788	-0.0310876597456824	0.016896685271315	0.00172237653328496	0.0209043977556405	0.00533752532974187	0.00350588927860728	0.0292673476470825	-0.0390614657661576	-0.0317270313958265	-0.0117106642564433	-0.00557090827550391	-0.0221744546092397	-0.0101796591682326
0.0524926583460162	0.0534903955150122	-0.0320518315794267	-0.0311182662687619	0.0169058425016215	0.00173336660663683	0.0209067377038881	0.00534601200771475	0.00349580165693779	0.0292698887610303	-0.0390707263732822	-0.031736627279118	-0.0117165273984107	-0.00557750902503837	-0.0221799824750403	-0.0101892326997796
0.0524845879692838	0.0534878236674158	-0.0320624053515381	-0.0311263589972388	0.0168889431858293	0.00172697261073858	0.0208990696585559	0.00533769576179334	0.00350391394319104	0.0292888863468333	-0.0390661456626529	-0.0317290067312427	-0.0117043247429222	-0.00556472522419396	-0.0221812579214582	-0.0101836685123943
0.0524603181657574	0.0534740591837834	-0.0320918160562892	-0.0310888038756018	0.0168640698852026	0.00170563088573585	0.0208856180993459	0.00532236665604909	0.00349761494220673	0.0293268437998705	-0.0390620063989766	-0.0317028509992779	-0.0117065110229267	-0.00554949949526781	-0.0221640875907645	-0.0101709461788471
0.0524882005699814	0.0535147714893247	-0.0320920297948456	-0.0310144521946552	0.0168869007951797	0.00175003122911229	0.0208981001516402	0.00535525585103104	0.00344351114776863	0.029317935232721	-0.0391119751206905	-0.0317205214502539	-0.0117494389451371	-0.00557354019341352	-0.022198968884971	-0.0101937798827922
0.052439382963107	0.0534826506355584	-0.0321231448201114	-0.0309659279544268	0.0168526118222012	0.00172184428237012	0.0208879957661624	0.00533554021543743	0.00344916474213179	0.0293713768567296	-0.0391046227937487	-0.0316911079515347	-0.0117383091733824	-0.00554374671503863	-0.0221946787470196	-0.0101790291284357
0.0524425219862189	0.053502218190845	-0.0321490407130469	-0.0308552323369959	0.0168492241359322	0.00174411639873581	0.0208890784287844	0.00535685120679154	0.00340742146237748	0.0293771757374317	-0.0391350560908086	-0.0316932662918587	-0.0117749562554009	-0.00555600804385639	-0.0222094658229608	-0.0101955819921889
0.0523788111326171	0.0534707609044922	-0.0321979547118193	-0.0307415150431114	0.0168055180936179	0.00171630244672923	0.0208624714709784	0.00533373112112058	0.00339731009197951	0.0294505034290854	-0.0391448768885287	-0.031655969612267	-0.0117703601779473	-0.00551359281478439	-0.0222223711614157	-0.0101687682807467
0.0524048090053867	0.0535107286175464	-0.0321984883597181	-0.0306460479485748	0.0168337734925775	0.00175667249118358	0.0208690903813053	0.00536205357531351	0.00334521096962225	0.0294401797171151	-0.0391935785457288	-0.0316683496847272	-0.0118199335531811	-0.00554284845430833	-0.0222528337951402	-0.0102004379086718
0.0523519652905423	0.0534690831266741	-0.0322107413066317	-0.0306328869620427	0.0168132727519599	0.00173127671853026	0.0208574856349809	0.0053385577009389	0.00338418822100022	0.0294580792734717	-0.0391731085387598	-0.0316592790674304	-0.0117735802261329	-0.00550798392391013	-0.0222780284020935	-0.0101683002910972
0.0523418483322082	0.0534654928777209	-0.0322214617620661	-0.0305968922715655	0.0168068438314609	0.00172118211194063	0.0208575163686295	0.00533393927174082	0.00337232782659862	0.0294529244024067	-0.0391658134881632	-0.0316455020109417	-0.0117908497426927	-0.00551604452175433	-0.0222444924035063	-0.0101710188220166
0.0523813047491079	0.0534902418467691	-0.0321919965749379	-0.0306213841955524	0.0168458308617271	0.00175073670604666	0.0208762974219081	0.00535660952855462	0.0033664996092319	0.0294091876264438	-0.0391842704411471	-0.0316798957577223	-0.0117932581431577	-0.00553836832652907	-0.0222767180310748	-0.0101908168796679
