0.052423479696927	0.0534318562962838	-0.0323176608762337	-0.0306791662489374	0.0168664810796357	0.00179005063057549	0.0208172189673446	0.00537334819118359	0.00341797288274442	0.0294306872106418	-0.0391139322953144	-0.0315931514314594	-0.0116937956742997	-0.00553441486172853	-0.022351398003268	-0.0102675755640954
0.0524261884489582	0.0534156331207613	-0.0323091630223886	-0.0307482289483522	0.0168617690525078	0.00177452035913114	0.0208124845884722	0.00535750499531686	0.00344868837057809	0.0294101501484394	-0.0390840885255144	-0.031590286217217	-0.01166681292779	-0.00552792866488441	-0.0223253093265366	-0.0102551214514818
0.0524673533773247	0.0534378437698297	-0.0322731613469912	-0.0308010754571647	0.0168953343877595	0.00180310125536933	0.0208252628013805	0.00537781574610659	0.00343690201633001	0.0293752073869356	-0.0390965454320962	-0.0316151036384825	-0.0116816167675396	-0.00555008622855976	-0.022328914942314	-0.010272316927888
0.0524836464020486	0.0534204750674039	-0.0322342036533897	-0.0309581425624362	0.0169136390694844	0.00179100756463499	0.0208335315498449	0.00537332164848705	0.00349517161714096	0.0293371856726331	-0.0390594652850289	-0.03163137710543	-0.0116285551231867	-0.00554836654122073	-0.0223188804060376	-0.0102689879149482
0.052510958836789	0.0534261286617671	-0.0322124344512742	-0.0310452487075625	0.0169185997597694	0.00178747459202702	0.0208425826093653	0.00537175562939115	0.00351057057208664	0.029309736333458	-0.0390373608067466	-0.0316386204676176	-0.0116323786684726	-0.00556215896453369	-0.0222797662502249	-0.0102698386782215
0.0525301394274997	0.053440213054742	-0.0321976795059657	-0.0311040086497675	0.0169240563793846	0.00179666395296621	0.0208466087173353	0.00538411893804299	0.00351674244752436	0.0293026089209448	-0.0390339381958769	-0.0316521628307894	-0.0116296266099365	-0.005567721754935	-0.0222797187527679	-0.0102762955384011
0.0525121798008299	0.0534254497275293	-0.0321979812545158	-0.0311301713666524	0.0169075049126154	0.00177935252688557	0.0208391544105595	0.00537188135795371	0.00353206456834847	0.0293230495912492	-0.0390213429878763	-0.0316359019366982	-0.0116190654106814	-0.00555653470683512	-0.0222659612540557	-0.0102636779786561
0.0525380198144042	0.0534588446307295	-0.0322047747878462	-0.0310852876668021	0.0169118648997682	0.00179553658685524	0.0208343725342301	0.0053827009992541	0.00348666957234377	0.029323140395211	-0.0390352443759435	-0.0316280327256659	-0.011670540081178	-0.00558420476948676	-0.0222353156154234	-0.0102877494104504
0.0525409478929279	0.053463091462176	-0.0322113685524605	-0.0310723460067625	0.016916715228315	0.00181513906674255	0.0208394016767325	0.00540301873496398	0.00348658016536595	0.029334137453483	-0.0390665591699254	-0.0316456459002967	-0.0116529939617805	-0.00556994435652428	-0.022291798473662	-0.0102883752592951
0.0524814265944274	0.0534302357948107	-0.0322601833653669	-0.0309810153819341	0.0168633853630287	0.00177340975682852	0.0208177442333393	0.00537014071585425	0.00347741734712331	0.0293933709732736	-0.0390467988308428	-0.031595688354455	-0.0116636319951572	-0.00553914225568083	-0.0222600575995514	-0.0102606129956976
0.0525060191012644	0.0534633443162852	-0.0322598648530084	-0.0309090371768519	0.016888782532666	0.00180770292075907	0.0208310938127153	0.00539435324303546	0.00343336764673801	0.0293870957210178	-0.0390974646475869	-0.031614637045817	-0.011698673942527	-0.00556086256335528	-0.0222884834305624	-0.0102827356347723
0.0524464908178438	0.0534386400507259	-0.0323104300869024	-0.0307980887053119	0.0168476050314432	0.00179404041696076	0.0208145926373711	0.00538451288753902	0.00342938344828885	0.0294387226627734	-0.0390935810319878	-0.0315908827293971	-0.0116940527193609	-0.00553404605794502	-0.0223013189198159	-0.0102715877022252
0.0524409950826758	0.0534588488216816	-0.0323271240460424	-0.0306920045321589	0.0168544251074702	0.00181760194958471	0.0208113767801376	0.00539803848690253	0.00337612203521991	0.0294698390850233	-0.0391375664711078	-0.031582430976025	-0.0117377028823141	-0.00553730661866744	-0.0223265735970823	-0.0102865382252977
0.0524212333466093	0.053450620585754	-0.032344874125108	-0.0306313670434197	0.0168537070576795	0.00182014725448456	0.0208056072361001	0.00539537583534429	0.00336487631379083	0.0294798722243157	-0.0391476275500807	-0.0315751918047895	-0.011735291687881	-0.00552796638345317	-0.0223513868273958	-0.0102777344319504
0.0524050171560069	0.053434471450385	-0.0323525966528173	-0.0306081994602918	0.0168496949195498	0.00181164241571932	0.0208059536881392	0.00539388944433802	0.00337125773683283	0.0294763965280529	-0.039145135330574	-0.0315753817946174	-0.0117165050466663	-0.00552189788483356	-0.022358908189405	-0.0102696989798187
0.0523734369350597	0.0534108484504638	-0.0323570642077403	-0.0306064085267673	0.0168357725767222	0.00179501551181263	0.0207940430023125	0.00537554145610827	0.00339356757176728	0.0294716160487075	-0.0391326602631998	-0.0315752895936715	-0.0116729834062437	-0.00550278434935621	-0.0223669296716964	-0.0102357215342786
0.0523838542449599	0.053408257045091	-0.0323350686942123	-0.0306379007377208	0.0168507496424913	0.00179872729837624	0.0208063602104914	0.0053816895828175	0.00339830753857583	0.0294533113669826	-0.0391254169010123	-0.0315762493216991	-0.0116705680208585	-0.00551981498164713	-0.0223534054693169	-0.0102628328033188
0.0524107755241722	0.0534181909985174	-0.0323043699701869	-0.0307006770090076	0.0168808225176719	0.00181134346113723	0.0208215915273537	0.00539318815835573	0.00340987316934743	0.0294171783750866	-0.0391196403720546	-0.0315993735983221	-0.0116842598613214	-0.00553887124077931	-0.0223476736438481	-0.0102680980361221
0.0523935199774528	0.0533940064110167	-0.0322975303363836	-0.0307569810532905	0.0168637904883969	0.00178098979216692	0.0208162271086844	0.00537170813193418	0.00344878755644411	0.0294017556714124	-0.0390795636942463	-0.0315918634121851	-0.0116631151110667	-0.00552376146152752	-0.0223108826724747	-0.0102470873963341
0.0524590413223554	0.0534286376450822	-0.0322505609393789	-0.0308400988090156	0.0169132185772918	0.00181338585178683	0.020837022612932	0.00539201189780377	0.00343411084224115	0.0293602568638631	-0.0390923852136594	-0.0316221416440179	-0.0116871572061965	-0.00555609605385018	-0.0223134447411829	-0.010275801006055
0.0524727429417065	0.0534164782960985	-0.032216496880829	-0.0309848710578526	0.0169229862896188	0.00180647916275014	0.0208418952932233	0.00538836856345756	0.00349774625870541	0.0293111500812948	-0.0390574270853313	-0.0316482037780528	-0.0116310319758692	-0.00554427198103333	-0.0223207761133642	-0.0102547680145226
0.0524903337645929	0.0534192052089221	-0.032196715586986	-0.0310734733728735	0.0169283283565436	0.00180717206682826	0.0208495842933159	0.00539310713328208	0.00351363834901313	0.0292928440025859	-0.0390361258728654	-0.0316509306908763	-0.0116233429757766	-0.00556045464401897	-0.0222868461652811	-0.0102663238664059
0.0525066100255084	0.0534279042284673	-0.032196420823356	-0.0311002018682899	0.0169238845503491	0.0018059469118353	0.0208528965424474	0.00540030858594878	0.00350155024621489	0.0292958880307839	-0.0390335288795565	-0.0316474619795337	-0.011641086069922	-0.00556881000549317	-0.02225910345946	-0.0102683760359438
0.0524822536089723	0.0534063864834769	-0.0322117918386211	-0.0311084650288183	0.0168927779069874	0.00177535435859613	0.0208398724603501	0.00537733797756886	0.0035211820627668	0.0293230523852172	-0.0390161769409391	-0.0316251479536471	-0.0116209401632476	-0.00554817236044078	-0.0222405221748975	-0.0102470007833243
0.0525300164929052	0.0534546411057879	-0.0321990541382497	-0.0310819139503734	0.0169226817471006	0.00181857983840463	0.0208500173583647	0.00540612423045924	0.00347587228278783	0.0293144888731228	-0.0390577763313385	-0.0316480836374263	-0.0116623830914358	-0.00557651716637816	-0.0222637931348435	-0.0102829004788876
0.0525052870816335	0.053439969979521	-0.0322330148199814	-0.0310399904596794	0.0168964324172059	0.00180815554358429	0.0208363297088539	0.0053959458048279	0.003469694819414	0.0293498409509469	-0.0390540072684297	-0.0316254273504528	-0.0116629949704403	-0.00555256447822625	-0.0222663049121267	-0.0102673520466509
0.0524834536182527	0.053439527135584	-0.0322491262367816	-0.030970897026616	0.0168816397533285	0.00180713155429143	0.0208277731816796	0.00539487711204614	0.0034465873065993	0.0293880442731731	-0.0390736949643427	-0.0316139567145952	-0.0116742337069492	-0.00554031153131265	-0.0222838244888275	-0.01026298926553
0.0524523357990188	0.0534341585259627	-0.0322752819687464	-0.0308927371672079	0.016864625884846	0.00180732852903944	0.0208166825254777	0.00538966496463596	0.00343694951378697	0.0294062344022077	-0.0390802258646758	-0.0316004381001518	-0.0116830221334722	-0.00553329727450577	-0.0222843651216465	-0.0102586125145689
0.0524260361776991	0.0534384807945467	-0.0323208934972755	-0.0307516892777907	0.0168407179001829	0.00180706869001015	0.0207984965873953	0.0053911932651631	0.00338948279046807	0.0294567577265808	-0.0391063466720398	-0.0315793073197374	-0.0117176366037293	-0.00552311884887444	-0.0222882235915331	-0.0102610181210659
0.0523934515252354	0.0534233528545025	-0.032342369332745	-0.0306658543881302	0.0168312896549749	0.00180432361639423	0.0207930693044447	0.00538842583980272	0.0033814627051607	0.0294853497986912	-0.0391278672109982	-0.031572418791493	-0.011705741284727	-0.00550221577685663	-0.0223320735232024	-0.0102521849910539
0.0523952298859036	0.0534297803780175	-0.0323447707482899	-0.030612331739048	0.0168409805331803	0.00181390273587736	0.0207969487290917	0.00539129943594926	0.00336381739989727	0.0294805120430007	-0.0391503181413195	-0.031577278898928	-0.0117160552178091	-0.00550595829706887	-0.0223544126948014	-0.0102513454036528
0.0523945998461067	0.0534268481085417	-0.032353760340513	-0.0305841950837308	0.0168443291038965	0.00181700543740456	0.0207944858462496	0.00539516209678794	0.00336043809553243	0.0294730870728895	-0.0391415157449562	-0.031570845787477	-0.0117287104961229	-0.00551903825852731	-0.0223423692954921	-0.0102655206005896
0.0523768679278335	0.0534091608937574	-0.0323519121306434	-0.0305906170193096	0.0168357390491055	0.00180179926625481	0.0207901649746495	0.00538686261467488	0.00337947479688821	0.0294665980820773	-0.0391251612529351	-0.0315673435485177	-0.0117125124663129	-0.00550941164158721	-0.0223383753181547	-0.0102513342277806
0.0523895399699557	0.0534162673515102	-0.0323243761784585	-0.030623475480643	0.0168550495593309	0.0018090398344743	0.0208046028045836	0.00539584661896188	0.00338532955695147	0.0294363547748452	-0.0391264590510975	-0.0315857180794439	-0.01170951872954	-0.0055233381753669	-0.0223394048953837	-0.0102597398806798
0.0524238582795987	0.0534301114632322	-0.0322892308542706	-0.0307180596812737	0.0168939499765873	0.00182927654511053	0.020825286550109	0.00541217177431843	0.00340648268911036	0.0293919055370278	-0.0391241707912589	-0.031619594942134	-0.0116937076643059	-0.00553955715993728	-0.0223558473973986	-0.0102728743245154
0.0524088546711331	0.0533981875842139	-0.0322849225555268	-0.0307858581101427	0.0168749007023753	0.0017988725847152	0.0208198494882702	0.00538755691573702	0.003444609177215	0.0293929728328255	-0.0390849043641871	-0.0316065918147971	-0.0116625772722158	-0.00552092139299767	-0.0223316013426007	-0.0102484271040174
0.0524575716951575	0.0534045704042399	-0.0322384630576924	-0.0308986994950413	0.0169085750023812	0.0018056130326525	0.0208342789363001	0.00539378327355185	0.00345532823566535	0.0293536910389293	-0.0390759287418042	-0.0316239241956382	-0.0116610447807365	-0.00554312645412999	-0.0223112486822902	-0.010260976211545
0.0524934238932638	0.0534155451107675	-0.0322020967694636	-0.0310090500574172	0.0169328489968597	0.00182130395726013	0.0208496345847409	0.00541068119236007	0.00347730000046492	0.0293006503493369	-0.0390576003113509	-0.031651550951785	-0.0116506512195648	-0.00555986791072702	-0.0223008551211184	-0.010269715743627
0.052500893566864	0.0534153704877639	-0.0321930401220071	-0.0310813984632669	0.016929723943588	0.0018130603545082	0.0208497728861598	0.00540304108670844	0.00349632552594847	0.0292932784646187	-0.039035467893388	-0.0316538042870229	-0.01164049933663	-0.00555823204242969	-0.0222755711071874	-0.0102634530642275
0.0524898951116079	0.0534078365528985	-0.0321970201295042	-0.0311048468401846	0.0169105000463724	0.00179354588461469	0.020842864800139	0.00538822048315054	0.00350441546045726	0.0293124101608885	-0.0390220582436989	-0.0316350302186644	-0.0116368797510123	-0.00555188554398842	-0.0222485045416361	-0.01025346323144
0.0525317096375477	0.0534551719597187	-0.0321912813191153	-0.0310777621138408	0.0169250901475656	0.00181779193941259	0.0208469719331827	0.00540140242444306	0.00346549548542446	0.0292970489245115	-0.0390436556167788	-0.0316447141119497	-0.0116804041854029	-0.00558097075146088	-0.0222445538708036	-0.0102773404824544
0.0524803872383102	0.0534189816914775	-0.0322175921163073	-0.0310808047450548	0.0168880058095462	0.00179034120325341	0.0208316805460072	0.00538318295874392	0.00350413885761963	0.029344543587511	-0.0390314096547854	-0.0316236839143853	-0.0116329989293812	-0.00553884050713069	-0.0222570512899222	-0.0102588807355023
0.0525030435252838	0.0534570830338696	-0.0322273905622829	-0.0309907355968041	0.0168984580440471	0.00182124528393093	0.020837707135106	0.0054059063009508	0.00343917630632833	0.0293527829993109	-0.0390685442842298	-0.0316226194125556	-0.0116932005591036	-0.0055649333748142	-0.0222623570352622	-0.010285621803775
0.0524796649975675	0.0534478531603936	-0.032257049930191	-0.0309302727310685	0.016874297205275	0.00180586868072971	0.0208196706743146	0.00539079791868304	0.00342867238341836	0.0293980466788169	-0.039071403910536	-0.0315990816286602	-0.011695970778432	-0.00554785524506632	-0.0222680776848588	-0.0102751597903859
0.0524625198125863	0.0534515174495003	-0.0322825546675986	-0.0308450916299333	0.0168632316947856	0.00182037356589717	0.0208175458616073	0.00539873139098065	0.00342147372471973	0.0294023144650238	-0.039095701653743	-0.0316044921478024	-0.0116977156114835	-0.00553545142387765	-0.0223034395415711	-0.0102732612890913
0.0524132956833596	0.0534358879921899	-0.0323244250728995	-0.030731773873481	0.0168345488187133	0.00180445353590888	0.0208007541135852	0.00538388424472621	0.00339594244461566	0.0294670842325192	-0.0391126945674651	-0.0315744569911906	-0.0117112663565596	-0.00550306933409802	-0.0223169232314138	-0.0102612416385104
0.0523884866439982	0.0534297426594487	-0.0323480271180602	-0.0306353470509168	0.0168279117475941	0.00180452198812628	0.0207923736063985	0.00538372917949905	0.00337352504191101	0.0294921195832931	-0.0391313121736124	-0.0315561942189865	-0.0117260841661494	-0.0055035149720031	-0.0223293717560913	-0.0102625589944493
0.0523697139726238	0.0534197095201563	-0.0323526064317055	-0.0305924736110835	0.0168296579776297	0.0017993391773807	0.0207892471561428	0.00538248027577761	0.00337569595509123	0.0294906471621272	-0.039137724330303	-0.0315572419570079	-0.0117138996714532	-0.00550284162570138	-0.0223446352035862	-0.0102550683660887
0.0523848530885402	0.0534318758540602	-0.0323399260076792	-0.0305804413876464	0.0168519943552606	0.00182223434862308	0.0208009664551576	0.00539994397311735	0.0033619342654269	0.0294639438124232	-0.0391487591071438	-0.0315769939141862	-0.011724934448294	-0.00552087249855667	-0.0223576592856835	-0.0102681595034193
0.0523715551975733	0.053409972541478	-0.0323314980030355	-0.0306039987293182	0.0168521745662003	0.00180956230650095	0.0208034041922872	0.00539064704440797	0.0033843097586107	0.0294507800319231	-0.0391285740849166	-0.0315780206974471	-0.0117051741092115	-0.0055156407933701	-0.0223548862723871	-0.0102546129492954
0.0523937155552167	0.0534231698495948	-0.0323050237587123	-0.0306311686716877	0.0168711609761311	0.0018167469953593	0.0208099853840453	0.00539472484078703	0.00338045268570812	0.0294184468365844	-0.039126530297283	-0.0315919137036101	-0.0117152226153281	-0.00553742396532583	-0.0223396326037803	-0.0102614875076994
0.0524160086263428	0.0534202278012309	-0.0322837588678311	-0.030726177555463	0.0168874414279987	0.00181693419121911	0.020821996652722	0.00539529201630259	0.00341418984999536	0.0293880568460294	-0.0391033431563787	-0.0316054728305903	-0.0116855534685318	-0.00554237767069074	-0.0223406076986322	-0.010272856163723
0.0524376046024388	0.053416946285748	-0.0322648451010698	-0.0308019457782144	0.0168949111015989	0.00181508318738141	0.020826761765243	0.00539855956194515	0.00342239713116254	0.0293736218100633	-0.0390906208228315	-0.0316129117705419	-0.0116794472513434	-0.00553973597389293	-0.0223326909901429	-0.0102636877575443
0.0524572825194636	0.0534024483855007	-0.0322406744834095	-0.0309172500459552	0.0169001050882167	0.001792628066108	0.0208284241762369	0.00538088771398517	0.00346317509495319	0.0293423153979856	-0.0390505804666079	-0.0316118752083928	-0.0116542708051826	-0.00554547199031377	-0.0222869062355943	-0.010260237206994
0.0525128866747483	0.0534310516334834	-0.0321918652584392	-0.031027205261851	0.0169416946997279	0.00182143247979074	0.0208521323921838	0.00540488650261003	0.00347441103749407	0.0293039528195802	-0.0390561083324085	-0.0316585302839911	-0.0116487122057333	-0.0055736421732476	-0.0223013971509215	-0.0102849875730261
0.0525210492524265	0.0534288877052233	-0.0321883071401187	-0.0310936304554201	0.0169343004632652	0.00181473114740624	0.0208485826557675	0.00539532414693524	0.00349354832169989	0.0293062368884667	-0.0390371275104138	-0.0316557321249821	-0.0116384485640763	-0.00556715597640348	-0.0222851432417504	-0.0102771155680258
0.052478853349847	0.0533980688405715	-0.0322005293533837	-0.0311220353316707	0.0168972007584215	0.00177363048030501	0.0208258327708641	0.00536010198862576	0.00352426380953357	0.0293429426438144	-0.0390082895691144	-0.0316264471487936	-0.0116090071256765	-0.00553112077338944	-0.0222589428062967	-0.0102445225336579
0.0525107688469611	0.0534404673058352	-0.0321992804496623	-0.0310803074187407	0.0169104972524044	0.0017980134395377	0.0208255394042181	0.00537489604948712	0.00348065276213321	0.0293300875967845	-0.0390305323488155	-0.031626271128806	-0.0116588543097799	-0.00556304185843967	-0.0222375773325655	-0.0102750578105519
0.052524899340409	0.0534578611539735	-0.0322050430087796	-0.0310546881286428	0.01692020210045	0.00182213516275706	0.0208308186068617	0.00539497210696007	0.00346456369707748	0.0293303823604145	-0.0390595183704219	-0.0316362581676254	-0.0116713223922339	-0.00556095895525324	-0.0222769345635992	-0.0102811109423472
0.0524927924564829	0.0534466531511132	-0.0322464035149102	-0.0309798642670946	0.0168906209636475	0.00180484748540491	0.0208187388859676	0.00538336177269956	0.00344776775810334	0.0293683928988448	-0.0390599081289659	-0.031609088225256	-0.0116838044445282	-0.00554138860599859	-0.0222675342580717	-0.0102651839274387
0.0524621649786431	0.0534311578042695	-0.0322695208066131	-0.0309156309414662	0.0168683753899783	0.00179563297875321	0.0208136818037846	0.00537370023115876	0.00344351533872072	0.0293971763577671	-0.0390693238013177	-0.0315956604147745	-0.0116770598056388	-0.00552726789143895	-0.022277709889735	-0.0102532313320913
0.0524673268346282	0.0534610183378778	-0.0322946232126204	-0.0307985762527378	0.0168738725221303	0.00182497942223899	0.020816206153924	0.00539770460771973	0.00339393777253482	0.0294111224493232	-0.0391052668033858	-0.0315949912594248	-0.0117213623601332	-0.00554559771887633	-0.0222990348509294	-0.0102867156422693
0.0524085976260719	0.0534309887692021	-0.032339226118681	-0.0306963729012159	0.0168350587178837	0.00179743089719783	0.0207922115562512	0.00537558755658121	0.00338487414015819	0.029472377405003	-0.0391113576537499	-0.0315625029988591	-0.0117084095242214	-0.00551078487688719	-0.0223109595065963	-0.0102575130881385
0.0523635323182979	0.053399468618568	-0.0323674829146246	-0.0306139215068724	0.016805818445184	0.00177339858095629	0.0207735213069345	0.00535788078402052	0.00338723923411837	0.0295048055952556	-0.0391117641761022	-0.0315418094744455	-0.0116838267962726	-0.00549174538156335	-0.0223128635958271	-0.0102422510376276
0.0524082539680009	0.0534383117594793	-0.032348063439645	-0.0305758383252726	0.0168512777024541	0.00181709205041433	0.0207931866511031	0.00539721566330977	0.00335220985960482	0.0294609919851711	-0.0391540355158193	-0.0315781352501375	-0.0117020029554669	-0.00553048514565649	-0.0223526985953985	-0.0102772804121411
0.0523737736082105	0.0534021773705992	-0.0323561463892336	-0.0305951418505778	0.0168336729097274	0.00179439105995191	0.020790088140528	0.00538034847815019	0.00338798103263748	0.0294654260124774	-0.0391311165958484	-0.0315701696472072	-0.0116669246865123	-0.0055005254261822	-0.02235984277172	-0.0102479912450005
0.0523946347707075	0.0534131814137914	-0.0323268362673326	-0.0306282825026849	0.0168590938280933	0.00181178770205828	0.0208092282187019	0.00539584522197786	0.00339037965421434	0.0294373368546172	-0.0391362952156419	-0.0315918662061532	-0.0116792558645315	-0.00551504707515801	-0.0223735821096399	-0.0102603224230197
0.0524132202462221	0.0534110915256848	-0.0323013441027813	-0.0306913926531545	0.0168736336378614	0.00180922842731815	0.0208123686387978	0.00539433647922712	0.00340670760353894	0.0294179690680467	-0.0391158098418486	-0.0315981358704729	-0.0116925663283546	-0.00552534005347968	-0.0223506827474454	-0.01026328402916
0.0524257721477177	0.0534148591916095	-0.0322931954949433	-0.0307374917291095	0.0168759260886521	0.00180380952627176	0.0208135211506213	0.00538920815085866	0.00341765017943384	0.0293872479922769	-0.0390917467919584	-0.0315995761610062	-0.0116951465578552	-0.00553690568425128	-0.0223118451944703	-0.0102620868138476
0.0524543125314191	0.0534206678511998	-0.0322519593203913	-0.0308382785388265	0.0169127589695464	0.00181455792138671	0.0208290304673052	0.00539823546165055	0.0034338971036848	0.0293625688724302	-0.0390955940859728	-0.0316215954232628	-0.0116774020667257	-0.00554218348991078	-0.0223293494043469	-0.010269666849186
0.052460886738257	0.0534078183921061	-0.0322210887673305	-0.0309545271677705	0.0169157121937826	0.00179987561924763	0.020836431688688	0.0053866377002463	0.00348387839825492	0.0293165047210759	-0.039051223079261	-0.0316330590742003	-0.0116398706938172	-0.00554761216984537	-0.0223007587292205	-0.0102596057702131
0.0525079078236708	0.0534349464249547	-0.0321944301211155	-0.0310428458950336	0.0169388839678626	0.00181415139903443	0.0208444713317718	0.00539845478814301	0.0034854583871911	0.0292832159886618	-0.039042289366399	-0.0316501427918843	-0.011651791158532	-0.0055724295911109	-0.0222744353591723	-0.0102791258280427
0.0525103511487366	0.0534312206685508	-0.0322001898862648	-0.0310819991663991	0.0169204284118627	0.0018058435350172	0.0208326542438751	0.00538817997061371	0.00349543425013831	0.0292966563719995	-0.0390258985527931	-0.0316424244551271	-0.0116470903072763	-0.00556457714388695	-0.0222499308623291	-0.0102686582267175
0.0525065485582112	0.0534253617175355	-0.032192593087118	-0.0311175188823067	0.0169149270887586	0.00179879994154572	0.0208335678714297	0.00538473500799954	0.00351105532554451	0.0293090811479486	-0.0390278235967843	-0.0316424272490951	-0.0116266636068122	-0.00555065480105935	-0.0222654010634602	-0.0102609943723374
0.0525307471155521	0.0534551258592458	-0.0321944119603231	-0.0310874641679185	0.0169230994453251	0.00182147858026368	0.0208425448907965	0.00540095399256992	0.00347262429492167	0.0293138560393579	-0.0390477250312537	-0.0316452072473117	-0.0116709284427379	-0.0055739760524304	-0.0222569828377048	-0.0102837344783526
0.0525277254390985	0.0534596367206736	-0.0322141080381403	-0.0310466987769841	0.016915585068236	0.00183155502606094	0.0208395008625985	0.00541176804593421	0.00345650449621731	0.0293345048602825	-0.0390656329695145	-0.0316390200050497	-0.0116786663372715	-0.00556930872879133	-0.0222798975667235	-0.0102834480966268
0.0524756682262621	0.0534322558337159	-0.0322553470066603	-0.0309705463836248	0.0168773188817285	0.00179639573203274	0.0208215300600565	0.00538107910079707	0.00345554337120573	0.0293944969424006	-0.0390587709839667	-0.031602117274954	-0.0116750900581586	-0.00553810569353172	-0.022272901470709	-0.0102614092765938
0.0524812799111044	0.0534489986872969	-0.0322694942639165	-0.0308935208752478	0.0168840034503047	0.00181284801293588	0.02082052562854	0.00539375393688726	0.00342802977076528	0.0293938054353065	-0.0390855022733512	-0.0316054686396383	-0.0116968592602741	-0.00555348229673294	-0.0222837183180414	-0.0102751989059387
0.0524355412570287	0.0534352900830257	-0.0323197032668833	-0.0307650276812944	0.0168425786829089	0.00179478081849585	0.0207996868177875	0.00537510559709139	0.00340835325072446	0.0294525164830704	-0.0390969533514325	-0.0315756360457106	-0.0117075280272994	-0.00552537078712831	-0.0222942976780889	-0.0102593361522956
0.0524095629420355	0.0534323340648215	-0.032344675753376	-0.030662014079036	0.0168342358942909	0.00179495404451538	0.0207928639477925	0.00537467532601062	0.00338210671479782	0.0294857926426283	-0.0391254574135491	-0.0315650916102638	-0.0117125404059935	-0.00551422285458122	-0.0223245675280175	-0.0102579559320755
0.0524280198950195	0.0534546355178518	-0.0323410380069659	-0.0305922822242716	0.0168549280217204	0.00182559269822749	0.020795831141869	0.00539498747378438	0.00334488547234362	0.0294741194440865	-0.0391546320279994	-0.0315761613117053	-0.0117469006251574	-0.00553172985842584	-0.0223507470087107	-0.0102795086016665
0.052379587855737	0.0534187204554642	-0.0323579987900554	-0.0305841196465933	0.0168309934943609	0.00179864068536647	0.0207807479053137	0.00537293049295908	0.0033798030881349	0.0294840701613212	-0.0391324325548032	-0.0315647800828254	-0.0117086973029312	-0.00549710281531248	-0.0223577836172621	-0.0102425793288743
0.0524051149448889	0.053438592553269	-0.0323355562416382	-0.0305891697438562	0.0168614156155486	0.00181994329481641	0.0207965519856276	0.0053945907303203	0.00336467235412268	0.0294528685230456	-0.0391452610591365	-0.0315799331685821	-0.0117259738044111	-0.00552589046518689	-0.0223596597668123	-0.0102723057520158
0.0524010175907335	0.0534212406146515	-0.0323234038775747	-0.0306259006449164	0.016859128752694	0.00180884984464643	0.0207939521983507	0.00538573245459586	0.00339238153232712	0.0294371035582845	-0.0391249726600912	-0.0315839634675042	-0.0117055065914102	-0.00551975072038182	-0.0223537211877073	-0.0102621873966977
0.0523987684464477	0.0533979808305777	-0.0323143206874216	-0.0306984460255141	0.0168491235530822	0.00178136558087058	0.0207870091877293	0.00536703242639094	0.0034332936065845	0.0294290876639292	-0.0390901626120702	-0.0315810717105653	-0.0116766197556698	-0.00551205333838503	-0.0223227109362436	-0.0102482762297423
0.0524742572723934	0.0534462899352658	-0.0322654751408667	-0.0307704340094845	0.0169127659544666	0.00184082820604184	0.0208217954870219	0.0054138886676894	0.0034175202599192	0.0293612124009386	-0.0391228785810326	-0.0316383522466841	-0.0116886380092666	-0.00554906084228288	-0.0223694861524685	-0.0102842332016508
0.0524640592889856	0.0534111697567904	-0.0322482698855722	-0.0308934188954137	0.0169041772966596	0.00179475567278333	0.0208267296346104	0.00538393174218318	0.00345815014340283	0.0293583681414566	-0.0390687258921535	-0.0316173248430878	-0.0116610615445449	-0.00553654945332402	-0.0223201167369028	-0.0102558744258731
0.0525048875442013	0.0534324178838632	-0.0322028595227432	-0.031001185037337	0.0169366012959601	0.00181325453528816	0.0208495647355395	0.0054034811366774	0.00347640313671865	0.0292954619506552	-0.0390591230239419	-0.0316504361585303	-0.0116544761618347	-0.00556563745476454	-0.0223079434180788	-0.0102704114416732
0.0524992688744389	0.0534215018506648	-0.0321982187418006	-0.0310728754637093	0.0169204102510703	0.00179762228400973	0.020839229847697	0.00539095577787826	0.00350547437435083	0.0292948053681618	-0.0390268554868526	-0.0316447448455983	-0.0116378995493531	-0.00555623575225303	-0.022273194837355	-0.0102592439513497
0.0525170929936579	0.0534399518187287	-0.0321973595966231	-0.0310951056705541	0.0169193918497135	0.00180040367921038	0.0208360433271281	0.00538841745789855	0.003496744621157	0.0293034876238987	-0.0390287232544986	-0.0316395494619965	-0.0116532230671612	-0.00556351264205726	-0.0222565777123365	-0.0102674819661655
0.0525258981839893	0.0534497181340716	-0.0321913483743487	-0.0311065958641882	0.0169230114353313	0.00180572199740672	0.0208399311336793	0.00539100886327134	0.00349748083174	0.0293059225670603	-0.0390351172503969	-0.0316457199404502	-0.0116483741355984	-0.00556498925417534	-0.0222720018129947	-0.0102745465143974
0.0525251074910292	0.0534548283016477	-0.0322107133669512	-0.0310719143386977	0.0169103519660654	0.00180481954572434	0.0208333960423942	0.00538986054239995	0.0034788310949601	0.029324220263865	-0.0390454744899839	-0.0316365194036388	-0.0116610336048643	-0.00555782272610936	-0.0222697303169644	-0.0102682070008763
0.0525016884507762	0.0534469660755355	-0.0322447718375649	-0.0310093238662867	0.0168801826989868	0.00179275519165458	0.0208156096417439	0.0053752927929512	0.00346712436880164	0.0293609497679412	-0.0390463853235704	-0.0316106751991123	-0.011666615953042	-0.00554056159145375	-0.0222612087143908	-0.01026102650297
0.0525036023188951	0.0534606146094936	-0.0322557996294856	-0.0309441769131037	0.0168837505961955	0.00180508497268974	0.0208113320766487	0.00538608030361894	0.00343182258240253	0.0293948936858646	-0.0390697065749415	-0.0316006699995005	-0.0116911889021026	-0.00555407042700892	-0.0222738681836567	-0.0102877005160094
0.0524800924746802	0.0534595012132229	-0.0322823940144353	-0.0308553245379418	0.0168665215921726	0.00180830781484339	0.0208014344448071	0.00539046543648427	0.00342132145346062	0.0294071242810338	-0.0390861756196529	-0.0315976706747914	-0.011695431542597	-0.00554454439291888	-0.0222957910540153	-0.0102774368743523
0.0524388507121921	0.0534476966981824	-0.0323293578235039	-0.0307284141268926	0.0168348463763113	0.00179862671552619	0.020789942854189	0.00537989026738885	0.00338656169686457	0.0294704663308521	-0.0391062279283974	-0.0315693985120235	-0.0117163108658863	-0.00552194957324262	-0.0223094954673344	-0.0102657273542258
0.0524585621568337	0.0534815344453197	-0.0323315957919175	-0.0306281022917452	0.0168609057163782	0.00183592898305404	0.020798679592303	0.00540697778770063	0.00333233357084793	0.0294681166037162	-0.0391529682200215	-0.0315798619223967	-0.0117629170470437	-0.00554627106517805	-0.0223461327704648	-0.0102951897473859
0.0524129101157677	0.053444286660169	-0.0323481682134471	-0.0306076825762013	0.0168422098791253	0.00180831479976354	0.0207863540022199	0.00538913131673709	0.00336261040569668	0.029491374990806	-0.0391386505307139	-0.0315689640499907	-0.0117292874505266	-0.00551711181755207	-0.0223607605902267	-0.0102665669416269
0.0523925826011697	0.0534251884915159	-0.0323532965418156	-0.0305954659508724	0.0168404119606807	0.00180265002952814	0.0207893617088332	0.00538538879652486	0.00337332946414703	0.029481262223424	-0.0391325135798769	-0.0315660233986108	-0.011718993075221	-0.00550815854691369	-0.0223603009824814	-0.0102554232000319
0.0524178023538354	0.0534409311045326	-0.0323279426786831	-0.0306104346347373	0.0168696773790929	0.00182552284902606	0.0208011480630813	0.00540068437465243	0.00336908961762066	0.029442332469503	-0.0391409779061053	-0.0315858647627669	-0.0117295808171726	-0.00553144207971597	-0.0223707546139663	-0.0102701907181967
0.0524100532834295	0.0534229672869107	-0.0323153516616346	-0.0306578356998069	0.0168643422970882	0.00180134524644556	0.0207936672136089	0.00538095476921854	0.00340432295180237	0.0294299342362504	-0.0391118689499043	-0.0315868636063473	-0.0117056351139408	-0.00552193560340233	-0.0223531344544154	-0.0102549621953025
0.0524248445503228	0.0534236098995638	-0.0323001133598522	-0.030721364945485	0.0168699693487548	0.00179883626313046	0.0207986237129419	0.00537737290216957	0.00342447863736494	0.0293959539967422	-0.0390892992759406	-0.0315944464356537	-0.0116947777540717	-0.00553537458975608	-0.0223249097891044	-0.0102534031611268
0.052446303621984	0.0534285733838169	-0.032274720381167	-0.0307960407267261	0.0168884779901478	0.00180480557588405	0.020809085726331	0.00538711965973612	0.00344030506942333	0.0293771575766394	-0.0390841122742429	-0.0316085042859321	-0.0116873108744396	-0.00554042468701896	-0.0223258248136431	-0.0102648905607928
0.0524906872015521	0.0534394516984465	-0.032223027781162	-0.0309259113469316	0.0169266477847573	0.00181798612019254	0.0208313410788883	0.00539942848601085	0.00346383447141462	0.0293228358526928	-0.0390728092764687	-0.0316394907886673	-0.0116746444202536	-0.00555851423320344	-0.0223235072171399	-0.0102743076301286
0.0525037811328508	0.0534295456847007	-0.0322074304544843	-0.0310237044198757	0.0169205639193134	0.00179531726036277	0.0208282076437125	0.00537968770470473	0.0034978049320346	0.0293014857457859	-0.0390333402867127	-0.031636924529007	-0.0116504863754495	-0.00555956895614493	-0.022281244259327	-0.0102636947424644
0.0525306758693666	0.0534403695169532	-0.0321908175204179	-0.0310938609577848	0.016936595708024	0.00180658812750436	0.0208378915369977	0.00538885750786752	0.00350795821195343	0.02928823674926	-0.039037134495334	-0.0316563426070026	-0.0116318170808932	-0.00556834760377975	-0.0222842338051479	-0.0102746191575669
0.0525273426654747	0.0534385338799398	-0.0321937260411651	-0.0311189200572872	0.0169238747714609	0.00179424717059698	0.0208306467778262	0.00537689653061587	0.00350739662437399	0.0293079258421571	-0.0390247544228738	-0.0316426437816195	-0.0116328033516173	-0.00556278481337844	-0.0222618401511717	-0.0102693916433324
0.0525283429060391	0.0534477819142082	-0.0322037675623617	-0.0310938246362	0.0169119333519856	0.00179585090826164	0.0208250532537762	0.00537890259968073	0.00349123072519669	0.0293202360654159	-0.0390266822608331	-0.0316329710642065	-0.011650757390351	-0.00556895948278421	-0.022243740826099	-0.0102786285017286
0.052515919527074	0.053448166084816	-0.0322242599210751	-0.0310609633808986	0.0169051202608788	0.00179668211375858	0.020822196421438	0.00538279599416804	0.00348267419802239	0.0293435754775793	-0.0390398432473652	-0.0316296364633306	-0.0116529883738444	-0.00556057338766139	-0.0222556948184305	-0.0102731704851294
0.0525177942796402	0.0534642788986002	-0.0322337175029477	-0.0309882335984091	0.0169055421500554	0.00181427014267685	0.0208256357961161	0.00539940054633028	0.00344954611877157	0.0293589953872854	-0.0390718984428821	-0.0316287004840315	-0.0116851329763392	-0.00556207374850795	-0.0222843749005347	-0.0102813316658237
0.0524986779501948	0.0534543714878704	-0.0322602769632968	-0.0309320469007846	0.0168870516694548	0.00180194874354586	0.0208057595073592	0.00538430753088683	0.00343925872838601	0.0293985523870352	-0.0390777601878655	-0.0316048120571449	-0.0116922464190121	-0.00554531552810258	-0.0222853416134824	-0.0102721283350442
0.0524781199332321	0.0534558522909406	-0.0323000351287466	-0.0308020435670964	0.0168607269024225	0.00180593294199502	0.0207980760952027	0.00538742001130223	0.00340931297875201	0.0294171546263581	-0.0390937137454705	-0.031594949349904	-0.0117148384447203	-0.00554432646341044	-0.02229298032215	-0.0102697087587069
0.0524458817328074	0.053445027061704	-0.0323397611635639	-0.0306955221379426	0.0168417879899487	0.00179372190460228	0.0207912965317126	0.00537802529371086	0.00338051694697343	0.0294745022177103	-0.0391140161143561	-0.031568536572878	-0.0117255295634901	-0.00553007303536809	-0.0223011456937964	-0.0102761753977746
0.0524232603704346	0.0534377166442831	-0.0323566604793561	-0.0306216286677574	0.0168352822353282	0.00179450281867418	0.0207826897131133	0.00537480524552527	0.00337354180571935	0.0294907728906897	-0.0391336199912274	-0.0315650287459825	-0.0117227816959061	-0.00551876444965774	-0.0223315901667285	-0.010262497527152
0.0524424563279696	0.0534619864478095	-0.0323357210857536	-0.0306022538962667	0.0168697667860707	0.00183296597992968	0.020796767121168	0.00540546764796587	0.00335583503315866	0.0294588504086555	-0.0391587251912028	-0.0315944031291489	-0.0117325759509296	-0.00553745469897446	-0.0223786000762701	-0.0102843617241814
0.0524074437172644	0.0534364956802423	-0.0323434869199678	-0.0306166805503286	0.0168603692745113	0.00181766760783405	0.0207932928218893	0.00539240445031577	0.00337898166152616	0.029464965007748	-0.039141211202438	-0.0315837958294208	-0.011709228156862	-0.00551439747758477	-0.0223798615528478	-0.0102629585318814
0.0524154093201946	0.053439968582537	-0.0323276758547337	-0.0306315807819761	0.0168708829763094	0.00181626782983754	0.0207974139247732	0.00538874714612927	0.00338223104637635	0.0294438733428864	-0.0391295575616726	-0.0315894647906083	-0.0117174005134285	-0.00552920830225447	-0.0223608765399011	-0.0102690298244691
0.0524034720916715	0.053420431760899	-0.032319787085925	-0.0306858075110087	0.0168656736228673	0.00178618098481667	0.0207923163300534	0.00536482938257806	0.00341584667305311	0.0294384851754886	-0.0391015075193653	-0.0315829618299558	-0.0116915632938222	-0.00552194538229053	-0.0223286914248695	-0.0102549719741907
0.0524135457435007	0.0534157532613877	-0.0323013091781806	-0.0307494722641375	0.0168753896467852	0.00178702336618583	0.0208072179586849	0.00537123734831659	0.0034416783047233	0.0294010837220947	-0.0390856671174666	-0.0315992185330949	-0.0116742700285339	-0.00552619919865718	-0.0223202941538744	-0.0102564988777338
0.0524486826857844	0.0534258115463926	-0.032265591090541	-0.0308319054976887	0.0169062350541335	0.00179714870642408	0.020821947758281	0.00537872518270912	0.00344418170010229	0.0293748427741042	-0.0390866729459671	-0.0316135907047797	-0.0116758570023903	-0.0055412419226756	-0.0223155555840499	-0.010267160659839
0.0524720444496923	0.0534242734669773	-0.0322300699776494	-0.0309545453285629	0.0169188009254695	0.00178968741472809	0.0208324349173826	0.00537352141720312	0.00348694477819738	0.0293280200604224	-0.0390505483359752	-0.0316309985227583	-0.0116501930088035	-0.00555002196729446	-0.0222928643724757	-0.0102664859165532
0.0525137919203987	0.0534415681292496	-0.0321973302599585	-0.0310525633159355	0.0169431810907341	0.00181107244623571	0.0208453933412306	0.0053926712742652	0.00349845033865575	0.0292910893906461	-0.0390449212843086	-0.0316577815005519	-0.0116471364077492	-0.00556942886941778	-0.0222896736609547	-0.0102783826325396
0.0525217686992012	0.0534440463789161	-0.0322008422778061	-0.0310897594126772	0.016933209418739	0.00180825333246628	0.0208411884193049	0.00539941870712265	0.0035014426784447	0.0293003178671381	-0.0390353798833942	-0.031655236195652	-0.0116524812686421	-0.00556992340176385	-0.022268531704668	-0.0102774913567294
0.0525403611596359	0.05345877198756	-0.0321976501693011	-0.0311153563510306	0.0169318864748641	0.00180715390603589	0.02084006664113	0.00539485476030168	0.00349450944671147	0.029307577993134	-0.0390397650162596	-0.0316503006510795	-0.0116518819624939	-0.00557395090671789	-0.0222629479595063	-0.0102833293529844
0.0525292565335937	0.0534571221494224	-0.032213359254701	-0.0311100995001315	0.0169156185958527	0.00180398414927532	0.0208325829976896	0.00538929336688439	0.00349978864935501	0.0293299786320303	-0.0390461534242217	-0.0316466978292701	-0.0116293248613864	-0.00555758523882452	-0.0222759077803383	-0.0102784971852299
0.05249166788434	0.0534375713579442	-0.0322501432411543	-0.0310456077324578	0.0168724420104852	0.00177589499141514	0.020810707624788	0.00536073482239065	0.00349089963998194	0.0293737279808495	-0.0390331377240286	-0.031605407172341	-0.0116362469172474	-0.00554085914905181	-0.0222400933008007	-0.0102621510751129
0.0525079064266868	0.053469813749321	-0.0322544683037064	-0.0309579106630875	0.0168868030062977	0.00180167772864434	0.0208148985768734	0.00538354477760729	0.00344108877746329	0.029385630284772	-0.0390774277056668	-0.0316118780023608	-0.0116835767361315	-0.00555394609543039	-0.0222671500874639	-0.0102850057338185
0.0524850615468695	0.0534644702854121	-0.0322707641223984	-0.0309074418210914	0.0168802525481883	0.00180158692468249	0.0208080798978305	0.00538229168293377	0.00344213791246866	0.0294035549868411	-0.0390851851579768	-0.0316049280068193	-0.0116841816302158	-0.00554167638470845	-0.0222962981592176	-0.0102769605027986
0.0524623857021196	0.0534712540398543	-0.0323056663713654	-0.0307831772977921	0.0168646175029418	0.00181445035361652	0.0208028160620112	0.00539278582695554	0.00340012780876491	0.0294446039655333	-0.0391158182237528	-0.0315961549471205	-0.0117202014664056	-0.00553509379596637	-0.0223154200765991	-0.0102815090827953
0.0524325908267606	0.0534668507461966	-0.0323461453805739	-0.0306657412324239	0.0168394717904296	0.00180430266163381	0.0207827441954904	0.00538243696927273	0.00336720368918224	0.0294869828730205	-0.039125205956424	-0.0315650189670943	-0.011741726196316	-0.00552525902840603	-0.0223154424283436	-0.0102780445624047
0.0524093673642716	0.0534597205397154	-0.0323562260173233	-0.0306117394178199	0.0168396282526408	0.00180307331568877	0.0207787879367218	0.00538471684720717	0.00336765072407135	0.0294947836318354	-0.0391411874537095	-0.0315646389874386	-0.0117286951292986	-0.0055135690660559	-0.0223502887979494	-0.010271383742557
0.0524115634231643	0.0534620507090748	-0.0323519065427073	-0.0305927571988412	0.0168561964832183	0.00181575234273104	0.0207904164317747	0.00539377489164768	0.00336267187299393	0.0294748514637174	-0.0391485802931881	-0.031575362236841	-0.0117304776809189	-0.00552467229511407	-0.0223668235009102	-0.0102766978698013
0.0524010357515258	0.0534459351013225	-0.0323473914903273	-0.0305932712889637	0.0168572470152076	0.00180614109261526	0.0207898129346744	0.00538659998167753	0.00337378068998822	0.0294607251612216	-0.0391373150139827	-0.0315768151002306	-0.011718407738913	-0.00551921846946698	-0.0223611908613075	-0.0102676677650413
0.0524182926952294	0.0534503844954532	-0.0323282122966006	-0.0306311784505759	0.0168756662496229	0.00181195394315766	0.0207997385061966	0.00538930593974065	0.00338017468588647	0.0294371007643164	-0.0391291105267835	-0.0315862908428956	-0.0117185851558846	-0.00553287398834514	-0.0223541933683089	-0.0102821726502088
0.0524323910580446	0.0534455062272258	-0.0323099118058278	-0.0307020390684353	0.0168822320745566	0.00180714273016366	0.0208023480723617	0.00539073086344968	0.0034031019877615	0.0294127541266685	-0.0391085301580763	-0.0315982322623709	-0.0117066325605372	-0.00553884749205082	-0.0223391785839711	-0.0102728352089626
0.0524579572627493	0.0534513805450655	-0.0322846585255454	-0.0307766980858681	0.0169044008141042	0.00181945435040645	0.0208164478321609	0.0054017237307696	0.00342471193369769	0.0293730308858193	-0.0391067015059831	-0.0316234268693241	-0.0116869225128797	-0.00554515487493931	-0.0223502245366841	-0.0102753204435492
0.0524631344855588	0.0534310767791959	-0.0322576660001476	-0.0308930696494066	0.0169063146822232	0.00179155099142205	0.0208155006769896	0.00538099528175536	0.00346131570921131	0.0293641041578775	-0.0390695165851136	-0.0316171991145252	-0.0116599746909707	-0.00553749660849531	-0.0223189181246064	-0.0102601519909682
0.0524900543677872	0.053432113341345	-0.0322278850946289	-0.0309907160390277	0.0169191753171891	0.00178650787907933	0.0208257238061099	0.00537599687290154	0.00349004608274055	0.0293193196438932	-0.0390399368452951	-0.0316278972182151	-0.0116499080240617	-0.00555503434598856	-0.0222824093440067	-0.010265150399822
0.0525310558490224	0.0534545181711934	-0.0322006075844893	-0.0310703469226178	0.0169375344812911	0.00179997201114559	0.0208370421707084	0.0053875164032002	0.00349678233972577	0.0292910083655725	-0.0390389673383793	-0.0316495923801771	-0.0116501008078576	-0.00557018044682508	-0.0222779529649559	-0.0102776813465573
0.0525243684864782	0.0534422652242798	-0.0322042774615321	-0.0311096007768334	0.0169169219819512	0.00178400867465242	0.0208284102063966	0.00537262595044088	0.00351749821588376	0.0293146523202541	-0.0390224982936678	-0.0316385101058793	-0.0116321341962676	-0.00555333142245787	-0.0222719892401384	-0.0102684095635604
0.0525359550720102	0.0534523318911888	-0.0321988599574697	-0.0311113358309967	0.0169161480527995	0.00178772744613617	0.0208243505708099	0.0053726566840895	0.00350903528663937	0.0293211427080503	-0.0390282790135776	-0.0316380323373416	-0.0116434805005468	-0.00555942506679	-0.0222646494860529	-0.0102752855189485
0.0525718659434457	0.0534902097161364	-0.0322008129411415	-0.0310760284566615	0.0169371503106833	0.00182225250941545	0.0208337969768103	0.00540302432290009	0.00346485985769151	0.029318720337745	-0.0390596021894636	-0.0316525022979083	-0.0116860466038938	-0.00558596496936262	-0.0222767948651963	-0.0103041276512
0.0525478406121243	0.0534790813413657	-0.0322323708103443	-0.0310313445255273	0.0169149801741517	0.00181351577130148	0.0208246802590406	0.00539296883186326	0.00345715129982248	0.02934900974545	-0.0390608510931851	-0.0316369203380549	-0.0116842556703693	-0.00556133055300481	-0.0222877891295003	-0.0102843659151335
0.0524841702710593	0.0534410260994465	-0.0322795232122568	-0.0309511590392779	0.0168594458680684	0.00176397173273226	0.0208010642440396	0.00535381835446576	0.00345928449443394	0.0294178628972605	-0.0390445021891001	-0.0315845627736524	-0.0116743887721764	-0.00552938013128998	-0.0222553916728963	-0.0102617361708565
0.0525106403244305	0.0534771744581669	-0.0322750696271741	-0.0308718718137588	0.0168926214447762	0.00181820265271695	0.0208178783438061	0.00539899681794605	0.00342106859935148	0.0293911581505726	-0.0391044216280486	-0.0316216163780232	-0.0116898729431478	-0.00555588371227786	-0.0223149981874225	-0.0102940065019138
0.0524437108196271	0.0534461195032143	-0.0323395404400874	-0.0307390661301096	0.0168323527598205	0.00178035276744995	0.0207828894818293	0.00536834419439366	0.00339381344095628	0.0294768240051656	-0.0390968527685824	-0.0315652760121555	-0.0117097743776172	-0.00551738003848554	-0.0222898161533256	-0.0102667010520936
0.0524403887916075	0.0534621764376374	-0.0323485174594542	-0.0306498966395732	0.0168445875459418	0.00181044659739096	0.0207876140818136	0.00539466057952172	0.00336375872656807	0.0294829567650505	-0.0391434924773565	-0.0315781869385465	-0.0117236017255308	-0.00551766222925928	-0.0223470952924604	-0.0102781367633506
0.0524079773651632	0.0534417231944768	-0.0323607899641442	-0.0306075861843033	0.0168309068813511	0.00179122270017537	0.0207784484696029	0.00537476612997247	0.00336896528604213	0.0294945335716943	-0.0391322062433906	-0.0315614468789335	-0.0117221055556364	-0.00549499895736563	-0.0223413075876305	-0.0102681022270742
0.0524242200984621	0.0534554178289077	-0.0323447707482899	-0.0305979595673632	0.0168634440363579	0.0018197365411802	0.0207962558250136	0.00540124596223187	0.00336019641729551	0.0294645976009485	-0.0391552355250997	-0.0315879406810332	-0.0117292650987822	-0.00551366964890595	-0.0223742833956222	-0.0102819896453011
0.0524341484639524	0.0534517339820247	-0.0323355799903667	-0.0306129757486851	0.0168691702738905	0.00181788553734249	0.0207987634113447	0.00539894792350506	0.00336961069266328	0.0294455357538802	-0.0391435860752864	-0.0315915351209384	-0.0117260869601175	-0.00552616008310438	-0.022367596033078	-0.0102822760270269
0.052432607590569	0.0534369385241793	-0.03232091584902	-0.030657789599334	0.0168680540836518	0.00179859737886159	0.0207972448897058	0.00538421952089304	0.00339739530800525	0.0294326401943135	-0.0391190648146349	-0.0315931430495552	-0.0117019903826106	-0.00552631514833154	-0.0223555246940881	-0.010272953952605
0.052452735336451	0.0534357427058509	-0.0323038055886394	-0.0307260406510282	0.016879598759663	0.00179782624367788	0.0208058167837044	0.00538494595258784	0.00341788068179854	0.0294018953698153	-0.0391017980920432	-0.0316027207720543	-0.0116933290816342	-0.00554089966158863	-0.0223309713028039	-0.0102768766837569
0.0524780891995834	0.0534488925165108	-0.0322798375336632	-0.0307898031930391	0.0169009516605379	0.00181149014446022	0.0208157926466516	0.00539438537366812	0.00342517433541111	0.029371101650876	-0.0391006735199003	-0.0316237467786666	-0.0116887399891007	-0.00554641355754894	-0.0223401732365994	-0.010276489719181
0.0524828165935357	0.0534300388200627	-0.032249584447543	-0.0309213320332863	0.0169054778887901	0.00179169767474504	0.020816452023113	0.00537837034876589	0.00347520871537432	0.0293446036578242	-0.0390570764423402	-0.0316211428004375	-0.011651446103477	-0.00554497187003158	-0.0223079084934781	-0.0102712035316173
0.0525029415454497	0.0534382055886931	-0.0322154673036	-0.0310239628619209	0.01692187009938	0.00179365065841683	0.0208264516347887	0.00538313965223904	0.00349848526325646	0.0293052506177426	-0.0390387843334716	-0.0316410051193541	-0.0116368867359324	-0.00555269719170895	-0.0222870459339971	-0.0102741455799813
0.0525104126160339	0.0534351489876388	-0.0322050905062366	-0.0310842175770363	0.0169159971785244	0.00178686131603853	0.0208265466297026	0.0053776243592947	0.00351731102002394	0.0293019481474993	-0.0390235125040725	-0.031643502926797	-0.0116268452147359	-0.00555148460957225	-0.0222673261074515	-0.0102698708088542
0.0525201761374087	0.0534418950235122	-0.0322063016913893	-0.0310964481722055	0.0169117014526369	0.00177889990406035	0.0208261624590948	0.00536470086004744	0.00350561686672173	0.029314595043909	-0.0390182640350776	-0.0316322641902881	-0.0116399251761943	-0.00555224875983582	-0.0222444868155702	-0.0102738089068304
0.0525641378278003	0.0534816992894351	-0.0321936994984686	-0.0310914232206551	0.0169358818491854	0.00181763128624931	0.0208346295792913	0.00539576559388823	0.00347715890507804	0.0293024538557176	-0.0390510135316567	-0.0316568329483966	-0.0116663267773481	-0.00557634813131072	-0.0222727659632583	-0.0103009481155512
0.05253437368609	0.0534619487292407	-0.0322264587739359	-0.0310733099257421	0.016903211980696	0.00179443855740887	0.0208116156644065	0.00537780317325033	0.00348760555164284	0.029348126851544	-0.0390400751467139	-0.031632997606903	-0.0116562154069502	-0.00554314740889042	-0.0222686448603743	-0.0102782750647694
0.0525267014498057	0.0534727837373654	-0.0322425352661354	-0.0309936538964395	0.0168964114624454	0.00180469242017775	0.020812034759615	0.005381910306294	0.00345836388195919	0.0293683495923399	-0.0390662769791516	-0.0316245765871795	-0.01167986914052	-0.00554614813058354	-0.0222832908409287	-0.0102848967690643
0.0525180988221584	0.0534732782697115	-0.0322656665276786	-0.0309294345406514	0.0168865124336198	0.00180342116471185	0.0208029627453342	0.00538354477760729	0.00343829480940638	0.0293974767093333	-0.0390814510196687	-0.0316106039529269	-0.011699848806095	-0.0055430384441362	-0.0222855232214061	-0.01028802321932
0.0524730083686719	0.0534547193368935	-0.0323124333619992	-0.0308183086521397	0.0168474569511362	0.00178897495287358	0.020788516533496	0.00537200429254821	0.00342992827205995	0.0294332325155416	-0.0390798263272436	-0.0315915001963377	-0.0117009063230045	-0.0055195090421449	-0.0222908499215066	-0.0102745073988446
0.0524824785234008	0.0534872788436447	-0.0323259631523148	-0.0306964315745451	0.0168645266989799	0.00182989401205111	0.0207945668713232	0.00539940054633028	0.00335944623687222	0.0294525821413198	-0.0391461062344737	-0.0315996432162396	-0.0117368549130088	-0.00553035662312587	-0.0223429141192632	-0.010291904040951
0.0524511302018023	0.0534704368041976	-0.0323563727006462	-0.0306346178252539	0.0168464776653323	0.00181054857722504	0.0207776801283872	0.00538727472496327	0.00335561291269814	0.0294851821606078	-0.0391429881661222	-0.0315784202348793	-0.0117115639141576	-0.00551583916510214	-0.0223563139900641	-0.0102882271789881
0.0524149161848326	0.053449690194391	-0.0323688268132599	-0.0305988145215886	0.0168292626311496	0.00179360176397583	0.0207707916001429	0.00537520059200532	0.00336392357068343	0.0294900059464581	-0.0391330905342806	-0.031567360312326	-0.0116916079973111	-0.00550059946633571	-0.0223552452972824	-0.0102718475412545
0.0523888344930213	0.0534262683601699	-0.0323644430773786	-0.0305985435066871	0.0168307182885073	0.00178739077298531	0.0207766505511583	0.00537256588012765	0.00338138307707108	0.0294840408246566	-0.0391309866763338	-0.0315710679079375	-0.0116720250752002	-0.00548579981753824	-0.022363914980163	-0.010261071206459
0.0524257567808934	0.0534548310956158	-0.0323379143506782	-0.0306111750362724	0.0168674841141682	0.00181675817123153	0.0207963843475442	0.00539507129282609	0.00336347653579432	0.0294464423965147	-0.0391454734007088	-0.0315925507283271	-0.0117104728696314	-0.00551709505374372	-0.0223673822945216	-0.0102841410007049
0.0524182493887245	0.0534351196509742	-0.0323190243326455	-0.0306823401966501	0.0168686268471035	0.00179961717720236	0.0207998963653918	0.00538389821456649	0.00340474065002688	0.0294354257804663	-0.0391186485133944	-0.0316008627832964	-0.0116819939532273	-0.00550477644858079	-0.0223659713406529	-0.0102719565060087
0.0524533779491041	0.053453126775101	-0.0322935293741261	-0.0307563775561902	0.016898011009158	0.00181713256295115	0.0208153553906507	0.00539595977466819	0.0034114377914593	0.0293870705753053	-0.0391087997759938	-0.0316240722759452	-0.0116799906781305	-0.00552731538889591	-0.0223548262020738	-0.0102865605770422
0.0524418262881728	0.0534315168291648	-0.0322838468778249	-0.0308439922035029	0.0168867499209046	0.00178595607038809	0.0208082964303549	0.00537949072995671	0.00344447786071633	0.0293904722314146	-0.0390782854538602	-0.0316154850151223	-0.0116509515711309	-0.00550462417732169	-0.0223298998160541	-0.0102617012462558
0.0524865074253389	0.0534484147479731	-0.0322363047173684	-0.0309559297397351	0.0169208586829434	0.00179907654438335	0.0208243449828738	0.00538588332887093	0.00346868479996142	0.0293276861812396	-0.0390626168809971	-0.0316395578439007	-0.011639663940181	-0.00553158038113479	-0.0223153041269248	-0.0102804990633427
0.052513709498341	0.0534502475910184	-0.0322126565717347	-0.0310413804587877	0.0169254184388123	0.00179637198330426	0.0208282565381535	0.00538000482007919	0.00348397339316885	0.0293068543554073	-0.039039639287697	-0.0316461963120039	-0.0116403791960036	-0.00554159396265078	-0.0222798542602187	-0.0102831365691884
0.0525446582825075	0.0534650807674325	-0.0322008185290776	-0.0310788950678879	0.0169343731064347	0.00181444616266443	0.0208387311243988	0.00539506151393789	0.00347929349667352	0.0292949324937084	-0.0390502647482174	-0.0316648684005282	-0.0116488588890563	-0.0055548792807614	-0.0222824330927352	-0.0102855589394938
0.052512973287758	0.0534346474703726	-0.0322138621689513	-0.0311143575074503	0.0168980165970941	0.00176981950787538	0.0208252628013805	0.00535850383889721	0.00350887463347609	0.0293372541248505	-0.0390185825474361	-0.031632359185202	-0.0116187636621313	-0.00552435937069171	-0.0222532095838439	-0.0102698582359979
0.0525641434157364	0.0534835377204165	-0.0322057862042828	-0.0310844215367045	0.0169238398468601	0.00180789151360291	0.0208334505247713	0.00538942328639904	0.0034611382922397	0.0293252358712537	-0.0390565064728566	-0.0316488924911788	-0.0116644212911333	-0.0055598916594555	-0.0222658760380299	-0.0103028647776383
0.0525534914125194	0.0534829887056933	-0.0322317044489627	-0.031053029908601	0.0169075999075293	0.00180872830703596	0.0208201610157086	0.00538976834145407	0.00345417432685784	0.0293532523859444	-0.039060452952737	-0.0316395173313638	-0.0116676525151911	-0.00554354275537047	-0.0222795455267484	-0.0102947189637684
0.0525009382703529	0.0534589340377073	-0.0322654821257868	-0.0309871411568989	0.0168711400213706	0.00178474069428333	0.0208094056356735	0.00537206156889338	0.00345870754003019	0.0294022208670939	-0.0390626699663901	-0.0316148675481817	-0.0116555420606484	-0.00551084634418444	-0.0222924243225067	-0.010269175110808
0.0524966579112897	0.0534680647253173	-0.0322827935518674	-0.0309138833144466	0.0168709500315428	0.0017946313412048	0.0208155635412709	0.00538349448618227	0.00342445349165243	0.0294122232727377	-0.0390853011076511	-0.031603345223915	-0.0116829788269673	-0.00552538615395262	-0.0222889933297328	-0.0102833572926649
0.0524637575404355	0.0534712624217585	-0.032322488853036	-0.030781403128076	0.0168471915241708	0.00179791844462376	0.0208082559178181	0.00538121600523186	0.00339092727195349	0.0294506696701848	-0.0391101101470125	-0.0315906927395693	-0.0117058432645611	-0.00551554998940826	-0.0223022241654663	-0.0102828865090473
0.0524421489914833	0.0534692116492047	-0.0323493277101907	-0.0306857320738711	0.0168405139405148	0.00180389194832944	0.0207959903980482	0.00538265210481311	0.00336799997007846	0.0294866392149495	-0.0391368148937005	-0.031582528764907	-0.0117119620546057	-0.00550206629956559	-0.0223398365634485	-0.0102807798571324
0.0524174028164032	0.0534577424103311	-0.0323629650682765	-0.0306314648323017	0.0168329786086653	0.00179774242463617	0.0207884550661987	0.00537719548519796	0.00336741603075457	0.0295038025607231	-0.0391448643156724	-0.0315719815354921	-0.0117037394066142	-0.00548999915152778	-0.0223628616542055	-0.0102748594388198
0.052407718923118	0.053450472505447	-0.0323661893074142	-0.0306067046873814	0.0168354540643637	0.00179702158087749	0.0207859907863725	0.00537598290306126	0.00337047263180883	0.0294995054378516	-0.0391416736041514	-0.0315750940159075	-0.0117001016602041	-0.00549029531214181	-0.0223675164049883	-0.0102750438407116
0.0524280478347001	0.0534603184488795	-0.0323452121952429	-0.0306137343110125	0.0168655283365283	0.00182101617855026	0.020804129226998	0.00539856934083335	0.00336498527854506	0.0294682018197419	-0.0391600579139659	-0.031599468593236	-0.0116997328564206	-0.00550400810736514	-0.0224004964039321	-0.0102880860836012
0.0524192007348479	0.0534361157005865	-0.0323412740972667	-0.0306621216468062	0.0168553401320088	0.00179607582269023	0.0208037534382943	0.00537707115361943	0.00339194567331024	0.0294689212665166	-0.0391280683766983	-0.0315900766696127	-0.01168222724956	-0.00549298450639659	-0.0223761958667571	-0.0102754755087764
0.0524111960163648	0.0534180303453541	-0.0323399804900563	-0.0307037880924389	0.0168365171692094	0.00176216543238347	0.0207907195773088	0.00535055919072738	0.00342066487096725	0.0294661021527472	-0.0390919507516266	-0.0315734721174505	-0.011669757770122	-0.00549672004168868	-0.0223179053111858	-0.0102623801804936
0.0524708206916834	0.0534576055058963	-0.0322861449165517	-0.0307723506715716	0.0168935713939156	0.00181973374721214	0.0208225833860139	0.00539543171470543	0.00342016335370104	0.0293954385096357	-0.0391261586995314	-0.0316316187836669	-0.0116622350111288	-0.00552998921632638	-0.0223722074773559	-0.0102946435266308
0.0524614706775809	0.0534312458142633	-0.0322676670088073	-0.0308814788729225	0.0168858977606473	0.00178291343917411	0.0208194024533811	0.0053716648254293	0.00345553918025365	0.0293933975159702	-0.039076164832105	-0.0316191311434366	-0.0116406278591606	-0.00551287476499376	-0.0223324283571456	-0.0102711588281284
0.0524873176760754	0.0534326176525793	-0.0322368802747882	-0.0309846237916796	0.0168995854101581	0.00178227362048907	0.0208299832104126	0.00537189672477802	0.00348659413520624	0.02934105811236	-0.0390493790603434	-0.0316332714157726	-0.0116248614974155	-0.00553014428155355	-0.0222948466928121	-0.0102773195276939
0.0525414005157531	0.0534655557420022	-0.0321941521212938	-0.0310784200933182	0.0169413300868964	0.00181907856170279	0.0208531982909975	0.00540539360781236	0.00348607166317959	0.0292968603316677	-0.0390626196749651	-0.0316750999115527	-0.011627194460743	-0.00555784647483784	-0.0223112836068909	-0.0103022724564102
0.0525152894872772	0.0534353766960355	-0.0322202407980252	-0.031113605930043	0.0168971588489007	0.00177381208822871	0.0208314011492015	0.00536786083791981	0.00351369422837427	0.0293343847196561	-0.0390218989875196	-0.0316403918433657	-0.0116119324102321	-0.0055293074881205	-0.0222590294193065	-0.0102725711789812
0.0525683217949655	0.0534788648088413	-0.0321992385401414	-0.031126958303387	0.016926140679555	0.00181443917774429	0.0208422333633582	0.00539603800577378	0.00348956831420282	0.0293181713230218	-0.0390554349861068	-0.0316641377778814	-0.0116361924348703	-0.00555508743138164	-0.0222883856416804	-0.0103083423520139
0.052527648604977	0.0534530331771711	-0.0322345026079717	-0.0310991904518533	0.0168791195941412	0.00177466005753399	0.0208162005659879	0.00536274089145552	0.00350048295041715	0.0293677768288883	-0.0390267507130505	-0.0316266245657652	-0.0116292787609135	-0.00552716311763682	-0.0222576673598787	-0.0102804850935024
0.0524916147989469	0.0534481129994229	-0.0322743585623036	-0.0309779350321513	0.0168479584684024	0.00176902462396319	0.0207975117136552	0.00535051169327041	0.00349250058367855	0.029397367744579	-0.0390476076845953	-0.0316140656793494	-0.0116273146013695	-0.00551257022247556	-0.022264800360328	-0.010275950483346
0.0525327867122336	0.0534920788807665	-0.0322639426493874	-0.0309208933803014	0.0168868058002658	0.00181343754019589	0.020814879019097	0.00538866612105562	0.00342466303925669	0.0294117622680083	-0.0391076668219467	-0.0316234757637651	-0.0116859879305646	-0.00554169454550082	-0.0223072239713042	-0.0103141943181091
0.0524885484190045	0.0534813458524759	-0.032318708614255	-0.0308130280525122	0.0168434615768148	0.0017967812996246	0.020792545435434	0.00536901474672731	0.00341207481617627	0.0294538017083766	-0.0391023960012074	-0.0315958308468259	-0.011692876458809	-0.0055159495268404	-0.0223064682029448	-0.0102923161512394
0.0524520703720534	0.0534717122506156	-0.0323381769836756	-0.0307275326299706	0.0168394382628129	0.00180755484045205	0.0207923219179895	0.00538186699978912	0.00339291937117808	0.0294978346449536	-0.0391388740481584	-0.0315909805182791	-0.0116834216709044	-0.0054987386836098	-0.0223608052937156	-0.0102971888315307
0.0524187886245595	0.0534539649655181	-0.0323624286264096	-0.0306454570243307	0.0168205733904926	0.00179242270945581	0.0207782403189826	0.00536646664785941	0.00337897188263796	0.0295266907470454	-0.03913757764698	-0.0315656783435557	-0.0116938152320761	-0.00548841217767145	-0.0223562678895912	-0.0102864823459366
0.0524228245114177	0.0534610630413667	-0.0323648300419545	-0.0306034231718985	0.0168309124692872	0.00180001252368242	0.0207823879645631	0.00537054723820653	0.00336452287683164	0.0295240434623114	-0.0391478692283177	-0.0315721254248471	-0.0117078619064822	-0.00550386701197827	-0.0223607703691149	-0.0102955669330736
0.0524140290999745	0.0534511500427008	-0.0323616225666252	-0.0306138726124314	0.0168377632789628	0.00179888376058742	0.0207990958935435	0.00537417939668052	0.0033726700876856	0.0295212606701268	-0.0391496238402574	-0.0315838936183028	-0.0116903046112126	-0.00549951959768171	-0.0223795570103296	-0.0102906383734212
0.0524144887077199	0.0534450158858318	-0.0323474613395287	-0.0306451077783236	0.0168466047908789	0.0017958341444533	0.020806730411259	0.00537162151892442	0.00338663014908196	0.0294969768967601	-0.0391421234330086	-0.0315917935629837	-0.0116769703986609	-0.00549812121666923	-0.0223754987717269	-0.0102868260040076
0.0524144593710553	0.0534311508193494	-0.0323290281352732	-0.030708750179708	0.0168474918757369	0.00177553177556774	0.0207997943855577	0.00535176618492796	0.00341711094359886	0.0294810554697878	-0.0391105250512689	-0.0315895430217139	-0.0116545585838924	-0.00549540128876582	-0.022350315340646	-0.0102802392243134
