0.0524004378423617	0.0534735897971499	-0.0321981433046631	-0.0308648393961596	0.0168289776464078	0.00175160842408042	0.0208760068492302	0.00534728885111676	0.0034271622436836	0.0294190670974931	-0.039115091792058	-0.0316746430977754	-0.0117083885694609	-0.00552949468398031	-0.022222827975193	-0.0102107099322331
0.0523731240106373	0.0534737686111055	-0.032231715624835	-0.0307507560924597	0.0168200369486257	0.00175547527587119	0.0208712235759167	0.00535392731921998	0.0033905053827769	0.0294713701795185	-0.0391546320279994	-0.0316565381847666	-0.0117283486772595	-0.00551735768674108	-0.0222500971034285	-0.010219985906182
0.0523586037586455	0.0534750063389547	-0.0322468617256715	-0.0306731648055511	0.0168224369671866	0.00176715126838103	0.0208717013444544	0.00536835257629783	0.00336820672371467	0.0294868906720746	-0.0391839267830761	-0.0316585414598634	-0.0117350234669475	-0.00550981676695547	-0.0222905900824773	-0.010220424559167
0.0522965720798459	0.0534274809423066	-0.032276192802333	-0.0306349265587242	0.0167834275851759	0.00172210691536747	0.0208508862824304	0.00532956671173175	0.00339958298499381	0.0295217314537443	-0.0391548751032204	-0.0316250864863499	-0.0117029319498458	-0.00547504304051912	-0.0222774751964182	-0.0101848238181858
0.0523401076901087	0.0534680661223014	-0.0322489069102892	-0.0306067242451578	0.0168329087594639	0.00177333152572292	0.0208739253430278	0.00537059892661559	0.00336084182391665	0.029473066118129	-0.0391934598020863	-0.0316615030660037	-0.0117418295731341	-0.00551901450979883	-0.0222991396247315	-0.0102222685780845
0.0523312717661287	0.0534525693784737	-0.0322479974736866	-0.0306249926052979	0.0168263750651628	0.00176167928194157	0.0208676598696601	0.00535798555782265	0.00338213605146242	0.0294651019121828	-0.0391714279669735	-0.031657442033433	-0.011727978476492	-0.00551209245393782	-0.0222934916183044	-0.0102093562547095
0.0523444606923414	0.0534540236388473	-0.0322201234513668	-0.0306753720403161	0.0168442355059666	0.00176411701907122	0.0208718857463462	0.00535452243441611	0.0033990130155102	0.0294383482710538	-0.0391642740117638	-0.0316738244651347	-0.0117113920851221	-0.00551691903375614	-0.0222970665004333	-0.0102116347356599
0.0523378054604298	0.0534312975026724	-0.0322116689040266	-0.0307542234068183	0.0168397707450117	0.00174235200790787	0.0208756240756064	0.00534337450186902	0.00343929644695478	0.0294174102744353	-0.0391286844466549	-0.0316750482231436	-0.0116788200055146	-0.00551224193122887	-0.0222695906185616	-0.0101966534789388
0.0523750308938361	0.0534464841160457	-0.0321779079910109	-0.0308207100676847	0.0168727940504603	0.00176761925803056	0.0208921741453915	0.00536707712987985	0.00343868037699823	0.0293834901052404	-0.0391378612347378	-0.0317005417846789	-0.0116803972004828	-0.00553129819036105	-0.0222823883892463	-0.0102122452176804
0.052385235862164	0.0534299563980051	-0.03214772056314	-0.0309386700020635	0.0168735218791392	0.00174494481026468	0.0208886551426238	0.00534572143503683	0.00348008838058571	0.0293562111981167	-0.0390947097950828	-0.0316993892728554	-0.0116528919819465	-0.0055308832861046	-0.0222391698943579	-0.0102009003103853
0.0524396958875294	0.0534564096875679	-0.0321071409710814	-0.031039822821596	0.0169079547414726	0.00176784417245915	0.0209111298216736	0.00536222819831707	0.00349165540834134	0.0293053721553531	-0.0390933128110543	-0.0317347385567115	-0.0116491704164947	-0.00555414027621035	-0.0222451266342552	-0.0102188375853106
0.052438597858083	0.053446102739406	-0.0321096471604284	-0.0311039527704063	0.0168888412059952	0.00174553433752469	0.0208980289054547	0.00534539454077417	0.00351418317278423	0.0293180651522356	-0.039058245717972	-0.0317170834725599	-0.0116399866434916	-0.00554669993927479	-0.0222075784975384	-0.0102115537105863
0.0524477187668048	0.0534537037295048	-0.0321051307110644	-0.031122883300976	0.0168866297802782	0.00174256295249616	0.020898432633839	0.00534088088537822	0.00350955775866601	0.0293275436888687	-0.0390645922164133	-0.0317143328110078	-0.0116451932029656	-0.0055451786236678	-0.0221968482632158	-0.0102128710665251
0.0524500726848927	0.0534598127406612	-0.0321139526652041	-0.0311094652693826	0.0168777631226496	0.00174149705368245	0.0208880013540985	0.00533974793133115	0.00350504969120618	0.0293403582233618	-0.0390667757024498	-0.0317102801603413	-0.011652428183249	-0.00554459049339182	-0.022187922932258	-0.0102168873956069
0.0524632462442811	0.0534819940530651	-0.0321233320159712	-0.0310747446283394	0.0168861087052356	0.00176414775271985	0.0208950505355061	0.00535931408963371	0.00347573258438499	0.0293479438466363	-0.0390927176958582	-0.031714093926739	-0.0116758891330229	-0.00555528859708174	-0.0222064888499962	-0.0102309829644541
0.0524548922797909	0.0534891521992269	-0.0321376538962309	-0.0310145234408407	0.0168847284850154	0.001775888006495	0.0208964866350873	0.0053667851602179	0.00344699382895158	0.0293715975802061	-0.0391163826053003	-0.0317122554957575	-0.0116876629144148	-0.00554781752649755	-0.0222383344979089	-0.0102318937980406
0.0524031424034408	0.05345552958763	-0.0321762162433524	-0.0309523688274466	0.0168424110448254	0.00173947142684119	0.0208744198753738	0.00533515185387752	0.00345331378469631	0.029422352803928	-0.0391032006640077	-0.0316713573913404	-0.0116810523859921	-0.00551912347455305	-0.0222110262541206	-0.0102114475398001
0.0524280645985084	0.0535000766143294	-0.0321921530371491	-0.0308269308375634	0.0168627734840242	0.00178866761638732	0.0208847687330566	0.00537522853168589	0.00339084065894373	0.0294119592427563	-0.0391547884902106	-0.0316909598712277	-0.0117354788837408	-0.00555157820750216	-0.0222425198620581	-0.0102479702902401
0.0523279064316042	0.0534370670467099	-0.0322550508460463	-0.0307225481909571	0.0167914267157229	0.00172954725230303	0.0208527386832522	0.00532692641191797	0.00341073371150895	0.0295026849735004	-0.0391384270132693	-0.0316338064606555	-0.0117023088949691	-0.00548803219801572	-0.0222430563039251	-0.0101958013186814
0.0523464695553743	0.0534670295601522	-0.0322547043940073	-0.0306286596883726	0.0168164941971295	0.00176250489950238	0.0208657809261418	0.00535516784103725	0.00336011818618991	0.0294911402974892	-0.0391816217594292	-0.0316439876802549	-0.0117405415538599	-0.00551549131607906	-0.0222732646865564	-0.0102264343844574
0.0523208907778133	0.0534510173292181	-0.0322649275231275	-0.0305955874884829	0.0168108084721337	0.00175208060468204	0.0208592681866012	0.00534825277009639	0.00337539839749317	0.0294897461074288	-0.0391759751499862	-0.0316422302743471	-0.0117261777640793	-0.00550644724147883	-0.022283063132532	-0.0102130540714328
0.0523417701011026	0.053466822806516	-0.032248160920818	-0.0306042571713635	0.0168392426850489	0.00177644680010638	0.0208699551144189	0.00536526524159494	0.00336462765063377	0.0294641114505066	-0.0391913950596923	-0.0316638639690118	-0.0117301759323687	-0.00551699447089368	-0.0223073343330424	-0.0102260599927378
0.0523268950151676	0.0534447057553775	-0.032240751317531	-0.0306437415279438	0.016830313163139	0.00176351631593899	0.0208682675577125	0.00535506167025109	0.00339465721930948	0.0294571712338532	-0.0391657240811854	-0.0316610811768271	-0.0117048625817731	-0.00550582977453825	-0.0223054232588915	-0.0102131742120593
0.0523425496181905	0.0534489609687282	-0.0322166254033596	-0.030691811748363	0.0168464595045399	0.00175436048261648	0.0208720310326852	0.00534930330208579	0.00340555090076338	0.0294352749061912	-0.039151030603174	-0.0316680241874485	-0.0117092574935266	-0.005521869945153	-0.0222766034783844	-0.0102192678563914
0.0523514023059788	0.0534409380894528	-0.0322018271515461	-0.0307582620876446	0.0168537028667275	0.00175279725748864	0.0208789167669614	0.00534550490251242	0.00343648711207355	0.0294011228376475	-0.0391312702640915	-0.031680763284804	-0.0116813611194624	-0.00552434959180351	-0.0222699636132972	-0.0102130750261933
0.0523837285163973	0.0534515831077496	-0.0321684057056493	-0.0308447130472616	0.0168786082979868	0.00175870370596095	0.0208904111515476	0.00535433942950838	0.00344210298786795	0.0293778602596057	-0.0391272637138979	-0.0316936099499297	-0.0116798356129033	-0.00553415641968327	-0.0222670746503263	-0.0102222783569727
0.0523935632839576	0.0534372332878093	-0.0321364203593338	-0.0309715144935566	0.016886476112035	0.00174616437732153	0.0208969378609285	0.00534325296425854	0.00349845173563978	0.0293371130294637	-0.0390898245419353	-0.0317076244937032	-0.0116378590368162	-0.00553391055049426	-0.0222509366908296	-0.0102111024847451
0.052426227564511	0.0534498480535862	-0.0321107521747949	-0.0310535817172923	0.0168997614301457	0.00175220773022863	0.0209078538941269	0.00534690468050893	0.00350377983272431	0.0293105451872105	-0.0390746616772904	-0.0317214071381279	-0.0116439526811484	-0.00555021894204247	-0.0222226980556784	-0.0102198559866674
0.0524567209318842	0.0534727641795891	-0.0321054492234229	-0.0310875507809282	0.0169021586547385	0.0017568848327559	0.0209039255750389	0.00534867605625701	0.0034960964205678	0.0293059463157888	-0.0390706998305857	-0.0317230332275371	-0.0116588557067639	-0.00556174685424529	-0.0222042969820555	-0.0102315403610814
0.0524399976360795	0.0534594607006861	-0.03210668276032	-0.0311214402164746	0.016883334294955	0.00173810517646136	0.0208931254915149	0.00533320445814186	0.00352461305554069	0.0293271762820692	-0.0390592152248878	-0.031715370770141	-0.0116296461677129	-0.00554105332983176	-0.0222099785160993	-0.0102156301099813
0.0524694460593994	0.0534887526617947	-0.032101329517523	-0.0311014465810593	0.0169028361919923	0.00177090636144952	0.0209032396558809	0.00536377046868449	0.00348854851586205	0.0293250863939627	-0.0390902953255529	-0.0317278318676748	-0.0116633861259682	-0.00556428796819305	-0.0222245630293564	-0.0102394458936984
0.0524530119392886	0.0534861095680129	-0.0321323146232742	-0.0310529488835274	0.0168830493102132	0.00176643042462235	0.0208944945358627	0.00535732757834525	0.00347077329108397	0.0293582507947982	-0.0390925807914234	-0.0317103807431913	-0.0116789261763008	-0.00555229066935667	-0.0222208805794574	-0.0102291249756962
0.0524203211160387	0.0534734459077949	-0.032166771234336	-0.0309731433769337	0.0168464692834281	0.00174522839802246	0.0208761088290642	0.00533657258663446	0.00345665676747641	0.0294089543301111	-0.0390937109515024	-0.0316804866819664	-0.011686448935294	-0.00553359483210383	-0.0222092702451969	-0.0102203309612371
0.0524080583902369	0.0534726719786432	-0.0321792127740935	-0.0309265316078403	0.0168507692002677	0.00175580915505399	0.0208769442255132	0.00534851680007777	0.00345087604756666	0.0294172105057192	-0.0391184459507103	-0.0316846357245309	-0.0116787515532972	-0.0055268138716297	-0.0222452034683768	-0.0102212613526
0.0523823971906182	0.0534764703782165	-0.0322199166977306	-0.0307894944595688	0.0168300253844291	0.00175681358657045	0.0208771663459738	0.00535477389154123	0.00340221490290342	0.0294549388533758	-0.0391395697462046	-0.0316650793451165	-0.0117204613054349	-0.00552931866399273	-0.0222452048653608	-0.0102257554502196
0.0523356149894732	0.0534570243605404	-0.0322636143581407	-0.0306750535279576	0.0167973694857799	0.00173470771130415	0.0208587708602871	0.00533725012388827	0.00338893796669697	0.0295007599295092	-0.0391500527143541	-0.0316359773738357	-0.0117233223287251	-0.00550911268700513	-0.0222435731880156	-0.0102097292494451
0.0523489980964658	0.0534761742176025	-0.0322537628267721	-0.0306204538041894	0.0168248118400349	0.00176684393189477	0.0208663872172102	0.00536209967578645	0.00336477014300467	0.0294847281407986	-0.039187206901575	-0.0316566359736485	-0.0117339449952775	-0.00552322222569254	-0.0222924843928199	-0.010227102142823
0.0523294556868918	0.053459604590041	-0.0322602965210732	-0.0306068485767363	0.0168204686166905	0.00176189721145001	0.0208677660404463	0.005355744795441	0.00337665428613475	0.0294781497430086	-0.039178027319524	-0.0316565759033353	-0.0117206303405023	-0.00551243331804077	-0.0223000015638771	-0.010214927427015
0.0523258053676254	0.0534506569073387	-0.0322536203344012	-0.0306158633146719	0.0168238143934386	0.00176041501139581	0.020868094331693	0.00535160273779663	0.00338574446120792	0.0294688667841395	-0.0391731839758973	-0.0316554876527772	-0.0117131941945188	-0.0055110991982936	-0.0223041883250103	-0.0102083629990653
0.0523405812676944	0.0534549721910026	-0.032233435312174	-0.0306428404732454	0.0168426136075096	0.00176374681830368	0.0208775505165816	0.00535486748947113	0.00338675168669244	0.0294439459860558	-0.039166834683488	-0.0316669974041876	-0.0117163220417585	-0.00552421827530483	-0.0222958050238556	-0.0102185763492973
0.05232377135888	0.0534217784535025	-0.0322272452759439	-0.0307100982692955	0.0168329115534319	0.00173055308080352	0.0208735034538512	0.00533092737417547	0.00343064911581863	0.0294365014581682	-0.0391258206293965	-0.0316573651993114	-0.0116836898918378	-0.00551572600939584	-0.0222592166151663	-0.0102014339582841
0.0523784926202586	0.0534590430024615	-0.0321891984159289	-0.0307695944220834	0.0168769039774721	0.00176743765010686	0.0208957476305363	0.00535967590849708	0.00342115381537721	0.0293812074333379	-0.0391431166886528	-0.0316988234943239	-0.0116930063783236	-0.00554413088564645	-0.0222773620407119	-0.0102244297123766
0.0524176151579756	0.0534657108072294	-0.0321441079624424	-0.0309036755521507	0.0169104832825641	0.00178288969044562	0.0209087186272405	0.00537338451276833	0.0034442948558086	0.0293483126504198	-0.0391346383925841	-0.0317184860445244	-0.0116769284891401	-0.00555243874966369	-0.022287234526841	-0.0102338998671055
0.0524206256585569	0.053447330688367	-0.0321301004035891	-0.0310144577825913	0.0168992110184385	0.00175545711507882	0.0209049565492519	0.00535109283862624	0.00349178532785598	0.0293226905663539	-0.0390790789407884	-0.0317122345409971	-0.01165129802317	-0.00554612019090298	-0.0222409063455053	-0.010218953534985
0.0524414728512136	0.053454006875039	-0.0321056322283306	-0.0310894772219035	0.0169079659173448	0.00175314790047978	0.0209114315702238	0.00535490800200796	0.00350925740709989	0.0293001083195339	-0.0390680665156921	-0.0317269266220244	-0.0116392574178287	-0.00555276564392634	-0.022224641260462	-0.010225531932775
0.0524491436905138	0.0534595319468715	-0.0321056950926119	-0.0311184632435099	0.0169015104541493	0.00175076045477515	0.0209067642465847	0.00534986069871314	0.00350816636257367	0.0293141270542594	-0.0390645978043494	-0.031719792224591	-0.0116467410612692	-0.00555184503145159	-0.0222096166972359	-0.0102231137534218
0.0524641291381871	0.0534792559643693	-0.0321018855171663	-0.0311221638542013	0.0169033083725939	0.00175861569596716	0.020909232717363	0.00535608426255992	0.00349404983896611	0.0293142709436144	-0.0390717182319424	-0.0317207882742033	-0.0116594270732316	-0.00556180413059046	-0.0222082211101915	-0.0102329387420939
0.0524532983210144	0.0534791986880241	-0.0321251439042561	-0.0310900569702753	0.0168802287994598	0.00174648847761612	0.0208939315512993	0.00534601340469877	0.00348567771368357	0.0293464672345182	-0.0390721107844544	-0.0317028970997509	-0.0116654522653463	-0.00555131138355272	-0.0221972589765202	-0.0102270728061584
0.0524360539501672	0.0534769746894508	-0.0321464339408498	-0.0310374744914442	0.0168668065769144	0.00175090294714605	0.0208875277765128	0.00534555519393744	0.00347864809005238	0.0293705959426577	-0.0390883716785457	-0.031697454449976	-0.0116615742376833	-0.00554244891687619	-0.0222174090741466	-0.010221898377317
0.0524380209036792	0.0534912574541578	-0.0321624377898798	-0.0309599809934176	0.0168668736321477	0.00175899427863887	0.020885963154401	0.00535248423471859	0.00343854906049955	0.0293952275650474	-0.039112198638135	-0.0316885584556828	-0.0116979405259121	-0.00554633812041141	-0.0222240698939943	-0.0102358458658571
0.0524148449386471	0.0534901426609031	-0.032189547661936	-0.0308845857654018	0.0168504478939411	0.00176125459879692	0.0208766229191867	0.00535304582229803	0.00343215925555339	0.0294070320800879	-0.039121672983816	-0.0316824536354785	-0.0116991000226557	-0.00553815458797272	-0.0222404732804565	-0.0102295622316971
0.0523742918892851	0.0534792056729443	-0.0322388625951246	-0.0307560925714484	0.0168199978330729	0.00174940118931546	0.0208573487305461	0.00533996306687153	0.0033978199911499	0.0294713757674546	-0.039140030750934	-0.0316541409601737	-0.0117220175456426	-0.00551314997084737	-0.0222507397160816	-0.0102143700303876
0.0523304461485679	0.053458672801694	-0.0322659668792447	-0.0306676383367346	0.0168008731217233	0.00173546208267952	0.0208491540222352	0.00533203657949407	0.0033939615212633	0.0295073928096763	-0.0391531651947695	-0.0316364970518943	-0.0117100733321993	-0.0054983894376027	-0.0222687021367195	-0.0102075667181691
0.0523419586939464	0.053473202832574	-0.0322550131274775	-0.0306162949827367	0.0168284118678763	0.00176362667767723	0.0208661650967497	0.00535506027326706	0.00336834781910155	0.0294832543226486	-0.0391844338882785	-0.0316524548004514	-0.0117302779122028	-0.0055174764303835	-0.0222969309929825	-0.0102271454493279
0.052342083025525	0.0534729024810079	-0.0322533912290205	-0.0306108285842334	0.0168421484118281	0.0017729375762269	0.0208760794923996	0.00536729925034037	0.00336675106635702	0.0294651396307516	-0.0391881987602352	-0.031661517035844	-0.0117291477521238	-0.00552289533142988	-0.0223066414289643	-0.0102327208125855
0.0523333323175707	0.0534608884183631	-0.0322451769629332	-0.0306245637312011	0.0168435006923676	0.0017659079525957	0.0208757330403606	0.00535991199879789	0.00337822868713482	0.0294522538500731	-0.0391739271714005	-0.0316614835082273	-0.01172366039886	-0.00552033605668974	-0.0222976672035655	-0.0102229419243863
0.0523369588881086	0.0534462312619366	-0.0322195339241068	-0.030703102173281	0.0168497871204957	0.00174977558103509	0.0208804771981212	0.0053470206301833	0.0034128124237433	0.0294269796150302	-0.0391459371994063	-0.0316678705192054	-0.0116998278513346	-0.00552453259671123	-0.0222747734293072	-0.0102144650253016
0.0523725777898822	0.0534632982158122	-0.0321897264758916	-0.0307662556302554	0.0168770017663541	0.00177037411053468	0.0208911962565716	0.00536547339221518	0.00342149747344821	0.0293784889024185	-0.0391458799230611	-0.0316947247431844	-0.0116965742755323	-0.00554325078570853	-0.0222755878709957	-0.0102279082026074
0.052358285246287	0.0534291349713963	-0.0321810637779312	-0.0308635178492687	0.016860652862269	0.00172619728460279	0.0208813964136119	0.0053316454239661	0.00346724171546003	0.0293931642196374	-0.0391033990357398	-0.0316781271759423	-0.0116627882168041	-0.00552023826780776	-0.0222404830593447	-0.0101981007543922
0.0524265782075021	0.0534646155717511	-0.0321232984883545	-0.0309837395007896	0.0169165853088004	0.0017629966378804	0.0209096126970187	0.00535945937597267	0.00348126464113768	0.0293121028244022	-0.0391047094067585	-0.0317244986637829	-0.0116577730441419	-0.00556053008115651	-0.0222500188723229	-0.0102286472071585
0.0524296934818856	0.053452486956416	-0.0321152658301909	-0.0310674160501261	0.0169033838097315	0.00173955803985095	0.0209016638578968	0.00534180987975715	0.00351285603795719	0.0293065009184481	-0.039065607823802	-0.031719595249843	-0.0116396821009734	-0.00555406204510475	-0.0222085703561986	-0.0102177535257046
0.0524451734619049	0.0534610155439097	-0.0321143144840675	-0.0311003723003414	0.0168932263388605	0.00173521202253842	0.0208954849975389	0.00533160770539733	0.00351239922417989	0.0293140683809302	-0.0390590014863314	-0.0317145982379732	-0.0116416141298847	-0.0055513449111694	-0.0221873012743653	-0.010219640851127
0.052482977246699	0.053492203212345	-0.0320919334029476	-0.0311242369784995	0.0169173955595369	0.00176510328979531	0.0209060643575864	0.00535316177197239	0.00349644706355894	0.0293027877349004	-0.0390808098039996	-0.0317347301748073	-0.0116533865142925	-0.00557261678697071	-0.0222153680804811	-0.010243058494396
0.0524618394813644	0.0534783521157029	-0.0321195531741742	-0.0311016100281906	0.0168903792854106	0.0017467818442621	0.0208931520342114	0.00534159055326468	0.00349343656297762	0.0293369481853483	-0.039070073981741	-0.0317121255762429	-0.0116601521079424	-0.00555951167979976	-0.0221905953627044	-0.0102288581517468
0.0524605752108187	0.0534873025923732	-0.0321355919478049	-0.0310503924027553	0.0168887350352091	0.00176263900996912	0.0208905690107428	0.0053564418904712	0.00346503727466312	0.0293498549207872	-0.0390924382990525	-0.0317095006432534	-0.0116755650327283	-0.00556077595034551	-0.0222038178165338	-0.0102330728525606
0.0524320725456861	0.0534800564362176	-0.0321596913192798	-0.0309813744068294	0.01686521680909	0.00175284475494561	0.0208756115027501	0.0053453959377582	0.00345508655742843	0.0293945095152568	-0.0391050712256219	-0.031692249287486	-0.0116788772818598	-0.00553936717010942	-0.0222215469408389	-0.0102226164271076
0.0524155490185975	0.053478799150592	-0.0321782935586028	-0.0309071051479405	0.0168522472093698	0.00175520845192175	0.0208660393681871	0.00534246227129844	0.00344026176291844	0.0294076914565493	-0.0391166326654414	-0.0316824424596062	-0.0116858789658104	-0.00553776343244475	-0.0222297556189901	-0.0102203868405982
0.052387299207574	0.0534810371190056	-0.0322179427592984	-0.030778311602421	0.0168373413897862	0.00176028509188117	0.0208593142870741	0.00534838827754715	0.00340007612035586	0.0294518612975611	-0.0391493751771003	-0.0316641782904182	-0.0117155145849901	-0.00552987047268397	-0.0222466060403414	-0.0102238038635318
0.0523474055346734	0.0534648139434831	-0.0322481804785944	-0.0306785962794538	0.0168190395020294	0.00175438842229705	0.0208458850796086	0.00534577731439797	0.00338137190119885	0.029487449465686	-0.0391628714397992	-0.0316455774480793	-0.0117234899668086	-0.00551281190071248	-0.0222628739193528	-0.0102117297305739
0.0523469878364489	0.0534714593965065	-0.0322500063367196	-0.0306174572734484	0.0168299541382437	0.00177171800917006	0.0208534916576435	0.00535950827041367	0.00335797660967429	0.0294849307034827	-0.0391862890830683	-0.0316517171928844	-0.0117425937233977	-0.00552199148276347	-0.0222818882689641	-0.0102240832603375
0.0523347306985832	0.0534625550203091	-0.032256854352427	-0.0305940410271634	0.0168319127098516	0.00176916152839798	0.0208591382670865	0.00535914226059821	0.00335951049813753	0.0294751322575071	-0.0391800613282694	-0.0316548548190123	-0.0117396069715449	-0.00552240219606784	-0.0222822542787795	-0.0102212082672069
0.0522922973087188	0.0534203451478893	-0.0322609992040395	-0.0306155978877065	0.0168125686720095	0.00173090791474675	0.0208590837847094	0.00533172924300781	0.00339781160924573	0.0294809562839217	-0.0391559535748903	-0.031640358315749	-0.0116933262876661	-0.00549337705890859	-0.0222758044035202	-0.010190283231769
0.0523383754299135	0.0534510452688986	-0.0322265663417061	-0.0306343174736878	0.0168489461361106	0.0017583670328101	0.0208795021032693	0.0053570649453479	0.00338365177913329	0.0294350569766828	-0.0391698451840693	-0.0316658504803002	-0.0117202936673514	-0.00553333080212245	-0.0222762179107926	-0.0102255878121362
0.0523628729418365	0.0534536380712555	-0.0322061368472739	-0.0307161472101387	0.0168678110084308	0.00176415613462402	0.0208822960713263	0.00535697553837007	0.0034049529915992	0.0294051503426016	-0.0391512932361714	-0.0316811390735077	-0.0117113082660804	-0.00554113156093736	-0.0222671878060326	-0.0102235090999018
0.0523691956915493	0.0534495672597965	-0.0321934885538803	-0.0307830040717726	0.0168694845952969	0.00176021943363183	0.0208869200884605	0.00535800092464696	0.00343038648282128	0.0293858132896797	-0.0391304195008182	-0.0316906860623581	-0.0116931167400618	-0.005539592084538	-0.0222622285127316	-0.0102170522397223
0.052391470601883	0.0534441260070057	-0.0321513652944702	-0.0309090106341554	0.0168924524097088	0.00175591811980821	0.0209012601295126	0.00535794644226986	0.0034601268758031	0.0293550251586765	-0.0391138219335761	-0.0317054256408424	-0.0116669749779373	-0.00554223936927192	-0.0222542587188493	-0.0102152291755651
0.0524377876073465	0.0534541884829627	-0.0321082892919528	-0.0310522587734173	0.0169138919235935	0.00176007973522898	0.020912574303159	0.0053609681187234	0.00348286279086623	0.0293140809537865	-0.0390868838905554	-0.031719056014008	-0.0116650261852176	-0.00556067536749547	-0.0222195199170136	-0.0102247244760066
0.0524545975161609	0.0534636893713402	-0.0321047116158559	-0.0311002018682899	0.0169113675734541	0.00175827064091213	0.0209116145751315	0.00536096951570743	0.00349801867059096	0.0292991513854744	-0.0390692693189406	-0.0317271683002613	-0.0116574475468633	-0.00556834061885961	-0.0222065321565011	-0.0102240078232
0.0524331580022762	0.0534449320667901	-0.0321107507778109	-0.0311286598299336	0.0168845636409001	0.00173519944968217	0.0209020214858081	0.00534064758904547	0.00351857808453775	0.0293269974681136	-0.039055594242286	-0.0317091122816935	-0.0116352117520823	-0.00554599306535639	-0.0221955616409256	-0.0102052141970651
0.0524493644139903	0.0534680675192854	-0.0321175443111413	-0.0310940355807883	0.0168829780640278	0.00174152639034705	0.02090005592928	0.00534623692214333	0.00348976808291889	0.0293375041849916	-0.0390682215809192	-0.0317020924369505	-0.011669363820626	-0.00556273312496938	-0.0221796010984005	-0.0102219095531892
0.0524382653758842	0.0534668479522285	-0.0321353712243284	-0.0310497469961342	0.0168725719299998	0.00174645355301541	0.0208950812691547	0.00534783367488785	0.00347949605935765	0.0293572058507449	-0.0390841262440832	-0.0316991545795387	-0.0116669847568255	-0.00555045223837522	-0.0221997302412665	-0.0102181893847214
0.0524202442819171	0.0534658365357919	-0.0321600978416321	-0.0309783834640245	0.0168576130250231	0.00174360929353348	0.0208860232247142	0.00534490000842809	0.00345890451477819	0.0293925607225371	-0.0390979005066038	-0.0316827092835557	-0.0116809601850462	-0.00554055600351763	-0.0222112246258527	-0.0102178596964907
0.052422497617155	0.0534768070513674	-0.0321692885995553	-0.0309166074333021	0.0168649625579968	0.00176188882954583	0.0208877177663407	0.00535756925658217	0.00343073712581242	0.0293983679851434	-0.0391255314537026	-0.0316864685675762	-0.0117022879402087	-0.00554851741549581	-0.022225377471045	-0.0102264693090581
0.0524033254083485	0.0534859768545302	-0.0322037941050582	-0.0308024961899216	0.0168537699219608	0.0017791723159459	0.0208822471768853	0.00536908599291277	0.00339426466679748	0.029428883704261	-0.0391513421306124	-0.0316806962295707	-0.0117286574107298	-0.00554482378972457	-0.0222549879445121	-0.0102299282415126
0.0523572319203296	0.0534668395703244	-0.0322508040145998	-0.0306898699405634	0.0168212215910818	0.00175851511311711	0.0208612323461452	0.00535310030467514	0.00337548501050293	0.0294806461534674	-0.0391580294931566	-0.0316467034172062	-0.0117374681889973	-0.00552162686993204	-0.0222561544261759	-0.0102136156590123
0.052330989575355	0.0534534718301561	-0.0322573768244537	-0.0306375459037776	0.0168218460429425	0.00175916191672229	0.0208619238532393	0.00535222718965735	0.00337526009607435	0.029488579625765	-0.0391764040240829	-0.0316484929537467	-0.0117192305625058	-0.00550801605454278	-0.0222918068555661	-0.0102045869512364
0.0523105726537791	0.0534396039697056	-0.0322664614115907	-0.030597948391491	0.0168134990633725	0.00174983146039622	0.020856951987082	0.00534383550659841	0.00337661377359793	0.0294868264108093	-0.0391638074190983	-0.0316397408488084	-0.011724984739719	-0.00550862933053128	-0.0222744940325015	-0.0102016686516009
0.0523408955891008	0.0534608297450339	-0.0322481860665305	-0.0305941346250933	0.0168451631033615	0.00177662282009397	0.0208674489250718	0.00536275905224788	0.00336051213568593	0.029450876423821	-0.0391839994262456	-0.0316605810565449	-0.0117399911421527	-0.0055290672068676	-0.0222878911093344	-0.0102212571616479
0.052307721409377	0.0534232075681636	-0.0322465585801373	-0.0306414127555684	0.0168291997668683	0.00174465563457079	0.0208597780857716	0.00533962080578456	0.00341187225349215	0.0294555437474601	-0.0391539852243942	-0.0316522480468152	-0.0116916708615924	-0.00550278574634024	-0.0222870459339971	-0.0101958921226432
0.0523422520605924	0.0534383145534473	-0.0322131231644002	-0.0307080684515021	0.0168587683308146	0.00176005319253244	0.0208806518211248	0.00535658298585808	0.00341783737529366	0.029416805380351	-0.039154122128829	-0.0316733285358046	-0.0116969263155074	-0.00553113055227764	-0.022280410259862	-0.0102141562918313
0.0523616589627157	0.0534472384874211	-0.0321964655268449	-0.0307630258031816	0.0168655912008096	0.00176611610321594	0.0208843007434071	0.00535716971915003	0.00343288568724819	0.0293860549679166	-0.0391363916075399	-0.0316878515817644	-0.0116907069426128	-0.00553677995568871	-0.022275844916057	-0.0102139495381951
0.0523868912882377	0.0534443746701628	-0.0321648853058976	-0.0308791235578505	0.016885392052429	0.00175958659986694	0.0208894835541527	0.00535350123909131	0.00345856504765928	0.0293674108190728	-0.0391197200001442	-0.031695833948503	-0.0116712637189047	-0.00553852618572429	-0.0222623696081185	-0.0102134829455296
0.0524025221425321	0.0534359997509122	-0.0321362233845858	-0.0309956585685204	0.0168854660925825	0.00174582491020261	0.0208926644867855	0.00534646742450802	0.0035043931087128	0.0293251953587169	-0.039081022145572	-0.0317049688270651	-0.011642802963293	-0.00554120141013878	-0.0222347358670516	-0.010201920108726
0.0524563493341326	0.0534657094102453	-0.0321030939083509	-0.0310697504104376	0.0169111077344248	0.00177108657238919	0.0209037998464763	0.00536426360404653	0.00350050809612967	0.0292901743661075	-0.0390830966668542	-0.0317306914939811	-0.0116559863015695	-0.00556851105091108	-0.0222291660917301	-0.0102227030401174
0.0524430877647504	0.0534509726257292	-0.0321075712421621	-0.0311165395965027	0.0168977120545759	0.00174805729068008	0.0208968861725195	0.00534923624685242	0.00352084119866385	0.0293107533378307	-0.0390624282881532	-0.0317169745078056	-0.0116378660217364	-0.0055517765792342	-0.0222107775909636	-0.0102136128650442
0.0524503255390019	0.0534590374145254	-0.0321197347820979	-0.0311006740488916	0.016883380395428	0.00173562552981085	0.020890332920442	0.00533322820687034	0.00350373792320346	0.0293247636906521	-0.0390538941127234	-0.0316997231520382	-0.0116617195240223	-0.00556038619180158	-0.0221671511767389	-0.0102171486316202
0.0524633733698277	0.0534773155535538	-0.0321117160937746	-0.0310958963635142	0.0168981940140657	0.00176288907011021	0.0208931213005628	0.0053571389855014	0.00349906082067619	0.0293268591666948	-0.0390888131254987	-0.0317211193594181	-0.0116538796496546	-0.00555920713728156	-0.0222223655734796	-0.0102249549783713
0.0524332264544936	0.0534634183564387	-0.0321524577359805	-0.0310319871381804	0.0168608274852726	0.00174604144272702	0.0208741949609452	0.00534127483487425	0.00348228024852636	0.0293639239469378	-0.0390755976565895	-0.0316860438844316	-0.0116705708148266	-0.00554462821196058	-0.0221942414910187	-0.0102096607972277
0.0524451147885757	0.0534910870221063	-0.0321525052334374	-0.0309607996260583	0.0168756215461339	0.00177368775665018	0.0208825070159146	0.00536556838712911	0.00344068085812698	0.0293788521182659	-0.0391229861488028	-0.0316952555971152	-0.0117031848039549	-0.00555388462813314	-0.0222347903494287	-0.0102297131059722
0.0524007731185285	0.0534690076895365	-0.0321879509091915	-0.030886408829559	0.016846859041972	0.00175563173808238	0.0208779961544867	0.00535430729887572	0.00343983568278976	0.0294074665421208	-0.0391176175391814	-0.0316758724437204	-0.0116974362146778	-0.00553982118991866	-0.0222301816991188	-0.0102165884410248
0.0523768288122807	0.0534713713865127	-0.0322233393086003	-0.0307575342589658	0.016834828215519	0.00176496917932858	0.0208735649211484	0.00536237069068797	0.00339619948967689	0.029453527899507	-0.0391560234240918	-0.0316643221797731	-0.0117265214221503	-0.00553207072252879	-0.0222535225082663	-0.010220326770285
0.0523594712857272	0.0534709564822562	-0.0322473129515127	-0.0306701291592573	0.0168305911629607	0.00176880110651864	0.0208661539208774	0.00536179932422034	0.0033730975647983	0.0294759564780839	-0.0391780748169809	-0.0316541647089022	-0.0117396991724907	-0.00552486368192598	-0.0222722881947205	-0.0102202946396523
0.0523196362861557	0.0534444654741246	-0.032265690276407	-0.0306169809018947	0.0168087940211647	0.00174420999666572	0.0208537221600082	0.00534460664178212	0.00338140822278359	0.0294947054007298	-0.0391681771851393	-0.0316336947019332	-0.0117289968778487	-0.00551074157038231	-0.0222630387634681	-0.010204227926341
0.0523356890296267	0.0534595794443285	-0.0322526103149486	-0.0305972401205886	0.016839151881087	0.00177499253973276	0.0208717865604802	0.00537505390868234	0.00336838134671823	0.0294624783761774	-0.0391924246369212	-0.0316583668368598	-0.0117361452451223	-0.00553203859189613	-0.0222957351746541	-0.0102225521658423
0.0523073889271783	0.0534304970308241	-0.0322654877137229	-0.0305984946122461	0.0168152550722963	0.00173815407090236	0.0208577468709942	0.00534695497193395	0.00338896450939351	0.0294686893671679	-0.0391556588112603	-0.0316386777439627	-0.0117210606115831	-0.00551525522577825	-0.0222594834391157	-0.0101995326630214
0.0523502078846345	0.0534571780287836	-0.032220031250421	-0.0306444120802775	0.0168588116373195	0.0017722111445321	0.0208766494618832	0.00536617048724538	0.00339132680938563	0.0294180109775675	-0.0391756259039791	-0.0316766156392235	-0.0117170666342457	-0.0055399161848326	-0.0222946050145751	-0.0102222937237971
0.0523298189027392	0.0534210534187917	-0.0322118994063913	-0.0307377571560749	0.0168506937631302	0.00174672596490097	0.0208711467417951	0.00534893310131825	0.00344557030222658	0.029410474248734	-0.0391357545828229	-0.0316743399522412	-0.0116713168042978	-0.00552141313137569	-0.0222751855395956	-0.0101967498708367
0.0523492970510479	0.0534283945698612	-0.032196958662207	-0.0307826967352863	0.0168574984723328	0.00174472408678819	0.0208764985876082	0.00534478545573776	0.00344998337477247	0.029388087579678	-0.0391191374578044	-0.0316773476588544	-0.0116785713423576	-0.00553179691365921	-0.0222493818476059	-0.0102033785600517
0.0524317009479345	0.053474923916897	-0.0321347160388191	-0.0309052583350549	0.0169240549824005	0.00178781126517788	0.0209039171931347	0.00537933426774552	0.00344622129678384	0.0293174490822791	-0.0391309238120525	-0.0317240250861973	-0.0116935092925738	-0.00557827317530193	-0.0222602070768424	-0.0102385001355112
0.0524133278139922	0.0534386693873905	-0.0321236072218248	-0.0310322162435611	0.0169020608658565	0.00174824867749198	0.0208913778644953	0.00534826534295265	0.00351515407668401	0.0293108106141759	-0.0390738374567136	-0.0317139891529368	-0.0116390604430807	-0.00554836654122073	-0.0222323344515067	-0.0102045031321947
0.0524411208112384	0.0534504808873511	-0.0321038385008381	-0.0310904551107234	0.0169093796651816	0.00175199119770422	0.0208982943324201	0.0053516502352536	0.00351961185271881	0.0292959564830013	-0.0390656245876103	-0.0317230765340419	-0.011644571545073	-0.00556391357647343	-0.0222121857508642	-0.0102148198592448
0.0524350592975389	0.0534454252021522	-0.0321068378255472	-0.0311119840315859	0.016894623322889	0.00173457499782145	0.0208911375832424	0.00533604452667171	0.00352114993213414	0.0293175887806819	-0.0390572021709028	-0.0317084179806313	-0.0116416476575014	-0.00555459708998765	-0.0221883406304825	-0.0102065762564929
0.0524684555977232	0.053478553281403	-0.0321019847030323	-0.0310989501706004	0.0169107864280982	0.00175849415835668	0.020903590298872	0.0053570356086833	0.00349466590892266	0.0293070191995226	-0.0390771147812444	-0.0317196134106354	-0.0116710374074921	-0.00558130463064369	-0.0221900365690931	-0.0102385588088404
0.0524653766449245	0.0534854655583758	-0.0321231685688399	-0.0310718542683845	0.0168993702746177	0.0017620983771501	0.0208992596483838	0.00535833759779782	0.00347824296468412	0.0293301141394811	-0.0390835241439669	-0.031712477616218	-0.0116839064243622	-0.00557412413273742	-0.0221951495306372	-0.0102340605202687
0.0524566496856987	0.053489747314423	-0.0321380199060464	-0.0310112237645654	0.0168947113328828	0.00177596903156865	0.0209004792154407	0.00537115772022697	0.0034595918309202	0.0293481198666239	-0.0391078302690781	-0.0317147672730407	-0.0116912028719429	-0.00556608728362171	-0.0222316597082209	-0.0102356349212688
0.0524181669666668	0.0534701965229447	-0.0321715181860647	-0.0309537504446507	0.0168605872040197	0.00174848337080876	0.0208780450489277	0.00535035523105922	0.0034548155425269	0.0294017486864923	-0.0391038223219004	-0.0316791763109477	-0.0116934087097238	-0.00554093458618934	-0.0222201862783952	-0.0102196017355742
0.0524043452066893	0.0534814087167571	-0.032200248559594	-0.0308454869764134	0.0168441949934298	0.00175998613729908	0.020868783044819	0.00535814760796995	0.00342753803238726	0.029409295194214	-0.0391212427127353	-0.0316732838323157	-0.011712907812793	-0.00554438513673963	-0.022231906974394	-0.0102242369285806
0.0523742583616684	0.0534783451307827	-0.0322346492912947	-0.0307276946801179	0.0168317436747841	0.00176519269677313	0.0208616290896093	0.00535906263250859	0.00339096918147435	0.0294588476146874	-0.0391549728921024	-0.0316550462058242	-0.0117342998292208	-0.00553079667309483	-0.0222588422234466	-0.0102237465871866
0.0523593511451007	0.0534786147487002	-0.032249489452629	-0.0306533513810755	0.0168360366067036	0.00177420184677265	0.0208652067657062	0.00536845176216385	0.00337004934564821	0.0294731764798673	-0.0391821065128871	-0.0316533237245171	-0.0117439990893303	-0.00552750956967588	-0.0222900885652111	-0.0102252204053367
0.05232612946792	0.0534527691471898	-0.0322608511237325	-0.0306192719557013	0.0168202045867091	0.00175448062324293	0.0208577342981379	0.00535177037588005	0.00338448158764619	0.029484010091008	-0.0391717646401244	-0.0316407243255644	-0.011728717481043	-0.00551207149917739	-0.0222898943844312	-0.0102082847679597
0.0523239725245801	0.0534536073376068	-0.032262449273461	-0.0305997700586641	0.0168280388731407	0.00175920801719523	0.0208595783170555	0.00535457551980919	0.00337939656578261	0.0294687103219283	-0.0391707029322628	-0.0316466587137173	-0.0117343389447735	-0.00551836351524157	-0.0222824624293998	-0.0102123416095783
0.0523174066996463	0.0534433311230935	-0.0322441152550716	-0.0306253795698738	0.016835956978614	0.00175552556729621	0.0208624449282819	0.00534747325300851	0.00340340792726373	0.0294461406479646	-0.0391636565448232	-0.0316601312276877	-0.0117084500367582	-0.00551241236328034	-0.0222949067631253	-0.0102026353645486
0.0523754807226933	0.0534820485354422	-0.0321976194356524	-0.0306857921441844	0.0168920640481489	0.00179565113954558	0.0208915287387703	0.00538116152285475	0.00338933051920897	0.0293958757656367	-0.0391814443424576	-0.0316959121796086	-0.0117305517210724	-0.00555257425711445	-0.0223135662787934	-0.0102456806334174
0.052339336554925	0.0534359578413913	-0.0322164186497234	-0.0307521111669673	0.0168460404093314	0.00173889866338952	0.0208654875594959	0.0053354061049707	0.00344520848336321	0.0294035186652563	-0.0391117082967411	-0.0316611342622202	-0.011689247094303	-0.00552722877588616	-0.0222505357564134	-0.0102014702798689
0.0523684385262058	0.0534501735508649	-0.0321848579865525	-0.0308176911851992	0.0168700014793875	0.00174736997453808	0.0208742047398334	0.00534448091321956	0.0034527633729891	0.0293817480661569	-0.0391166033287768	-0.0316788368438288	-0.0116864754779906	-0.00553784585450243	-0.02225498375356	-0.010211886192785
0.0524111904284287	0.0534603142579274	-0.0321387086191724	-0.0309442537472253	0.0168997446663373	0.00175838239963441	0.0208875417463531	0.00535307934991471	0.00348565815590717	0.029322844234597	-0.0390936774238858	-0.0317097115878417	-0.011664845974278	-0.00555497427567533	-0.022249827485511	-0.0102227561255105
0.0524282811310328	0.0534593000475228	-0.0321149123932317	-0.0310492929763249	0.0169059277176473	0.00175506595955085	0.0208893438557498	0.00534835474993047	0.00351837272788557	0.0292993441692703	-0.039067668375244	-0.03171816892915	-0.0116433743297606	-0.00555811190180325	-0.0222326697276735	-0.0102197917254021
0.0524559721484449	0.0534728424106946	-0.0321007441812151	-0.0310992295674061	0.0169155808772839	0.00176637314827718	0.0208922914920499	0.00535843259271175	0.00351588889028297	0.0292918088374208	-0.0390669559133894	-0.0317277382697449	-0.0116495462051983	-0.00556848590519857	-0.0222265704954053	-0.0102299198596084
0.0524651321727195	0.0534823600628805	-0.0321030506018461	-0.0311184115551009	0.0169100111019625	0.00176158568401166	0.0208936060540206	0.0053560144133585	0.00350714516724886	0.029304142809408	-0.0390620874240503	-0.0317173712512697	-0.0116666718324032	-0.00557195461654122	-0.0222096544158047	-0.0102307957685942
0.0524480624248758	0.0534738286814187	-0.0321212826404014	-0.0311019089827727	0.0168886721709278	0.00174456063965685	0.0208934342249851	0.00534473376732871	0.00350449229457882	0.0293284461405511	-0.0390588170844397	-0.0317001757748635	-0.0116670224753943	-0.00556186699487174	-0.0221927495120763	-0.0102224068795034
0.0524461373808846	0.0534828112887217	-0.0321380715944554	-0.0310531402703393	0.0168788346093994	0.00175206803182578	0.0208908386286603	0.00534859782515142	0.00347943319507637	0.02934498363748	-0.0390761201286161	-0.03169470239144	-0.0116833420428147	-0.00556084160859485	-0.0221943616316452	-0.010223124929294
0.0524237269631001	0.0534809644758361	-0.0321561681255601	-0.030983416797479	0.0168703940318995	0.00175788786728833	0.0208929033710543	0.00535068491928993	0.00346464472215113	0.0293688189789735	-0.0391028667848249	-0.031692347076368	-0.0116825066463657	-0.00554543287476097	-0.0222293784333025	-0.0102179085909317
0.0524176933890812	0.0534876490444123	-0.0321685495950043	-0.0309262619899228	0.0168650310102142	0.00175898449975067	0.0208856628028348	0.00535046279882941	0.00344117678745708	0.0293884452075893	-0.0391156505856694	-0.0316801416269114	-0.0117062428019932	-0.00554726432082228	-0.0222255995915055	-0.0102253950283402
0.0523831850896102	0.0534818850883108	-0.0322122891649353	-0.0308002177089712	0.016835663611968	0.00175791440998488	0.0208750485181866	0.00535372894748794	0.00341683853171331	0.0294260212839867	-0.0391347585332106	-0.031666034882192	-0.0117250154733676	-0.00553315757610293	-0.0222350962889309	-0.010223715853538
0.0523697782338891	0.053491612288101	-0.0322373412795176	-0.0306911593568217	0.0168389311576106	0.00177231312436618	0.0208712082090924	0.00536734535081331	0.00337488849832278	0.0294552168531974	-0.0391703383194313	-0.0316594145748811	-0.0117486817797937	-0.00553292986770629	-0.0222678597553503	-0.0102335687818907
0.0523293271643611	0.0534673662333031	-0.0322658118140175	-0.0306230033000414	0.0168134781086121	0.00175043635448055	0.020857445122444	0.00534792727281776	0.00337375414729168	0.0294804128571347	-0.039163448394203	-0.031632408079643	-0.0117419259650321	-0.00551408175919435	-0.0222662001383245	-0.0102132678099892
0.0523229918417921	0.0534661047567254	-0.0322609712643589	-0.0305878090814124	0.0168242418705513	0.00175789205824042	0.0208619056924469	0.00535299133992092	0.00337095040034656	0.0294648239123611	-0.039173315292396	-0.031643258454592	-0.0117423380753205	-0.00552066295095241	-0.0222786821906188	-0.0102148645627337
0.0523250677600584	0.053461273985955	-0.0322584036077146	-0.0305839897270786	0.0168310116551532	0.00175755398810553	0.0208691672154268	0.00535562605179859	0.0033694500395	0.0294501583740304	-0.0391727369410082	-0.031649050350374	-0.011739613956465	-0.00552352676821075	-0.0222762709961857	-0.0102157167229911
0.0523311306707419	0.0534535235185651	-0.0322339899148333	-0.0306323086106549	0.0168517820136883	0.00176714847441297	0.0208773311900891	0.00536345475029406	0.00339605420333793	0.0294229618889644	-0.0391720160972495	-0.0316709494720041	-0.0117146638217168	-0.0055254881337867	-0.0223004723474946	-0.0102134983123539
0.0523402767251762	0.0534464198547804	-0.0322206640841858	-0.0306909553971535	0.0168499757133395	0.00175003122911229	0.0208706745611935	0.0053474774439606	0.00341825367653414	0.0294110078966329	-0.0391385289931034	-0.0316649773652825	-0.0117094516743066	-0.00553292707373823	-0.0222634983712135	-0.0102131141417461
0.0523565264433952	0.0534490126571372	-0.0321975076769302	-0.0307600222875204	0.0168654878239915	0.00176073771470639	0.0208791682240865	0.00535554642370896	0.00344310881636844	0.0293766756171495	-0.0391303035511438	-0.0316866585574041	-0.0116875469647404	-0.0055357433935396	-0.0222733554905183	-0.010215125798747
0.0523741745426267	0.0534479970497485	-0.0321693989612936	-0.0308452816197612	0.0168756704405749	0.00175140725838032	0.0208832264626892	0.00535269797327494	0.00345329143295186	0.0293634336055438	-0.0391127895623791	-0.0316879870892152	-0.011686841487806	-0.00553964237596302	-0.0222496947720283	-0.010210262897344
0.0524359296185886	0.0534778785381172	-0.0321112425161889	-0.0309861004037977	0.0169256684989534	0.00178560263342889	0.0209117668463906	0.00537951727265325	0.00347682502589524	0.0292906311798848	-0.0391097301673568	-0.0317317545988267	-0.0116733438281231	-0.00557015530111257	-0.0222663272638711	-0.0102351655346353
0.0524296753210932	0.0534606271823498	-0.0321139428863159	-0.0310680824115077	0.0168983365064366	0.00175301798096513	0.0208973318104245	0.0053519841144364	0.00350854634222941	0.0292967373970732	-0.0390613120979145	-0.0317103821401754	-0.0116632813521661	-0.00555741061582096	-0.0222083873512909	-0.0102134577998171
0.0524525523315432	0.0534764857450409	-0.0321097072307416	-0.0310930157824476	0.0169005828567544	0.0017551078690717	0.020895979529885	0.00535313522927585	0.00349972857904179	0.0293005707212473	-0.039063156116832	-0.031712673193982	-0.0116754965805109	-0.005565267253997	-0.0221894665996095	-0.0102253601037395
0.0524598222364273	0.0534819228068796	-0.0321063265293928	-0.0311155631046668	0.0169066234156934	0.0017586226808873	0.0209099102546168	0.00536040513415994	0.0035016340652566	0.0293011798062837	-0.0390699231074659	-0.0317204013096275	-0.0116700818704166	-0.00556642395677256	-0.02220539780547	-0.0102260027163926
0.0524552568926223	0.0534873263411017	-0.0321194972948131	-0.0310927475615141	0.0169013651678103	0.00175935470051821	0.0209076024370018	0.00535867846190076	0.00348209305266655	0.0293227213000025	-0.0390784894135284	-0.0317098345224362	-0.0116838784846817	-0.00556437318421879	-0.0221982955386693	-0.0102272823537627
0.0524321884953604	0.053478160728891	-0.0321479077589998	-0.031040557635195	0.0168776038664703	0.00175405594009827	0.020890725472954	0.00535237387298034	0.003474849690479	0.0293520677434883	-0.0390833187873148	-0.0316933850355011	-0.0116856233177332	-0.00554901893276202	-0.0221976710868086	-0.0102145432564072
0.0524154163051148	0.0534785770301315	-0.0321722795423603	-0.0309522989782451	0.0168571883418785	0.00174550919181218	0.0208777754310102	0.00534485530493918	0.00344605226171639	0.0293897891062247	-0.0390976322856703	-0.0316716004665614	-0.0117087210516597	-0.00554234414307406	-0.0221918680151544	-0.0102184184901021
0.0524084663095732	0.05348557452313	-0.0321904054101295	-0.0308774192373358	0.016855155730117	0.00175918985640285	0.0208742899558592	0.00535209866712673	0.00343253085330496	0.0293939926311663	-0.0391186862319632	-0.0316736330783228	-0.011715067550101	-0.00554337092633497	-0.0222185098975611	-0.010224206194932
0.0523830146575588	0.0534905435953192	-0.0322245742424815	-0.0307611608295036	0.0168428245520979	0.00176979156819481	0.0208683737284987	0.00536540493999778	0.00339391402380633	0.0294383901805747	-0.039155984308539	-0.0316649759682984	-0.0117388204695368	-0.00552943880461917	-0.0222524999159574	-0.0102248027071122
0.0523600384612427	0.0534894944603139	-0.0322492268196317	-0.0306598389749037	0.0168357180943451	0.00177377157569189	0.0208628095411133	0.00536994374110624	0.00336472404253173	0.02946398432496	-0.0391760324263313	-0.0316534857746644	-0.0117602096919965	-0.00552637521864477	-0.0222700669901153	-0.0102252483450172
0.0523405198003971	0.0534780671309611	-0.0322570331663827	-0.0306167951030189	0.0168365395209538	0.00177249193832182	0.0208596076537201	0.00536616070835718	0.00336335499818384	0.0294706172051271	-0.0391816706538702	-0.0316503397666323	-0.0117544261781187	-0.00551949646928865	-0.0222889150986272	-0.0102186825200835
0.0523076473692235	0.0534507379324124	-0.032264066980966	-0.0306093226354507	0.0168245659708459	0.00175980313239135	0.0208582064787396	0.00535758462340648	0.00338689837001543	0.0294676067045458	-0.0391710018868449	-0.0316464435781769	-0.0117235514341058	-0.00550370915278305	-0.0222947642707544	-0.0102001906424988
0.0523140427621058	0.0534502936914913	-0.0322596385415958	-0.0306011167512675	0.0168303578666279	0.0017589565600701	0.0208624784558986	0.00535439111791743	0.00338113441391401	0.0294505104140056	-0.0391627512991728	-0.031646105508042	-0.0117379208118225	-0.00551599981826542	-0.0222729461741979	-0.0102056863776668
0.0523473203186477	0.0534680814891257	-0.0322209742146402	-0.0306468526113752	0.0168687763243945	0.00178458982000826	0.0208816073582002	0.00537749863073213	0.00338481826079706	0.0294089543301111	-0.0391770159030874	-0.0316820736558227	-0.0117356004213512	-0.00553580765480491	-0.0223027228887645	-0.0102205991821705
0.0523024883072064	0.0534160745677143	-0.0322331950309211	-0.0307137457945938	0.0168272076676437	0.00172142937811367	0.0208654973383841	0.00532830802912211	0.00344148552092737	0.0294197781623635	-0.039111609110875	-0.0316465734976916	-0.0116918524695161	-0.00550616365372106	-0.0222373608000411	-0.0101817686141156
0.0523685488879441	0.0534618174127421	-0.0321894414911498	-0.0307584828111211	0.0168803936435751	0.00176889330746452	0.0208916377035246	0.00536343379553363	0.00342227419656803	0.0293630159073193	-0.0391418398452508	-0.0316903717409517	-0.0117118908084203	-0.00554797259172471	-0.0222557004063666	-0.0102243151596862
0.0524053580201099	0.05346632827417	-0.0321491901903379	-0.0308911893089043	0.0169000589877437	0.00176553635484413	0.0208930193207287	0.00535956275279078	0.00345526118043198	0.029333596820664	-0.0391175700417245	-0.031704815158822	-0.0116901244002729	-0.00555202244842321	-0.0222506978065607	-0.0102231123564377
0.0524003037318949	0.0534417385613011	-0.0321376818359115	-0.0310058342001837	0.0168855722633686	0.00173515754016131	0.0208860874859795	0.00533700704866731	0.00351281412843634	0.0293157573346206	-0.0390651356432004	-0.0317011969701883	-0.011650072868177	-0.00553865889920699	-0.0222162789140676	-0.0101995787634943
0.0524327738316684	0.0534591882888005	-0.0321134148263532	-0.0310730752324254	0.0169031561013348	0.0017495897821593	0.0209025313849785	0.00534938293017541	0.00351399178597233	0.0292903811197437	-0.0390643603170646	-0.0317195323855618	-0.0116545278502438	-0.00555607789305781	-0.0222081275122616	-0.0102118792078649
0.0524591153625089	0.0534806794910943	-0.0321064746096998	-0.0311018978069005	0.0169073247016757	0.00175851930406919	0.0209012908631612	0.00535739603056264	0.00350090483959375	0.0292914204758609	-0.039069043007528	-0.0317175542561775	-0.0116714145931798	-0.00556625911265721	-0.0222012096473527	-0.0102227980350313
0.0524687238186567	0.0534911820170202	-0.032109673703125	-0.0311054545282369	0.0169015998611271	0.00176010348395746	0.020896124816224	0.00535491219296004	0.00349591760661216	0.0292983243709295	-0.0390699175195298	-0.0317170653117675	-0.0116787487593292	-0.00556445141532438	-0.0222023970837768	-0.0102191798463976
0.0524408665601452	0.0534747912034143	-0.0321302219411995	-0.0310831768239351	0.0168786599863958	0.00175028408322144	0.0208858360288544	0.00534567393757986	0.00349993393569397	0.029337030607406	-0.0390709079812059	-0.0316992579563568	-0.0116675798720217	-0.00554492297559059	-0.0222030299175417	-0.0102139788748597
0.0524457811499573	0.0534914404590655	-0.0321460274184975	-0.0310074742594331	0.0168776960674162	0.00176733567027278	0.0208880237058429	0.0053616749926418	0.00345925096681725	0.0293447838687639	-0.0390974646475869	-0.0316945668839892	-0.0116992774396273	-0.005552748880118	-0.0222130239412813	-0.0102254034102444
0.0524414379266128	0.053495345029425	-0.032160585389058	-0.0309558710664059	0.0168764373848066	0.00177141905458797	0.0208847757179768	0.00536859704850281	0.0034374957345421	0.0293747058696694	-0.0391195998595178	-0.0316923833979527	-0.0117100356136305	-0.00555083361501499	-0.0222345333043675	-0.0102263715201761
0.0523831808986581	0.0534676651878852	-0.0322094099808526	-0.0308496192551695	0.0168292444703572	0.00174599673923811	0.0208699034260098	0.00535001436695627	0.00343811320148267	0.0294104602788937	-0.0391057725116041	-0.031661076985875	-0.0117106251408905	-0.00553094894435394	-0.0222191413343419	-0.0102079844163936
0.0524048634877638	0.053508793794667	-0.0322285416771223	-0.030713071051308	0.016848133091406	0.00178399610179616	0.0208718717765059	0.0053790730317322	0.00335872120216145	0.0294346686151229	-0.0391684677578172	-0.0316641824813703	-0.0117752873406157	-0.00555258403600264	-0.022246587879549	-0.0102413988773702
0.0523358692405664	0.0534630677134475	-0.032266668165227	-0.0306510393725085	0.0168106324521461	0.00174709895963656	0.0208496597304535	0.00534957431698731	0.00338921456953461	0.0294797800233698	-0.0391595661755879	-0.0316381594628882	-0.0117312711678471	-0.00550362812770941	-0.0222736055506594	-0.0102009589837145
0.0523308638467924	0.0534647454912657	-0.0322644986490308	-0.030602221765634	0.0168188816428341	0.00175253183052323	0.0208555619879737	0.00535270495819508	0.00337491085006724	0.0294710195365273	-0.0391710982787428	-0.0316361240571587	-0.0117419092012238	-0.00551518258260877	-0.0222803543805008	-0.0102098312292792
0.052324803730077	0.0534574336768608	-0.0322616180679641	-0.030590534597252	0.0168227680524013	0.0017551665424009	0.0208542627928272	0.00535469146948355	0.00337870785265658	0.0294586115243866	-0.0391694246918767	-0.0316422512291075	-0.0117369722596672	-0.00551634766728851	-0.0222797760291131	-0.0102095210988249
0.0523395922030022	0.0534626556031591	-0.0322459131735162	-0.030605116316541	0.0168395234788386	0.00176385298908984	0.0208617422453156	0.00536393670978387	0.003382655729521	0.0294344409067262	-0.0391689413354029	-0.0316587328466753	-0.0117361536270265	-0.00552621316849747	-0.0222877416320433	-0.0102195877657339
0.0523567765035363	0.0534655124354973	-0.032217038910632	-0.0306563283540402	0.016857020703795	0.00176726861503942	0.0208691364817782	0.00536513951303238	0.00340109172774454	0.029407234642772	-0.039163446997219	-0.0316759478808579	-0.0117260995329737	-0.00553147001939655	-0.0222988322882452	-0.0102200166398307
0.0523592757079632	0.0534529912676503	-0.0322146738166718	-0.0307238124615028	0.0168499533615951	0.00175137233377961	0.0208646395901906	0.00535069609516216	0.00343126239180712	0.0293843869689866	-0.0391207817080059	-0.0316705205979074	-0.0117113739243297	-0.00553167537604873	-0.0222574186967216	-0.0102143211359466
0.0523797289511238	0.0534538196791792	-0.0321802507332266	-0.0308140897603738	0.0168733123315349	0.00175734164653321	0.0208800413391043	0.00535838649223882	0.00345187209717895	0.0293680045372849	-0.0391226131540672	-0.0316899205151106	-0.0116913677160582	-0.00553413267095479	-0.0222727729481784	-0.0102173595762085
0.0523998734608142	0.0534455998251557	-0.0321487962408419	-0.0309363929180971	0.0168845161434431	0.00174462909187425	0.0208891217352893	0.00535177596381616	0.00348960742975562	0.0293265476392564	-0.0390873588651251	-0.0316984756453008	-0.0116671775406215	-0.00554557117617979	-0.02224064790346	-0.0102072509997786
0.0524339011977793	0.053453811297275	-0.0321169366230889	-0.0310383755461425	0.0169037246738344	0.0017514994593262	0.0209025635156111	0.00535866868301256	0.00351053704446996	0.0292906367678209	-0.039073023015025	-0.0317197461241181	-0.0116577590743016	-0.00555825858512624	-0.0222251944661372	-0.0102160492051898
0.0524639754699439	0.053473693173968	-0.0321006086737643	-0.0310912262459071	0.0169213937278263	0.0017650781440828	0.020915516351523	0.00536945339971225	0.00350265805454946	0.0292752699435079	-0.0390716707344855	-0.0317332801053858	-0.0116699295991575	-0.00557384892688381	-0.0222155720401492	-0.0102309019393804
0.0524498100518954	0.0534577619681075	-0.032110951943511	-0.0311198308908738	0.0168971476730284	0.0017427319875636	0.0209006133259074	0.00534590024899247	0.00351904747117131	0.0293044222062137	-0.0390536272887739	-0.0317136720375624	-0.0116527578714797	-0.00555205038810377	-0.0222010154665727	-0.0102135290460025
0.0524560629524068	0.0534683064035542	-0.0321187359385176	-0.031099272873911	0.0168879778698656	0.00174516273977312	0.0208936563454457	0.00534810748375743	0.00350545202260637	0.0293185876242623	-0.0390613442285471	-0.031707419137051	-0.0116703095788133	-0.00555522992375254	-0.0221911192317151	-0.0102198825293639
0.0524608126981035	0.0534823544749444	-0.0321383272425326	-0.0310543570434281	0.0168821775921795	0.00175552277332815	0.0208874984398482	0.00535536062483318	0.00347774703535402	0.0293344908904422	-0.0390802426284841	-0.0317001659959753	-0.0116899008828283	-0.00555512934090249	-0.0221961371983453	-0.010221704196537
0.0524435627393201	0.0534838352780146	-0.0321584382246063	-0.0309856421930363	0.016868213339831	0.00175827762583227	0.0208793903445471	0.0053556120819583	0.00345537852709037	0.0293668394526052	-0.039096486758767	-0.0316921584835241	-0.0116993277310524	-0.00554394788073873	-0.0222162928839079	-0.0102188152335662
0.0524030753482074	0.0534584353144092	-0.0321878838539581	-0.0309214340131204	0.0168390135796682	0.001736565700062	0.0208613888083564	0.00533731997308969	0.00345626421496441	0.0294048737397639	-0.0390975903761495	-0.0316674234843163	-0.0116916694646084	-0.00552142570423195	-0.0222114285855208	-0.0101980811966158
0.0523960960160012	0.0534750370726033	-0.0322071566456147	-0.0308130112887038	0.0168414666836222	0.00176733846424084	0.020865004203022	0.0053633094639551	0.00341895356553239	0.0294173627769783	-0.0391349457290704	-0.0316751851275784	-0.0117136691690885	-0.00552610280675922	-0.022252919011166	-0.0102215784679745
0.0523719198104048	0.0534730785009955	-0.0322453920984736	-0.0306936222396639	0.0168284663502534	0.00176453052634365	0.0208568318464556	0.00536054622954681	0.00337537604574871	0.0294622311100043	-0.0391564173735878	-0.0316483993558168	-0.0117522398981142	-0.00552479802367664	-0.0222506307513274	-0.0102214806790925
0.0523525184962175	0.0534687646143156	-0.0322623794242596	-0.0306164416660597	0.0168252029955629	0.00176430700889909	0.0208522050353533	0.00535822164812346	0.00336299317932047	0.029474882197366	-0.0391718847807508	-0.0316438395999479	-0.0117567773022386	-0.00552287577365349	-0.0222653829026679	-0.0102195137255804
0.0523260274880859	0.0534487109085871	-0.0322614224902001	-0.0306052699847841	0.0168254893772887	0.00176168766384574	0.0208510385536895	0.00535725633215979	0.00338601128515735	0.0294681948348218	-0.039174347663593	-0.0316506834247033	-0.0117253996439755	-0.00550647378417537	-0.0222952043207233	-0.0102056151314813
0.0523270025829378	0.0534474061255045	-0.0322576310755469	-0.0305970529247287	0.0168322535739545	0.00175698541560595	0.0208543605817092	0.00535241997345328	0.00338028085667262	0.0294565411940564	-0.0391679187430941	-0.0316462438094609	-0.0117328958602722	-0.00551327709639396	-0.0222858696734452	-0.0102063611209525
0.0523361737830846	0.053445714377846	-0.0322429166427751	-0.0306187271319302	0.0168395695793116	0.00175833350519341	0.0208603354823989	0.0053525387170957	0.00338837917308559	0.0294362080915222	-0.0391603345168036	-0.0316543281560335	-0.0117321065642961	-0.00552033326272169	-0.0222785536680882	-0.0102099527668897
0.052352982294915	0.0534455802673793	-0.032215222831395	-0.0306941642694669	0.0168574286231313	0.001762289763962	0.0208687620900586	0.00535881955728764	0.00341401662397583	0.0294068602510524	-0.0391517737986772	-0.0316750258713991	-0.0117102465582188	-0.00552319428601197	-0.0222876731798259	-0.0102094386767672
0.0523445235566227	0.0534283372935161	-0.0322090635288135	-0.0307526015083613	0.016847494669705	0.00174285631914214	0.0208742955437953	0.00534280592936944	0.00344351114776863	0.0293901537190561	-0.0391144785160695	-0.0316703194322073	-0.0116940513223769	-0.00551833138460892	-0.0222582457112665	-0.0101968867752715
0.0524049319399812	0.0534585484701155	-0.032165150732863	-0.0308384182372294	0.016894424951157	0.00176879831255058	0.0208961024644795	0.00536376348376435	0.00343284098375928	0.029353868455901	-0.0391280991103469	-0.0316966358173353	-0.0117096835736553	-0.00554992278142843	-0.0222600422327271	-0.0102253265761228
0.0524219709541763	0.0534504864752873	-0.0321339854161722	-0.0309691689573728	0.0169031491164147	0.00175818821885445	0.0208971823331335	0.00535167817493417	0.00349158835310797	0.0293074955710763	-0.0390891553865856	-0.0317169018646362	-0.0116641460852797	-0.00554754651159603	-0.0222518321575918	-0.0102090028177503
0.0524423962576564	0.0534508846157354	-0.032108642728912	-0.0310654421116939	0.0169102751319438	0.00175820637964682	0.0209006873660609	0.0053555631875173	0.0035137794444	0.0292875536240701	-0.0390659584667931	-0.031722292826002	-0.0116557907238055	-0.0055565584555636	-0.0222277188162767	-0.010216941877984
0.0524625491492509	0.0534647343153935	-0.0321058794945037	-0.0310903726886657	0.016908120982572	0.00176114842801075	0.0208998743213563	0.0053587734568147	0.00350056118152275	0.029282784320597	-0.0390632846393627	-0.0317171826584259	-0.0116762733036307	-0.00556597692188346	-0.0221988263926001	-0.0102207500564456
0.0524511958600516	0.0534580301890409	-0.0321118013098003	-0.0311095043849354	0.0168905762601586	0.00174659883935437	0.0208920973112699	0.00534657080132613	0.00351421949436897	0.0293059644765811	-0.0390561530358974	-0.0317064747758478	-0.0116629949704403	-0.00555274329218189	-0.0221939523153248	-0.0102116291477238
0.0524555614351405	0.0534694589153777	-0.0321218079063961	-0.0310830105828357	0.0168853752886206	0.00174884099872005	0.0208872986711322	0.00534575077170142	0.00349348406043459	0.0293250822030106	-0.0390676124958828	-0.0317025562356479	-0.0116770025292936	-0.00555407741192906	-0.022187284510557	-0.0102175006715954
0.0524600164172073	0.0534836369062825	-0.0321356813547827	-0.0310439998038411	0.0168877739101975	0.00176782461468275	0.020889205554331	0.00536218628879622	0.00347127341136615	0.0293368238537698	-0.0390940699763978	-0.0317061031780962	-0.0116882384718345	-0.00555366809560873	-0.0222130043835049	-0.0102239756925673
0.0524048872364923	0.0534561344817143	-0.0321735102852893	-0.0309675219132032	0.0168428594766986	0.00173185087896596	0.0208705097170782	0.00533430388457225	0.00346766500162065	0.0293961803081549	-0.0390835297319031	-0.0316688525989774	-0.0116869071460554	-0.00552372653692682	-0.0221993795982754	-0.0102009631746665
0.0524333535800402	0.0534925133427993	-0.0321814772852036	-0.0308926980516551	0.016868017762067	0.00176525695803844	0.0208812958307619	0.00536330666998704	0.00342335406522203	0.0293798537558143	-0.0391219621595099	-0.0316822957762832	-0.0117235961375947	-0.00555245830744008	-0.0222215623076632	-0.0102309019393804
0.0523749624416187	0.0534683650768834	-0.0322298324903646	-0.0307809477112827	0.016831441926234	0.00175156930852763	0.0208678093469512	0.00535547517752351	0.00341056048548942	0.0294367529152933	-0.0391365885822879	-0.0316592148061651	-0.0117207658479531	-0.00551715093310487	-0.0222416425560883	-0.0102107937512748
