0.0527234498864055	0.0536701803745544	-0.0315251699976826	-0.0311964875954673	0.0167418128279522	0.00138008471266445	0.020942666736116	0.00504834125394717	0.00350282988358496	0.0293528011601032	-0.039249754067481	-0.0320019774104032	-0.0120723126877621	-0.00556777623731211	-0.021910209492321	-0.00983847934689872
0.0526736390238868	0.0536383403145779	-0.0315571665198703	-0.031138250125289	0.0167067317650296	0.00135615717022504	0.0209253776617798	0.00502765471445378	0.00352083421374371	0.029387792816048	-0.0392404669176599	-0.0319802403389204	-0.0120460605638993	-0.00554581564838477	-0.0219062420576801	-0.00982228550804085
0.0526789210204984	0.0536708020324471	-0.0315874685004316	-0.0309995505660237	0.0167077445784503	0.00138973647531706	0.0209211378152535	0.00504806884206162	0.0034540541862314	0.0294115820570686	-0.0392854763460727	-0.0319780205312992	-0.0120987813441493	-0.0055591750066489	-0.0219279609683706	-0.00984561374433205
0.0526108026822868	0.0536295728428153	-0.0316277589167963	-0.0309020648295659	0.0166695328743199	0.0013579173701009	0.0208967618409409	0.00502333523983779	0.00346273644196825	0.0294641854906601	-0.0392878805555857	-0.0319484840979855	-0.0120744752190382	-0.00551779214877393	-0.0219463466751691	-0.00981004234001545
0.0526366133591966	0.0536594291854714	-0.0316158957284267	-0.030844291158085	0.0167092463362809	0.00140319641643124	0.0209194879771159	0.00506324986749886	0.00342135777504537	0.0294398612047566	-0.0393325449289435	-0.0319742165437897	-0.0121080754788906	-0.00554716792892431	-0.0219858924990466	-0.00984435785569046
0.0525945082605789	0.0536275611858143	-0.0316342856261773	-0.0308197657064814	0.0166874142698841	0.00137789982964395	0.0209123857103152	0.00504298242321401	0.00343958003471256	0.029448226345119	-0.0393055384337054	-0.0319563295602893	-0.0120954635070817	-0.00552928094542396	-0.0219681172742685	-0.00982177700585449
0.0526098443512433	0.0536399244944661	-0.0316218776140365	-0.0308181088834237	0.0167098135117964	0.00139267712669696	0.0209248384259449	0.00505673154002208	0.00343066448264295	0.0294206917899182	-0.0393172926573208	-0.0319706765862616	-0.0121058319225409	-0.00554161631439523	-0.0219751776315484	-0.00983460411320378
0.0526075602823568	0.053622932977728	-0.0316003347233337	-0.0308746629878477	0.016721231062261	0.00139303056365616	0.0209348701682532	0.00505759906710375	0.0034645008327962	0.0294007945464008	-0.0393045563539334	-0.0319907079402456	-0.0120721296828544	-0.00553596551400012	-0.0220012439565353	-0.00982291834180574
0.0526182304463661	0.0536196333014528	-0.0315912962366696	-0.0309327467897829	0.0167143998103618	0.00137301178252838	0.0209221157040734	0.00504015073658833	0.00348388817714312	0.0293920410444785	-0.0392690086983453	-0.0319764838488679	-0.0120792068039425	-0.00554594836186747	-0.0219477031466607	-0.00982107711685623
0.0526403880100415	0.0536256976091203	-0.0315625672601244	-0.0309963975730714	0.0167378090717267	0.00138922378217862	0.0209389535525684	0.00505338995422601	0.00349851320293703	0.0293513455027456	-0.0392705216320481	-0.0320055341317396	-0.0120610949060136	-0.00554962941478246	-0.0219644152665931	-0.00982516050117141
0.0526885266826781	0.0536414933075301	-0.0315216258492024	-0.0311073809692122	0.0167811197675609	0.0013998562276192	0.0209565150387901	0.00505852387053059	0.00350259658725221	0.0293131617382958	-0.0392645383494542	-0.0320236907331575	-0.0120659522194805	-0.0055702894115793	-0.0219578731903879	-0.00983044249778301
0.0526919786302124	0.0536191289902185	-0.0314969173926911	-0.0312310210406507	0.0167778885435031	0.00137688841320734	0.0209622468642589	0.00504445205041195	0.00355906687263451	0.0292820578889022	-0.0392143712560083	-0.0320269666607042	-0.0120230717947271	-0.00556925145244616	-0.0219244699052834	-0.00982763875083789
0.0527273600447011	0.0536376795411324	-0.0314733824027636	-0.0313061690024935	0.016793935699038	0.00139090155999679	0.0209707167784234	0.00505654294717824	0.00356507809490896	0.0292579613113953	-0.0392142161907811	-0.032045609412564	-0.0120271635609464	-0.00558420616647079	-0.021913451892251	-0.00983597734850375
0.0527292236213951	0.0536368162050028	-0.0314771067621835	-0.0313355084610591	0.0167770238103895	0.00137691774987194	0.0209670371224924	0.00504385553823179	0.00356843923848143	0.0292773263039978	-0.0392013555558152	-0.0320328381845758	-0.0120312455482776	-0.00557968273218664	-0.0218880742803901	-0.00983082806537486
0.0527485159708281	0.0536557062230356	-0.0314722759914131	-0.0313404677543602	0.0167794405927587	0.00138740351198953	0.0209640000792146	0.00505150262880356	0.00355784730557767	0.0292803242317229	-0.0392116345642965	-0.0320350482133088	-0.0120406304869807	-0.00559043112730159	-0.0218921171521684	-0.00984213525410119
0.0527340641710537	0.053651603280944	-0.0314936568319686	-0.0313060139372663	0.0167524271126005	0.00137096240695863	0.0209481177677951	0.00503848134067432	0.00354779879946098	0.0293093242231696	-0.0392065956429059	-0.0320115020475092	-0.0120483544116741	-0.00557832905466307	-0.0218723484311817	-0.00983597874548778
0.0527506198287749	0.0536794465696152	-0.0314946249419004	-0.0312587469826635	0.0167721343662899	0.00141217203881407	0.0209606277597699	0.00507088438521438	0.00351880160198231	0.0293047127788917	-0.0392506802678919	-0.0320322961547728	-0.0120644099491131	-0.00558868489726602	-0.0219255749196499	-0.00985438121609464
0.0526949374423847	0.0536462276864025	-0.0315452558340437	-0.0311877173297366	0.0167203858869238	0.00136194347807091	0.0209319462806816	0.00503319515311064	0.00351859624533012	0.0293740436992399	-0.0392292938394003	-0.0319830147492009	-0.0120638329947094	-0.00555549674770197	-0.0218918279764745	-0.00982483640087681
0.0526892628932611	0.0536582333671431	-0.031559848729205	-0.0310986428341142	0.0167249484367607	0.00138557206592823	0.0209366876444742	0.00505271101998818	0.00349765545474356	0.0293718560222514	-0.0392618798888481	-0.031996423001906	-0.0120754307561136	-0.00556414407883812	-0.0219237881770776	-0.00983676943844789
0.0526515764551254	0.0536488665892323	-0.0316050677052221	-0.0309695182033799	0.0166989072574863	0.00137750168919583	0.0209214200060272	0.00504776988747953	0.00345742091773998	0.0294334560329862	-0.0392819308006085	-0.0319681494421541	-0.0121013825284103	-0.00554740401922512	-0.0219322385334657	-0.009831227602807
0.0526155133124308	0.0536403854991955	-0.0316317654669899	-0.0308688557252414	0.0166835865336462	0.00137731309635199	0.0209142800206578	0.00504335681493364	0.00344183197296643	0.0294584131526545	-0.0393033311989404	-0.0319593973372158	-0.0121028451706881	-0.00553275105375064	-0.0219582880946443	-0.00981744635536628
0.0526070112676336	0.0536364655620117	-0.0316305668546935	-0.0308321625427499	0.0166926753117353	0.00138546310117401	0.0209184961184557	0.00505175268894466	0.00343701796600437	0.0294561472445604	-0.039313375514105	-0.0319589363324864	-0.0121035911601592	-0.00553638041825657	-0.0219772954593355	-0.00983272097873342
0.0525860397433984	0.0536186009302558	-0.0316366968206104	-0.0308130350374323	0.0166828796597278	0.00137374519914331	0.0209109132891492	0.00504066063575872	0.00344633305550612	0.0294502407960881	-0.0393055803432262	-0.031952974004653	-0.0120938513875128	-0.00552599244502097	-0.0219673321692446	-0.00981395110132708
0.0525905045043533	0.0536179694934749	-0.0316257277020189	-0.0308211766603502	0.0166932676329634	0.00137309141061799	0.0209189096257281	0.00504686883278117	0.00345265301125085	0.029428732829986	-0.0393012049892491	-0.0319626355461938	-0.0120905265655251	-0.00553583280051742	-0.0219672930536918	-0.00981760002360941
0.0526206737714319	0.0536346830103914	-0.0315924738942056	-0.0308712054523773	0.0167218946296745	0.00139159306709088	0.0209327174158654	0.00506058721594062	0.00345870474606213	0.0293906845729869	-0.039303803379542	-0.0319867586663972	-0.0120863747289925	-0.00555392094971787	-0.0219830566214689	-0.00983394473674235
0.0526348559532888	0.053628972139683	-0.0315696415872445	-0.030962210579927	0.0167347133551196	0.00138914555107302	0.0209381377138958	0.00505796088596712	0.00349264587001751	0.0293616831845561	-0.0392792499882579	-0.0320015666970988	-0.0120614860615416	-0.00555572026514653	-0.021979089186828	-0.00982915028755669
0.0526590112041248	0.053635648326355	-0.0315482579527209	-0.0310329831877927	0.0167577286669885	0.00139794515346827	0.0209496642291146	0.00506550879067287	0.00350106549275702	0.0293405761528702	-0.0392732443539195	-0.0320168175717375	-0.0120595037412052	-0.0055640644507485	-0.0219805937386267	-0.00983168301960028
0.0526563485525666	0.0536084658111293	-0.0315281665284236	-0.0311495056256063	0.01674317488738	0.0013561893008577	0.0209406760338755	0.00503358770562264	0.00355269522848072	0.0293247483238278	-0.039220541734462	-0.0320003024265531	-0.0120286611278249	-0.00555425482890068	-0.0219226608109666	-0.00981179276100311
0.0527216198373282	0.05364443395891	-0.0314758369037016	-0.0312546663923164	0.0167883743056207	0.00139428086436163	0.020968441091441	0.00506526431846789	0.00355506870434507	0.0292620335198383	-0.039233009816916	-0.0320431912332107	-0.0120301768554958	-0.00559032635349946	-0.021931910242219	-0.00984039880295382
0.0527292166364749	0.0536425536184077	-0.0314766443604701	-0.031319645707416	0.0167782908749033	0.00137912358765287	0.0209624703817034	0.0050516269603821	0.0035710250559181	0.0292665457782502	-0.0392043353227479	-0.0320358179515085	-0.0120257316523172	-0.00558518824624279	-0.0218999723933604	-0.00983351725962964
0.052720872450873	0.0536344329502503	-0.0314795794239139	-0.0313343824919322	0.0167609165845414	0.00136481148628133	0.0209527627396897	0.00503525849852067	0.00357452729487744	0.0292893375726745	-0.0391957145343083	-0.0320219445031219	-0.01201968131449	-0.00557468991126894	-0.0218858083722959	-0.00982111902637709
0.0527394285897229	0.0536543972490009	-0.0314772953550274	-0.0313300197108113	0.0167615019208493	0.00137389048548227	0.0209573266865106	0.00504587976808903	0.00355897467168863	0.029295108513696	-0.0392074003057063	-0.0320230131959037	-0.0120383408301581	-0.00558760502861202	-0.0218780928295067	-0.00984474062931426
0.0527510780395362	0.0536734451262289	-0.031493429123572	-0.0312930457345302	0.0167626236990242	0.00139025615337564	0.0209531958047385	0.00505902678478083	0.00353345317047276	0.029305416858842	-0.0392288761411758	-0.0320242607026411	-0.0120596602034164	-0.00559236175922892	-0.0218902926910273	-0.00984656928140751
0.0527238382479654	0.0536646455238337	-0.0315182996302306	-0.0312325996326029	0.016745777468625	0.00138729035628323	0.0209431668563982	0.00505666448478871	0.00352697814950086	0.0293349728499321	-0.0392422354994399	-0.0320112897059369	-0.0120537076544711	-0.00557371341943305	-0.0219170407442201	-0.00983444765099259
0.052688525285694	0.0536477280472491	-0.0315442919150641	-0.0311745717100288	0.0167225344483595	0.00136856238839774	0.0209291327548483	0.00504171396171617	0.00352070010327698	0.0293778909932543	-0.0392424115194275	-0.0319877281733129	-0.0120528778459582	-0.00555428695953333	-0.021915808604307	-0.0098248112551643
0.0526656357023878	0.0536526216823008	-0.0315816877805218	-0.0310480398816514	0.0167037128825441	0.00137730052349573	0.0209228058141835	0.0050503850415808	0.00348574057796485	0.0293946087011228	-0.0392622165619989	-0.0319783641893702	-0.012082025917712	-0.00555437776349518	-0.0219151618007018	-0.00983093703012908
0.0526482153115529	0.0536574412771989	-0.0316127650872189	-0.0309358425063899	0.0166997258901269	0.00138887034521941	0.0209153990048646	0.00505661279637966	0.00344415795137381	0.0294341182034157	-0.0392978759763093	-0.0319654979664681	-0.0121053918725719	-0.00554875350579661	-0.0219430651596862	-0.00983534870569095
0.0526244512162448	0.0536499939553432	-0.0316291754586012	-0.0308643881703184	0.0166950278328392	0.00139277770954701	0.0209121091074776	0.00505980490488469	0.00343317905389417	0.0294539847132843	-0.0393152474727032	-0.0319632446312302	-0.0121085029560033	-0.00553744771405431	-0.0219702714236404	-0.00983305066696414
0.0526128171332559	0.0536422043724006	-0.0316347075153539	-0.0308300894184517	0.0166954860436006	0.00139088898714054	0.0209098851089043	0.00505456342080992	0.00343091035183195	0.0294495255402655	-0.039313716378208	-0.0319593219000783	-0.0121092293876981	-0.00553430729395834	-0.0219766528466824	-0.00982825621777847
0.0526208665552278	0.0536454481693146	-0.0316190808520115	-0.0308383791216766	0.016717550009346	0.00141250591799687	0.0209201250018328	0.00507014538066332	0.003430667276611	0.0294277353833896	-0.0393259623402014	-0.0319788545307642	-0.0121033033814494	-0.00553969127040401	-0.022004813250728	-0.00983495894714701
0.0525768699402356	0.0536054301648355	-0.0316292816293873	-0.0308472387943851	0.0166852210049595	0.00136967159371634	0.0209046939162545	0.00503462007681967	0.00346856745330303	0.0294362653678674	-0.0392852234919636	-0.0319548794908678	-0.0120756179519734	-0.00551719144564169	-0.0219694388211595	-0.00980246789261316
0.0526376219816651	0.0536448362903102	-0.0315873274050447	-0.0309046827776352	0.0167335454764718	0.00140248395457673	0.0209265092188429	0.00506012341724317	0.00345569284849678	0.0293893043527668	-0.0393004003264487	-0.0319869989476501	-0.0120934099405599	-0.00555518941121571	-0.0219766584346185	-0.00984545029720072
0.0526163934123687	0.0536105543022519	-0.0315883276456091	-0.0309838247168153	0.016712786293809	0.00137133121074214	0.0209188034549419	0.00503795607467962	0.0035090073469588	0.029373507257373	-0.0392531207989896	-0.0319837970602568	-0.012045750433445	-0.00553397201779151	-0.0219541446400159	-0.00980740204020167
0.0526722099092257	0.0536375817522504	-0.0315390378581331	-0.0310618951692456	0.0167629030958299	0.00140493007361055	0.0209426122537389	0.00506768808575727	0.00349584636042671	0.0293349993926286	-0.0392746636896925	-0.0320122466399964	-0.0120653934258692	-0.00556731662956675	-0.0219678867719038	-0.00983033073906073
0.0526758308918275	0.0536143359380169	-0.0315112769915196	-0.0311932787231539	0.0167612043632513	0.00137940438144259	0.020948803686953	0.00505150542277162	0.0035543632274107	0.029299527174178	-0.0392247969478127	-0.0320175663551767	-0.0120228133526818	-0.00556387446092063	-0.021936817847111	-0.00981455040747528
0.0527148668165346	0.0536356692811154	-0.031483707511718	-0.0312680355294687	0.0167730158632119	0.0013851585586558	0.0209513839164536	0.00504941413768102	0.00355783752668947	0.0292670151648838	-0.0392063469797488	-0.0320274583990822	-0.0120329289140319	-0.0055866858131213	-0.0218994806549824	-0.00982971746307224
0.052744928515843	0.0536547786256407	-0.0314742094173085	-0.0313155343834203	0.0167843244489222	0.00139731651065546	0.0209573057317502	0.00506181795886969	0.00355615974887129	0.0292606882242189	-0.0392103269872459	-0.0320394626828388	-0.0120414016221644	-0.00559457737589805	-0.0219006443426781	-0.00984116295321738
0.0527333656790394	0.0536403324138024	-0.0314822183267436	-0.0313373119674399	0.016758098867756	0.00137225322020092	0.0209423454297895	0.00503874397367167	0.00356896031352404	0.0292888891408013	-0.0391920278934572	-0.0320195319117048	-0.0120316632465021	-0.00557495952918643	-0.021880512405844	-0.00982476375770733
0.0527457052389628	0.0536553094795715	-0.0314806746593922	-0.0313255982563613	0.0167588155205626	0.00138655973363635	0.0209399775418612	0.00504974242892771	0.00355751761734695	0.0292961325029889	-0.0392119195490384	-0.0320241349740785	-0.0120385461868103	-0.00557987551598257	-0.0218939891107665	-0.00983502181142829
0.0527418649298686	0.053660342813026	-0.0315051679803631	-0.0312829022334996	0.0167494990340768	0.00139195069500216	0.0209324268431874	0.00504865138440148	0.00353722642433362	0.0293213494616865	-0.0392251699425483	-0.0320142736638217	-0.0120523106704427	-0.00557077416503718	-0.0218963318529823	-0.00983638107688798
0.0526967996220946	0.053640065589853	-0.0315419631426886	-0.0311915548448628	0.016713866162463	0.00136695725374904	0.0209176705008948	0.00503186103336346	0.00352345355879707	0.0293689768381687	-0.0392255094096672	-0.0319830971712586	-0.0120596462335761	-0.00554894070165643	-0.0218910610322429	-0.00981787802343107
0.0527266000853896	0.0536780914951076	-0.0315365931360833	-0.0311318924509755	0.0167452312478699	0.00141387915329684	0.0209358704088176	0.00506724943277233	0.00347647577988813	0.0293515704171741	-0.0392704978833196	-0.0320057339004557	-0.0120960292856132	-0.00557705360824509	-0.0219300368866368	-0.00984713086898695
0.0526431288927053	0.0536308524801853	-0.0316042616454377	-0.0310119627691165	0.0166784568082937	0.00137365858613355	0.0209048811121143	0.00503398025813463	0.00348250097200286	0.0294246955461437	-0.0392581247957796	-0.031959207347388	-0.0120801246224492	-0.00553041529645506	-0.0219202118979647	-0.00980784628112272
0.0526176716527547	0.0536296468829688	-0.0316251814812638	-0.0309045612400247	0.0166785252605111	0.00138166190763258	0.0209031614247753	0.00504218474533376	0.0034530874732837	0.0294515413882186	-0.0392960096056473	-0.0319552049881464	-0.0120900250482589	-0.00552290371333405	-0.0219502512455286	-0.0098133434132747
0.0526218388561116	0.05364512406902	-0.0316293514785888	-0.0308342105213357	0.0166930636732952	0.00139843549486226	0.0209109496107339	0.00505547146042841	0.0034221400861013	0.0294492936409168	-0.0393185527369145	-0.0319574750871927	-0.0121181337638955	-0.00553706494043052	-0.0219734649291295	-0.00982806343398255
0.0526063225545076	0.0536299206918383	-0.0316285063032515	-0.0308291185145519	0.0167029389533924	0.00140225345221203	0.0209150581407616	0.00506429620853617	0.00344019610466911	0.0294385829643706	-0.0393212614889457	-0.0319705103451622	-0.012095428582481	-0.00553159295399105	-0.0220009617657616	-0.00982218911614289
0.0526130322687962	0.0536335682171366	-0.0316261775308761	-0.0308235934427194	0.0167093580950031	0.0014074655996222	0.020914928221247	0.00506720612626745	0.00343105843213897	0.0294223597888481	-0.0393174127979473	-0.0319693885669873	-0.0121127246417373	-0.00553876367300912	-0.0219867418653359	-0.00982417423044732
0.0526127067715176	0.0536269395279216	-0.0316069229000119	-0.030862453347439	0.0167171239292173	0.00140510609359814	0.0209201236048488	0.00506909345168989	0.00344977662113626	0.0294050022622946	-0.0393077694171988	-0.0319805323085823	-0.012092777106795	-0.0055369657545645	-0.0219959633569078	-0.00982248807072498
0.0526220246549874	0.0536188677542052	-0.0315967109467639	-0.0309197883659349	0.0167183057777054	0.00138773599418831	0.0209143764125557	0.00505536668662628	0.00347272906872381	0.0293938235960989	-0.0392792513852419	-0.0319745001315475	-0.0120873931303493	-0.00554521634223656	-0.0219589516620578	-0.00982141798095918
0.0526513166160961	0.05363108298255	-0.0315673072269329	-0.0309890899496186	0.0167445131980792	0.00140629911795844	0.0209313972659585	0.00507077821442821	0.00348780532035891	0.0293487513034047	-0.0392805142588036	-0.0320065860607131	-0.0120680029920343	-0.00555579989323615	-0.0219784312073506	-0.00982621243014484
0.0526651984463869	0.0536176509811164	-0.0315352087249111	-0.0311092962343152	0.0167569421649804	0.00139244243338018	0.0209387970903572	0.00505949198046231	0.00351992617412521	0.0293381579735169	-0.0392571329371194	-0.0320109879573867	-0.0120384078853915	-0.0055487576967487	-0.0219762169876655	-0.00981259882078753
0.0526820754104347	0.0536125114768757	-0.0315125426590493	-0.031203887419866	0.0167552671811303	0.00137288605396581	0.020941637158887	0.0050425060516603	0.0035486048592454	0.0292985967828151	-0.0392151996675372	-0.0320109642086582	-0.0120292199214363	-0.00555532771263453	-0.0219195762702318	-0.00980736711560096
0.0527269996228218	0.0536331393430399	-0.0314707029873971	-0.0312960241044788	0.016789127280012	0.00140468979235766	0.0209652154553193	0.00506977238592772	0.00355684985898135	0.0292596572500059	-0.0392246796011543	-0.0320455227995542	-0.0120203714246001	-0.00557969390805887	-0.0219341971050736	-0.00983425905814875
0.0527071652435857	0.0536143554957933	-0.0314876763433428	-0.0313183618790939	0.0167523726302233	0.00136592348556798	0.0209426094597709	0.00503849391353058	0.00356973843362789	0.0292938023336294	-0.0391924344158094	-0.0320108189223193	-0.0120192845710259	-0.00556175383916543	-0.0218804271898183	-0.00981370383515404
0.0527521327624777	0.0536540256512494	-0.0314687933102302	-0.0313221211631144	0.0167782294076061	0.00139823991709827	0.020948751998544	0.00506267431007913	0.00354733779473159	0.0292742850697678	-0.0392182101681185	-0.0320349853490276	-0.012041819320389	-0.00558813308857478	-0.0219009502821803	-0.00984066422991922
0.0527353996877849	0.0536456521289828	-0.0314941318065383	-0.0313039184612237	0.0167511251234859	0.00137989751680464	0.0209329800488627	0.00504480129641906	0.00355056482783733	0.0293095198009336	-0.0392097751785547	-0.0320153744872361	-0.0120428167669853	-0.00556794108142747	-0.0218916659263272	-0.00982431672281823
0.0527452637920098	0.0536676308787025	-0.0315018585251997	-0.0312529718506899	0.0167613245038777	0.00140849238288311	0.0209410113100423	0.00506552834844927	0.0035174465274747	0.0293178416347911	-0.0392398983451603	-0.0320204637000518	-0.0120660555962986	-0.0055781488437234	-0.021921945555144	-0.00984319696196282
0.0527037943211251	0.053648311986573	-0.0315360860308809	-0.0311851636429326	0.0167274099226189	0.00138143978717205	0.0209168197376215	0.00504451072374114	0.00351042109479559	0.0293728422929755	-0.0392392347777468	-0.0319877924345782	-0.0120676495550751	-0.00555361361323161	-0.0219135929876379	-0.00982241682453952
0.052688424702844	0.0536494603074444	-0.0315555460183973	-0.03110835466708	0.0167200198771083	0.00138837720985737	0.0209185268521043	0.005048922399303	0.00349974534285013	0.0293779915761044	-0.0392579124542072	-0.0319885440119855	-0.0120672164900263	-0.005551325353393	-0.0219368304199672	-0.00982573885255919
0.0526672939224296	0.0536563586145769	-0.0315933959036643	-0.0309777171026429	0.0167085897537875	0.00139704130480186	0.0209166409236659	0.00505794412215878	0.00344678567833134	0.0294230666627665	-0.0392896826649824	-0.0319702239634364	-0.0121095143724399	-0.00554985852016312	-0.0219492663717885	-0.00983406208340074
0.052632461522664	0.0536441014767112	-0.0316244732103614	-0.0308833787712012	0.0166893588716518	0.00138789105941547	0.0209053225590673	0.00505062671981773	0.00343508733407704	0.0294555577173004	-0.0393016268784257	-0.0319536920544436	-0.0121143954346353	-0.00553527121293798	-0.0219646974573669	-0.0098228722413328
0.0526056184745572	0.0536311835654001	-0.0316394921856513	-0.0308181773356411	0.0166744740068285	0.00137200036609177	0.0208905718047108	0.00503305964565988	0.0034312218792703	0.029465259771378	-0.0393013125570193	-0.0319385808782078	-0.0121144834446291	-0.0055255915106048	-0.0219590187172912	-0.00980673288485204
0.0526394087242375	0.0536582235882549	-0.031617727174488	-0.0308075658449609	0.016722457614238	0.00141710059846647	0.0209123144641297	0.00507145435469799	0.00341646413999368	0.0294245069532999	-0.0393301742470472	-0.031973052856094	-0.0121279671344718	-0.005560063488491	-0.021997692823135	-0.00984768686863028
0.0525948519186499	0.0536160137158351	-0.0316251130290464	-0.0308412149992543	0.0166961398321259	0.00138045631041602	0.020901575847903	0.00504227554929561	0.00346591877158508	0.0294333261134715	-0.0392937730342177	-0.0319580869661971	-0.0120798312558033	-0.00552502573207328	-0.0219939698606992	-0.00981354318199077
0.0526174621051505	0.0536238270475062	-0.0315964455197985	-0.0308742830081919	0.0167152184430025	0.00138824729034272	0.0209086515720071	0.00505026769492241	0.00346602075141916	0.0294030073691019	-0.039293738109617	-0.0319720665853699	-0.0120821209126259	-0.00554255927861444	-0.02198566479065	-0.00982582406858493
0.0526137950220758	0.053599909283955	-0.0315815606549752	-0.0309527390282141	0.0167165134471969	0.00137347139027374	0.0209157803815043	0.00504090091701161	0.0035046431688539	0.0293811236142962	-0.0392627823405304	-0.0319758454271669	-0.0120546743674188	-0.00553782210577394	-0.0219655496176242	-0.00981516368346378
0.0526377225645152	0.0536112527942661	-0.0315664396998512	-0.0309983701145196	0.016727320515641	0.00137361667661269	0.0209201277958009	0.00504104620335057	0.0035053696005487	0.0293580007346571	-0.0392502988912521	-0.0319825844781201	-0.0120624192468726	-0.00555263013647558	-0.0219410856333179	-0.0098206286849831
0.0526815934509448	0.0536221772093686	-0.0315180537610416	-0.0311277252476186	0.0167604178612432	0.00138277530390326	0.0209355449115389	0.00504955663005192	0.00353200729200331	0.029311503518254	-0.0392389050895161	-0.0320073334471683	-0.0120419506368876	-0.00556770080017457	-0.0219456286253784	-0.00982827856952293
0.0527168421519509	0.0536307155757505	-0.0314827603565467	-0.0312417191443407	0.0167824119777873	0.00138923495805084	0.0209473242808669	0.00505751385107801	0.00355543192019247	0.0292746454916472	-0.0392219624672189	-0.0320292605084789	-0.0120305959507043	-0.00558117890208112	-0.0219369561485298	-0.00982968672942361
0.0527268683063231	0.0536296999683619	-0.0314779198068881	-0.031307912438561	0.0167744896813619	0.00137887632147983	0.0209460404525447	0.00504787047032958	0.00357310237116842	0.0292690924801341	-0.0391972959202285	-0.0320272586303662	-0.0120247942760341	-0.005579847576302	-0.0219048241188913	-0.00982618728443233
0.0527259448998803	0.0536298941491418	-0.0314810783877764	-0.0313286841940801	0.0167578977020559	0.0013618596590292	0.0209347458366747	0.00503534650851446	0.00357320714497055	0.0292900067280241	-0.0391880269311997	-0.0320110158970673	-0.0120266564557441	-0.00556905866865023	-0.0218808476820109	-0.00982353441176229
0.0527503599897456	0.0536560750268191	-0.0314700743445843	-0.031322686941646	0.0167765460418518	0.00138938164137383	0.0209465992461561	0.0050538607378436	0.0035566067837604	0.0292824588233183	-0.0392145961704369	-0.0320320866071685	-0.0120353666511615	-0.00558561432637147	-0.0219120437323503	-0.00983941951714987
0.0527383110025002	0.053653614937945	-0.0314977248494595	-0.0312968050185508	0.0167537458655233	0.00137411400292682	0.0209328068228432	0.00503975539010827	0.00354511659012634	0.0293183543279295	-0.0392059250905722	-0.0320043047857946	-0.0120517965803202	-0.00557435044415002	-0.0218879946523004	-0.0098369175187549
0.0527122530594174	0.0536470700677717	-0.0315208994175076	-0.0312312208093668	0.0167382826493123	0.00137592868517979	0.0209337274353179	0.00504422992995142	0.00352987689135991	0.0293417607953263	-0.0392274009260417	-0.0319975280162726	-0.0120496913253893	-0.00555870003207922	-0.0219113033308152	-0.00982638565616437
0.0526944554828948	0.0536468633141355	-0.0315416474242982	-0.0311569515504779	0.0167243295728361	0.00137339735012023	0.0209288044636016	0.00504160918791403	0.00349802006757498	0.0293753945827954	-0.0392425386449741	-0.0319782216969993	-0.0120759825648049	-0.00555850445431524	-0.0218987472383675	-0.00983028044763571
0.0526616109914018	0.0536409750264555	-0.031575363633825	-0.031050768191459	0.0167003810756363	0.00137629329801122	0.0209225808997549	0.00504510863290532	0.00348484511120261	0.0293945402489054	-0.0392579934792809	-0.0319724870775625	-0.0120780934076719	-0.00554731600923133	-0.0219183818488874	-0.00982593163635512
0.0526664263953479	0.0536632471428212	-0.0315911118347778	-0.0309433359287186	0.0167161488343655	0.0014082213679816	0.0209208919460645	0.00506726899054873	0.00343087542723124	0.0294268482985316	-0.0393100632649735	-0.0319759641708093	-0.0121183614722921	-0.00555401175367972	-0.0219638802217102	-0.00984319975593087
0.052619549199289	0.0536348324876824	-0.0316273943039649	-0.0308690443180852	0.01668780123446	0.00138414295126712	0.020901082712541	0.00504889026867035	0.0034309368945285	0.0294611526383343	-0.0393021116318836	-0.0319448337787192	-0.0121117062403806	-0.0055287822221258	-0.0219677079579482	-0.00981680793366527
0.0525994913026084	0.053620675451538	-0.0316285202730918	-0.0308348768827172	0.0166920173322579	0.00138353107226265	0.0209019013451816	0.00505064767457815	0.00343352131498114	0.0294572997563839	-0.0393049363335891	-0.0319476137769358	-0.0121021033721689	-0.00552474493828356	-0.0219821108632816	-0.00981417880972371
0.0525929520203712	0.0536137114861562	-0.0316205532731775	-0.0308282062839814	0.0167031359281404	0.00139308504603327	0.0209087507578731	0.00505991107567085	0.00343500630900339	0.0294402998577416	-0.0393087039995139	-0.0319583328353861	-0.0120975114856674	-0.0055251151390511	-0.0219941933781437	-0.00981423608606888
0.0526131538064067	0.0536248384639428	-0.031606386458145	-0.0308435661233742	0.0167184203303957	0.00140063574470708	0.0209132839710455	0.00506444428884319	0.00343410804827309	0.029416558114178	-0.0393057801119423	-0.0319658695642197	-0.0121074174994132	-0.00554051968193289	-0.0219900624963716	-0.00982584083239327
0.0526038317319848	0.0536072015405836	-0.031592641532289	-0.0308903050180143	0.0167121157414753	0.00137772380965636	0.0209032913442899	0.00504320873462662	0.00346861774472806	0.0294060737490444	-0.0392804569824585	-0.0319658933129481	-0.0120812673553845	-0.00553086512531223	-0.0219728083466361	-0.00980782672334632
0.0526281657967765	0.0536095191370868	-0.0315687097988975	-0.0309620387508915	0.0167319124021426	0.00138504819691756	0.0209146166938086	0.00505408704925621	0.00348472636756019	0.0293659230310825	-0.0392625378683255	-0.031977567908474	-0.0120715960349555	-0.00555315679945431	-0.0219529893342244	-0.00982540217940834
0.0526512551487988	0.0536119107737435	-0.0315388702200496	-0.0310445166879316	0.0167515148820299	0.0013932289353882	0.0209247196823024	0.00505627752021283	0.00349934440843396	0.0293484886704074	-0.0392599897694575	-0.0319946222894934	-0.0120607554388947	-0.0055562636919336	-0.0219585549185938	-0.00982316700496281
0.0526762863086207	0.0536109021512749	-0.0315073794060802	-0.031164369535669	0.0167619056492335	0.00138260906280387	0.0209353116152062	0.00505104441804223	0.00353597612362815	0.0293016589718054	-0.0392202288100396	-0.032005599789989	-0.0120403063866861	-0.00556762117208495	-0.0219259018139126	-0.00982428738615363
0.0526986562138684	0.0536086627858773	-0.0314783039774959	-0.0312647777627144	0.0167751113392545	0.00138135317416229	0.0209454327644924	0.00505258249745756	0.00356585621501281	0.0292731786584173	-0.0392058608293069	-0.0320217866439267	-0.0120193669930836	-0.00557312389217304	-0.0219156018506708	-0.00982201169917127
0.0527417559651144	0.053642911246319	-0.0314616463399406	-0.0313037312653638	0.0167909196105206	0.00140333052689797	0.0209560554310447	0.00506682614661171	0.00354668400620627	0.0292508995571315	-0.0392176569624432	-0.0320380754776985	-0.0120433671786925	-0.00559441951670283	-0.0219081307800866	-0.00983235496891796
0.0527370411440183	0.0536341060559876	-0.0314668752511591	-0.0313420184066318	0.0167751183241747	0.00138261185677193	0.0209438304238117	0.00505106956375474	0.00356539381329939	0.0292786394689845	-0.0391966225739268	-0.0320225619700625	-0.0120290383135126	-0.00558069414862325	-0.0218950089091073	-0.00983499107777966
0.0527339761610599	0.0536392218114998	-0.0314834406877685	-0.0313189318485775	0.0167583293701207	0.0013747412487556	0.0209425982838986	0.00504498709529484	0.00355381281570349	0.0292994908525933	-0.0392002910539855	-0.0320086396272349	-0.0120428991890429	-0.00558071929433576	-0.0218772867697223	-0.00983494916825881
0.052737565013029	0.053650276146117	-0.0314987167081197	-0.0312812789380585	0.0167619405738342	0.0013892377520189	0.0209571394906508	0.0050622552148706	0.00352952904233683	0.0293090252685875	-0.0392267876500532	-0.0320128515340807	-0.0120530790116583	-0.00558171254997999	-0.0219017270053002	-0.0098408151041943
0.0527083219463613	0.0536413731669036	-0.0315268645393091	-0.0312089556779213	0.0167371008008243	0.00138272640946226	0.020937954708988	0.00505075943330043	0.00351443462990935	0.0293498102172983	-0.0392354894635665	-0.0319932560391135	-0.0120626078397164	-0.00556055243290096	-0.0219089983071683	-0.00982575701335156
0.0526796111306085	0.0536303649327594	-0.0315515743928044	-0.0311295287539993	0.0167127485752402	0.00136794073050507	0.0209277511376442	0.00504028764102311	0.00349799492186247	0.0293777387219952	-0.039235366528972	-0.031971384857164	-0.0120748677715501	-0.0055560038529043	-0.0218933409101773	-0.00982237072406658
0.0526805526978436	0.0536572345235627	-0.0315765384973929	-0.0310151744353979	0.0167217814739682	0.00139809602774334	0.0209304808444358	0.00506264217944648	0.00345342833738665	0.0293954440975719	-0.039277832049469	-0.0319805686301671	-0.0121068279721532	-0.00556360065205105	-0.021930486715494	-0.00984863122983351
0.0526286100376976	0.0536339915032973	-0.03161448896551	-0.030918075663516	0.0166995666339477	0.00139371787979816	0.0209197548010653	0.005057660534401	0.00343932718060341	0.0294425420171072	-0.0392987728400556	-0.0319626173854014	-0.0121016395734715	-0.00553492056994683	-0.0219573954218501	-0.00982726016816618
0.0526020980748055	0.0536218964155789	-0.0316336695562207	-0.0308490786223505	0.0166881197468185	0.00138524377468154	0.0209079279342804	0.00504822530427281	0.00342566747077316	0.0294647121536389	-0.03930507882596	-0.0319416989465593	-0.0121063809372641	-0.00552493213414337	-0.0219631426141432	-0.00981990923820844
0.0525982787204717	0.053618613503112	-0.0316305598697734	-0.0308223207902695	0.0166988737298696	0.00139776354554457	0.0209115517108502	0.00505627472624478	0.00342636316881933	0.0294480181944988	-0.0393150672617635	-0.0319509274230513	-0.0121039641548948	-0.00552989142744439	-0.0219818705820287	-0.00982113579018543
0.0525891675906381	0.0536098152977008	-0.0316266399325895	-0.0308235417543103	0.0166995526641074	0.00139428505531371	0.0209085649589974	0.00505391382323668	0.00343354646069365	0.0294389070646652	-0.039305469981488	-0.0319534000847817	-0.0120979655054767	-0.00552465273733768	-0.0219823092350136	-0.00981377368435546
0.0525736107764972	0.0535887599544239	-0.0316205602580977	-0.030851213213946	0.0166932941756599	0.00137282738063662	0.0209081179241083	0.00503882639572935	0.00345828984180568	0.0294316650994617	-0.0392828500160992	-0.0319498014539244	-0.0120789665226896	-0.00551390154825468	-0.0219672665109952	-0.00980083202431584
0.0526163431209437	0.0536113757288606	-0.031582924111387	-0.0309098013271155	0.0167296786246811	0.00139653839055161	0.0209240728786973	0.00505882701606477	0.00345935853458745	0.0293885443934553	-0.0392887997710764	-0.0319762701103115	-0.0120882913910796	-0.0055500932134799	-0.0219636944228345	-0.00982486434055738
0.0526399409751524	0.0536178521468165	-0.0315606450101012	-0.0309849534799103	0.0167495660893102	0.00140779808182098	0.0209382159450014	0.00506995259686739	0.00347886601956082	0.0293468080986211	-0.0392796411437858	-0.0320017343351822	-0.0120700132520513	-0.00555653610381915	-0.0219708749207407	-0.00982460170756003
0.0526375395596075	0.0535955129752175	-0.0315419240271358	-0.0310872001379371	0.016745287127231	0.00137779226187375	0.0209377367794796	0.00505215082939277	0.00351374731376735	0.0293478935552113	-0.0392450280705128	-0.0319908364627762	-0.0120483865423067	-0.00554682287386929	-0.0219392346294802	-0.00980822765776249
0.0526748599879277	0.0536060560136802	-0.0314990603661907	-0.0311947190136873	0.0167710740554123	0.00138871527999226	0.0209570640535133	0.00506642660917957	0.00354076358789367	0.0292850111131383	-0.0392295229447809	-0.0320206830265442	-0.0120316744223743	-0.00556880162358899	-0.021926411713083	-0.00981909759048791
0.05272818845623	0.0536348422665706	-0.0314753926627806	-0.031273154078949	0.0167950770349892	0.0014081138002114	0.0209689523875955	0.00507324109727038	0.00353202126184359	0.0292529782693658	-0.0392220379043565	-0.0320374719805982	-0.0120554371206983	-0.00559397248181373	-0.021901671125939	-0.00983427721894112
0.0527014669457337	0.0536062879130289	-0.0314902901004601	-0.0313258930199913	0.016763795768624	0.00137079756284327	0.0209543678743384	0.00504741365655227	0.00357282437134675	0.0292825831548969	-0.0391943552688486	-0.0320193782434616	-0.0120161315780737	-0.00556199831137041	-0.0218858796184813	-0.00980561110667719
0.0527211239079981	0.0536229050380474	-0.0314770704405988	-0.0313287442643934	0.0167710475127158	0.0013852465686496	0.0209558752201051	0.00505551476693329	0.00355629385933803	0.0292821235471515	-0.0392070859842999	-0.0320232129646198	-0.0120329079592714	-0.00557707595998954	-0.0218824500226915	-0.00982158282507454
0.0527409261566014	0.053646350620997	-0.031480715171929	-0.0313092102367235	0.0167802997379362	0.00140880391032146	0.0209549797533428	0.00507236658526856	0.00352920214807417	0.0292917557520277	-0.0392302214367952	-0.0320315292105412	-0.0120528918157985	-0.0055854145576554	-0.0218991034692947	-0.00983559876583204
0.0526992331682722	0.0536204826677421	-0.0315234139887588	-0.0312632843867879	0.0167402607786966	0.00138854624492481	0.0209370243176251	0.00505780861470802	0.00353187737248866	0.0293371228083519	-0.039219119604721	-0.0320002214014794	-0.0120490319489279	-0.00555350325149337	-0.0218927402070451	-0.0098110411835958
0.052696965863194	0.0536350909297277	-0.0315388464713212	-0.031177821094879	0.0167418379736648	0.00139622546612924	0.0209326335968236	0.00506343147542256	0.00348875107854617	0.0293658573728332	-0.0392486336862902	-0.0319896588052403	-0.0120874643765347	-0.00555901155951757	-0.0218974885557578	-0.00982186920680037
0.0526510008977057	0.0536096448656493	-0.0315707745412915	-0.0311063276432547	0.0167074288600598	0.00137833429167679	0.0209172458177502	0.00504683670214852	0.00349931367478534	0.0293927590942692	-0.0392466318081774	-0.0319722565751978	-0.0120690786697362	-0.00553096989911436	-0.0219071095847618	-0.00979941548251098
0.0526612310117461	0.0536435678288123	-0.0315985870963141	-0.0309635963880833	0.0167111769682082	0.00141183257169515	0.0209180658473749	0.00506895794423913	0.0034247859738512	0.0294225246329635	-0.0392939574361095	-0.031968240246116	-0.0121328551815874	-0.00555004292205488	-0.0219287754100591	-0.00982608809856631
0.0526112986116169	0.0536192281760845	-0.0316288276095781	-0.0308873978942511	0.0166958674202403	0.00140358617497518	0.0209081654215652	0.00506337140510934	0.00342624023422482	0.0294619768589111	-0.0393106080887446	-0.0319563477210817	-0.012108490383147	-0.00551968785610054	-0.0219709517548623	-0.0098074229949621
0.0526082280407224	0.0536239807157494	-0.0316269807966925	-0.0308297164237161	0.0167111923350325	0.00141803937173359	0.0209178353450102	0.00507717640127854	0.00339909683455191	0.029455687636815	-0.0393287213836576	-0.0319606476379213	-0.012129352942628	-0.0055331072846779	-0.0219836782793615	-0.00981903193223857
0.0525781942810946	0.0536004066102691	-0.0316430000125468	-0.0308163207438673	0.0166937649592775	0.00139578401917625	0.0209078063966699	0.00505708916793337	0.00342194730230538	0.0294530124124005	-0.0393088213461723	-0.0319503364988073	-0.0121059660330076	-0.00551448129662649	-0.0219734788989698	-0.00979560031912927
0.0526004119150832	0.0536091014388623	-0.0316130710267211	-0.0308354314853765	0.0167291254190058	0.00142367899625647	0.0209247713707115	0.00508274897056806	0.00342572474711832	0.0294142991910039	-0.039323685256235	-0.0319795949322993	-0.0120987911230375	-0.00553739183469317	-0.0220038549196845	-0.0098180414705624
0.0525666510020674	0.0535746923252573	-0.0316176405614782	-0.0308603411075879	0.0166980690670692	0.00137581413248946	0.0209082883561597	0.00504257310689367	0.00345852732909051	0.029423185406409	-0.0392762869851335	-0.0319526485073744	-0.012081388892995	-0.00551927434882812	-0.0219521204101587	-0.00978809991188049
0.0526334994817972	0.0536114106534613	-0.031562549099332	-0.0309483231617001	0.0167648504915655	0.00142963154520172	0.0209397540244167	0.00508519229563383	0.00345899112778796	0.0293509836838822	-0.0393027793902492	-0.0320057171366474	-0.0120789581407855	-0.00556141297506249	-0.0219875088095676	-0.0098270645904022
0.0526064329162458	0.0535760292389726	-0.0315753105484319	-0.0309985684862517	0.0167284185450874	0.00138188961602922	0.0209248915113379	0.00504683809913255	0.00349200605133248	0.0293615351042491	-0.0392443728850034	-0.0319761667334934	-0.0120612765139373	-0.00554136206330205	-0.0219273365165098	-0.00979364733545749
0.0526777782875631	0.053608057891793	-0.031511050680107	-0.0311158271346482	0.0167873139947431	0.00141378415838291	0.0209531650710899	0.00507902321416416	0.00349911250908524	0.0292966912966003	-0.0392598193374061	-0.0320162001047969	-0.0120626637190776	-0.00557824383863733	-0.0219464710067476	-0.00982465060200103
0.0526653493206619	0.053575512354882	-0.0314973728094843	-0.0312370196900689	0.0167684477254388	0.00137670121734753	0.0209506379269824	0.00505105978486655	0.00356511581347773	0.0292840164605101	-0.0392064224168864	-0.0320113288214897	-0.0120144076997826	-0.00555707813362219	-0.0219174374876842	-0.0097957735451488
0.0527325219006863	0.0536267704928542	-0.0314612468025084	-0.0312957544865614	0.0168073453487271	0.00141910806451536	0.0209694636837499	0.0050870516813757	0.00353834401155639	0.029242336045037	-0.0392256840326707	-0.0320411181089125	-0.0120519306907869	-0.00560025611597373	-0.0219113075217673	-0.00983564346932095
0.0527328250462204	0.0536201445976072	-0.031462351816875	-0.0313427923357835	0.0167959138284223	0.00141087284366761	0.0209633518786254	0.00507588838200431	0.00355315343924206	0.0292608558623023	-0.0392155908230651	-0.032038490381955	-0.0120349307921446	-0.00558260801674223	-0.0219142453791792	-0.00982199633234696
0.0527250634029583	0.0536202731201378	-0.0314869666754564	-0.0313196415164639	0.0167630958796258	0.00138377694145166	0.0209451072672137	0.00505388867752417	0.00354849868845924	0.0292926344549816	-0.0391933340735238	-0.0320075388038205	-0.0120584727669922	-0.00558057959593291	-0.0218663064752586	-0.00981949852490408
0.0527275626073852	0.0536305954351241	-0.03149921962237	-0.0312953493611931	0.0167636057787962	0.00139823432916216	0.0209448125035837	0.00506023238199739	0.00353845856424672	0.0293021074036786	-0.0392218590904008	-0.0320149637739317	-0.0120572923154881	-0.00557249245539218	-0.0218899811635889	-0.00981445122160926
0.0527057766414614	0.0536271602513981	-0.0315280910912861	-0.031227303666151	0.0167377517953815	0.00138632783428762	0.0209354094040882	0.00505456202382588	0.00352252875537023	0.029336983109949	-0.0392221203264141	-0.0319944602393461	-0.0120671648016172	-0.00556048258369954	-0.021888610722257	-0.00981826638499098
0.0527031237687914	0.0536367114312007	-0.0315363542518144	-0.0311763347038728	0.0167455371873721	0.00140519969152805	0.0209350364093526	0.00506679541296308	0.00350038516153516	0.0293605711852695	-0.0392554844959658	-0.0319956155451376	-0.012074958575512	-0.00556016267435702	-0.0219269593308222	-0.00982749067053088
0.0526805163762589	0.0536377298325574	-0.0315690422810962	-0.0310778626966909	0.0167272436815195	0.00140726862487419	0.0209293492873727	0.00506770205559755	0.00347829185912512	0.0293784875054345	-0.0392639432342581	-0.0319859917221656	-0.0120938555784649	-0.00555550093865406	-0.021933629929558	-0.00982676284185205
0.0526151766392799	0.053606632968084	-0.0316184228725341	-0.0309547995796561	0.0166835404331732	0.00137981509474696	0.020906880196259	0.00504458476389465	0.00345825910815705	0.0294476382148431	-0.0392728448164874	-0.0319461441497379	-0.0120943305530346	-0.00552025782558415	-0.0219331437791161	-0.00980258384228752
0.0526173293916678	0.0536234484648345	-0.0316225286085938	-0.030860736454068	0.016701987607269	0.00140378314972319	0.0209163419690838	0.0050648424292913	0.0034216539356594	0.0294485839730303	-0.0393170719338443	-0.0319557037114446	-0.0121192457631821	-0.00553363953559274	-0.021968385495202	-0.00982065941863173
0.0525921208148743	0.05360997455388	-0.0316399587783168	-0.0308133242131262	0.0166893854143483	0.00139227619228079	0.0209059973023531	0.00505534712884988	0.00341944530391041	0.0294549584111522	-0.0393043943037861	-0.0319418637906747	-0.0121231754792542	-0.00552639337943714	-0.0219586582954119	-0.00981173688164197
0.0526074191869699	0.0536187909200836	-0.0316278790574228	-0.0308115262946816	0.0167131103941036	0.00141749873891458	0.0209180546715027	0.00507797687312685	0.00341046968152758	0.0294261567914375	-0.0393215953681285	-0.0319646974946198	-0.012121399912554	-0.00553308912388553	-0.0219905668076058	-0.00981872319876828
0.0525840909506787	0.0535902547273343	-0.0316234911305894	-0.0308498525515023	0.016707976477799	0.0014018147992271	0.0209158488337217	0.00506546688115202	0.00344963692273342	0.0294225874972448	-0.0392997730806199	-0.0319623659282763	-0.0120882229388622	-0.00551788295273578	-0.0219952760407658	-0.00980081246653944
0.0525854893316912	0.0535818183407865	-0.0316032502290011	-0.0308919730169443	0.0167151863123699	0.00139134440393381	0.0209176718978789	0.00505392360212488	0.00346174178933999	0.0294107089420508	-0.0392817226499882	-0.0319642309019543	-0.0120827788921033	-0.00552511234508304	-0.0219689107611967	-0.00979990582390497
0.0526180628082827	0.0535976056572921	-0.0315768905373681	-0.0309499464571412	0.0167375226900009	0.00140853988034009	0.0209316040195947	0.00506638050870663	0.00346659910280694	0.0293652301270044	-0.0392765300603545	-0.0319867097719562	-0.0120856776339623	-0.00554620540692871	-0.0219581525871936	-0.00981143233912377
0.0526249108239902	0.0535906402949262	-0.0315604089198004	-0.031031968977388	0.0167449071475753	0.00139276793065881	0.0209317018084767	0.00505521301838315	0.00349228963909026	0.0293621092646848	-0.0392562262944849	-0.0319876401633191	-0.0120620211064245	-0.00553875389412092	-0.0219484658999402	-0.00980905467230734
0.0526559140905337	0.0535913122442439	-0.0315198838101189	-0.0311533599045408	0.0167590124953106	0.00138606380430624	0.0209385875427529	0.00504739130480782	0.00353243476911601	0.0293171389518248	-0.039226877057031	-0.0320040896502542	-0.0120370975143728	-0.00555113536356513	-0.0219252186887227	-0.00981019321429053
0.0527171718401816	0.0536267313773014	-0.0314837494212388	-0.0312407189037763	0.0167863179451308	0.00140838481511292	0.0209509396755325	0.00506450435915641	0.00353175583487818	0.0292701024995866	-0.0392204704882765	-0.0320306295528268	-0.0120534673732182	-0.00558328555399603	-0.0219125312797763	-0.0098310557737715
0.0527163867351576	0.053612378763393	-0.0314730457296128	-0.0313225961376841	0.0167807272150489	0.00139968719255176	0.0209515850821537	0.0050655297454333	0.00356436423607042	0.029272871321931	-0.0392042235640256	-0.0320326440037959	-0.0120196072743365	-0.00556690451927835	-0.0219217653442043	-0.00982274371880218
0.0527381601282251	0.0536327439965599	-0.0314758592554461	-0.0313285612594856	0.0167765055293149	0.00140004761443109	0.0209450611667408	0.0050615092253994	0.00353897544833725	0.029286911011417	-0.0392039301973796	-0.0320174867270871	-0.0120565742656975	-0.00557961986790536	-0.0218857538899188	-0.00983212865750535
0.0527107513015868	0.0536144099781704	-0.0314934556662685	-0.0313126077018807	0.0167423464758511	0.00137362226454881	0.0209299457995529	0.00503897307905234	0.00355258207277442	0.0293167226505843	-0.0391886695438527	-0.0319956323089459	-0.0120422747371822	-0.0055605594178211	-0.0218725048933929	-0.00981364935277693
0.0527427170901259	0.0536488344585996	-0.0314945034042899	-0.0312649286369894	0.0167615941217952	0.00140898551824516	0.0209432478814719	0.00506783197511219	0.0035122623197451	0.0293126574270615	-0.0392314256370277	-0.0320117004192412	-0.0120764030569974	-0.00558431652820903	-0.0218950997130692	-0.00983975339633267
0.052708257685096	0.0536316306002892	-0.0315271746697634	-0.0312071870961412	0.0167374612227036	0.00139757076174864	0.0209355882180438	0.00505728893664943	0.0035099894267308	0.0293500141769664	-0.0392344137858646	-0.0319989529399816	-0.0120647061097272	-0.00555382176385185	-0.0219195678883276	-0.00982197677457056
0.0527033263314755	0.0536363552002734	-0.0315349670466741	-0.0311607988444923	0.0167467232268123	0.00141049845194798	0.0209401787075613	0.00506900963264819	0.00348992594211411	0.0293634336055438	-0.039259864040895	-0.0320010903255451	-0.012077460573907	-0.00555638383256004	-0.0219396984281777	-0.00982918800612545
0.0526442185402475	0.05361645236882	-0.0315951924251249	-0.0310178468658444	0.0166935609996093	0.0013869746378928	0.0209109551986701	0.0050452846528929	0.00347022427636078	0.0294160845365923	-0.0392543976423916	-0.031961224592325	-0.012096312873371	-0.00553401951524848	-0.0219179823114553	-0.00980677898532498
0.0526425156167168	0.0536334578553984	-0.0316115804447628	-0.0309139825003126	0.0167045762186737	0.00141520070018777	0.0209116662635405	0.00506874979361889	0.00342567305870927	0.0294404437470965	-0.0393041344647568	-0.0319627263501556	-0.012116880669222	-0.00553865051730281	-0.0219624888256179	-0.00983183948181146
0.0526118280685637	0.0536187965080197	-0.0316303768648656	-0.0308481552159077	0.016691971231785	0.00140711076567897	0.0209020787621532	0.00506045869341	0.003422321694025	0.0294616793013131	-0.0393060776695404	-0.0319520631710664	-0.0121149793739592	-0.00552342758234472	-0.0219826487021326	-0.00981851644513207
0.0526104953458006	0.053620280105058	-0.0316286026951495	-0.0308180837377112	0.0167025072853276	0.00141469638895349	0.0209085020947161	0.00506596560445018	0.0034163174566707	0.0294445215434756	-0.0393138476947066	-0.0319527253414959	-0.012123755227626	-0.00553206932554475	-0.0219898822854319	-0.00982431951678628
0.0525813388921426	0.0535940964334126	-0.0316314064420946	-0.0308198593044113	0.0166926180353901	0.00139606760693402	0.0209052960163708	0.00505196363353296	0.00343593250941426	0.0294445564680763	-0.0392965125198975	-0.0319462754662365	-0.0121011003376365	-0.00551486826120237	-0.0219860252125293	-0.00980582205126549
0.0525719357926471	0.05358149703446	-0.0316249398030269	-0.0308363702586437	0.01668976399702	0.00137805908582319	0.0209030454751009	0.00504264994101524	0.00345442438699894	0.0294371203220928	-0.039281954549337	-0.0319451955975825	-0.012088263451399	-0.00551664941583865	-0.0219667510238887	-0.00979837193544173
0.0526236074378917	0.0536131415166726	-0.031590434297524	-0.0308883436524384	0.0167265270287129	0.00139998055919773	0.0209166297477936	0.005057709428842	0.00345128955483908	0.0293905784022007	-0.0392856034716193	-0.0319698104561639	-0.0121023282865975	-0.00554948971637961	-0.0219664436874025	-0.00982701010802509
0.0526375940419846	0.0536131806322254	-0.03156726112646	-0.0309750069536277	0.0167389937141828	0.00140574172133109	0.0209260789477621	0.00506208478281913	0.00348338107194079	0.0293575369359597	-0.0392696275622699	-0.0319926371751889	-0.0120724272404524	-0.00554533787984704	-0.0219802850051564	-0.00982200890520321
0.0526683542333072	0.0536185045383578	-0.0315337963740583	-0.0310717858161671	0.0167601203036452	0.00140181200525904	0.0209293017899158	0.00505862445338064	0.00349366706534231	0.0293442641907053	-0.0392549606269551	-0.0319981985686062	-0.0120714395727443	-0.00555720246520072	-0.0219607230378059	-0.00982654211837556
0.0526758672134122	0.0536042692711078	-0.0315124476641354	-0.0311847040351872	0.0167547363271995	0.00137501505762518	0.0209321656071741	0.00503786247674971	0.00354333543549006	0.0293081242138891	-0.0392047781666849	-0.0319971899461377	-0.0120400996330499	-0.00555820549973315	-0.0219178048944837	-0.00981614576323578
0.0526903259981067	0.0536020983579276	-0.0314805098152768	-0.0312745161383767	0.0167665576060483	0.00137858854276997	0.0209400753307432	0.00504025131943837	0.00357471449073726	0.0292802264428409	-0.0391964437599711	-0.0320211314584174	-0.0120065077551017	-0.00555849886637913	-0.0219221439268761	-0.00981308636821346
0.0527499143518405	0.0536471133742766	-0.0314601487730621	-0.0313105932509116	0.0167951664419671	0.00141220416944672	0.0209510486402868	0.00506508271054419	0.00354194543638175	0.0292627906851817	-0.0392134995379745	-0.0320367790765201	-0.0120494021496954	-0.00559441951670283	-0.0219117517626884	-0.00984867174237034
0.052722446851873	0.0536252561621673	-0.0314782732438473	-0.0313340374368772	0.0167590264651509	0.00137677944845312	0.0209302196084225	0.00503377071053036	0.00357297245165377	0.0292981539388781	-0.0391855794151818	-0.0320127481572626	-0.0120249241955488	-0.00556667820786574	-0.0218992319918253	-0.0098171529887203
0.0527403813328303	0.0536479962681825	-0.0314781083997319	-0.0313074528308157	0.0167687802076376	0.00139440100498807	0.0209330666618725	0.00505078876996502	0.00354148722562041	0.0293031244080513	-0.0392099791382228	-0.0320145502666593	-0.0120498827122012	-0.00557896328541199	-0.0219019505227447	-0.00983913872336015
0.0527162707854832	0.0536387943343871	-0.0315140877233848	-0.0312525946650022	0.0167410039741998	0.00138148868161305	0.0209180756262631	0.00504096098732483	0.00352730085281144	0.0293384247974664	-0.0392094580631802	-0.0319908057291276	-0.0120591069977411	-0.00556407003868461	-0.0218869455172951	-0.00982525130513326
0.0527155639115648	0.0536550524345103	-0.0315229976875183	-0.0311777526426617	0.0167466002922178	0.00140000430792621	0.0209207662175019	0.00505165350307864	0.0034938039697771	0.0293571639412241	-0.0392439384229706	-0.0319942171641251	-0.0120822103196037	-0.00556573803761459	-0.0219147650572378	-0.00983898924606911
0.0526913485904155	0.0536449410641123	-0.0315446872615441	-0.0311162490238248	0.0167309456891949	0.001398766580077	0.0209152593064617	0.00505271800490832	0.00348932523898187	0.0293692925565592	-0.0392508981974004	-0.0319838766883465	-0.012080408210207	-0.00555881737873761	-0.0219297044044381	-0.00982795586621235
0.052633248024672	0.0536231397313642	-0.0316094709988798	-0.030972714502837	0.016682054042167	0.001369164488514	0.0208934132702247	0.00503194485240517	0.00345891848461848	0.0294372558295436	-0.0392523817944386	-0.0319402991685628	-0.0121008684382878	-0.00553097548705047	-0.0219107361552997	-0.00981169217815306
0.0526433649830061	0.053648657041628	-0.0316116698517406	-0.0308825112441196	0.0167134051577336	0.00140956806058503	0.0209115768565627	0.00506798983430741	0.00341706763709398	0.0294386109040512	-0.039314259804995	-0.0319642015652897	-0.0121198981547234	-0.00554533368889495	-0.0219780009362699	-0.00983436522893491
0.0525998098149669	0.0536193175830624	-0.0316354213741924	-0.030832703175569	0.0166896759870262	0.00138494482009945	0.020898040081327	0.00504345600079965	0.00342610612375809	0.0294638767571898	-0.0392996557339615	-0.031941193238341	-0.0121091385837362	-0.00552335354219121	-0.0219717564176627	-0.00981200510257544
0.0525994004986466	0.0536207858132763	-0.0316352942486458	-0.0307914264884802	0.0166969109673096	0.00139045871605977	0.0209006035470192	0.00504789701302612	0.00341409625206545	0.0294448484377382	-0.0393041554195172	-0.0319441283017848	-0.0121191367984279	-0.00553442464061673	-0.0219665777978692	-0.00981985754979939
0.0526296521877828	0.0536392357813401	-0.0316001698792183	-0.0308270900937426	0.0167417806973196	0.00143137218730118	0.020924060305841	0.00507754520506206	0.00341166969080802	0.0294042003934622	-0.0393309230304865	-0.0319854692501389	-0.0121138743595927	-0.00554637304501212	-0.0220226038423304	-0.00983301294839537
0.0526077069656798	0.0536110320707896	-0.0315999198190772	-0.0308692859963222	0.0167235458647961	0.00139711115400328	0.020916844883334	0.00505665051494843	0.00344634143741029	0.0294047857297701	-0.0392892104843808	-0.0319668013525666	-0.0120955417381873	-0.00554022212433483	-0.0219845793340599	-0.00981845777180288
0.0525977674243173	0.0535870779856536	-0.0315867700084174	-0.030942324512282	0.0167146568554231	0.00137266533048932	0.0209128732577411	0.00503450692111336	0.00349033665541847	0.0293950026506189	-0.0392578887054787	-0.031964022751334	-0.0120610013080837	-0.00553020155789871	-0.0219589572499939	-0.00980372098728669
0.0526173950499171	0.0535963344018262	-0.0315696010747076	-0.0309794479658542	0.0167242932512514	0.00137304810411311	0.0209227555227584	0.0050363202063823	0.00349518977793333	0.029364227092472	-0.039246218300905	-0.0319712395708251	-0.0120669440781407	-0.00554488386003779	-0.0219378097057712	-0.00981341885041223
0.0526884121299877	0.0536309181384347	-0.0315140066983112	-0.0310986889345871	0.0167768701421464	0.00140593310814299	0.0209417153899926	0.00506591950397724	0.00349906221766021	0.0293089568163701	-0.0392560027770403	-0.0320086060996182	-0.0120673408216048	-0.00557726594981741	-0.0219568031006221	-0.00983907306511081
0.0527020983825145	0.0536207103761387	-0.0314916256171913	-0.0312241646430391	0.016777637086378	0.0013919479010341	0.0209428176103911	0.00505358832595805	0.0035449573339471	0.0292811805829323	-0.0392112699514651	-0.032018657399703	-0.0120368237055032	-0.00557117929040543	-0.0219361431038252	-0.00982507388816165
0.0527147438819401	0.0536211741748362	-0.0314760073357531	-0.0313032507028581	0.0167816324606994	0.00138069938563697	0.0209475505922795	0.00504600549665159	0.00356627531022135	0.0292690156460125	-0.0391952046351379	-0.0320220604527963	-0.0120215407002319	-0.00557254833475332	-0.021913551078117	-0.00982293370863005
0.0527197353058738	0.0536231257615239	-0.0314758215368773	-0.0313278529885832	0.0167718270298036	0.00137272679778657	0.020945367106243	0.00504037984196899	0.00356746693759762	0.0292829477677283	-0.0391905931908599	-0.0320137609706832	-0.0120270769479366	-0.00557173668703278	-0.0218926899156201	-0.00982404431093268
0.0527521076167652	0.0536529052700585	-0.0314710983338771	-0.0313135632389561	0.0167800818084278	0.00139137513758244	0.0209468493062972	0.00505323907995094	0.00354237291349446	0.0292780597206127	-0.0392060759648473	-0.032018313741632	-0.0120626539401894	-0.00559502021983507	-0.0218849268753739	-0.00984533853847844
0.0527518170440873	0.0536620918370297	-0.0314858504852176	-0.0312896915758779	0.0167747620932474	0.00140255100981009	0.0209446141318517	0.00506202331552187	0.00353083941335552	0.029293683589987	-0.0392212751510769	-0.0320198560119994	-0.0120666996059358	-0.00558911935929887	-0.0219065633640067	-0.00984332688147746
0.0527162987251638	0.0536449466520484	-0.031522687557064	-0.0312370993181585	0.0167444740825265	0.00138504819691756	0.0209371249004751	0.00504943788640951	0.00352053386217759	0.0293324401178885	-0.039220740106194	-0.0319939964406486	-0.0120647340494077	-0.00556507027924899	-0.0218993004440427	-0.00982667622884229
0.0526909448620313	0.0536346578646788	-0.0315461415219178	-0.031168687613301	0.0167287538212542	0.00137576523804846	0.0209247350491267	0.00504471468340929	0.00350425480729399	0.0293721745346099	-0.0392361921465328	-0.0319774854864163	-0.0120697925285748	-0.00555336495007455	-0.0219032189842426	-0.00982111762939306
0.0526861755585582	0.0536509215527381	-0.0315607455929512	-0.031077523229572	0.0167315841108959	0.00140139430703453	0.0209247043154781	0.00506316884242521	0.00347322220408585	0.0293684110596372	-0.0392623967729386	-0.0319858310690023	-0.0120876599542987	-0.00556387865187271	-0.0219275237123697	-0.00983402296784794
0.0526349872697875	0.05363245621785	-0.0316042448816293	-0.0309625262983175	0.0167042004299701	0.00139131087631713	0.0209080271201464	0.00505286189426326	0.00344961596797299	0.0294336977112231	-0.0392830302270389	-0.031960978723136	-0.0120927589460026	-0.00553361718384828	-0.0219485371461257	-0.00982146408143212
0.0526134862886055	0.0536290154461879	-0.0316237342058103	-0.0308736320136347	0.0167033748124093	0.00139728018907073	0.0209082296828305	0.00506059699482882	0.00342663977165696	0.0294503288060819	-0.0393064981617329	-0.0319525283667479	-0.0121059450782472	-0.00553227468219694	-0.0219699040168409	-0.00982443546646064
0.0525961092042755	0.0536184556439168	-0.03163353404877	-0.0308255631901995	0.0167001910858084	0.00139139190139078	0.0209131819912114	0.00506145893397438	0.00341701874265298	0.029453381216184	-0.0393073573069104	-0.0319469502095223	-0.0121118557176716	-0.00553172566747375	-0.0219736912405421	-0.00982051133832471
0.0526012151808995	0.0536212593908619	-0.031631914944281	-0.0308144892978059	0.0167111755712242	0.00139846483152686	0.0209182879678354	0.00506839775364372	0.00341781083259712	0.0294327156314511	-0.0393103203100348	-0.0319564846255165	-0.0121149304795182	-0.00553828730145542	-0.0219805881506906	-0.00982231205073739
0.0525980691728674	0.0536115643217044	-0.0316232592312407	-0.0308335273961458	0.0167123210981275	0.00139657052118427	0.0209159242708593	0.00506473765548917	0.00343755301088727	0.0294177902540911	-0.0392963672335586	-0.031962402249861	-0.0121008656443197	-0.0055355324489513	-0.0219859693331682	-0.00981660676796517
0.0526150634835736	0.053613851184559	-0.0315858577778468	-0.030892104333443	0.0167387254932494	0.00140656873587593	0.0209292975989637	0.00507256775096867	0.00345608959196086	0.0293879800119078	-0.039295309716649	-0.0319853505064965	-0.0120883193307602	-0.00554477908623565	-0.0220036649298567	-0.00982475816977122
0.0526143272729906	0.0536015144186037	-0.031576736869125	-0.0309565206639791	0.0167298755994291	0.00138739233611731	0.0209267285453354	0.00505958278442416	0.00348260015786888	0.0293683565772601	-0.039261780702982	-0.0319769225018528	-0.0120766056196815	-0.0055486892445313	-0.021958468305584	-0.00981465378429339
0.0526616375340983	0.0536339607696486	-0.0315464809890367	-0.0310152470785674	0.0167632160202522	0.00141112150682467	0.0209434616200282	0.00507689700447285	0.0034684431217245	0.0293328536251609	-0.039273657861192	-0.0320022107067359	-0.012095724743095	-0.00557294926916948	-0.0219554368502422	-0.00982988370417162
0.0526575387829588	0.0536021011518957	-0.031521164844473	-0.0311501705900038	0.0167598101731909	0.00138196645015078	0.0209452637294249	0.00505614620371416	0.00353224897024023	0.0293083924348226	-0.0392248500332057	-0.0320044989665745	-0.0120430053598291	-0.00555914427300027	-0.0219284219730999	-0.00981221185621165
0.052702317709007	0.053622047289854	-0.0314853042644625	-0.0312418714155998	0.0167814103402388	0.00139623524501744	0.0209602924836031	0.0050697220945027	0.00353764412255813	0.0292672512551846	-0.0392134646133738	-0.032026417645981	-0.0120508871437177	-0.00558309696115219	-0.0219088558147974	-0.00982702268088135
0.052728335139553	0.0536353242260604	-0.031474575427124	-0.031303495175063	0.0167900157618541	0.00140455009395481	0.0209634440795713	0.00507528767887207	0.00354508725346175	0.0292554271823677	-0.0392070943662041	-0.0320380629048422	-0.0120500824809173	-0.005588193158888	-0.0219046313350953	-0.00983133656756122
0.0527148919622471	0.0536236021330776	-0.0314817601159823	-0.0313286730182079	0.0167634074070641	0.00137492425366333	0.0209456199603522	0.00505169680958352	0.00355915907358039	0.0292832676770708	-0.0391880157553274	-0.0320137316340186	-0.0120401233817784	-0.00556942747243374	-0.0218792048287934	-0.00981563307009734
0.0527439254813105	0.0536499534428064	-0.0314767770739528	-0.0313199572348544	0.0167770629259423	0.00140136497036993	0.0209538216535832	0.00507199079656491	0.00353807998157501	0.0292796900009739	-0.0392146827834466	-0.0320282840166431	-0.0120572238632707	-0.00558619267775925	-0.0218946959846849	-0.00983807561851449
0.0527114344267767	0.053633734458236	-0.0315097822186091	-0.0312858400909114	0.016746069438287	0.00138425191602133	0.0209385637940244	0.00505827520737352	0.00353907184023521	0.029319260970564	-0.039209399389851	-0.0320060132972614	-0.0120512252138525	-0.0055628714263882	-0.0218874456375772	-0.00981808477706728
0.0526924745595425	0.0536338406290222	-0.0315304855219108	-0.0312007972911951	0.0167308423123768	0.00138397810715176	0.0209311374269292	0.00505768847408157	0.00351349585664223	0.0293466809730746	-0.0392280239809184	-0.0319911996786236	-0.0120685534037415	-0.00555802668577751	-0.0218921227401045	-0.00982092903654922
