0.0526841904442537	0.0536798936045043	-0.0315566733845083	-0.0313237235037951	0.0167817456164057	0.00141485424814871	0.0209760057599551	0.00507575706550563	0.00357557503289879	0.029277287188445	-0.0391868436857276	-0.0320298151111382	-0.0119488067267903	-0.00557377628371433	-0.0219519052746183	-0.00989376498982489
0.052677626016304	0.0536768607521785	-0.0315651600624812	-0.0313271586875211	0.0167605854993266	0.00139166012232424	0.0209628475673911	0.00505772619265034	0.00357500087246309	0.0293035798248446	-0.03917380563379	-0.0320101832945863	-0.0119509678610823	-0.00556804725221363	-0.0219199576468715	-0.00989060640893655
0.0526984285054718	0.0536969926890126	-0.0315658823032239	-0.0313063114948644	0.016768312217988	0.00141096504461348	0.0209642040388827	0.00507265017302634	0.00355899003851295	0.0293057409591366	-0.039200858229501	-0.0320189074598441	-0.0119648776310536	-0.00557730785933827	-0.0219380024895671	-0.00990413619925215
0.0526998701929891	0.053706436301045	-0.0315808244443923	-0.0312647260743053	0.0167666470130261	0.00142259912760247	0.0209670315345563	0.00508457482869325	0.00353515190305136	0.0293205713415827	-0.0392186166904708	-0.0320161693711483	-0.011984088955413	-0.00557839191894435	-0.0219524975958464	-0.00990756719202604
0.0526814663253982	0.0537075902098525	-0.0316076549196428	-0.0311916889553295	0.016749114863469	0.00141910387356327	0.0209559143356579	0.00507698920541873	0.00351214357610268	0.0293571751170963	-0.0392322819882371	-0.0319996151104111	-0.0119977766049238	-0.00556514571638652	-0.0219611113993658	-0.00990422281226192
0.0526747160985727	0.0537111441372209	-0.0316203060070045	-0.0311393411698152	0.016748623125091	0.0014284916062345	0.0209506616757109	0.00508626517936768	0.00349989482014117	0.0293712567161032	-0.0392501186803125	-0.0320010232703117	-0.0120024704712594	-0.00556344698380792	-0.0219851395246553	-0.00990920725127545
0.0526335553611583	0.0537001582548211	-0.0316660041485434	-0.0310224303704417	0.0167222815942504	0.00142573116579427	0.0209383793921327	0.00508690220408466	0.00347773306551374	0.0294128868401512	-0.0392655525598589	-0.0319809402279187	-0.0120168538188164	-0.00554752136588351	-0.0220007075146684	-0.00989761787177538
0.0526209992687105	0.0537093951132172	-0.0316903172585746	-0.0309136164904972	0.016721527222875	0.0014413829748491	0.0209372003376127	0.00509935771368238	0.00343714788551901	0.0294402509633006	-0.0392989181263945	-0.0319742738201349	-0.0120450337806384	-0.00555044385647105	-0.0220258029357556	-0.00990885521130028
0.0525801640285747	0.0536820156232435	-0.0317062079518983	-0.0308649329940895	0.0167117385557876	0.00142987322343865	0.0209317926124385	0.00509003843322854	0.00344584411109616	0.0294592736948161	-0.0393029847469014	-0.0319656670015355	-0.0120252510898115	-0.00552480500859678	-0.0220539423850408	-0.00988694910475005
0.052576054101563	0.0536845218125906	-0.0317057357712967	-0.0308155551966197	0.0167170387131916	0.00143421225583103	0.0209369363076313	0.00509196347721976	0.00342897133800046	0.0294405904304195	-0.039302870194211	-0.03196166324531	-0.0120454989763199	-0.00554174483692585	-0.022040059157766	-0.00989716105799807
0.0525450969354924	0.0536561350971323	-0.0317031876724288	-0.0308363646707075	0.0167123671986004	0.00141490034862165	0.0209338517668965	0.00507770306425727	0.00346055435291581	0.0294437196746432	-0.0392894367957934	-0.03195714819293	-0.0120048411531557	-0.00552252233669428	-0.0220488210415925	-0.00988200657525737
0.0525751418709924	0.0536750935673825	-0.0316823069521555	-0.0308525431427411	0.0167341866921409	0.00142755562693544	0.0209436907254089	0.0050888384239481	0.00344902504372895	0.0294120514437022	-0.0392930535874431	-0.0319707785660957	-0.0120236124275461	-0.00554911672164401	-0.0220368139638679	-0.00989735803274608
0.0525921180209062	0.053669472103652	-0.0316606145841616	-0.0309247951566929	0.0167434514902176	0.00142007896841514	0.020944238343148	0.00508232289043938	0.00348155800778365	0.0293870957210178	-0.0392709365363045	-0.031982971442696	-0.0120058763183208	-0.00555587812434174	-0.0220238387762116	-0.0098954246068507
0.0526112664809843	0.053672169679811	-0.0316357217257585	-0.0309960147994476	0.0167611247351616	0.00143046554466671	0.0209545802159107	0.00509034018177869	0.00350705436328701	0.0293481967007454	-0.0392596782420192	-0.0320058889656829	-0.011989097143155	-0.00555968490581929	-0.0220317582786689	-0.009897353841794
0.0526373300120032	0.0536759261698635	-0.0316046514039816	-0.0310922376623437	0.0167773534986202	0.00142516957821483	0.0209607953978533	0.00508891106711758	0.00351729285923157	0.0293329989114998	-0.0392446564727612	-0.0320079886326776	-0.0119903921473494	-0.00557175345084112	-0.0220052924162498	-0.00989880530819956
0.0526553064024814	0.0536711484844862	-0.0315748062371977	-0.0312129761979552	0.0167831258366258	0.00141822377362535	0.0209660089422475	0.00508525096896302	0.00356466179366848	0.0292868034436468	-0.0392092233698634	-0.0320268255653173	-0.0119529697391951	-0.00557447477572856	-0.021987137211816	-0.00989211654867131
0.052689110622002	0.0536849255409748	-0.0315489145352142	-0.0312975915205588	0.0167997639164047	0.00142458005095483	0.0209777072865018	0.00509402123469367	0.00357510844023328	0.0292622696101391	-0.0392026659268339	-0.0320417481487093	-0.0119514190869235	-0.00558667044629698	-0.0219749247774392	-0.00990355225992826
0.0526995516806306	0.0536921703001464	-0.0315623898431527	-0.0313160289157663	0.016783874620065	0.00141275877210602	0.0209657742489307	0.00507759549648708	0.00356608112944139	0.0292783880118594	-0.0391823677489004	-0.0320237745521992	-0.0119688283018861	-0.00558876871630773	-0.0219315819509723	-0.00990245423048189
0.0526919325297394	0.053685869902178	-0.031559458970661	-0.0313459327558795	0.0167725674313387	0.0014067489468156	0.0209608596591186	0.00507353027296427	0.00358939679287634	0.0292914218728449	-0.0391836837078552	-0.032029851432723	-0.0119349626150683	-0.00557023632618622	-0.0219588035817508	-0.00988939801775194
0.0526784139152961	0.0536877516396644	-0.0315845557887323	-0.0312908538665895	0.0167465765434893	0.00138721771311375	0.0209463799196637	0.00506001165852089	0.00356660220448401	0.0293236572793016	-0.0391786056709117	-0.0319987336134891	-0.0119649544651752	-0.00556900278928909	-0.0219208684804581	-0.00988903619888857
0.0527077547708457	0.0537226580795834	-0.0315842722009745	-0.0312445927404872	0.0167700612419917	0.00143041665022571	0.0209600969058391	0.00509120770886036	0.00353029598656845	0.0293211468990024	-0.0392267583133886	-0.0320189018719079	-0.0119880060986288	-0.00558642178313992	-0.0219636567042657	-0.00992102853012425
0.0526827766964169	0.0537150696623408	-0.0316138100312722	-0.0311795826917389	0.0167481453565532	0.00141712853814703	0.0209404608983351	0.00507454448336893	0.00351363276107702	0.0293681861452086	-0.0392300998991847	-0.0319966507103027	-0.0120013165624519	-0.00556636109249128	-0.0219674229732064	-0.00990470058079965
0.0526647583964179	0.0537139269294056	-0.031629906081248	-0.0311220967989679	0.0167436945654386	0.00143109558446355	0.0209408157322783	0.00508915973027465	0.00350694679551682	0.0293760958687777	-0.0392516721265521	-0.032000498004317	-0.0119985477401075	-0.00555939014218928	-0.0219994334652345	-0.00990494924395672
0.0526365979923723	0.0537140191303514	-0.03167565730818	-0.0309990700035179	0.0167244748591751	0.00143337825636605	0.0209303579098413	0.005090011890532	0.00346166495521843	0.0294264124395147	-0.0392741104840172	-0.0319748354077143	-0.0120331007430674	-0.00554711624051526	-0.0220106959504719	-0.00990233129588739
0.0525890083344589	0.053690725818661	-0.0317054102740181	-0.030904279049251	0.016699728684095	0.00141804216570165	0.0209183969325896	0.00507691097431314	0.0034531461466129	0.0294654134396211	-0.0392878372490808	-0.0319527099746716	-0.0120262862549765	-0.00552235330162684	-0.0220242886050688	-0.00988820778735969
0.0525710738535015	0.0536818214424636	-0.0317165721764054	-0.0308410543460911	0.0166989603428793	0.00141394341456216	0.0209196849518639	0.00507446625226334	0.0034391008691908	0.0294670143833178	-0.0392930312356986	-0.0319451858186943	-0.0120349894654738	-0.00552730141905563	-0.0220223747369498	-0.00988555631167368
0.0525697760553391	0.0536796295745229	-0.0317105833058755	-0.030820872117832	0.0167117217919793	0.00142493907585014	0.0209258526363495	0.00508588659669597	0.00344041822512963	0.029445130628512	-0.0392988887897299	-0.0319583970966515	-0.0120336274060461	-0.00553492476089892	-0.0220373965062078	-0.009888664601137
0.0525858455626184	0.0536872724741426	-0.0316924797898507	-0.0308352903899897	0.0167346532848064	0.0014440484203754	0.0209425032889847	0.00510220197316432	0.00343762286008869	0.0294140826584795	-0.0393052380821393	-0.031975117598488	-0.0120430388874458	-0.00554721961733337	-0.0220507418946316	-0.00989910426278165
0.0525767204629446	0.0536704583743761	-0.031685131653861	-0.03087143874871	0.0167253270194324	0.00141954532051627	0.020937267392846	0.00508382325128594	0.00346075132766382	0.0294060751460284	-0.039276409919728	-0.0319656013432862	-0.0120283146757859	-0.00554152551043338	-0.0220239924444547	-0.00988755399883437
0.0526164045882409	0.05368685198195	-0.0316524212728347	-0.0309462849620026	0.0167594902638483	0.00144293502410472	0.0209509787910853	0.00510256379202769	0.00347406039450292	0.029359615648194	-0.0392786800187743	-0.0319975322072246	-0.0120197218270268	-0.00556820371442482	-0.0220277824621239	-0.00990227401954222
0.0526131132938699	0.0536756258182974	-0.0316395969594535	-0.0310177937804513	0.016756087210755	0.00143240176453015	0.0209477322002032	0.00509082353825254	0.00350532489705978	0.0293468919176628	-0.0392541880947874	-0.0320031704347635	-0.0119928382663832	-0.00554923267131837	-0.0220311631634728	-0.00988001727000085
0.0526294230824021	0.0536647558855719	-0.0316035282288227	-0.0311433952174658	0.0167701618248417	0.00141833553234762	0.0209571352996987	0.00507995360552712	0.00354163949687952	0.0293231026766423	-0.0392287140910285	-0.0320065748848408	-0.0119664701928461	-0.00555333002547384	-0.0220017776044342	-0.00988071715899911
0.0526645600246859	0.0536721766647311	-0.0315690841906171	-0.0312459450210267	0.0167898090082179	0.0014226494190275	0.0209717980440614	0.00508672618409707	0.00355967735465495	0.029280477899966	-0.0392060717738952	-0.0320225340303819	-0.0119589153032202	-0.00557481005189539	-0.0219751566767879	-0.00989535755161733
0.0526666513097765	0.053665103734595	-0.0315687810450829	-0.0312976767365845	0.0167700849907201	0.00139706924448242	0.020967161454071	0.00506353764620872	0.00357971709054316	0.0292824350745899	-0.0391795053286261	-0.0320106750329644	-0.0119537171256503	-0.00556889661850293	-0.0219290995103537	-0.00988340914722194
0.0526990697211408	0.0536915542301898	-0.0315487902036357	-0.0313311736196188	0.0167961108031703	0.00142544199010038	0.0209783904116917	0.00508987638308124	0.00356879546940869	0.0292712452325219	-0.0392031003888667	-0.0320361923432281	-0.0119587155345041	-0.00558241104199422	-0.0219569861055298	-0.00990311500392735
0.0526939441867404	0.0536913013760807	-0.0315669915085425	-0.0313162719909873	0.0167688123382702	0.00140893941777222	0.0209617984323857	0.00507462550844258	0.00356358052803046	0.0292934335298459	-0.0391893386992024	-0.0320127746999591	-0.0119730723393646	-0.00558163571585843	-0.0219217890929328	-0.00989456127072111
0.0526951176533243	0.0536984651101786	-0.0315834535683338	-0.0312871811955787	0.0167650907728184	0.00141558906174767	0.0209556628785328	0.00507935290239488	0.00355027006420732	0.0293098508861483	-0.0392028279769812	-0.0320099919077744	-0.0119748716547932	-0.00557713183935068	-0.0219360606817675	-0.00989788050477272
0.0526944471009907	0.0537128372818634	-0.0315986751063079	-0.031228776087317	0.0167653589937519	0.00143257638753371	0.0209550817331769	0.00508970176007769	0.00352590666275104	0.0293251841828447	-0.0392283313174047	-0.032012964689787	-0.0119890650125223	-0.00557270619394853	-0.0219699459263618	-0.00990062976934073
0.0526668594603967	0.0536985265774759	-0.0316155562613077	-0.0311893755497784	0.0167513835655312	0.00142785458151753	0.0209462695579254	0.00508974087563048	0.00352243655442435	0.0293619472145375	-0.0392398480537353	-0.0320035825450519	-0.0119830803329444	-0.00555263991536378	-0.0219906268779191	-0.00989030885133849
0.0526196525761071	0.0536839085366021	-0.0316689769305559	-0.031057299091792	0.0167047131231085	0.00140340177308342	0.0209254600838375	0.00506788086955319	0.00350053184485815	0.0293974417847326	-0.0392266158210177	-0.0319618294864094	-0.0120111541239803	-0.00554497326701561	-0.0219509301797664	-0.00988121169134518
0.05263030318234	0.0537175143843906	-0.0316847013827802	-0.030943159908731	0.0167262937323801	0.00144288612966372	0.0209364236144928	0.00510148671734175	0.00344312138922469	0.0294164966468807	-0.0392977278960023	-0.0319771963107224	-0.0120468163322587	-0.00555320988484739	-0.0220121180802128	-0.00989959600115967
0.052600108769549	0.0537052013671638	-0.0317044351791662	-0.0308755430877856	0.0167169534971659	0.00144197250210911	0.020931374914214	0.00510070720025387	0.00343498814821102	0.0294432321272173	-0.0393060399509716	-0.0319661741067379	-0.0120442877911672	-0.00554004191339516	-0.02203878091738	-0.00989923557928033
0.0525539957237537	0.0536718735191969	-0.0317216250676364	-0.0308324056179709	0.016696343791794	0.00140973988962053	0.0209245562351711	0.00507844346579235	0.00344645319613256	0.0294588545996075	-0.0392898139814811	-0.0319442037389223	-0.0120315263420673	-0.00552180428690366	-0.0220230690380119	-0.00987581234807519
0.0525823586904834	0.0536956990818023	-0.0317038121242895	-0.0308160902415026	0.0167318146132606	0.00144454015875341	0.0209405363354726	0.00510387835399847	0.00342499412447144	0.0294229339492838	-0.0393142681868992	-0.0319719660025198	-0.0120485821200707	-0.00554706315512218	-0.0220437234468726	-0.00990125003024936
0.0525650221186903	0.0536764849634749	-0.0317056142336862	-0.0308348573249408	0.0167138968961116	0.00142016278745685	0.0209282736096708	0.00507925511351289	0.00345289748345583	0.0294237469939884	-0.0392828779557798	-0.0319598876786098	-0.0120307593978357	-0.0055346048515564	-0.0220275547537273	-0.0098835837702255
0.0525844457846219	0.0536828775623891	-0.0316728465763148	-0.0308899320232787	0.0167327617684319	0.00142532604042602	0.0209354261678965	0.00508620650603849	0.00347234350113195	0.0293975283977423	-0.0392812015749456	-0.0319805853939754	-0.0120202764296861	-0.00554495370923921	-0.0220370318933763	-0.00989008812786199
0.0525852867690071	0.053665591282021	-0.0316589298214233	-0.0309761734352915	0.0167354355958623	0.00141675694039547	0.0209366694836819	0.00508005139440911	0.00351350703251446	0.029370563812025	-0.0392530020553472	-0.0319884615899279	-0.0119817727558938	-0.00553606609685017	-0.0220312064699777	-0.00987825008520485
0.0526354007770599	0.0536952534438972	-0.031622048046088	-0.0310455965565856	0.0167747537113433	0.00144105468360241	0.0209553122355416	0.00510414797191596	0.00349341421123316	0.0293345341969471	-0.0392619413561453	-0.0320075262309642	-0.0120070958853776	-0.0055651443194025	-0.0220241642734902	-0.00990035456348712
0.0526203105555845	0.0536561127453879	-0.0316060022875371	-0.0311691374421582	0.0167560648590106	0.00139619193851256	0.0209539012816729	0.0050691870496198	0.00356131601692033	0.0293158453446144	-0.03920011922495	-0.0319978283678387	-0.0119553543909317	-0.00555242897077548	-0.0219775860320134	-0.00987047307511843
0.0526941146187919	0.0537010160030146	-0.0315579250821978	-0.0312519744040936	0.0168035385672496	0.00143660249550372	0.0209798502600015	0.00510262386234091	0.00354600367498441	0.029254264891656	-0.0392123470261511	-0.032036185358308	-0.0119798756515832	-0.00559735737411468	-0.0219730053213841	-0.00990934415571024
0.0526637204372848	0.0536684984057842	-0.0315652746151715	-0.0313041391847002	0.0167686293333625	0.00139905575577089	0.0209729924654058	0.00507757174775859	0.00358492225303319	0.0292706305595494	-0.0391789269772383	-0.0320206020014706	-0.0119449803875363	-0.00556916763340445	-0.0219457990574299	-0.00987713110099806
0.0527127517827155	0.0537094384197221	-0.0315457922759106	-0.0313274827878157	0.0167988181582174	0.00142924458062584	0.0209894796709096	0.00510067506962121	0.00354959811488963	0.0292610779827628	-0.0392042822373548	-0.0320355860521598	-0.0119790081245015	-0.00559993201567912	-0.0219465673986456	-0.00991243288739716
0.0527075508111776	0.0537073666924079	-0.0315578552329964	-0.0313241677447161	0.0167838271226081	0.00142086966137524	0.0209765673475346	0.00509022143813627	0.00355438837312321	0.0292814027033928	-0.0392006542698329	-0.0320273089217912	-0.0119761401162911	-0.00558839153062004	-0.0219470074486145	-0.00990066888489352
0.052666089722197	0.0536827811704911	-0.031590777955595	-0.0312863248443693	0.0167496527023199	0.0013993016249599	0.0209575027064982	0.00507330256456763	0.00356167643879967	0.0293215031299297	-0.0391928297622895	-0.0320023853297395	-0.011962146527278	-0.00555919875537738	-0.0219366571939477	-0.00988148969116684
0.0526824791388189	0.0537120451919192	-0.0316026858474536	-0.0311959064501114	0.0167610800316727	0.0014274704109097	0.0209673207102502	0.00509536932428113	0.00350687554933137	0.0293295553458697	-0.0392325879277394	-0.0320054195790493	-0.0120061962276633	-0.00557830390895056	-0.0219576175423107	-0.00990347821977475
0.0526585474054274	0.0537003398627448	-0.0316177886417852	-0.0311569180228612	0.0167534874234781	0.00142153183180473	0.0209572917619099	0.00508753084689747	0.00350907300520813	0.029351757613034	-0.0392436003528357	-0.0319999140649932	-0.0119907441873245	-0.00555978967962142	-0.0219798505431236	-0.00989095425795964
0.0526398208345259	0.0537061778589997	-0.0316535025384727	-0.0310389636764185	0.0167375101171446	0.0014378974996981	0.0209491375661358	0.00509857679961047	0.00347074395441937	0.0293834565776237	-0.0392664396447169	-0.0319904103826476	-0.01201997607812	-0.00555515867756709	-0.0220009911024262	-0.0098978791077887
0.0525888253295511	0.0536833232002942	-0.0317019722963241	-0.030921807007856	0.0167013785222326	0.00141544517239275	0.0209275793086087	0.00507990191711806	0.00345168909227122	0.0294421187309466	-0.0392738492480039	-0.031951797744101	-0.0120312748849422	-0.00552919712638225	-0.0219989235660641	-0.00988143939974182
0.052563537124668	0.0536749999694526	-0.0317122848324221	-0.0308502451040143	0.0167001631461278	0.00141483329338828	0.0209298284528945	0.00508096641894775	0.00344117539047305	0.0294526156689364	-0.0392912919905832	-0.0319514708498384	-0.0120288916301896	-0.00552124828726033	-0.0220224459831352	-0.0098802407874454
0.0525677280767534	0.0536790791628157	-0.0317126312844612	-0.0308134653085131	0.0167128030576173	0.00142295815249779	0.0209379309602596	0.00509123704552496	0.00342904956910605	0.0294375394173013	-0.0392982992624699	-0.0319593721915033	-0.012040592768412	-0.00553453639933901	-0.0220280674468657	-0.00989136078031192
0.0525572367266997	0.0536643856848044	-0.0317024025674048	-0.0308234649201888	0.0167157674577257	0.00142652604970647	0.0209404483254788	0.00509172040199881	0.00345047651013452	0.0294216612968339	-0.0393004981153307	-0.0319674495531558	-0.0120142484436033	-0.00552500058636076	-0.0220552331982831	-0.00987992506905497
0.0525716200742567	0.0536708565148242	-0.0316853817140021	-0.0308502087824296	0.0167347105611516	0.00143313099019301	0.0209454215886201	0.00509316208951617	0.00345261110173	0.0293987842863839	-0.0392936696573996	-0.0319768261099549	-0.0120204734044341	-0.00553692524202767	-0.022049142347919	-0.00988766994850874
0.0525828266801329	0.0536686744257718	-0.0316642062300987	-0.0309192225874034	0.0167422067774483	0.0014201753603131	0.0209454076187799	0.00508230752361507	0.00347298192283296	0.0293786984500227	-0.0392676661966939	-0.0319753872164055	-0.0120134912782599	-0.00554507524684969	-0.0220182662069221	-0.00988996379628346
0.0526043095005226	0.0536760309436656	-0.0316405776422414	-0.0309755461894627	0.0167595768768581	0.00143515382306621	0.0209575697617316	0.00509493905320037	0.00348742394371914	0.0293372611097707	-0.0392612261003227	-0.0320015583151946	-0.0120012397283303	-0.00555879642397719	-0.0220251701019907	-0.00988815051101452
0.0526240405029405	0.0536681798934257	-0.031613850543809	-0.0310832424821845	0.0167669250128478	0.00141585867966517	0.020954300819105	0.00508467401455927	0.00351359224854019	0.0293341933328442	-0.0392338731530456	-0.031991706783826	-0.0119888848015827	-0.00555915963982459	-0.0219945761517675	-0.00989647094788801
0.0526699537800197	0.0536826666178008	-0.0315691219091859	-0.0312055484338758	0.0167968120891526	0.00143410049710876	0.0209703074621031	0.00510240174188039	0.00354511100219023	0.0292685937568359	-0.0392190288007592	-0.032028427905998	-0.0119669996497929	-0.00557913930539957	-0.0220000942386799	-0.00990158670340022
0.0526776539559846	0.0536766204709256	-0.0315603264977427	-0.0312870764217766	0.016787703753287	0.00141339160587092	0.0209685975536522	0.00508167049889809	0.00356939617254092	0.0292622570372828	-0.0391864958367045	-0.0320234322911122	-0.0119564160987933	-0.00557573066437014	-0.0219576594518315	-0.00989015378611133
0.0526914617461219	0.0536852203046048	-0.0315566440478437	-0.0313174803821719	0.0167846359763606	0.00141224607896758	0.0209682566895493	0.00508246957376237	0.00356800477644858	0.0292666100395155	-0.0391834168839058	-0.0320248907424379	-0.0119623448990101	-0.00557982662154157	-0.0219395154232699	-0.00989478618514969
0.0526917090122949	0.0536879039109235	-0.031555234490959	-0.0313272019940259	0.0167763895796406	0.00140822416194965	0.0209642794760203	0.00507811238057761	0.00357028605136705	0.0292784355093164	-0.0391833037281994	-0.0320204637000518	-0.0119589013333799	-0.00557667362858935	-0.0219370776861403	-0.00989648352074427
0.0526948368595346	0.0536961503076435	-0.0315688928038052	-0.0312997107453299	0.0167740188977443	0.00141182139582293	0.0209665132534818	0.00507554053298122	0.00354969869773968	0.0292932533189062	-0.0391926481543658	-0.0320125972829875	-0.0119763147392946	-0.00557884314478554	-0.0219310888156103	-0.00990173757767529
0.0526827683145128	0.0536954811522938	-0.0315835765029283	-0.0312614431618384	0.0167692593731593	0.00142684316508093	0.0209683921970001	0.00509223868307336	0.00353713841433983	0.0293074927771083	-0.0392145738186924	-0.0320172674005946	-0.0119714853655082	-0.00556672710230674	-0.021966961968477	-0.00989757875622258
0.0526703030260268	0.0537029089163731	-0.0316138337800007	-0.0311795170334896	0.0167505579479704	0.00141379673123916	0.0209523506294013	0.00507952752539843	0.00350410952095503	0.0293515326986054	-0.0392227475722429	-0.0319852527176145	-0.0120083811106838	-0.00556511079178581	-0.0219455867158576	-0.00990465727429477
0.052655827477524	0.0537040348855001	-0.0316251353807909	-0.0311236069387027	0.0167483535071735	0.00142900429937295	0.0209514202380383	0.00508876717776265	0.00349911111210121	0.029356324353823	-0.0392450909347941	-0.0319958837660711	-0.0119985156094749	-0.00555701107838882	-0.0219869737646847	-0.00990062557838864
0.0526154350813252	0.0536967454228396	-0.0316782012160958	-0.0309838889780806	0.0167162759599121	0.00141921144133347	0.0209377605282081	0.00508516575293729	0.00345545536121194	0.0294147490198611	-0.0392616563714035	-0.031963677696279	-0.0120345270637604	-0.0055432004942835	-0.0219798910556604	-0.00989575569206544
0.0525949385316597	0.0536994052804298	-0.0317034363355859	-0.0308792157587964	0.0167078046487635	0.00142529111582531	0.0209287304234481	0.00508927847391706	0.00343073433184437	0.0294404311742403	-0.0392896184037171	-0.0319558992892086	-0.0120467087644885	-0.00553788077910313	-0.0220064002245844	-0.00989745442464405
0.0525871796823656	0.0536972120155051	-0.0317038638126986	-0.0308377337150554	0.0167213023084464	0.00143834174061915	0.0209359472429391	0.00509649529340807	0.00342141086043845	0.0294372544325595	-0.0393080390351163	-0.0319607524117234	-0.0120475832764904	-0.00553533547420329	-0.0220415176090917	-0.00990031824190238
0.0525765165032764	0.0536878452375943	-0.031703641692238	-0.0308349411439825	0.0167259724260536	0.00144243071287044	0.0209392539041345	0.00510062896914827	0.00343245122521534	0.0294255630732254	-0.0393088227431563	-0.0319699850791675	-0.0120307314581551	-0.0055329452345306	-0.0220559805847383	-0.00989361411554982
0.0525624097585571	0.0536725985539077	-0.0317042256315619	-0.0308383190513634	0.0167175206726814	0.00142823456117327	0.0209364124386206	0.00508540463720615	0.0034447418906977	0.029423481567023	-0.039289513629915	-0.0319600636985974	-0.0120268450485879	-0.00552791888599621	-0.0220372526168528	-0.00988666551699227
0.0525787377078817	0.0536778847414714	-0.0316797392955112	-0.0308656887624489	0.0167364414243628	0.00142951978647945	0.0209474430245093	0.00508684632472352	0.00344866462184961	0.0293981905681718	-0.0392857473609742	-0.0319709378222749	-0.0120277949977273	-0.00554312924809805	-0.0220324358159227	-0.00989825489649235
0.0525786022004309	0.053658571437278	-0.0316683636545674	-0.0309428036778037	0.0167347189430557	0.00141009472356376	0.0209445582524906	0.00507090813394286	0.00349052804223037	0.0293796372232899	-0.0392542998535096	-0.0319721015099706	-0.0119957216414179	-0.00554004610434724	-0.0220071797416722	-0.00988710277299318
0.0526079556288368	0.0536743350050551	-0.0316419830081741	-0.0309921730933694	0.0167578138830142	0.00142954632917599	0.020960388875501	0.00508924215233232	0.00349075714761104	0.0293444164619644	-0.0392548977626738	-0.0319975322072246	-0.0120009463616844	-0.00555693843521934	-0.0220088281828258	-0.00990115643231946
0.0526404955778117	0.0536724532675687	-0.0316043468614634	-0.0311171011840822	0.0167787085731278	0.00142498238235502	0.0209692583270977	0.00508843329857985	0.00351589866917117	0.0293152879479871	-0.0392299574068138	-0.0320064547442144	-0.0119874500989854	-0.00556282113496317	-0.0219924708968366	-0.00990491571634003
0.0526509883248494	0.0536604154561955	-0.0315764644572394	-0.0312302135838823	0.0167792547938829	0.00141222931515924	0.0209734925856879	0.00508202812680937	0.00355967316370286	0.0292810548543697	-0.0391993927932552	-0.0320180902241874	-0.0119534880202696	-0.00556079969907399	-0.0219708246293157	-0.00988986321343341
0.0526759175048372	0.0536730511767329	-0.0315552009633423	-0.0312914727305141	0.0167863472817954	0.00141880771294924	0.0209812779776785	0.00508717601295424	0.00356716798301553	0.0292626440018587	-0.039192657933254	-0.0320292367597505	-0.0119598959860082	-0.00557451668524941	-0.0219515727924195	-0.00989783580128381
0.0526917956253047	0.0536853083145986	-0.0315505881220803	-0.0313210357065243	0.0167885014311673	0.00141796672856411	0.0209790288333927	0.0050898889559375	0.00356069435902766	0.0292687767617436	-0.0391934765658947	-0.0320254732847778	-0.0119673083832632	-0.00557734697489106	-0.0219437189482115	-0.00990301302409327
0.0526798681756697	0.0536791252632886	-0.0315720597665977	-0.0313050011238457	0.0167540210713769	0.00139251647353368	0.0209609993575215	0.00506231528518382	0.00356322848805529	0.0292962554375834	-0.039172725765136	-0.031996765262993	-0.011973044399684	-0.00556842024694923	-0.0219070760571451	-0.00989323692986213
0.0527216952744657	0.053721265286507	-0.0315627768077286	-0.0312845199410045	0.0167891649985808	0.00144160788927768	0.0209796253455729	0.00510327066594609	0.00352888084174762	0.0292803032769624	-0.0392248430482856	-0.0320291459557886	-0.0119936904266406	-0.00558830631459431	-0.021957092276316	-0.00992543880870209
0.0526832642438429	0.0536998662851591	-0.0315926471202251	-0.0312438928514889	0.016759965238418	0.00142709322522202	0.0209627190448605	0.00508985123736873	0.00353517565177985	0.0293212209391559	-0.039220984578399	-0.0320122340671401	-0.011976040930425	-0.0055544965071376	-0.0219783571671971	-0.00990050264379414
0.0526633013420762	0.0536968460056896	-0.0316244117430641	-0.0311677209003533	0.0167350178976378	0.00140878435254507	0.0209449689657949	0.0050707824053803	0.003509311889477	0.0293709284248565	-0.0392222167183121	-0.031979089224081	-0.0120037375357732	-0.00555105713245954	-0.0219537506905199	-0.00989795733889429
0.052657056823469	0.0537084158274133	-0.031644581398467	-0.0310829938190274	0.0167366411930789	0.00143304996511936	0.0209555553107626	0.00509482450051004	0.00348704117009534	0.0293638121882155	-0.0392520423273197	-0.0319900276090238	-0.012014921789905	-0.00555336774404261	-0.0219895889187859	-0.00990887337209265
0.0525836425188056	0.0536733347644907	-0.0316974320982316	-0.0309549518509152	0.0166893337259392	0.00139707483241854	0.0209322983206568	0.00506772301035798	0.00347203197369361	0.0294410486411808	-0.0392532828491369	-0.0319455811651744	-0.0120229572420367	-0.00551871136426465	-0.0219817546323543	-0.0098818165854295
0.0525909180116258	0.053698335190664	-0.0317100496579766	-0.0308414832201878	0.0167019512856843	0.00142209761033626	0.020934567022719	0.00508302277943764	0.00341687904425014	0.0294450384275661	-0.0392938400894511	-0.0319501520969155	-0.0120633580201397	-0.00553729683977924	-0.0219993342793684	-0.0098972951684648
0.0525843102771712	0.0536950355143887	-0.0317110694563174	-0.0308192125008062	0.0167161977288065	0.00143158313188948	0.0209388445878142	0.00509215067307957	0.00342455407450248	0.0294363072773882	-0.0393073992164313	-0.031961319587239	-0.0120499385915623	-0.00553368982701776	-0.0220406095694732	-0.00989574451619321
0.0525612251161009	0.0536690222747949	-0.0317102606025649	-0.0308287525047365	0.0167191747017711	0.00142736284313951	0.0209420003747344	0.00509700519257846	0.00344735704479898	0.0294281977851031	-0.039299236638753	-0.0319661433730892	-0.0120181055165059	-0.00552326972314951	-0.022053904666472	-0.00989167230775026
0.0525812997765898	0.0536774069729336	-0.0316944998287558	-0.030854454216892	0.0167392940657489	0.00143755803257919	0.0209522626194075	0.00510163479764876	0.00344186130963103	0.0294028313491143	-0.0392996585279296	-0.0319733154890913	-0.0120303514784993	-0.00553571685084306	-0.022048157474179	-0.00989799505746306
0.052568249151796	0.0536543874701127	-0.0316789625723913	-0.0309095931764952	0.0167354523596707	0.00141681840769272	0.0209514383988307	0.00508545492863118	0.00347894564765044	0.029393781686578	-0.0392720513295592	-0.0319760619596913	-0.0119973798614597	-0.00552938851319415	-0.0220377164155503	-0.00988337422262123
0.0526064049765652	0.0536720690969609	-0.0316560282855962	-0.0309580727132347	0.0167544303876973	0.00142940383680509	0.0209601122726634	0.00509327943617456	0.00347456610272123	0.0293516500452638	-0.0392570072085568	-0.0319850459639783	-0.0120182773455414	-0.00556164068345913	-0.022002354558838	-0.00990348939564698
0.0525971010629357	0.053652729250071	-0.031638398347157	-0.0310413609010113	0.0167539107096387	0.00141527194637322	0.0209625206731284	0.00508710476676879	0.0035128267012926	0.0293494763381155	-0.0392426629765526	-0.0319934781595741	-0.0119766192818128	-0.00554217790197467	-0.0220118149346787	-0.00988442894556272
0.0526641283566211	0.0536827644066828	-0.0315913758647592	-0.0311516946995788	0.0167931324332216	0.00143303599527907	0.0209784965824779	0.00509738098128211	0.00351945958145971	0.029287891694205	-0.0392316938579612	-0.0320176683350108	-0.0119917122972563	-0.00558022615897371	-0.0219822715164449	-0.00990964730124442
0.0526582079383085	0.0536578897090721	-0.0315738493031382	-0.0312666916308333	0.0167793665526052	0.00140563555054492	0.0209693798647082	0.00507550141742842	0.0035775098557782	0.0292755339734893	-0.0391855570634373	-0.0320182466863986	-0.0119487270987007	-0.00555805043450599	-0.0219632250362009	-0.00988467760871978
0.0526974394407796	0.0536849395108151	-0.0315525662514646	-0.0313119273706588	0.0167967156972546	0.00142486224172857	0.0209806269831213	0.00509233647195536	0.00356995915710439	0.0292546839868646	-0.0391940018318894	-0.0320329499432981	-0.0119655537713234	-0.00558151557523198	-0.0219558224178341	-0.0099072263279231
0.0526961667883297	0.0536846726868657	-0.0315583986597834	-0.0313338753867299	0.0167823449225539	0.0014097091559719	0.0209689831212441	0.00507503761873098	0.00357172634190039	0.0292747796021139	-0.0391818410859217	-0.0320184422641626	-0.011967742845296	-0.00557009243683129	-0.0219384537154083	-0.00989457384357737
0.0527211518476786	0.0537117141067045	-0.0315577099466574	-0.0313157746646732	0.0167911696706616	0.0014304697356188	0.0209760197297954	0.00509052318668642	0.00354355895293462	0.0292774576204965	-0.0391996819689491	-0.0320230956179614	-0.0119935856528384	-0.00559137548850483	-0.0219382790924047	-0.0099225624185875
0.052705558711953	0.0537076544711178	-0.031584836582522	-0.031286261980088	0.0167741236715464	0.00142547132676498	0.0209649639981942	0.00508594946097725	0.00353822526791397	0.0293061656422813	-0.039207139069693	-0.0320118666603406	-0.0119917220761445	-0.00557216695811355	-0.0219439257018478	-0.00991019352199954
0.0526662783150409	0.0536930504000843	-0.0316165173863193	-0.0312131801576233	0.0167422193503045	0.00141232011912109	0.0209521480667172	0.00507476520684543	0.00353059494115054	0.0293455857375962	-0.0392148811551787	-0.0319905067745455	-0.0119889364899917	-0.00555029298219597	-0.0219514442698889	-0.0098912029211167
0.0526587988625525	0.0536999207675363	-0.0316294953679437	-0.031140707420195	0.0167393890606629	0.00141496600687098	0.020950815343954	0.00507705346668404	0.00350007084012876	0.0293639001982093	-0.0392330447415167	-0.0319793448721582	-0.012015213759567	-0.0055553360945387	-0.0219491560100503	-0.00990261628062919
0.0526273024606469	0.0536981521857562	-0.0316676749414414	-0.0310256881371961	0.0167179062402733	0.00142278632346229	0.0209412236516146	0.00508389030651931	0.00347954914475073	0.0293885066748865	-0.0392524712014164	-0.0319747432067684	-0.0120241572513172	-0.00554277720812288	-0.0219755338624756	-0.00989627117917194
0.0525921669153472	0.0536893916989138	-0.031702899893719	-0.0309079824539104	0.0166954217823353	0.00141923379307792	0.0209281716298368	0.00508156712207998	0.00344995683207593	0.0294366090259384	-0.0392740839413206	-0.0319527923967293	-0.0120406961452301	-0.00552887302608765	-0.0219943302825785	-0.00989086066002973
0.0526059383838997	0.0537091310832359	-0.0316975326810816	-0.0308455512376787	0.0167279240127413	0.00145748042180901	0.0209437088862012	0.00511706448624307	0.00341442035236005	0.0294256594651233	-0.0393198351682526	-0.0319748507745386	-0.0120619275084946	-0.00554433763928266	-0.0220451553555018	-0.00991213672678313
0.0525643976668295	0.0536759722703364	-0.0317181074618527	-0.03082549054703	0.0167064328104475	0.00142823316418924	0.0209356063788362	0.00509778610665037	0.00343906315062203	0.0294363547748452	-0.039294030079279	-0.0319591039705698	-0.0120422691492461	-0.00552271232652215	-0.0220358235021917	-0.00988630928606502
0.0525491104706061	0.053663970780548	-0.031715468559023	-0.0308253773913237	0.0167036849428636	0.00142047850584728	0.0209382229299215	0.00509289247159868	0.00344691000990987	0.029429963572915	-0.039289468926426	-0.0319561968468066	-0.0120289461125667	-0.00551582659224589	-0.0220363808988191	-0.00987756835699896
0.0525582788767849	0.0536655842971008	-0.0317007569202193	-0.0308350515057208	0.0167131662734647	0.00142285198171162	0.0209391658941407	0.00509019210147168	0.00345104927358619	0.0294082195165121	-0.0392854637732165	-0.0319646863187476	-0.0120292995495259	-0.00552536659617622	-0.0220312358066423	-0.00987664774452421
0.0525946200193012	0.0536813841864627	-0.0316633652457136	-0.0309118325418928	0.0167473840002577	0.00143650610360576	0.020952484739868	0.00510279569137641	0.00346499396815824	0.02937247628316	-0.0392818902880717	-0.0319889184037052	-0.0120265754306704	-0.00554644708516563	-0.0220347254727454	-0.0098988905242253
0.0525894847060126	0.0536662129399136	-0.0316526755239279	-0.0309878899403381	0.0167403487886904	0.00142403941813581	0.0209518868307038	0.00508907730821697	0.0035035339635353	0.0293507336237411	-0.0392498770020756	-0.0319906562518366	-0.0119938245371073	-0.005536450267458	-0.0220231416811814	-0.00988080237502484
0.052617585039745	0.0536752025321367	-0.0316200154343266	-0.0310720177155158	0.0167641799392319	0.00142507178933284	0.0209632904113281	0.00509314951665992	0.00350470044519906	0.0293333034540181	-0.0392439272470984	-0.0319993915929665	-0.0119974189770125	-0.00554999123364583	-0.0220029091614973	-0.00989081176558873
0.0526399018595996	0.0536695126161888	-0.0315927812306918	-0.0311833419757595	0.0167698894129562	0.00141377158552666	0.0209716597426426	0.00508779487687884	0.00354427281177316	0.0292863298660612	-0.0392062100753141	-0.0320108706107283	-0.0119738057559795	-0.00555811748973936	-0.0219702434839599	-0.00988776214945461
0.0526598577764461	0.0536704919019928	-0.0315656280521307	-0.0312751000777006	0.016777194242441	0.00141137575791785	0.0209757906244148	0.005089668232461	0.00357390703396881	0.0292646668347319	-0.0391920879637704	-0.0320249787524317	-0.0119498041733866	-0.00556518483193932	-0.0219633409858753	-0.00988682756713958
0.0527070953943843	0.0537041620110466	-0.0315531921003094	-0.0313040595566105	0.0167974086013327	0.00143362412555505	0.020983756227345	0.00510422760000558	0.00354970847662788	0.0292488725333062	-0.0392009085209261	-0.0320344475101766	-0.0119837704430545	-0.00559282555792636	-0.0219488263218196	-0.0099108249587804
0.0526963358233971	0.0536927765912147	-0.0315585872526273	-0.0313326334679286	0.0167772165941854	0.00141294038002972	0.0209718567173906	0.00508640487777053	0.00356834144959944	0.0292696959772344	-0.0391847118881001	-0.0320208883831964	-0.0119618964671369	-0.00557037043665295	-0.0219493264421018	-0.00989715407307793
0.0527126456119294	0.0537161271792504	-0.0315683619498744	-0.0313026220600452	0.0167735886266635	0.0014237292876815	0.0209692792818581	0.00509173995977521	0.00354039478411016	0.0292839941087656	-0.0392011921086838	-0.0320137428098908	-0.0119953640135067	-0.00558258147404569	-0.0219382469617721	-0.00990938746221512
0.0526979870585188	0.0537103869718775	-0.0315882061079986	-0.0312642622756079	0.0167647862303002	0.00142836028973583	0.0209657071936974	0.00509532042984014	0.0035275690737449	0.0293061712302174	-0.039216565917917	-0.0320089776973698	-0.0119923646887976	-0.00556936740212052	-0.0219557888902174	-0.00990075549790329
0.0526594777967903	0.0536987668587287	-0.0316205462882574	-0.0311738690270625	0.0167317084424744	0.00141148751664013	0.0209483873857126	0.00508063812770106	0.00351203740531652	0.029353626777664	-0.0392222851705295	-0.0319826445484334	-0.0120061976246473	-0.00555293607597781	-0.0219533050526148	-0.00988434652350504
0.0526658843655448	0.0537123036339645	-0.0316253826469639	-0.0311158075768718	0.0167467427845887	0.00143937411181618	0.0209576102742684	0.00510546253388674	0.00348446932249896	0.0293515396835255	-0.0392572740325062	-0.0319906101513636	-0.0120176500997126	-0.00556175104519737	-0.0219838682691894	-0.00991104288828884
0.0526238491161286	0.053702119620397	-0.0316778561610408	-0.0309885954172725	0.0167075685584627	0.00142425036272411	0.0209383738041966	0.00509022702607239	0.00345986843375783	0.0294072709643568	-0.039264284098361	-0.0319645396354246	-0.0120368195145511	-0.0055372898548591	-0.0219888443262988	-0.00989529887828814
0.0525776382814513	0.0536823285476659	-0.0317115947223121	-0.0308920009566249	0.016686525788042	0.00141214829008559	0.0209249976821241	0.00507879550576753	0.00345458364317818	0.0294481201743329	-0.0392792024908009	-0.0319448351757032	-0.0120278885956572	-0.00551365148811358	-0.0220154526810888	-0.00988051180234692
0.0525781453866536	0.0536909269843611	-0.0317126298874772	-0.0308268302547133	0.0166968229573158	0.00142528413090517	0.0209266223745492	0.005088980916319	0.00343028031203512	0.0294482025963906	-0.0392980296445524	-0.0319466750036687	-0.0120476321709314	-0.00552499080747256	-0.02203367633774	-0.00989480155197401
0.0525839763979884	0.053695685111962	-0.0317051224953082	-0.0308132431880526	0.0167153050560123	0.00144383328483502	0.0209338168422957	0.00510093630563454	0.00342817645408827	0.0294225176480434	-0.0393057884938465	-0.0319621899082887	-0.012050116008534	-0.00553456014806749	-0.022054935640685	-0.00989829121807709
0.0525461307036734	0.0536587111356808	-0.0317174201457107	-0.0308263455012555	0.0166896410624255	0.00140960857312186	0.0209210945087486	0.00507855801848269	0.00345908472571787	0.029434918675264	-0.0392756625332728	-0.0319427033780758	-0.0120192524403933	-0.0055070493415951	-0.0220394947762185	-0.00986981928659312
0.0525423560528286	0.0536496838248889	-0.031701234688757	-0.0308490073761651	0.0166934883564399	0.00139792140473979	0.0209226172213396	0.00506841312046804	0.00347363850532633	0.0294231644516485	-0.0392641038874214	-0.0319456733661203	-0.0120086772712978	-0.00551136043430691	-0.0220225270082089	-0.00986869890540229
0.0526066787854348	0.0536912524816397	-0.0316567603052271	-0.0309163364184006	0.0167447129667953	0.00143736664576729	0.020949344319772	0.00509858238754659	0.00346352992889642	0.0293624738775163	-0.039276849969697	-0.0319848615620865	-0.0120280394699323	-0.00555660595302057	-0.0220306462793823	-0.00990384143562215
0.0525820737057416	0.0536589807535983	-0.0316619417189886	-0.0309844156410594	0.0167165092562448	0.00140142923163524	0.0209328752750606	0.00507332910726417	0.00351232797799444	0.0293637968213912	-0.0392323211037899	-0.0319702169785162	-0.0119876456767494	-0.00552620338960927	-0.0220070609980298	-0.00987151662218769
0.052623821176448	0.0536740402414251	-0.0316104935911886	-0.0310913519744697	0.0167553062966831	0.00141610873980626	0.020955087321113	0.00508648869681224	0.00352041372155115	0.0293247203841472	-0.0392362605987502	-0.0319909202818179	-0.0119843879099951	-0.00554871718421187	-0.0220084523941222	-0.00988540264343055
0.052667218485292	0.053688223820266	-0.0315744276545259	-0.0312104741995602	0.0167778270762059	0.0014231844639104	0.020967259242953	0.00508965286563669	0.00354709192554258	0.0292750450290793	-0.0392097612087144	-0.0320106219475713	-0.0119769098544907	-0.00556826238775401	-0.0219857975041327	-0.00989924815213658
0.0526614070317336	0.0536700295002794	-0.0315698455469126	-0.0312872747935086	0.0167583140032964	0.00139808345488708	0.0209579162137707	0.00506790461828167	0.00358124539107029	0.0292758273401353	-0.0391723667402407	-0.032002016525956	-0.0119489254704327	-0.00555313025675777	-0.0219534545299059	-0.00988371368974015
0.0527284245465308	0.053723032471303	-0.0315362438900761	-0.0313175991258143	0.0168047455614502	0.00145381333873431	0.0209789561902232	0.00511520789446925	0.0035421591749381	0.0292474699613416	-0.0392132187441848	-0.032039672230443	-0.0119899115848436	-0.00559201530718986	-0.0219798673069319	-0.00992528094950687
0.0526825112694515	0.0536869539617841	-0.0315724788618063	-0.0313210887919174	0.0167503162697335	0.00139840057026154	0.0209484656168181	0.00506911580343435	0.00357197360807342	0.0292961716185417	-0.0391694791742538	-0.0319942562796779	-0.0119682555384345	-0.00555685880712972	-0.0219352336672227	-0.00988625759765597
0.0526885853560073	0.053700940565877	-0.0315731997055649	-0.0312873208939816	0.0167528364289208	0.00141817627616838	0.0209538915027847	0.00508263302089369	0.00354979508963765	0.0293056655219991	-0.039198989064871	-0.0320002074316391	-0.0119800404956985	-0.00556307818002441	-0.0219503713861551	-0.00989931660435398
0.0526951400050688	0.0537201910057892	-0.0315922154521603	-0.0312208635697798	0.0167546748599022	0.00143896898644793	0.0209536512215318	0.00510105644626098	0.00351283089224468	0.0293167799269295	-0.0392251797214365	-0.0319997995123028	-0.0120119084953557	-0.00557127568230339	-0.0219631733477918	-0.00990887756304474
0.05265327379072	0.0536982178440056	-0.031625878576294	-0.0311643374050364	0.0167255714916374	0.00141444772579643	0.0209384729900626	0.00508288308103479	0.00351211423943808	0.0293677181555591	-0.0392263210573877	-0.0319730682229183	-0.0120029468428131	-0.00554161631439523	-0.0219707296344018	-0.00988780126500741
0.0526357234803705	0.0536968501966417	-0.0316518331425587	-0.0310798520019474	0.0167184147424596	0.00142070202329183	0.0209390722962108	0.00508647752094001	0.00349653088260065	0.0293764311449446	-0.0392443631061152	-0.0319734747452706	-0.0120070861064894	-0.00553806657797892	-0.0219884811104514	-0.00988704549664801
0.052592449106121	0.0536812249302834	-0.0316968733046202	-0.0309601374556288	0.016692462970163	0.00141035176862499	0.0209335276666019	0.00508037409771968	0.00346177252298862	0.0294391487429021	-0.0392654645498651	-0.0319477269326421	-0.0120270699630165	-0.00551636443109685	-0.0219970879290507	-0.00988058723948446
0.0525793300291097	0.0536865236907034	-0.0317138368816777	-0.0308571615719392	0.0166955265561374	0.0014237195087933	0.0209367030112985	0.00509135020123127	0.00342730753002256	0.0294531199801707	-0.0392962862084849	-0.0319446186431788	-0.0120486156476874	-0.00552293444698268	-0.0220199076631555	-0.00989021944436067
0.0525719371896311	0.0536853893396722	-0.0317199556717224	-0.0308196274050626	0.0166995778098199	0.00142423918685188	0.0209345404800225	0.00508941118739977	0.00342431798420167	0.0294519185739062	-0.0393018238531737	-0.0319430260813863	-0.0120520745801419	-0.00552411350150269	-0.0220261605636669	-0.00989455009484888
0.052542083640943	0.0536566980816958	-0.0317199249380737	-0.0308269280435953	0.0166972392585563	0.00141946429544262	0.0209365605189276	0.00508872666522582	0.00345432240716486	0.0294460260952742	-0.039296585163067	-0.0319530536327426	-0.0120147387849973	-0.00550354151469964	-0.0220540471588429	-0.00987230172721168
0.0525643124508038	0.0536708579118082	-0.031702166477104	-0.0308301355189247	0.0167179257980497	0.00143666396280098	0.0209511897356736	0.00510449582093904	0.00343830738226263	0.0294148789393757	-0.0393005749494523	-0.0319642853843314	-0.0120379063681252	-0.00553021832170705	-0.0220449611747219	-0.00988838380734728
0.0525549568487652	0.0536548191381775	-0.0316870245672196	-0.0308813782900725	0.0167143816495695	0.00141441140421169	0.0209487408226718	0.005086624204263	0.0034682908504654	0.0294052998198926	-0.0392719996411502	-0.0319621521897199	-0.0120133096703362	-0.00552088786538099	-0.0220316074043938	-0.00987916510974349
0.0526071551569885	0.0536798377251432	-0.0316515900673378	-0.0309516004862309	0.0167550017541649	0.00144508498252451	0.020966673906645	0.00511018992783903	0.00346742611735178	0.0293481980977295	-0.0392763288946544	-0.0319914930452696	-0.0120244338541548	-0.00555715776171181	-0.0220264371665045	-0.00990052639252262
0.052607424774906	0.0536664951306874	-0.0316347354550344	-0.0310324229971973	0.016756724235472	0.00143136240841298	0.0209633895971941	0.00510156355146331	0.00350046339264076	0.0293436620905891	-0.0392555627270714	-0.0319956490727543	-0.011996559831835	-0.00554376766979905	-0.0220227477316854	-0.00988963969598886
0.0526170821254947	0.0536536889780985	-0.0315967137407319	-0.0311581054592854	0.0167657780889604	0.00141354946506613	0.0209683307297028	0.00508656692791783	0.00354232960698957	0.0293126392662691	-0.0392189044691806	-0.0320003862455948	-0.0119618461757119	-0.00554508502573789	-0.0219978017878892	-0.00988112228436736
0.0526537864838584	0.0536671922257176	-0.0315647926556817	-0.0312449838960152	0.0167809577174136	0.00141753086954723	0.0209815210528995	0.00508784377131984	0.00355498348831933	0.0292754487574635	-0.039200953224415	-0.0320153814721562	-0.0119622904166329	-0.00556481882212386	-0.0219717145081418	-0.00989432937137239
0.0526867860405786	0.0536851937619083	-0.0315555082998286	-0.0312908859972222	0.0167848329511086	0.00142310483582078	0.0209845245685607	0.0050911602114034	0.00354891219573166	0.0292666952555412	-0.0391946640023189	-0.0320212292472993	-0.0119774365174695	-0.00558088134448306	-0.02194452640498	-0.00990607800705171
0.0526862998901367	0.0536813101463092	-0.0315553238979368	-0.0313246091916691	0.0167791164924641	0.00141323095270764	0.0209810656361062	0.00508613665683707	0.00356257469952997	0.0292787707854832	-0.0391894057544357	-0.0320193908163179	-0.0119654727462498	-0.00557177859655364	-0.0219440067269214	-0.0098985175294897
0.0526907688420437	0.0536911658686299	-0.0315614496729016	-0.0313087855535788	0.0167699955837423	0.0014163364482029	0.0209764374280199	0.00508609055636412	0.00355352084604154	0.0292847149525243	-0.0391936763346107	-0.0320163300243115	-0.0119761806288279	-0.00557441749938339	-0.0219373026005688	-0.00990088821138599
0.0526960187080227	0.0537030765544565	-0.0315789762345226	-0.0312691140011387	0.0167657012548389	0.0014241567647942	0.0209726795409834	0.00509373205899978	0.00352776884246097	0.029306102778	-0.0392098841433089	-0.0320063639402525	-0.0119993845335406	-0.00557971765678736	-0.021932008031101	-0.00991378796190476
0.0526751072541007	0.0536987500949204	-0.0315942997523307	-0.0312222549658722	0.0167559656731445	0.00142821220942881	0.0209678166395803	0.00509778750363439	0.00351868146135586	0.029331437083356	-0.0392329860681875	-0.0320056165537973	-0.0119869248329907	-0.00555581386307643	-0.0219737513108553	-0.00990211057241089
0.0526447256454498	0.0536845958527441	-0.0316291517098727	-0.0311510925994626	0.0167287803639508	0.00140598898750412	0.020949437917702	0.00507873822942236	0.00350188971333381	0.0293723128360287	-0.0392266884641872	-0.0319702169785162	-0.0120093045171266	-0.00554750460207517	-0.0219430232501654	-0.00988948742472976
0.0526320270606312	0.0536986970095273	-0.031659061137922	-0.0310328770170065	0.0167214685495458	0.0014267733158795	0.0209473117080106	0.00509107359839363	0.00347249437540702	0.0293850281846557	-0.0392563967265364	-0.0319723431882075	-0.0120324860700948	-0.00555170952400083	-0.0219679035357122	-0.00990209660257061
0.0526149084183465	0.0537057629547433	-0.0316805607221199	-0.0309371417015364	0.0167282886255728	0.0014499101653588	0.0209498402491021	0.0051102765408488	0.00343322515436711	0.0294194526650849	-0.0393016338633458	-0.0319724298012173	-0.0120468554478115	-0.00554377186075114	-0.0220222601842594	-0.00990701119238272
0.052582976157424	0.0536946848713976	-0.031705899218428	-0.0308608915192952	0.0167062805391884	0.00143492052673346	0.0209379798547005	0.00509919845750314	0.00342120829775432	0.0294465737130134	-0.0393000385075853	-0.0319520142766254	-0.0120555418945005	-0.00552995010077359	-0.0220225870785221	-0.00989689982198475
0.0525508678765139	0.0536729701516593	-0.0317146722781267	-0.0308309290058528	0.0166992509155573	0.00142096186232112	0.0209381251410395	0.00508827963033672	0.00343445170634409	0.029446160205741	-0.0392955793345665	-0.0319452752256722	-0.0120352353346628	-0.00551858423871806	-0.0220242969869729	-0.0098864950849408
0.0525619236081152	0.0536776556360907	-0.0317016719447579	-0.0308280763644667	0.0167205213943745	0.00143733730910269	0.0209442411371161	0.00510103409451653	0.00342948123717084	0.0294225260299475	-0.0393085740799992	-0.0319607286629949	-0.0120342378880665	-0.00552739920793762	-0.0220412926946631	-0.009892739603548
0.0525497824199238	0.0536586524623516	-0.0317005809002317	-0.0308473030556504	0.0167129176103076	0.00142056930980913	0.0209395207280839	0.00508328261846693	0.00344887836040596	0.0294161739435701	-0.0392794762996705	-0.0319530438538544	-0.0120223285992239	-0.00552344714012112	-0.0220205544667607	-0.00988304313740649
0.0525270479018447	0.0536246303133226	-0.0316873514614822	-0.0309073649869698	0.0166994143626886	0.00138580955321307	0.0209477880795643	0.00506291738530009	0.00349194737800328	0.0294115443384998	-0.0392519640962141	-0.0319489786303316	-0.0119859651049632	-0.00550690964319225	-0.022004173432043	-0.00985839195724034
0.0526081735583453	0.0536810572922	-0.0316291363430484	-0.0309760183700643	0.0167749073795864	0.00145490997119665	0.0209922345234137	0.00512164659385641	0.00346817629777506	0.0293290328738431	-0.0392856593509804	-0.0320089595365774	-0.0120128207259262	-0.00556671173548242	-0.0220393886054323	-0.00991144382270501
0.0525928500405371	0.0536517862858518	-0.0316297524130049	-0.0310615487172066	0.0167509113849296	0.00141050683385215	0.0209712783660028	0.0050835019449594	0.00350504410327006	0.0293487792430853	-0.0392333017865779	-0.0319829993823766	-0.0119920685281835	-0.00554207033420448	-0.0219908308375872	-0.00988208620334699
0.0526549389956819	0.0536803252725691	-0.031575263050975	-0.0311805088921498	0.0167960130142883	0.00143728003275752	0.0209905190270268	0.00510553657404024	0.00352466474394974	0.0292758189582311	-0.0392289250356168	-0.032022096774381	-0.0119845178295097	-0.00557638445289546	-0.0219919526157621	-0.00990544796725487
0.0526386655287344	0.0536511548490709	-0.0315732080874691	-0.0312769133629696	0.0167665073146233	0.00139543617015316	0.0209765477897582	0.00506892301963842	0.00357841929238073	0.0292812490351497	-0.0391766009988309	-0.0320052449560457	-0.0119463424469641	-0.0055534753118128	-0.0219502903610814	-0.00987482747433513
0.052659266852202	0.0536644918555906	-0.0315582394036042	-0.0313138677814743	0.0167758880623744	0.0014035428684703	0.0209851462264533	0.00507756615982248	0.00357432193822526	0.0292745141751485	-0.0391802960215862	-0.0320135667899033	-0.0119502833389084	-0.00556474757593841	-0.0219452011482657	-0.00988853607860638
0.0526853555289335	0.0536901334974329	-0.0315520214276935	-0.0313239442272716	0.0167844529714528	0.00141505820781686	0.0209885255308182	0.00508617577238986	0.00355367311730064	0.0292746748283118	-0.0391910206679726	-0.0320151495728075	-0.0119749778255794	-0.00557974140551584	-0.0219378655851323	-0.00990332874248371
0.0526953746983856	0.0537016502337635	-0.0315604647991615	-0.0313107958135957	0.0167810387424873	0.00142588204006935	0.0209868323861757	0.0050957702586973	0.00354031236205248	0.02928587864022	-0.0392035320569315	-0.0320167756622166	-0.0119852093366038	-0.00558315563448139	-0.0219451690176331	-0.00990763704122747
0.0526857899909663	0.0537029061224051	-0.0315872156463224	-0.0312588461685295	0.0167660225611654	0.00142447807112075	0.020973738454877	0.00509631089151632	0.00351999881729469	0.0293130178489408	-0.0392101439823382	-0.0319992924071005	-0.0120045394046056	-0.0055759988853036	-0.0219396886492895	-0.00990653761479707
0.0526754495151877	0.0537090835857789	-0.0316018029535476	-0.0311972140271621	0.0167593701232219	0.00143825512760939	0.0209688741564899	0.00511180903232801	0.00350022590535592	0.029336048527634	-0.03923841055717	-0.0320026144351202	-0.0120125105954719	-0.00556517225908306	-0.0219771864945813	-0.00990420465146955
0.0526176241552978	0.0536745040401225	-0.0316389976533052	-0.0311325294756924	0.0167197837868075	0.00140678247443229	0.0209480632854179	0.0050783917773833	0.00350936637185411	0.0293799236050157	-0.0392255597010922	-0.0319684847183209	-0.0119957928876034	-0.00553502115279688	-0.0219632180512807	-0.0098748358562393
0.052616016226681	0.0536992935217075	-0.0316694169805249	-0.0309920250130624	0.0167198745907694	0.0014323989705621	0.0209502104498697	0.00509880031705503	0.00344555353841824	0.0294072611854686	-0.0392642938772492	-0.0319609060799666	-0.0120504862093015	-0.00555064362518711	-0.0219752865963026	-0.00990635041893726
0.0525844527695421	0.0536903053264684	-0.0316999299056744	-0.0308946636081831	0.0167096570495852	0.00142928928411475	0.0209448655889768	0.00509732230795292	0.00342885399134207	0.0294364050662702	-0.0392870060435839	-0.0319514764377745	-0.01205149483177	-0.0055311780497346	-0.0220094428557983	-0.0098959596517336
0.0525713364864989	0.0536866214795853	-0.0317056924647918	-0.0308367013438584	0.0167084989498256	0.00143389793442463	0.0209401535618488	0.0050994275628838	0.00342121388569044	0.0294431147805589	-0.0393014634312944	-0.031949684107266	-0.0120492107628835	-0.0055290280913148	-0.0220357690198146	-0.00989671542009299
0.0525588879618213	0.0536779727514652	-0.0317117707422996	-0.0308167174873313	0.016711070797422	0.00143600039538746	0.0209459217089023	0.0051028934802584	0.00342454569259831	0.029432856726838	-0.0392972822580972	-0.0319539295417284	-0.0120493211246218	-0.00552918315654196	-0.02203907568101	-0.00989286952306265
0.0525294800510383	0.0536512023465279	-0.0317127472341355	-0.0308269028978828	0.0167047298869169	0.00141826009521009	0.0209458839903336	0.00508823772081586	0.00344851374757454	0.0294315673105797	-0.039283037211959	-0.0319466135363714	-0.0120208380172656	-0.00551330643305855	-0.0220388898821342	-0.00987553993618965
0.0525576111184193	0.0536689845562261	-0.0316826492132424	-0.0308556570201405	0.016733307989187	0.00143637758107514	0.0209597322930076	0.00510519291596924	0.00344199961104984	0.0293985887086199	-0.0392900207351173	-0.0319689527079705	-0.0120309060811586	-0.00553595852907998	-0.0220435264721246	-0.0098941240147202
0.052569133442686	0.0536647041971629	-0.031662744984805	-0.030929317193993	0.0167408740546851	0.00142854329464356	0.0209553178234777	0.00509778331268231	0.00346901169422408	0.0293798244191497	-0.039266048489189	-0.0319727860321446	-0.0120169250650019	-0.00554012712942089	-0.022026460915233	-0.00989078242892414
0.0525968915153315	0.0536729939003878	-0.0316419159529407	-0.030989356773568	0.0167614572173604	0.00144177273339304	0.0209669602883709	0.00510739176883003	0.00347835192943834	0.0293430977090416	-0.0392587646144646	-0.0319926371751889	-0.0120174419490924	-0.00554819890313732	-0.0220234238719551	-0.00989717782180641
0.0526030452299768	0.0536567735188333	-0.0316224182468555	-0.031096034664933	0.0167573738330452	0.00141178367725416	0.0209611781714771	0.00507936966620322	0.003514859313054	0.0293398189875268	-0.0392217878442154	-0.031981789594208	-0.0119917304580486	-0.00554124052569157	-0.0219887046278959	-0.00988049643552261
0.052658723425415	0.0536847355511469	-0.0315696010747076	-0.0312041277011189	0.0167945224323299	0.00144327728519169	0.0209796630641416	0.0051060352973384	0.00353540056620843	0.0292699697861039	-0.0392233077628383	-0.0320249731644956	-0.0119819403939772	-0.00557049895918357	-0.0219992770030233	-0.00989860134853141
0.0526515736611573	0.0536660969902393	-0.0315664913882603	-0.0312906932134263	0.0167763085545669	0.00141341814856746	0.0209742343842071	0.00508435689918481	0.00357333427051714	0.0292733700452292	-0.0391787802939153	-0.0320122075244436	-0.0119579318264642	-0.00555773331913153	-0.0219612985952256	-0.00988755679280243
0.0526521785552417	0.0536633491226553	-0.0315632266365858	-0.0313244429505697	0.0167714819747486	0.00140937387980507	0.0209781249847263	0.00508172079032311	0.00357729192626976	0.0292799652068275	-0.0391818410859217	-0.0320115579268703	-0.0119486544555312	-0.00555151813718893	-0.0219522894452261	-0.0098799558027036
0.0526949625880972	0.0537007016816082	-0.0315547748832136	-0.0313088833424608	0.016786818065413	0.00142897915366044	0.0209841403979528	0.00509209479371843	0.00354126370817586	0.0292714743379026	-0.0391974174578389	-0.032019937037073	-0.0119923269702288	-0.00558079612845732	-0.0219410437237971	-0.00990525518345895
0.0526892992148458	0.0536984804770029	-0.0315709212246145	-0.0313084446894759	0.0167778689857267	0.00142794259151132	0.0209777841206234	0.00509490273161563	0.00354854199496412	0.0292955611365212	-0.03920247733399	-0.0320184925555876	-0.0119765103170586	-0.0055669464287992	-0.0219619509867669	-0.00990463771651837
0.0526710420305779	0.0536942601882529	-0.0315979402927089	-0.0312460344280046	0.0167537109409226	0.00142716447140747	0.0209707028085831	0.00509157651264388	0.00352500979900477	0.0293235497115314	-0.0392114808960534	-0.0319997352510375	-0.0119969356205387	-0.00555746509819807	-0.0219517320485988	-0.00989569282778416
0.0526439447313779	0.0536841278630946	-0.0316217518854739	-0.0311802155255038	0.0167362695953273	0.00141575809681512	0.0209622245125144	0.00508864144920009	0.00351241878195629	0.0293636194044196	-0.0392294810352601	-0.0319827102066827	-0.0119963838118474	-0.00554070827477673	-0.0219670946819597	-0.00988865901320088
0.0526457105191899	0.0537016069272586	-0.0316365040368145	-0.0310991681001089	0.0167454114588095	0.00144161906514991	0.0209677677451393	0.00510920505409897	0.0034783547234064	0.0293627253346414	-0.0392555878727839	-0.0319940201893771	-0.0120174168033799	-0.00555490163250585	-0.0219905640136378	-0.00990423817908623
0.0525729178724191	0.053664957051272	-0.0316955056572563	-0.0309671517124357	0.0166900978762028	0.00140405276764068	0.0209413549681133	0.00507702552700347	0.00345904980111716	0.029440762259455	-0.0392545750593633	-0.0319415760119648	-0.0120261717022862	-0.00551544381862209	-0.0219756260634215	-0.0098741680978737
0.0525890809776283	0.0536941065200098	-0.0316980733139006	-0.0308671919172635	0.0167181074059734	0.00144665798654055	0.0209493373348519	0.0051127017051222	0.0034092976119277	0.0294341265853198	-0.0393092222805884	-0.03195970048275	-0.0120603223738459	-0.00553557994640827	-0.0220198797234749	-0.0099034460891421
0.0525436273082945	0.053659605205459	-0.0317208846661013	-0.0308250714518215	0.0166936867281719	0.00142067268662723	0.0209372771717342	0.00509516536461298	0.00343221792888259	0.0294538953063065	-0.0392941027224484	-0.0319448491455435	-0.0120341387022005	-0.00550935157127399	-0.0220311352237922	-0.00987661421690753
0.0525399616222038	0.0536540843245786	-0.0317195212096895	-0.0308086429196469	0.0167005487137197	0.00142212555001683	0.0209401828985134	0.00509373485296784	0.00343427428937248	0.0294402607421888	-0.0392922251759142	-0.031943843317043	-0.0120313447341436	-0.0055156994666993	-0.0220273801307237	-0.00988651603970123
0.0525335061590083	0.0536423314979472	-0.0317064188964866	-0.0308279506359042	0.0167081524977866	0.00141931342116754	0.0209402988481878	0.00509420843055349	0.00345200341367762	0.0294210200811648	-0.0392863201244259	-0.0319511034430389	-0.0120134144441383	-0.00551404124665752	-0.0220354225677756	-0.00987616299106634
0.0525670910520364	0.0536616783297573	-0.0316710458639021	-0.03087340151127	0.0167400610099806	0.00144109659312327	0.0209534989502727	0.00510765440182738	0.00345228420746734	0.0293843757931144	-0.0392897944237047	-0.0319784494053959	-0.0120186768829735	-0.00553714037756805	-0.0220461164805134	-0.00989311539225166
0.0525780797284043	0.0536527739535599	-0.0316525917048862	-0.0309578994872152	0.0167439418316116	0.00143257219658163	0.0209553457631583	0.00509861591516327	0.00348448468932327	0.0293578582422862	-0.0392599185232721	-0.0319837104472471	-0.0119988369158014	-0.00553692524202767	-0.0220240413388957	-0.00988974866074308
0.0526015392811941	0.0536589556078858	-0.0316374917045226	-0.0310112852318627	0.0167512187214158	0.00142889673160276	0.0209579734901158	0.00509549924379578	0.00349292386983917	0.0293437892161356	-0.0392449302816308	-0.0319893081622491	-0.0120026688429915	-0.00554451226228622	-0.0220080472687539	-0.00989255240768819
0.0526206095101666	0.0536487450516218	-0.0315985284229849	-0.0311481407722104	0.0167666679677865	0.0014177697538161	0.0209657113846494	0.00508875320792236	0.00354176662242611	0.0293132609241618	-0.0392166734856872	-0.0320031620528593	-0.0119601963375743	-0.00554866549580282	-0.0220035950806552	-0.00988432277477655
0.0526553217693057	0.0536595632959382	-0.0315668783528362	-0.0312390676686546	0.0167809954359824	0.00142152484688459	0.0209715228382078	0.00509364823995808	0.00355441770978781	0.0292757323452213	-0.0391945676104209	-0.0320177800937331	-0.011965583107988	-0.00556665865008934	-0.0219677875860378	-0.0098944034115259
0.0526667295408821	0.0536594822708645	-0.0315585327702502	-0.0312966150287229	0.0167760417306175	0.00141100555715031	0.0209723805864013	0.00508909686599337	0.00357121225177792	0.0292646095583868	-0.0391769237021415	-0.0320168105868173	-0.0119591597754252	-0.00556720906179655	-0.0219453827561894	-0.00988992468073066
