0.0525927913672079	0.0536421387141512	-0.0317348419335296	-0.0311133740306942	0.0168087437297396	0.00151080749312728	0.0209640894861924	0.00515941685103379	0.00351414964516755	0.029285487484692	-0.0391736365987225	-0.0319335936452262	-0.0119285141367929	-0.00554874512389244	-0.022069612354888	-0.00997530694756591
0.0525875205464686	0.0536226968874272	-0.0317284898471522	-0.0312030003350079	0.0167867761558921	0.00148027920115342	0.0209568740636854	0.00513364948062891	0.00355662215058472	0.0292823400796759	-0.0391304488374828	-0.0319213406983126	-0.0119027160327394	-0.00553729683977924	-0.0220278551052934	-0.0099556108697487
0.0526176227583137	0.0536450430439464	-0.0317185265570613	-0.0312410262402625	0.0167944148645598	0.00148881197959923	0.0209596624438062	0.00514142229976324	0.00355064864687903	0.0292739749393135	-0.0391311920329859	-0.0319261295595622	-0.0119157973911819	-0.00555690490760266	-0.022005106617374	-0.00997691767015072
0.0526366147561806	0.0536590058993108	-0.0317094363819881	-0.0312657766062947	0.0168016274930987	0.00149414706160391	0.0209603930664531	0.00514183999798775	0.00354371262117775	0.0292785724137512	-0.0391395809220768	-0.0319268518003049	-0.0119212358500047	-0.00555771655532319	-0.0220102321517744	-0.00998508304179705
0.0526376010269047	0.0536647754433483	-0.0317198495009362	-0.0312620634227471	0.0167919296299731	0.00149752496898472	0.0209555231801299	0.00514331800708985	0.00353707694704258	0.0293004799172854	-0.0391452554712004	-0.0319242785557245	-0.0119246081694494	-0.00555183525256339	-0.0220180748201102	-0.00998226392802762
0.0526206751684159	0.0536560079715857	-0.03174251975775	-0.0312217017601969	0.0167719192307495	0.00149284786645745	0.0209486779583905	0.0051406302098191	0.0035281530130688	0.0293281010854961	-0.0391511172161838	-0.0319080120736971	-0.0119277653533537	-0.00553784864847048	-0.0220206732104031	-0.00997737448392802
0.0525955979081211	0.0536536400836575	-0.0317697204337681	-0.0311308628737465	0.0167507535257344	0.00148176279819164	0.0209387328290919	0.00513017099039805	0.00350227108997358	0.0293630829625527	-0.0391642586449395	-0.0318879835136811	-0.0119469194013678	-0.00553058293453848	-0.0220126922406485	-0.00997299214503075
0.0525842683676503	0.0536558333485822	-0.0317889624917761	-0.0310624413900007	0.0167465094882559	0.00148478307766117	0.0209366792625701	0.00513012908087719	0.00348702999422312	0.0293750215880599	-0.0391759905168105	-0.0318807834579985	-0.0119583607005609	-0.00553294942548268	-0.0220220548276073	-0.00997871139764326
0.0525822036252563	0.0536795625192896	-0.0318119037634914	-0.0309514510089399	0.016755352397156	0.00152232562644191	0.0209404259737344	0.00516270954238886	0.00344390509726466	0.0293856526365164	-0.0392212835329811	-0.0318948957906539	-0.0119856158589561	-0.00554071386271284	-0.0220752156578261	-0.00999105794248676
0.0525078840749424	0.0536330261873336	-0.0318601611797704	-0.0308512481385467	0.0167078549401885	0.00148160074804434	0.0209149449850553	0.00513354051587469	0.00344728021067741	0.0294536466431495	-0.0392153603207004	-0.0318518016273441	-0.0119718024808827	-0.0054988266936036	-0.0220698512391569	-0.00996072662526091
0.052519499997139	0.0536508558944888	-0.031864414996137	-0.0307789919336429	0.0167283221531894	0.00150727591750335	0.0209234316630282	0.00515087848465186	0.00341600313526429	0.0294430449313575	-0.0392490960880036	-0.0318642138304369	-0.0119975363236709	-0.00551418932696454	-0.0220958309511341	-0.00997503872663244
0.0525150226633278	0.053646937354289	-0.0318548777861748	-0.0307714216771926	0.0167460177498779	0.0015213728833345	0.0209320524514678	0.00516182385451482	0.00342404277834806	0.0294266317660072	-0.0392550262852044	-0.0318789729666976	-0.0119863897881078	-0.005521035945688	-0.0221252528317574	-0.00998092422034433
0.0524671913271774	0.0536065715007867	-0.0318726013225438	-0.0307730296058094	0.0167164254372031	0.00147812365479751	0.0209214367698356	0.00513484669594129	0.00344775937619917	0.0294386584015081	-0.0392188821174362	-0.0318495566740104	-0.0119633660943349	-0.00549593353968067	-0.0220871640622215	-0.00995047974741218
0.0525187595956039	0.0536430076382169	-0.0318280515018763	-0.0307984630970315	0.0167668090631734	0.00152294169639846	0.020955525974098	0.00517675901076305	0.00342713151003498	0.0293812172122261	-0.0392490541784828	-0.0318930950782412	-0.011980507088364	-0.00553696854853255	-0.0221193477802691	-0.00998666442771726
0.0525045578559706	0.0536177417850783	-0.0318211308429993	-0.0308761214391734	0.0167557365677639	0.00149523950311416	0.0209423524147096	0.00515290131752507	0.00347435236416487	0.029378414862265	-0.0392080471093115	-0.0318873590618204	-0.0119482619030192	-0.0055198331424395	-0.0220954397956061	-0.00996510337622206
0.0525300947240108	0.0536250396296429	-0.0318066133849756	-0.03092170782199	0.0167621626942948	0.00149730703947628	0.0209443305440939	0.00514913504858435	0.00348185137442963	0.0293472006511331	-0.0391917862152202	-0.0318922876214728	-0.0119513352678818	-0.00553410473127422	-0.0220715346049112	-0.00996775205794001
0.0525576614098443	0.053623571399429	-0.0317703295188045	-0.0310358511960031	0.0167856613626374	0.00149369304179466	0.0209499478168723	0.00514847148117083	0.00350827812129594	0.0293282980602441	-0.0391824809046067	-0.0319087762239607	-0.0119239920994928	-0.00553192962714191	-0.0220749250851482	-0.00996729803813077
0.0525959806817449	0.0536339509907604	-0.0317280539881353	-0.0311526083271335	0.0168083567651638	0.00150382676393709	0.0209664517861845	0.00515502892420041	0.00353676262563618	0.0292770538921122	-0.0391567456648345	-0.0319341147202688	-0.011912807845361	-0.0055551447077268	-0.0220583764123471	-0.00997956076393256
0.0525947373659596	0.0536241693085932	-0.0317242011061849	-0.0312265842193764	0.0167906625654593	0.00148134929091922	0.0209592405546296	0.00513536777098391	0.00356115676074108	0.0292761682042382	-0.0391209074365684	-0.031921656416703	-0.0119005507074953	-0.00554621797978496	-0.0220156538467889	-0.00996708010862233
0.0526498483858822	0.0536639470318195	-0.0316964262697311	-0.0312694408954013	0.0168268193060838	0.00152488210721399	0.0209770912165453	0.00517177038079743	0.00353765669541439	0.0292538080778787	-0.0391549798770225	-0.0319543654007453	-0.0119193792582308	-0.00556882397533345	-0.0220440936476402	-0.00999831387753056
0.0526215818110504	0.0536417601314795	-0.031728135013209	-0.0312632187285386	0.0167798890246319	0.00148036581416319	0.0209501210428919	0.00513100918081512	0.00354535407741118	0.0292951001317918	-0.039117889951067	-0.0319142579892883	-0.011922969507184	-0.00554588270361813	-0.021988071794131	-0.00996475552719897
0.0526392173374256	0.0536598203409994	-0.0317194625363603	-0.0312528698708558	0.0168018831411759	0.00150595856156451	0.0209666836855332	0.00515590902413833	0.00352973020803692	0.029295748332381	-0.039155105605585	-0.0319327652336973	-0.0119222989548503	-0.00555734914852371	-0.0220274555678613	-0.00998764371352121
0.0525866125068501	0.0536282037984674	-0.0317604891633081	-0.0311917937291317	0.0167571014211597	0.00147610780684445	0.0209431137710051	0.00513182501948774	0.00353123895078766	0.0293411782529865	-0.0391381518074157	-0.0318967453975076	-0.0119179068370648	-0.00552537497808039	-0.0220058526068452	-0.0099590670082351
0.0526072445639663	0.0536623139574902	-0.0317626558855362	-0.0311024971130487	0.0167716538037841	0.00150854158503313	0.0209452385837124	0.00515431227139381	0.00347363990231036	0.0293527131501094	-0.0391822056987531	-0.0318985544918245	-0.0119675710162605	-0.00555110043896442	-0.0220194634222345	-0.009991609751178
0.0525706785070215	0.0536452833251993	-0.0317902812446989	-0.0310383462094779	0.0167518292034363	0.00150208332786957	0.0209379086085151	0.00515109501717627	0.00347851397958564	0.0293696571693906	-0.0391882169210275	-0.0318918922749927	-0.0119506046452349	-0.00553093776848171	-0.0220409867551609	-0.00997578331911961
0.0525579519825222	0.0536580154376346	-0.0318320203335011	-0.0309057640432732	0.0167409802254713	0.00151327316993751	0.020930591206174	0.00515609342603009	0.00342452613482191	0.0294126535438184	-0.0392218646783369	-0.0318754497729778	-0.0119971940625839	-0.00552810747884005	-0.0220480359365685	-0.00998564882032857
0.052531236059962	0.053649247965872	-0.0318494379303679	-0.030833685255341	0.0167405052509016	0.00152068836116056	0.0209306973769602	0.00516297217538621	0.00341846322413841	0.0294372572265276	-0.0392493405602086	-0.0318796351371271	-0.011986739034115	-0.00551452320614734	-0.0221009481036303	-0.00997675841397147
0.0524939477622745	0.0536267788747583	-0.0318713929313592	-0.0307743693134927	0.0167193772644552	0.00149761577294657	0.0209209911319305	0.00514588985468624	0.00341275794136619	0.0294577034847681	-0.039238460848595	-0.0318544056055731	-0.0119909467500087	-0.00550290588696669	-0.0220804794936454	-0.00996210125754491
0.0524922252809674	0.0536251234486846	-0.0318666557585187	-0.030757495143413	0.0167336586321781	0.00150952785575722	0.020934713706042	0.00516229463813241	0.00341394118683829	0.0294320422851494	-0.0392489228619841	-0.0318672816073634	-0.0119849578794787	-0.00551211620266631	-0.0220984516931715	-0.00996764588715385
0.0524871388621198	0.0536145832041899	-0.0318542854649467	-0.0307724833850543	0.0167377587803017	0.00150448614039852	0.020940065551855	0.00516051627746418	0.00342912780021164	0.0294172328574637	-0.0392430792777931	-0.0318758548983461	-0.011969413638194	-0.00550815016500952	-0.0221045886440085	-0.00996305400065231
0.0525103148271519	0.0536249069161602	-0.0318260803574121	-0.030805164429416	0.0167643769139799	0.0015170673785588	0.0209526020865264	0.00516742017253282	0.00343502586677979	0.0293833448189014	-0.0392447137491064	-0.0318992376170144	-0.011970489315896	-0.00552674961036439	-0.0221103134845571	-0.00997231041682487
0.0525050048908597	0.0536020732122151	-0.0318232542587226	-0.0308812623403981	0.0167543284078632	0.00148799753791064	0.0209497284903799	0.00514405002672077	0.0034704855123741	0.029373899809885	-0.0392003581092188	-0.0318881413728763	-0.0119508994088649	-0.00552200126165167	-0.0220618004202009	-0.00995985071627506
0.0525262404450763	0.0536102329959253	-0.0318026669050952	-0.0309374085254858	0.0167652598078859	0.0014885353767616	0.0209623586229811	0.00514454316208281	0.00348132750541896	0.0293479508315564	-0.0391931370987758	-0.031900299324876	-0.0119447289304112	-0.00552861598102641	-0.0220563004940808	-0.00996329148793715
0.0525805426112464	0.0536274536180441	-0.0317421509539665	-0.031075756044776	0.0168187796630001	0.00151755771995279	0.0209886540533488	0.00517179971746203	0.00350500778168533	0.0292913436417393	-0.039195407197822	-0.0319384216220285	-0.0119271059768922	-0.00555638942049616	-0.0220810340963047	-0.00998487349419278
0.0525904025245193	0.0536185380659745	-0.0317251161307235	-0.0311806052840478	0.0168124345615428	0.00149929913870086	0.0209819736757247	0.00515845851999027	0.00353996870398148	0.0292681453249628	-0.0391518855573995	-0.0319366306885041	-0.0119130886391507	-0.00555093280088101	-0.0220377806768156	-0.0099731807378746
0.052631088287364	0.0536424376687333	-0.0317097101908577	-0.0312375072374949	0.0168245771467182	0.0015086924593082	0.0209864943160408	0.00515902290153776	0.00353581686744891	0.0292504259795458	-0.0391447274112376	-0.0319454093361389	-0.0119259576560208	-0.00557122259691031	-0.022015021013024	-0.00998900018501284
0.0525998978249607	0.0536084755900175	-0.0317200241239398	-0.0312773701767469	0.0167907491784691	0.00147122115671291	0.0209647139380531	0.00513082757289142	0.00357373799890137	0.0292869389510976	-0.0391199714572694	-0.0319249672688505	-0.0118857789983784	-0.00553303324452439	-0.0220047936929516	-0.0099606232484428
0.0526561180502019	0.0536628853239578	-0.0317037241142957	-0.031255482230989	0.0168217119324758	0.00151166105036867	0.020978599959296	0.00516194678910932	0.00352600026068094	0.0292662468236681	-0.0391542981488166	-0.0319425301520562	-0.0119428374140367	-0.00557721705537642	-0.0220064868375941	-0.0100025942365938
0.0526446110927595	0.0536587991456746	-0.0317252223015097	-0.0312396977084515	0.0168069863238318	0.00151121820643165	0.0209710492606222	0.00515719005849243	0.00352580328593293	0.0292941906951893	-0.0391597701352561	-0.0319376309290684	-0.0119338925253025	-0.0055587726752487	-0.0220234029171947	-0.00999145887690292
0.0526060864642068	0.0536413969156321	-0.0317648645172852	-0.0311640272745821	0.0167679029016677	0.00148512114779605	0.0209486849433106	0.00513652447375947	0.00351606770423862	0.0293395298118329	-0.0391536359783871	-0.031905255824209	-0.0119382636883275	-0.00553457830885986	-0.0220076351584655	-0.00997305361232801
0.0525965702090049	0.0536443305820919	-0.0317771076853106	-0.0310938819125452	0.0167656956669027	0.00149046880265698	0.0209490258074136	0.00514202859083159	0.00349063700698459	0.0293618424407354	-0.0391792901930857	-0.0318963095384907	-0.0119539266732546	-0.00553700906106938	-0.0220229181637368	-0.00998015587912868
0.0525730799225664	0.0536453154558319	-0.0318036601607394	-0.0310005396307158	0.0167520401480246	0.00150001439452343	0.0209488707421864	0.00514855669719657	0.00347396400260496	0.0293727291372692	-0.0391963208253766	-0.0318956599409175	-0.0119611448897296	-0.0055330290535723	-0.0220459167117973	-0.00997829928735486
0.0525497335254828	0.0536477853235943	-0.0318368413253833	-0.0308830476859865	0.0167400707888688	0.00150954741353362	0.0209402541446989	0.00515947552436298	0.00342741649477678	0.0294195895695197	-0.0392286526237312	-0.0318777897212255	-0.0119934319845953	-0.00552908397067594	-0.0220633846000891	-0.00998164087315093
0.0525187330529074	0.0536360073512503	-0.0318610021641555	-0.0308081902968216	0.0167265717322018	0.00150545844128232	0.0209338405910242	0.00515592299397862	0.00342004181609056	0.0294444908098269	-0.0392447891862439	-0.0318703004898489	-0.0119891167009314	-0.00550986007346035	-0.0220890653574843	-0.00996874251961619
0.0525053918554356	0.0536301763399156	-0.0318658720504787	-0.0307627464063759	0.0167276474099037	0.00150295783987139	0.0209304012163462	0.00515386942745679	0.00341137213320996	0.0294412749525934	-0.0392426406248081	-0.0318629216202106	-0.0119976299216008	-0.00551233832312683	-0.0220900907437612	-0.00996885148437041
0.0524897651920933	0.0536147508422733	-0.0318645560915239	-0.0307610057642765	0.0167293433485142	0.00149886467666801	0.0209356063788362	0.00515643708410109	0.00342560740045993	0.0294308338939648	-0.0392405870582863	-0.0318690487921594	-0.011976331503103	-0.00550547913154711	-0.0221013588169347	-0.00996284165907999
0.0524957331078628	0.0536116215980496	-0.0318506756582172	-0.0307795353604299	0.0167443637207882	0.00150333502555907	0.0209405461143608	0.00515683941550129	0.00343555392674254	0.0294072751553089	-0.0392349991221725	-0.0318770507166744	-0.0119701400698888	-0.00551464334677379	-0.0221005318023898	-0.00996769198762679
0.0525005974062499	0.0536048853410644	-0.0318262982869206	-0.0308391111413075	0.0167564476326344	0.00149545882960663	0.0209470867935821	0.00515099722829428	0.00345727144044893	0.0293897206540073	-0.0392214623469367	-0.0318849045608824	-0.0119539434370629	-0.00551711042056804	-0.0220969192016922	-0.00996271593051743
0.0525283289361988	0.0536137296469485	-0.0318077980274317	-0.030901434789769	0.0167683541275089	0.00149686000458717	0.0209500749424189	0.00515221958931918	0.00347022846731287	0.0293533697326028	-0.0392013527618471	-0.031894209871496	-0.0119539280702386	-0.00553504350454134	-0.0220697241136103	-0.00996967430796317
0.0525380170204362	0.0536039046582764	-0.0317807202860082	-0.0309968222562161	0.0167847700868273	0.00149762974278685	0.0209589583638559	0.00515553742638676	0.00350097189482712	0.0293382250287503	-0.0391937657415886	-0.0319134002410949	-0.0119207706543232	-0.00552506484762607	-0.0220859417011966	-0.00996152849409324
0.052564811174102	0.053605061361052	-0.0317427055566258	-0.0311068878338501	0.0168036293712115	0.00149360084084878	0.0209680499359131	0.00515360958842749	0.00352868247001558	0.0292911466669913	-0.0391614507070423	-0.0319250734396366	-0.0119116567305215	-0.0055472210143174	-0.0220486645793813	-0.00996493154718656
0.0526022936525695	0.0536186498246968	-0.0317193940841429	-0.0311913341213863	0.0168106240702419	0.00148988905428517	0.0209746199517989	0.00514884726987449	0.00353844878535852	0.0292631832376937	-0.0391372004612923	-0.0319304392552899	-0.0119181401333976	-0.00556222043183094	-0.0220108244730025	-0.00997700288617645
0.0526406688038312	0.0536444185920857	-0.0317009119854464	-0.0312475962561484	0.0168274074363598	0.0015098016646268	0.0209824402683902	0.00516645765053721	0.00354070351758045	0.029244494385361	-0.0391497425838998	-0.031953710215236	-0.0119201992878555	-0.00557605895561683	-0.0220211314211644	-0.00998704161340494
0.0526260731147019	0.0536311863593681	-0.0317020072209248	-0.0312830684745989	0.0168088554884619	0.00149352959466333	0.0209720914107074	0.00515597468238767	0.00355402515727581	0.0292701318362512	-0.0391343198802256	-0.0319397627266959	-0.0119104986307619	-0.00555618825479606	-0.0220156999472618	-0.00997032250855237
0.0526144977050421	0.0536280152056235	-0.0317252278894458	-0.0312449336045901	0.016781857375128	0.0014779755744905	0.0209595325242916	0.00513941483371435	0.00353873935803644	0.0292978507933439	-0.0391250634640531	-0.0319148824411491	-0.0119276396247911	-0.00555464319046059	-0.02197604515863	-0.00996944799655056
0.0526416718383636	0.0536608219785478	-0.0317280274454388	-0.0312115233345656	0.0168012083978901	0.00151753257424028	0.020964757244558	0.00517101461243804	0.00350610022319558	0.0292961017693402	-0.0391694819682219	-0.0319323894449937	-0.0119442078553686	-0.0055637012349011	-0.022020374255821	-0.00998950309926308
0.0525783437583856	0.0536222149279374	-0.0317725353565854	-0.0311467759188146	0.0167505090535294	0.00147463398869443	0.0209397177028319	0.00513538034384016	0.00351858926040998	0.029357943458312	-0.0391534613553836	-0.0318917819132545	-0.0119241192250394	-0.00551962918277135	-0.0220157977361438	-0.00995323180594824
0.0525713853809399	0.0536306569024213	-0.0317806560247429	-0.0310686859086079	0.0167485574668416	0.00148383592248987	0.0209363356044991	0.00514366585611294	0.00348608283905182	0.0293687100142193	-0.0391765129888371	-0.0318816412061919	-0.0119506800823724	-0.00553230960679765	-0.0220113790756618	-0.00996736509336413
0.0525634616875305	0.0536476777558241	-0.0318112220352855	-0.0309416721207407	0.0167471828345576	0.0015110044678753	0.0209347374547705	0.00516544763108464	0.00344177050566918	0.029387988393812	-0.0392136280605052	-0.0318879332222561	-0.0119797932295255	-0.00553712640772777	-0.0220476224292961	-0.00998027322578707
0.0525453134680168	0.0536520600947213	-0.0318383333043257	-0.030841445501619	0.016743518545451	0.00152365695222103	0.0209289273981961	0.00517369682177267	0.00340699258828075	0.0294234396575021	-0.0392442262016804	-0.0318820756682248	-0.0119993272571954	-0.00553041948740715	-0.0220787570123383	-0.00998302109337105
0.0525116489468991	0.0536303984603761	-0.0318528423804453	-0.0307954037020092	0.0167365420072129	0.00152032374832913	0.0209296845635396	0.00517304582721541	0.00341280124787107	0.0294397759887309	-0.0392538402457643	-0.0318769599127126	-0.0119831697399223	-0.00550849522006455	-0.0221143661352236	-0.00996914345403236
0.0524941433400385	0.0536170949814731	-0.0318632177808246	-0.0307573652238983	0.0167310616388692	0.00150782493222653	0.0209254782446299	0.0051653526361707	0.00341462989996432	0.0294333568471201	-0.0392458872156903	-0.0318665481907485	-0.0119869737274317	-0.00550905820462802	-0.0220984558841236	-0.00996143629314736
0.052473699875766	0.0535948186741553	-0.0318643940413766	-0.0307578485803722	0.016724766828837	0.00149732799423671	0.0209258442544453	0.00515630856157047	0.00343433016873362	0.0294291407493223	-0.0392355523278478	-0.0318644387448655	-0.0119693298191523	-0.00549883507550777	-0.022094155967284	-0.00995168255066068
0.0524864822796264	0.0535978333656887	-0.0318460460531469	-0.0307859251653761	0.0167363422384968	0.00149766047643548	0.0209336645710366	0.0051554116978242	0.00344018353181285	0.0294095131237224	-0.0392286037292902	-0.0318698506609918	-0.0119702043311541	-0.0055099019829812	-0.0220825805576242	-0.00996397880407915
0.052522200367266	0.0536136360490186	-0.0318116690701746	-0.0308488453260178	0.0167674558667786	0.00151116093008648	0.020948997867733	0.00516705695668542	0.00344782782841657	0.0293717610273374	-0.0392273296798563	-0.0318918447775358	-0.0119749652527231	-0.00553607587573837	-0.0220827817233243	-0.00997658518795195
0.0525468976479051	0.0536200719544377	-0.0317895645918923	-0.0309259825931171	0.0167893368276163	0.00152445882105336	0.0209618487238108	0.00517847730111805	0.00346693717294182	0.0293282407838989	-0.0392135400505114	-0.031916746017843	-0.0119578675651988	-0.00554573322632709	-0.0220916120593681	-0.0099752231285242
0.0525503412135352	0.0536010967203792	-0.0317651103864742	-0.0310274357642157	0.0167938309252359	0.00150157203171516	0.0209657616760745	0.00515954677054844	0.00349510176793954	0.0293254929163149	-0.0391844366822465	-0.0319099049870557	-0.0119389565924056	-0.00554027800369597	-0.0220635592230927	-0.00996306238255648
0.0525626723915544	0.0535901820841649	-0.0317419833158831	-0.0311343511428656	0.0167955897281277	0.00148547179078719	0.0209635865719422	0.00514793923025599	0.00354011119635239	0.0292833528930966	-0.039145775149259	-0.0319174221581128	-0.0119095263298781	-0.00554520237239628	-0.0220182815737464	-0.00995636384414003
0.0526116897671449	0.0536189934827678	-0.0317114061294682	-0.0312084695274794	0.0168180085278164	0.00150485075322995	0.0209747624441698	0.00516262432636313	0.00354107232136396	0.0292452878722892	-0.0391434282160912	-0.0319390139432566	-0.0119217974375841	-0.00556791174476287	-0.0220085809166528	-0.00997668157984991
0.0525946577378699	0.0535989886714803	-0.0317170611208154	-0.0312549835076908	0.0167900241437583	0.00147863215698387	0.0209601220515516	0.00514375945404285	0.00357024134787814	0.0292685783900116	-0.0391191542216127	-0.0319249546959942	-0.0118918237482695	-0.00554207312817253	-0.0219992602392149	-0.00995569329180638
0.0526128702186489	0.0536151224400249	-0.0317089069250413	-0.0312615367597683	0.0167974407319654	0.00148806040219192	0.0209712266775938	0.00515269596087288	0.00355262398229527	0.0292733351206285	-0.0391327706249381	-0.0319282892968702	-0.0119110504394532	-0.00555461664776405	-0.0219965375173435	-0.00996966732304303
0.0526337299841619	0.0536416148451406	-0.0317137740173965	-0.031240118200644	0.0168071246252506	0.00150742260082633	0.0209758590766322	0.00516579967105981	0.00351688913084735	0.029280381508068	-0.0391559437960021	-0.0319361738747268	-0.0119399680088422	-0.00556408819947698	-0.0220019410515655	-0.00997681429333261
0.0526169508089961	0.0536365926875583	-0.0317457523787919	-0.0311921443721228	0.0167857186389826	0.00150224398103285	0.0209648690032803	0.00516493493794619	0.00350623433366231	0.029312731467215	-0.0391566073634156	-0.0319181737355201	-0.0119472476926145	-0.00555431350222987	-0.0219963908340205	-0.00997964597995829
0.0525965534451966	0.053632601504189	-0.0317616570419558	-0.0311293708948041	0.01677488782181	0.00150218670468768	0.0209607213576998	0.00516380477786717	0.00349348126646653	0.0293455536069636	-0.0391776752795488	-0.0319095361832721	-0.0119508812480725	-0.00553984214467909	-0.0220251701019907	-0.00997565759055705
0.0525643823000052	0.0536182894028174	-0.0317904754254789	-0.0310536278177652	0.0167478575778434	0.00148841104518307	0.0209476833057622	0.00515099024337414	0.00348965213324453	0.0293697982647775	-0.0391757376627013	-0.0318873478859482	-0.0119518940614932	-0.00553010376901672	-0.0220220701944316	-0.0099658074561724
0.0525608535183494	0.0536440190546535	-0.0318216980185149	-0.0309205427373103	0.0167468545433109	0.00151380542085235	0.0209419417014053	0.00516672866543873	0.00342791940902703	0.0294021216812279	-0.0392199242675214	-0.031882383004711	-0.0119978017506363	-0.00553457132393972	-0.0220459837670307	-0.00998133912460078
0.0524952357815487	0.0536063186466776	-0.0318593984264908	-0.0308313522920134	0.0167140044638818	0.00148580566997	0.0209238437733166	0.00514561325184861	0.00343983987374185	0.0294527777190838	-0.0392213030907575	-0.0318579008596123	-0.0119722020183148	-0.00549721457403476	-0.0220680826573768	-0.00995598526146832
0.0525087697628164	0.0536263346338373	-0.0318567497447729	-0.0307661634293095	0.0167382896342325	0.00151355536071126	0.0209369083679507	0.00516565159075279	0.0034020318979957	0.0294379249848932	-0.0392517796943223	-0.0318673668233892	-0.0120020304212904	-0.00552089624728516	-0.0220856623043909	-0.00997881756842942
0.0524906732317118	0.0536085063236661	-0.0318673807932294	-0.0307564767420562	0.016733604149801	0.0015109262367697	0.0209337204503978	0.00516465414415647	0.00341793237020759	0.0294317866370722	-0.0392427188559137	-0.0318691465810414	-0.0119851017688336	-0.0055114777809653	-0.0220948404894579	-0.00996466053228504
0.0524869726210204	0.0535975860995157	-0.0318508754269332	-0.0307753094837438	0.0167463767747732	0.00151205360288067	0.0209382229299215	0.0051685531265799	0.00343068264343532	0.0294119257151396	-0.039241993821203	-0.0318776081133018	-0.0119711445014053	-0.00550847286832009	-0.0221059842310529	-0.00996098506730617
0.0524882536553745	0.0535936591774117	-0.0318374350435954	-0.0307927368594988	0.0167401252712459	0.00149073702359045	0.0209257576414356	0.00514906939033501	0.0034420219627943	0.0294024332086662	-0.0392127954580242	-0.0318657770555648	-0.0119760996037542	-0.005520446418428	-0.0220654758851797	-0.0099612910068084
0.0525094165664216	0.0535972312655725	-0.0318123158737798	-0.0308632161007185	0.0167563484467683	0.00149658898968565	0.0209286591772627	0.00514960164124985	0.00347594771992537	0.0293648780870292	-0.0392062729395953	-0.0318893176334283	-0.0119478958932037	-0.00552798314726152	-0.0220714256401569	-0.00996024466577109
0.0525399336825232	0.0536056872098967	-0.0317801000250995	-0.0309431389539705	0.0167829763593348	0.00151148223641303	0.0209437535896902	0.00516306437633209	0.00348699646660643	0.0293342855337901	-0.0391967217597928	-0.0319087343144398	-0.0119406245913356	-0.00553792268862399	-0.0220798005594075	-0.00998113656191666
0.052550381726072	0.0535900507676662	-0.0317512117923751	-0.0310644097404968	0.016791189228438	0.00149218010809184	0.020955430979184	0.00515066893704759	0.00352133852497799	0.0293136870042905	-0.0391698004805804	-0.0319104679716191	-0.0119152232307462	-0.00553212380792186	-0.0220593165825983	-0.00996237366943046
0.052599617031171	0.0536131568834969	-0.0317171309700168	-0.0311603490156351	0.0168148764896246	0.00150196458422715	0.0209657518971863	0.00515967110212697	0.00353224058833606	0.0292638146744746	-0.0391501588851403	-0.0319306348330539	-0.0119225154873747	-0.00556109725667206	-0.0220319412835766	-0.0099772655191738
0.0526067570165404	0.053607958705927	-0.031709923929414	-0.0312414760691197	0.01680925362891	0.00148780335713069	0.0209609113475277	0.00514345351454061	0.00356490626587347	0.0292602928777388	-0.0391265009606184	-0.0319324802489555	-0.0119003327779869	-0.00554955397764492	-0.0220166652632255	-0.0099644034872238
0.0526176227583137	0.0536153822790542	-0.0317019415626754	-0.0312734586214672	0.0168092340711336	0.00148650974992034	0.0209690501764775	0.00514343395676422	0.00355990226908353	0.0292700186805449	-0.0391272804777062	-0.0319295717282083	-0.0119040403735984	-0.00555435680873475	-0.0220069618121638	-0.00997354255673797
0.0526304400867748	0.0536336534331624	-0.031707027981523	-0.0312628764674516	0.0168080368558212	0.00149266625853375	0.0209707139844553	0.00515280911657919	0.00354198594891857	0.0292752587676357	-0.0391325904139984	-0.0319272820713856	-0.0119282375339553	-0.00556771337303083	-0.0219927586755465	-0.00998707793498968
0.0526150928202382	0.0536283420998862	-0.0317283208120848	-0.0312391081811915	0.0167894038828497	0.00148985832063655	0.0209584289069091	0.00515136463509376	0.00353785925809851	0.0293026480364976	-0.0391384158373971	-0.0319173048114544	-0.0119229988438486	-0.00555087412755181	-0.0219999475553569	-0.00997602779132459
0.0525918945034617	0.0536236510275186	-0.03174870280906	-0.0311720725056019	0.0167740957318658	0.00148965994890451	0.0209478816774942	0.00514667356272621	0.00352062885709153	0.0293311046011573	-0.0391509076685795	-0.031905947331303	-0.0119286957447166	-0.00553804143226641	-0.0220103830260495	-0.0099708393926429
0.0526151500965834	0.053656562574245	-0.0317536104139519	-0.031098681949667	0.0167904893394398	0.00151416723971572	0.0209479361598714	0.00516266483889995	0.00347300706854547	0.0293443689645075	-0.0391868841982644	-0.0319081950786048	-0.0119707966523822	-0.00556018223213342	-0.0220256394886243	-0.0100003562681802
0.0525633583107124	0.0536347668294331	-0.0318035470050331	-0.0309940785795842	0.0167424973501262	0.00148763292507922	0.0209297613976611	0.00513885743708699	0.00347713934730164	0.0293794807610787	-0.0391754876025602	-0.0318837227123943	-0.0119655244346588	-0.00553499461010034	-0.0220211272302124	-0.0099750121839359
0.0525409604657841	0.0536378723249283	-0.0318336562017985	-0.0308955758387537	0.0167402831304411	0.00149773451658899	0.020941338204305	0.00515591042112236	0.0034389388190435	0.0294252333849947	-0.0392171750029534	-0.0318752975017187	-0.0119809261835726	-0.00552920690527045	-0.0220595736276595	-0.00998686000548124
0.0525006435067229	0.0536160179067871	-0.0318622831985096	-0.030810074828276	0.0167235249100357	0.00148759241254239	0.0209315090246807	0.00515086451481158	0.00342747796207404	0.0294511446447545	-0.0392261995197772	-0.031857097593796	-0.0119826863834484	-0.00551263867469295	-0.0220697827869395	-0.00996801189696931
0.0525017918275943	0.0536211448381716	-0.0318559939764135	-0.0307706603208971	0.0167375478357134	0.00150382816092112	0.0209353172031423	0.00515867365553065	0.00341742805897332	0.0294381219596412	-0.0392435137398259	-0.0318665216480519	-0.0119884671033582	-0.00551911229868082	-0.0220940483995138	-0.00997553605294657
0.052469035346095	0.0535916964148517	-0.0318624201029444	-0.0307656200025225	0.0167245949998015	0.00148454978132841	0.0209294945737117	0.00514817951150888	0.00344222731944648	0.0294382448942357	-0.0392288621713355	-0.0318605202046657	-0.0119617455928618	-0.00550168911387791	-0.0220914220695403	-0.0099557435832314
0.0524883807809211	0.0536042022158745	-0.0318449075111637	-0.030764714756872	0.0167452144840615	0.00149926840505223	0.0209432520724239	0.0051580478066859	0.00342969916667928	0.0294051084330807	-0.0392303038588528	-0.0318719978254435	-0.0119824544840997	-0.00552733774064037	-0.0220787821580508	-0.0099726750296563
0.0525229267989608	0.0536210009488167	-0.0318035665628095	-0.0308286952283913	0.0167815262899132	0.0015210292252635	0.0209598272879216	0.00518003214434172	0.00343822775417301	0.0293639490926503	-0.0392394331494788	-0.0319036576744804	-0.0119734788617168	-0.00554706175813815	-0.0221053234576074	-0.00998730284941826
0.0525300863421066	0.0536064122446075	-0.0317904391038941	-0.0309178940555923	0.0167831649521786	0.00151283311996855	0.0209573308774627	0.00517463000710368	0.00347627740815609	0.0293396150278586	-0.039207485521732	-0.0319087468872961	-0.0119461133415834	-0.00554157859582646	-0.0220930677167258	-0.00997502475679216
0.0525123767755779	0.0535776609163178	-0.0317942458853717	-0.0309774460877414	0.0167598003943027	0.00147281651247341	0.0209445386947142	0.00513729560894318	0.00350892632188515	0.0293526167582115	-0.0391639066049643	-0.0318852621887937	-0.0119253555559046	-0.00552169252818138	-0.022047030108068	-0.00995109302340067
0.0525727963348086	0.0536022506291867	-0.0317345862854524	-0.0310928453503961	0.0168104745929509	0.00149704859743102	0.0209679661168714	0.00515692323454299	0.00352421770906063	0.0292828150542456	-0.0391648872877523	-0.0319240620232	-0.0119195636601226	-0.00555921831315378	-0.0220433169245204	-0.00997601242450028
0.0526136511327208	0.0536182949907535	-0.0317055332086126	-0.0311942817576863	0.0168320845388871	0.00151519402297664	0.0209812835656146	0.0051745769217106	0.00353914448340469	0.0292414824877957	-0.0391536932547323	-0.0319505083278428	-0.0119182043946629	-0.00557176183274529	-0.02203829197297	-0.00998343739461153
0.0525962642695027	0.0535944708251322	-0.0317125041589146	-0.0312652904558528	0.016802381864474	0.00148166920026174	0.0209712280745778	0.00514563420660904	0.0035759829522351	0.0292593443255835	-0.0391161395300793	-0.0319331158766885	-0.0118869091584574	-0.00554328291634118	-0.0220102377397105	-0.00995949588233183
0.0526069917098572	0.0536045053614086	-0.0317082810761966	-0.0312737855157298	0.0167993182784996	0.00148010318116584	0.0209665328112582	0.0051447834433357	0.00356386690975629	0.0292715246293276	-0.0391205665724655	-0.031925383570091	-0.0119004333608369	-0.00555180032796268	-0.0219899661044736	-0.00996740979685304
0.0525861151805359	0.0535957881810711	-0.0317256260298939	-0.0312509420328965	0.0167711327287415	0.00146282528270188	0.0209535017442407	0.005132132355974	0.0035681137412028	0.0292972961906846	-0.0391119835025946	-0.0319090667966386	-0.0118958959567125	-0.00554080326969067	-0.0219777173485121	-0.00995487046821361
0.0526113097874892	0.0536248049363261	-0.031733780225668	-0.0312130963385816	0.0167875207483793	0.00149224436935715	0.020960926714352	0.00515290131752507	0.00352819771655771	0.0292982615066482	-0.0391428247189909	-0.0319151199284339	-0.0119282570917317	-0.00555262315155544	-0.0219950804630018	-0.0099753851786715
0.052599224478659	0.053631182168416	-0.031749195944422	-0.0311491410127748	0.0167870359949214	0.00150309195033812	0.0209656052138633	0.0051642629886285	0.00350415422444394	0.0293209555121905	-0.0391699974553284	-0.0319163199377143	-0.0119373249150604	-0.00554865990786671	-0.0220302104203654	-0.00997466293792879
0.052574043841546	0.0536199043163543	-0.0317754718170132	-0.0310888038756018	0.0167694549509233	0.00148957892383086	0.0209484712047543	0.0051512193487548	0.0034964302997506	0.0293569515996518	-0.0391736757142753	-0.0318963276992831	-0.0119444453426534	-0.00553637902127254	-0.0220250597402525	-0.00996589127521411
0.0525641434157364	0.0536336743879228	-0.0318013760918529	-0.0309824081750105	0.0167670647112506	0.00152116333573023	0.0209489643401163	0.00517372895240533	0.00346004305676139	0.029368106517119	-0.0392074254514188	-0.0319021824593464	-0.0119663486552356	-0.00553955157200117	-0.0220582506837846	-0.00997934562839218
0.0525105802541173	0.0536085202935064	-0.0318482784336243	-0.0308616500816226	0.0167260855817599	0.00149895967158194	0.020932013335915	0.00515726968658205	0.00343314552627749	0.0294286043074553	-0.0392132452868814	-0.031860437782608	-0.0119863394966828	-0.00551398955824847	-0.0220494524783733	-0.00996178553915448
0.0525046095443797	0.0536146418775191	-0.0318523492450832	-0.0307910660666008	0.0167388009303869	0.00151703943887823	0.0209379561059721	0.00517085675324282	0.00341248972043273	0.0294305461152549	-0.0392454345928651	-0.0318678390039908	-0.0119947241948216	-0.00551864151506323	-0.0220868497408151	-0.00997003612682654
0.0524930550894803	0.0536073566058107	-0.031855186519645	-0.0307523737999646	0.0167433844349843	0.00151800196087384	0.0209373316541113	0.00517430031887297	0.00341110530926052	0.0294216738696902	-0.0392487859575493	-0.0318686422698071	-0.0119947227978376	-0.0055209423477581	-0.0220949396753239	-0.00997061587519835
0.0524761473917839	0.0535923935098819	-0.0318585490602015	-0.0307566751137883	0.0167395525077942	0.00150406704518998	0.0209380371310457	0.00516074538284485	0.00342202553341097	0.0294206582623015	-0.03923782102991	-0.0318651875283048	-0.0119840484428762	-0.00550852455672915	-0.022086746363997	-0.00995607466844614
0.0524895724082974	0.0535947097094011	-0.0318375244505733	-0.030786411315818	0.0167584537016992	0.00151420635526852	0.0209466788742457	0.00517182346619051	0.00343258952663416	0.0293929784207616	-0.0392376953013474	-0.0318824961604173	-0.0119735738566308	-0.005520446418428	-0.0221002328478077	-0.00996263211147572
0.0524823639707105	0.0535777559112317	-0.0318269185478292	-0.0308416313004948	0.0167491889036225	0.00148668018197181	0.0209399398232925	0.00514803003421784	0.00346121093540918	0.0293844735819964	-0.0392027930523804	-0.0318740807286299	-0.0119573800177729	-0.00551757421926549	-0.0220598544214492	-0.00994941105463041
0.0525210185187779	0.0535934328659991	-0.0317953718544986	-0.0309039395821321	0.0167785004225076	0.00150968850892049	0.0209553932606153	0.00516636684657536	0.00346973533195082	0.0293369621551886	-0.0392027399669874	-0.03190344253894	-0.0119531471561667	-0.00553913527076069	-0.0220671997634709	-0.0099661217775788
0.0525431034392838	0.0535922943240159	-0.0317673190182232	-0.030999961279328	0.0167962491045891	0.00150620303376949	0.0209598873582348	0.00516444599353623	0.00348679110995425	0.0293244689270221	-0.0391900204274083	-0.0319118901013601	-0.011942953363711	-0.0055376139551537	-0.0220612751542062	-0.0099624099910152
0.0525772541108434	0.0535976783004616	-0.0317237135587589	-0.0311346556853838	0.0168204085463772	0.00151440333001653	0.0209710827882389	0.00517112637116031	0.00352972601708484	0.029265457527692	-0.0391640504943193	-0.0319426041922097	-0.0119106578869412	-0.00555022313299455	-0.0220596686225735	-0.00996156341869395
0.0525833882677124	0.0535893285269235	-0.0317167300356007	-0.0312068196893417	0.0168030063163348	0.00149029557663746	0.0209662645903247	0.00515269596087288	0.00354797481944857	0.0292604158123333	-0.0391226899881887	-0.0319232825061122	-0.0119127938755207	-0.00555620362162037	-0.021997789215033	-0.00995706093917023
0.0526200996109962	0.0536154004398466	-0.0316998446896487	-0.0312424832946042	0.016820495159387	0.00151469110872639	0.0209772714274849	0.00517016245218068	0.00353718870576485	0.0292479533178155	-0.0391420368199988	-0.0319422046547776	-0.0119249210938717	-0.005569783703361	-0.0220064966164823	-0.00997549134945766
0.052643063234456	0.0536344078045378	-0.031695880048976	-0.0312579646716076	0.0168242362826152	0.00152015331627766	0.0209761398704219	0.00517497645914274	0.00352604356718583	0.0292521191241883	-0.0391437718741622	-0.0319430903426517	-0.011941676520309	-0.00557663730700461	-0.0220068011590005	-0.00998531773511383
0.0525993306494451	0.0536027228097883	-0.031733778828684	-0.0312421969128784	0.0167746028370682	0.00148337212379242	0.0209514733234314	0.00514644306036151	0.00354715339283983	0.0293002075053999	-0.0391221479583857	-0.0319127939500265	-0.0119153363864525	-0.00554075297826564	-0.0219868983275471	-0.00995140035988693
0.0526016761856289	0.053616892418789	-0.0317491805775977	-0.0311968466203626	0.0167783788848971	0.00149955338979404	0.0209539306183375	0.00516009857923968	0.00351921231528667	0.0293149359080119	-0.0391497314080276	-0.0319106942830317	-0.0119326380336449	-0.0055410896514165	-0.0220079327160636	-0.00995656500984013
0.0525742561831184	0.0536075102740538	-0.0317676822340706	-0.0311237284763132	0.0167609724639025	0.0014930322683492	0.0209535115231289	0.00515735490260779	0.0035009565280028	0.0293531182754777	-0.0391656402621436	-0.0318974788141225	-0.0119406567219683	-0.00553267980756519	-0.0220185218549993	-0.00995432424745849
0.0525802841692012	0.0536230377515301	-0.0317793568295964	-0.0310545121086552	0.0167722307581879	0.0015123595423829	0.02096063474469	0.00516973078411588	0.00347164640610175	0.029352641903924	-0.0391896753723532	-0.031901576168278	-0.0119642224455443	-0.00554949530431572	-0.0220352032412831	-0.00996852459010775
0.0525495491235911	0.0536227457818682	-0.0318231229422239	-0.0309333894024359	0.0167462789858912	0.00151638145940083	0.0209452776992652	0.00517028818074324	0.00343854207557941	0.029399132135407	-0.0392151577580163	-0.0318844337772648	-0.0119861956073279	-0.00553098945689076	-0.0220489733128516	-0.00996593318473496
0.0524985997190892	0.0535980373253569	-0.0318626729570535	-0.0308322575376639	0.0167139932880096	0.00149712682853661	0.0209273865248128	0.00515532508481444	0.0034294351366979	0.0294485644152539	-0.0392195261270733	-0.031855922730228	-0.0119821150169808	-0.005505473543611	-0.0220612094959568	-0.00994929091400396
0.0524767886074529	0.05359102306855	-0.0318730846790176	-0.0307619794621443	0.0167107341242712	0.00149494054853207	0.0209204616749837	0.00514884726987449	0.00342020805718995	0.029453575396964	-0.0392287085030923	-0.0318470225449827	-0.0119887716458764	-0.00549979200956726	-0.0220709283138428	-0.00994629158929486
0.0525074649797338	0.0536179666995068	-0.0318525559987195	-0.0307446917847922	0.016752943996691	0.0015356975575623	0.0209427337913494	0.00518372577011296	0.00339907308582343	0.0294132626288548	-0.0392592312071301	-0.031878059339143	-0.0120099513207318	-0.00552910771940443	-0.0221050272969934	-0.00997424384272025
0.0524977182221673	0.0536022296744263	-0.0318540326108375	-0.0307622840046625	0.016752160288651	0.00152304507321657	0.0209404301646865	0.00517402371603533	0.00341541081403623	0.0294060192666673	-0.0392399654003937	-0.0318754902855146	-0.0119948652902085	-0.00551985549418396	-0.0221007818625309	-0.00996376227155474
0.0524761418038478	0.0535750429682485	-0.0318503068544336	-0.0308009818592348	0.0167340260389776	0.00149366789608215	0.0209281073685714	0.00514790989359139	0.0034508536958222	0.0294071298689699	-0.039206109492464	-0.0318663107034636	-0.0119602270712229	-0.00550312102250708	-0.0220835780042205	-0.00994224452656442
0.0525178655258257	0.0535942808353044	-0.0318090748708337	-0.0308827068218835	0.0167791919296017	0.00152403693187677	0.0209516814740517	0.0051782342258971	0.00346162025172952	0.0293573008456589	-0.0392204886490689	-0.0319051426685027	-0.0119519415589501	-0.00553050889438497	-0.0220986500649035	-0.00996569849141818
0.0525114841027837	0.0535809927232257	-0.0318042804216481	-0.0309369880332933	0.016769390689658	0.00149854476732549	0.0209494127719894	0.00515741357593698	0.00348016102375519	0.0293462479080257	-0.0391864357663912	-0.0318951179111144	-0.0119442413829853	-0.00552166877945289	-0.022063770167681	-0.00994114510013403
0.0525408347372216	0.0535816437177829	-0.0317616975544927	-0.0310530802000261	0.0167933545536822	0.00149653590429257	0.0209609714178409	0.00515759518386068	0.00350629300699151	0.0293202556231923	-0.0391713902484048	-0.0319066262655409	-0.0119226021003845	-0.005537088689159	-0.0220503116235508	-0.00995468746330589
0.0525674081674109	0.0535856418860724	-0.031733291281258	-0.0311547163760324	0.0168045499836862	0.00149597431671313	0.0209677188506983	0.00515911230851559	0.00353680034420494	0.0292764657618363	-0.039145532074038	-0.0319232811091281	-0.0119097749930352	-0.00554873674198827	-0.0220235817311504	-0.00995475731250731
0.0526008757137806	0.0536025914932897	-0.0317141288513397	-0.0312303700460935	0.01681671631759	0.00150635251106054	0.0209774041409676	0.00516761295632874	0.00354487630887345	0.029251170572033	-0.039135958542491	-0.031939032104049	-0.0119103491534709	-0.0055593468356844	-0.0220131141298251	-0.00996530035097007
0.0526186998329997	0.0536111396385598	-0.0317047536915247	-0.0312683582327793	0.0168203247273355	0.00151320192375206	0.0209806102193129	0.00517893271791133	0.00354227093366038	0.0292589364062472	-0.0391400391328381	-0.0319448784822081	-0.0119200400316763	-0.0055643885510431	-0.0220130819991925	-0.0099685762785168
0.0525951117576792	0.0535932959615643	-0.0317227091272425	-0.0312624420054188	0.016785001986176	0.00147892971458193	0.0209601737399606	0.00515188012220026	0.00355569734715788	0.0292885454827303	-0.039116666193058	-0.0319157387923585	-0.0119144590804826	-0.0055486152043778	-0.0219787567046293	-0.00994924900448311
0.052626914099087	0.053628674582085	-0.0317210816408493	-0.0312242247133523	0.0168014039756541	0.00151323545136874	0.0209721053805477	0.0051730206815029	0.00351514709176386	0.0292863508208216	-0.0391510920704713	-0.0319290422712615	-0.0119486167369624	-0.00556667960484977	-0.0219981398580241	-0.00997797518706026
0.0526064887956069	0.053626711819525	-0.0317443009123863	-0.0311709339636187	0.0167831914948751	0.00151201029637579	0.0209639288330291	0.00516962740729778	0.00350524945992225	0.0293114336690526	-0.0391611238127796	-0.0319164093446922	-0.0119478078832099	-0.00554962103287828	-0.0220178499056816	-0.00997059492043792
0.0525856094723176	0.0536226186563216	-0.0317671918926766	-0.0311053567393549	0.016769978819934	0.00150606193838262	0.0209558347075683	0.00516461782257173	0.00348419132267729	0.0293498982272921	-0.0391748952813322	-0.0318987095570516	-0.0119609982064066	-0.00554142073663124	-0.022022188938074	-0.00996804961553808
0.0525744056604094	0.0536312631934897	-0.0317948689402484	-0.0310146142448025	0.0167623959906275	0.0015165616703405	0.0209496823899069	0.00517288238008408	0.00346516440020971	0.0293539830085913	-0.0391898988897978	-0.0318975752060205	-0.0119750853933496	-0.00554692485370336	-0.0220326327906707	-0.00997473837506633
0.0525404687274061	0.0536266964527007	-0.0318369642599779	-0.0308873503967941	0.0167397243368297	0.00150967034812812	0.0209290223931101	0.00515901731360165	0.00343082513580622	0.0294131634429888	-0.0392172420581868	-0.0318726376441285	-0.0119982040820365	-0.00552538475696859	-0.0220487553833431	-0.00996204956913585
0.0524901270109566	0.0535957560504384	-0.0318691116564407	-0.0308140422629168	0.016718775164339	0.00148742477445898	0.0209186232440023	0.00514455014700295	0.00343783799562907	0.0294487194804811	-0.0392175158670564	-0.0318491515486421	-0.0119744274138722	-0.00549923880389199	-0.0220660612214877	-0.00995226509300054
0.052510370706513	0.0536178325890401	-0.0318586356732113	-0.0307706868635937	0.0167496135867671	0.00151893374922082	0.0209311332359771	0.00516872774958345	0.00341123243480711	0.0294257796057498	-0.0392457084017346	-0.0318694986210166	-0.0119988201519931	-0.00552166458850081	-0.0220983441254013	-0.00997026523220721
0.052471438158624	0.0535828339481752	-0.031871483735321	-0.0307682016290071	0.0167313787542437	0.00149783789340709	0.0209270247059494	0.00515178931823842	0.00343977980342863	0.0294340315904059	-0.0392268393384623	-0.0318574468398031	-0.0119684846438151	-0.00549593353968067	-0.0220999045565611	-0.00994781988982199
0.0524775932702533	0.0535825070539125	-0.0318597853910667	-0.0307729318169274	0.0167411324967304	0.00150003674626788	0.0209349232536463	0.00515615629031137	0.00343797769403192	0.029413565774389	-0.039223388787912	-0.0318628475800571	-0.0119746006398917	-0.00550864330037156	-0.0220884967849847	-0.00995319827833155
0.0525028856660885	0.0535938519612076	-0.0318222665910145	-0.0308187403202045	0.0167700458751674	0.00151558378152058	0.0209489727220205	0.00516430489814936	0.00344556750825852	0.0293769661898275	-0.0392286959302361	-0.0318860361179455	-0.0119695142210441	-0.00552588627423481	-0.022099704787845	-0.00996733435971551
0.0525225747589856	0.053595883175985	-0.0318119652307886	-0.0308868935830168	0.0167746475405571	0.00150932249910504	0.0209434937506609	0.00515770833956699	0.00346304377845452	0.0293527788083588	-0.0391994179389677	-0.0318896375427708	-0.0119655384044991	-0.00553248283281718	-0.0220663364273413	-0.00996718069147237
0.0525071520553115	0.0535692175448498	-0.0318016834283392	-0.030964811764188	0.0167596495200276	0.00148790952791685	0.020937659945358	0.00514145862134798	0.00350877544761007	0.0293577855991168	-0.0391731099357438	-0.0318873129613475	-0.0119235171249231	-0.00550691243716031	-0.0220689292296981	-0.00994333138013856
0.0525672964086886	0.0535961919094553	-0.0317418519993844	-0.0310898516136231	0.0168052875912532	0.00151282753203243	0.0209649919378748	0.00516554961091871	0.00351773430618457	0.0292935424946001	-0.0391717059667952	-0.0319197271817597	-0.0119249741792648	-0.00554185240469604	-0.0220654912520041	-0.0099679671934804
0.0526028049487239	0.0536078734899012	-0.0317209615002229	-0.0311876712292637	0.0168187573112556	0.00151498726934043	0.0209777911055435	0.00516867047323829	0.00352838770638558	0.0292604535309021	-0.0391452945867532	-0.0319311126015917	-0.0119324703955615	-0.00555837872575268	-0.0220299827119687	-0.00997385408417631
0.0525800550638205	0.0535841177764973	-0.0317237959808166	-0.0312344492394566	0.0167922299815392	0.00148667180006764	0.0209687651917356	0.00514522768425675	0.00356178540355389	0.0292746287278388	-0.039119362372233	-0.0319198207796896	-0.0119038783234511	-0.00553910733108012	-0.0220056374713048	-0.00994743013127805
0.0526295460169966	0.0536227904853571	-0.0317033622954324	-0.0312553215778257	0.0168240854083401	0.00150846894186365	0.0209869637026744	0.00516671190163039	0.00352359046323186	0.0292652004826308	-0.0391416875739917	-0.0319269244434743	-0.0119432355544848	-0.00557084261725457	-0.0219955526436034	-0.00999043069665798
0.0526229187247656	0.0536231592891406	-0.0317190196924233	-0.031251309439696	0.0167987497060001	0.00149674545189684	0.0209687582068155	0.00515331203082943	0.0035297930723182	0.0292856858564241	-0.0391342332672159	-0.0319159162093301	-0.0119373682215653	-0.00555829211274292	-0.0219909817118623	-0.00997200168335458
0.0526279087517153	0.0536344301562822	-0.0317314193226599	-0.0312222018804791	0.0167989788113807	0.00151228550222939	0.0209638911144604	0.00516422527005974	0.00351466652925807	0.0293031034532909	-0.0391556182987235	-0.0319192633830623	-0.0119454763168664	-0.00555184922240367	-0.0220162335951607	-0.0099774275693211
0.0525907098610055	0.0536184430710605	-0.0317633879051671	-0.0311466362204118	0.0167678819469073	0.00149339269022854	0.0209524414333631	0.00514801466739353	0.00350556378132865	0.0293443144821303	-0.0391565850116712	-0.0318917986770628	-0.0119503545850938	-0.00553493453978712	-0.0220142275260958	-0.0099628374681279
0.0525937580801556	0.0536292473455366	-0.0317778858054144	-0.0310855852244002	0.0167724500846803	0.0015051133862273	0.0209496334954659	0.0051600259360702	0.00347854890418636	0.0293606843409758	-0.0391824375981018	-0.031887878739879	-0.011969658110399	-0.00554216812308647	-0.0220285466123875	-0.00997530135962979
0.052547286009465	0.0536115866734489	-0.0318138302044666	-0.0309931188515566	0.0167465192671441	0.00150602701378191	0.0209452721113291	0.00516080545315807	0.00347481336889426	0.0293880624339655	-0.0391918951799745	-0.0318832770744892	-0.0119551546222156	-0.00551885804758764	-0.0220646698253953	-0.00995956852550131
0.0525213412220885	0.0536130004212857	-0.0318530519280496	-0.0308595615905001	0.0167280176106712	0.00150330568889447	0.0209377451613838	0.00515967110212697	0.00342068303175962	0.0294348949265355	-0.0392180634847955	-0.0318517108233822	-0.0120023112150802	-0.00551963477070746	-0.0220486827401737	-0.00996564261205704
0.0525127162426968	0.0536209380845354	-0.0318578771108839	-0.0307912071619877	0.0167435995705246	0.00152230746564954	0.0209445875891551	0.00517668357362551	0.00340461492146431	0.0294364623426154	-0.0392500907406319	-0.0318638897301423	-0.0120060858659251	-0.00552320825585225	-0.0220987031502966	-0.00997084777454707
0.0524701543303018	0.0535879203670228	-0.031870353575242	-0.0307612376636252	0.0167226964985068	0.00149612938194029	0.0209322452352637	0.00515531111497415	0.00342586723948923	0.0294448624075785	-0.0392294419197073	-0.0318481582929979	-0.0119864428735009	-0.00550188888259398	-0.0220899901609111	-0.00994767320649901
0.0524833837690513	0.0536011721575167	-0.031860633360372	-0.0307345524747136	0.0167401280652139	0.00151257747189134	0.0209422783745561	0.00516778059441216	0.00340813951216811	0.0294170540435081	-0.0392411346760255	-0.0318608568778165	-0.0120046846909445	-0.00551943779595945	-0.0220918705014134	-0.00995934361107273
0.0524807630270139	0.0535896554211861	-0.031848703116769	-0.0307705890747117	0.0167466491866588	0.00151029200602078	0.0209469666529556	0.00516567394249725	0.00343368196814441	0.0293956578361282	-0.0392308361097677	-0.0318763745764046	-0.0119775552611119	-0.00551112853495819	-0.0221069635168569	-0.00994718985002516
0.0525065066486903	0.0535940754786522	-0.0318175503729344	-0.0308458082827399	0.0167712528693679	0.00151274510997475	0.0209604168151816	0.00517297737499802	0.00344845088329326	0.0293719146955806	-0.0392240244156449	-0.031888025423202	-0.0119757503577471	-0.00552830026263598	-0.0220936251133531	-0.00996525564748116
0.0525135167145451	0.0535891720647123	-0.0318125296123361	-0.0309017407292713	0.0167668635455505	0.00150453363785549	0.0209576815204539	0.00516398359182281	0.00347193418481161	0.0293439219296183	-0.0391965625036135	-0.0318944934592537	-0.0119600007598103	-0.00553108026085261	-0.0220721758205802	-0.0099430240436523
0.0525344575051317	0.0535870905585099	-0.0317775295744872	-0.0310042262715669	0.0167891677925489	0.00150318973922011	0.0209698380754695	0.00517068632119135	0.00349573599868846	0.0293278258796425	-0.0391865070125767	-0.0319027663986702	-0.0119401328529576	-0.00553615690081202	-0.0220673729894904	-0.00996329986984132
0.0525664428514472	0.0535912032794897	-0.0317388610565795	-0.0311170578775773	0.016804881068901	0.00150446378865406	0.0209778399999845	0.00516925580954621	0.00352698373743698	0.0292770203644956	-0.0391588579046855	-0.0319209383669124	-0.0119265653440732	-0.00555419475858745	-0.0220388521635654	-0.00996276342797439
0.0525932230352727	0.0536002585299621	-0.0317230108757926	-0.0311960237967698	0.0168064931884698	0.00149778341102998	0.0209743335700731	0.00515933442897611	0.00354129164785643	0.0292590523559215	-0.0391331282528494	-0.0319239083549569	-0.0119242826721707	-0.00555855055478818	-0.0220094344738942	-0.00996343118634
0.0525859740851491	0.0535903720739927	-0.0317280693549597	-0.0312401084217558	0.0167874648690182	0.00147991738229005	0.0209671293234383	0.0051476598334503	0.00356497751205891	0.029270757685096	-0.0391174219614174	-0.0319179697758519	-0.0119040613283588	-0.00554438653372366	-0.0219921188568615	-0.00995011653156478
0.0526294831527153	0.0536284720194008	-0.0317083201917494	-0.0312514505350829	0.016815439474188	0.00151035067934998	0.0209803517772677	0.00517190169729611	0.00353262475894389	0.0292547440571778	-0.0391427562667735	-0.0319321505607248	-0.0119362799710071	-0.00557477233332662	-0.0220008681678317	-0.0099767695898437
0.0526290947911554	0.0536317493439316	-0.0317111225417104	-0.0312525988559543	0.0168172639353292	0.00151879125684991	0.0209830926599315	0.00518065519921842	0.00352664846127015	0.0292662244719236	-0.0391519288639043	-0.0319385738932877	-0.0119340308267213	-0.00556646586629342	-0.0220245693988585	-0.00997422987287997
0.0526137880371556	0.0536271937790148	-0.0317427237174182	-0.0311934966526624	0.0167939329050699	0.00151197816574313	0.0209677188506983	0.0051760102273238	0.00350371976241109	0.0292989739685028	-0.0391533104811085	-0.0319169332137028	-0.011955908993591	-0.00556000202119375	-0.0220056332803527	-0.00996530733589021
0.0525964053648895	0.0536281618889465	-0.0317646214420642	-0.031129317809411	0.0167767961019929	0.00151220866810783	0.0209600144837814	0.00517145745637506	0.00348671706980074	0.0293338273230287	-0.0391751635022656	-0.0319069797025001	-0.01196106526164	-0.00554376766979905	-0.0220279109846545	-0.00995676198458815
0.0525730715406622	0.0536202731201378	-0.0317835072691449	-0.0310634458215172	0.0167646381499932	0.00150952785575722	0.0209542714824404	0.0051706988940476	0.00347565435327939	0.029354705249334	-0.0391813982419846	-0.0318933437413983	-0.0119683728850928	-0.00554188872628078	-0.0220317093842279	-0.00995917457600529
0.0525518904688228	0.0536297809934355	-0.0318212062801369	-0.0309322103479159	0.0167536494736254	0.00152308139480131	0.0209442215793397	0.00517687635742144	0.00343062397010612	0.0293901634979443	-0.0392149845319968	-0.0318844617169454	-0.0119988969861146	-0.00553671709140743	-0.0220484201071763	-0.00996339067380317
0.0525067147993105	0.0536085216904904	-0.0318588941152566	-0.0308289704342449	0.0167284339119117	0.00151217094953906	0.0209290643026309	0.00516922926684967	0.00341703131550924	0.0294322937422745	-0.0392274595993709	-0.031862202173436	-0.0119985645039158	-0.00551461401010919	-0.022060872822806	-0.00995188231937675
0.0524918564771839	0.0536014194236898	-0.0318652811262347	-0.0307693080403576	0.0167324404621053	0.00151555165088792	0.0209311262510569	0.00517290054087645	0.00340733624635175	0.0294367920308461	-0.0392441954680318	-0.0318612801639772	-0.0120007493869364	-0.00550933341048162	-0.0220874434590272	-0.00995183202795172
0.0524998863413794	0.0536064988576172	-0.031862794494664	-0.0307477553707666	0.0167477569949933	0.00152968354131979	0.0209375020861628	0.00518488666384061	0.00340023397955107	0.0294160551999277	-0.0392482131940977	-0.0318750208988811	-0.0120083657438595	-0.00552289533142988	-0.0220964009206177	-0.00996105771047565
0.0524692993760764	0.0535767165551146	-0.0318645924131086	-0.0307664735597639	0.0167346937973432	0.00150414807026363	0.0209282610368146	0.00516590025390986	0.00343323772722336	0.0294188617408409	-0.0392265194291198	-0.0318663358491762	-0.0119724339176636	-0.00549986046178466	-0.0220999646268743	-0.0099349383000956
0.0524815132074372	0.0535808390549826	-0.0318405098054421	-0.0307949175515673	0.01675240615784	0.00151334441612296	0.0209413465862091	0.005169687477611	0.00343950599455905	0.0293920717781272	-0.0392242297722971	-0.0318786642332273	-0.0119736758364649	-0.00551547455227072	-0.0220965797345733	-0.00994666318704643
0.0524961270573589	0.0535791361314519	-0.0318274158741434	-0.0308505775862131	0.0167541006994665	0.00150229846340996	0.0209376990609108	0.00515852976617572	0.00345521507995904	0.0293746555782444	-0.0391985518088701	-0.0318754944764667	-0.0119728306611276	-0.00552837569977352	-0.0220576695384287	-0.00994684619195416
0.0525109504548848	0.0535803920200934	-0.0317983097119105	-0.0309185450501496	0.0167725674313387	0.00151153392482208	0.0209574621939614	0.00517051449215585	0.00347768277408871	0.0293376005768896	-0.0391981676382622	-0.0319019994544386	-0.0119471666675409	-0.00553255128503457	-0.0220766866820081	-0.0099452773788902
0.0525636572652945	0.0536012475946543	-0.0317488439044468	-0.0310380137272792	0.0168179652213115	0.00152921555167026	0.0209775131057218	0.00517970245611101	0.00348291447927528	0.0293000063396998	-0.0391964004534662	-0.0319275013978781	-0.0119512779915366	-0.00555331465864952	-0.0220819379449711	-0.00995493193551087
0.0525749407052923	0.0535881005779625	-0.0317325983771799	-0.0311397854107363	0.0168083721319881	0.00150288100574982	0.0209718315716781	0.00516128042772775	0.00352329989055394	0.0292737835525016	-0.0391437886379705	-0.031919101332915	-0.0119331772694799	-0.00556013613166048	-0.0220239170073172	-0.00995198569619485
0.0526010503367842	0.0535990780784581	-0.0317166140859263	-0.0312143703880156	0.016812442943447	0.00150684005848647	0.0209774893569934	0.00516119381471799	0.00354111702485287	0.02925387094216	-0.039133258172364	-0.0319328225100425	-0.0119264689521753	-0.00556569892206179	-0.0220091844137531	-0.00995466511156143
0.0526043849376601	0.0535983446618431	-0.031716699301952	-0.0312491231596915	0.0168025229598609	0.00149785884816752	0.020970206879253	0.00515344195034408	0.00355234179152152	0.0292670850140852	-0.0391248050220078	-0.0319273197899544	-0.0119196921826532	-0.00555615053622729	-0.0220023629407421	-0.0099500341095071
0.0526168586080502	0.0536104383525775	-0.0317106405822206	-0.0312528992075204	0.0168083358104033	0.00150487869291051	0.0209701412210037	0.00515941126309767	0.00354405069131263	0.029267958129103	-0.0391348172065398	-0.0319308052651054	-0.0119274021375063	-0.00556649799692607	-0.0219985617472007	-0.00996044862543924
0.0526282691735946	0.0536259392873572	-0.0317190560140081	-0.0312258424208572	0.0168083469862755	0.00151485874680981	0.0209709347079318	0.00516659734894006	0.00351489284067068	0.029284554299361	-0.0391505640105085	-0.0319257202432418	-0.0119493403746891	-0.00557513694615805	-0.022001277484152	-0.00996745589732598
0.0526096795071279	0.0536226605658425	-0.0317539624539271	-0.0311685255631537	0.016783185906939	0.00151014951364988	0.0209541778845105	0.00516157519135775	0.00350198051729566	0.0293141102904511	-0.039156770810547	-0.0319064684063457	-0.0119578717561509	-0.00555483457727248	-0.0220008458160872	-0.00995823999369025
0.0526086974273559	0.0536350448292547	-0.0317576714465227	-0.0311124883428202	0.0167905857313378	0.00152997690796577	0.0209531063977607	0.00518131317869582	0.00347817730643479	0.0293345635336117	-0.0391908334721128	-0.0319125466838535	-0.0119722201791072	-0.00555203921223154	-0.0220434691957795	-0.00997019677998981
0.0525731791084324	0.0536215653303641	-0.0317983083149264	-0.0310251391224729	0.0167589789676939	0.00151551393231916	0.0209432255297274	0.00516662668560465	0.00346936932213537	0.029361920671841	-0.0391854480986831	-0.031889794004982	-0.0119802905558396	-0.00553990361197634	-0.022031467705991	-0.00996002813324668
0.0525212322573343	0.0535984298778689	-0.031841046247309	-0.0308984061283953	0.0167289144744175	0.00150098390143918	0.0209373903274405	0.0051618867187961	0.0034395283463035	0.0294211961011524	-0.0392096117314233	-0.0318663931255213	-0.0119885397465276	-0.00551093714814629	-0.0220492834433059	-0.00994534443412357
0.0525254790887808	0.0536229944450253	-0.0318581006283284	-0.0307993431969694	0.0167419678931794	0.00152832008490802	0.0209395360949082	0.00518191388182805	0.00339243322073617	0.0294274322378555	-0.0392501130923764	-0.0318719587098907	-0.0120265824155906	-0.00551976608720614	-0.022078497173309	-0.00995571564355083
0.0524867365307196	0.0535945113376691	-0.0318732844477337	-0.030754356120301	0.0167242806783951	0.00150656485263286	0.020930834281395	0.00517059691421353	0.00340362445978814	0.0294437196746432	-0.0392359490713118	-0.0318512009242119	-0.012019190973096	-0.00550937951095456	-0.0220749055273718	-0.00994260215447571
0.052491370326742	0.0535983181191466	-0.031860536968474	-0.0307546620598033	0.0167476005327821	0.00153263397158789	0.0209437605746103	0.00518942406796504	0.00340848177325508	0.0294102660981138	-0.0392541587581228	-0.0318787536402051	-0.011999849729222	-0.00551386522666994	-0.0221154222551492	-0.00994460682655654
0.0524869768119725	0.0535893201450193	-0.0318556992127835	-0.0307694491357445	0.0167453080819914	0.00152323366606041	0.0209409316819527	0.00518051550081557	0.00341537588943552	0.0294017375106201	-0.0392345241476028	-0.0318721277449581	-0.0119976718311217	-0.00551445894488203	-0.0220997662551422	-0.00993970201563263
0.0524942774505052	0.0535787840914767	-0.0318326629461542	-0.030842570073762	0.0167539498251915	0.00150784728397099	0.0209426443843716	0.00516655963037129	0.00343273481297312	0.0293915814367332	-0.0392133654275078	-0.0318672187430821	-0.011987331355343	-0.00551558491400897	-0.0220745171658119	-0.00993512828992347
0.0525198101275933	0.0535876647189456	-0.0318042021905425	-0.0308980177668354	0.0167809353656692	0.00152050535625283	0.0209669253637702	0.00517874831601957	0.00345314894058096	0.029331238711624	-0.0392036577854941	-0.0318984147934216	-0.0119757685185395	-0.00554271294685757	-0.0220628425702861	-0.00995336032847885
0.0525568232194273	0.0535996662087341	-0.0317647974620518	-0.031008749705851	0.0168142157161791	0.00152884115995063	0.0209845594931614	0.00518916283195172	0.00346747501179278	0.0293064045265501	-0.0392047767697009	-0.0319208796935832	-0.0119633423456064	-0.00555024688172303	-0.0220742433569423	-0.00996011195228838
0.052547288803433	0.0535674447721177	-0.0317514436917238	-0.0311299310853995	0.0167938630558685	0.00148779078427443	0.0209746674492559	0.0051562708430017	0.00353516587289165	0.0292834590638827	-0.0391403716150369	-0.0319153490338146	-0.0119142034324054	-0.00553671429743937	-0.0220258196995639	-0.00993211778934214
