0.0523679900943327	0.0534639184767209	-0.0321649663309713	-0.0306834480049846	0.0168416804221786	0.00171793133010642	0.0208851556976325	0.00533366127191916	0.00341290881564126	0.0293956047507351	-0.0391519651854891	-0.031681743967592	-0.0117607293700551	-0.00553914365266486	-0.022256996807545	-0.0101798575399646
0.05237551425031	0.0534568245918244	-0.0321489038086121	-0.0307628944866829	0.0168486457845444	0.00171316202663327	0.0208855943506174	0.00532889196844601	0.00344034837592821	0.0293686848685068	-0.0391238774246129	-0.0316865356228096	-0.0117358155568916	-0.00553955436596923	-0.0222425659625311	-0.010177518988701
0.0524011698619926	0.0534632577032754	-0.032122734106807	-0.0308384252221495	0.0168666123961344	0.0017100956466908	0.0208909545783346	0.00532575853327018	0.00344821199902439	0.0293526097732913	-0.0391168855195505	-0.0316940499998987	-0.01173494802981	-0.0055481192750477	-0.0222239958538408	-0.0101795124849096
0.0524457601951969	0.0534748121581748	-0.0320754839160125	-0.0309624788008605	0.0168939248308748	0.00172764036910419	0.0209052806495465	0.00533856468585904	0.00347907836113314	0.0292921245558112	-0.0390996537215595	-0.0317243603623641	-0.0117159727957514	-0.00557069593393159	-0.0222190351635558	-0.0101895051116651
0.0524647088865589	0.053475119494661	-0.0320559987827836	-0.0310530983608184	0.0168960203069175	0.00172088455434257	0.0209085384163008	0.00533985549910134	0.00349858584610651	0.0292716447699541	-0.0390717643324154	-0.0317271599183571	-0.0117116197935188	-0.00557588712658133	-0.0221926209895457	-0.0101872084699224
0.0524759657838602	0.0534787320953586	-0.0320448312924601	-0.0311018558973796	0.0168994540936594	0.00172440774806234	0.0209088653105635	0.00534505507365525	0.00350653468522843	0.0292676354257924	-0.0390701857404632	-0.0317349243555873	-0.0117055037974422	-0.00557477792126274	-0.0221882037260477	-0.0101863674855372
0.0524662721116867	0.0534727935162536	-0.032055329627434	-0.031107861531718	0.016873465999778	0.00170494636356191	0.0208928013912203	0.00532304559028692	0.00350998383879469	0.0292912458528573	-0.039051716214623	-0.0317128785506342	-0.0117064579375336	-0.00556562907286037	-0.0221581112930907	-0.0101765704365457
0.0524928022353711	0.0535024081806729	-0.032055331024418	-0.0310934907570172	0.0168878814779677	0.00173033654827911	0.0208985667443057	0.00534360779820177	0.00348479202580953	0.0292919820634403	-0.039079992568343	-0.0317280120786145	-0.0117253242068379	-0.0055790862200065	-0.0221778045769399	-0.0101933356418712
0.0524498324036398	0.0534717988636254	-0.0320951045566922	-0.0310552343493979	0.0168479291317378	0.00170272236498861	0.0208861517472448	0.00532573897549378	0.00349227008131385	0.0293392462240751	-0.0390697205447818	-0.0316970199879432	-0.011711878235564	-0.00555017284156953	-0.0221684936783902	-0.0101680655977804
0.0524644308867372	0.0534991825445512	-0.0320997509255708	-0.0309759275661025	0.0168639357747359	0.00173249768257113	0.0208959669570287	0.0053502169296404	0.0034448648252922	0.0293514977740047	-0.03911460005368	-0.0317042144556897	-0.0117489122821584	-0.00556534688208662	-0.0222014597074938	-0.0101923815017797
0.0524439748496085	0.0534928081064293	-0.032121950398767	-0.0309043391195642	0.0168494700051212	0.00172898426773956	0.0208851445217603	0.00534630118340864	0.00343109195975565	0.0293706043245619	-0.0391217568028577	-0.0316938921407035	-0.0117574771912369	-0.00555971843343597	-0.0222039449420804	-0.0101853001897395
0.0524148575115034	0.0534986936001412	-0.0321642776178453	-0.0307862925721756	0.0168314614840104	0.00172823129334822	0.0208775742653101	0.00534758221776273	0.00339567142971413	0.0294116938157909	-0.039142536940281	-0.031674774414274	-0.0117850969624635	-0.00554909436989956	-0.0222087659339626	-0.0101949268066796
0.0523894785026584	0.053495196949118	-0.0321924505947471	-0.0306864571085819	0.0168232262631626	0.00173566464536364	0.0208726023991528	0.00535085814530946	0.00337069475226935	0.0294407189529501	-0.0391717604491723	-0.0316649717773463	-0.0117928627966777	-0.00554025285798346	-0.0222419680533669	-0.0101877169721087
0.0523544742738574	0.0534753248513132	-0.0322112051053292	-0.0306253264844807	0.016808025679949	0.00172370506509602	0.0208612910194744	0.00534285482381043	0.00337203445995264	0.0294589789311861	-0.0391711583490561	-0.0316533949707025	-0.0117833423505238	-0.00552480919954887	-0.022255715773191	-0.0101717368718072
0.0523722802322841	0.053490336841683	-0.0322030327487627	-0.0305964117090597	0.0168303466907557	0.00174738953231448	0.0208699327626744	0.00536037020955922	0.00335474817958452	0.0294330425257137	-0.0391891598852467	-0.0316691613324477	-0.0118009639070587	-0.00554283308748402	-0.0222686211116458	-0.0101882631928638
0.0523475242783158	0.0534607752626568	-0.0322020618448629	-0.0306179043083375	0.0168227792282735	0.00172864619760468	0.0208680649950284	0.00534699129351869	0.0033841728541759	0.0294315100342345	-0.039174442658507	-0.0316657093849134	-0.0117645878399417	-0.00552190207578565	-0.0222777084927509	-0.0101661475387093
0.0523480397654223	0.0534538029153708	-0.032177764101656	-0.0306556550077385	0.0168339564974852	0.00173090512077869	0.020881544493919	0.00535003252774865	0.00339816644318896	0.0294086232448963	-0.0391676016277196	-0.031677375598535	-0.0117536787916635	-0.00552632632420377	-0.0222797858080013	-0.0101668837492923
0.0523802109106136	0.0534647399033296	-0.0321612168258389	-0.0307056488751649	0.0168494532413129	0.00173008509115399	0.0208869158975084	0.00534621736436693	0.00339886633218721	0.0293805340870361	-0.0391494897297907	-0.0316791791049158	-0.0117710167604407	-0.00555560012452008	-0.0222358799969709	-0.010178991409867
0.0523611923700502	0.0534349925254276	-0.0321532568108448	-0.0307772834221761	0.0168377437211864	0.00170762438194446	0.0208832306536413	0.005330708047683	0.00345249096110355	0.029367863441898	-0.039118775638941	-0.0316851442267173	-0.0117188449949139	-0.00552864112673893	-0.022240302848405	-0.0101535970341977
0.0524275169807693	0.0534717010747434	-0.032099806804932	-0.0308750429675034	0.0168939653434116	0.00173872264340194	0.0209082268888625	0.00535346910845865	0.0034381928295723	0.029322205812896	-0.039129966877993	-0.0317120487421213	-0.0117414356236381	-0.00556980605510546	-0.0222383512617172	-0.0101875423491052
0.0524205739701478	0.0534478377935693	-0.0320868344112437	-0.0309769585403155	0.0168763829024294	0.00170104598415446	0.0208999204218293	0.00532415200163746	0.00349477347669285	0.0292990354358	-0.0390720451262051	-0.0317074135491149	-0.0117034069244155	-0.00556025347831887	-0.0221922759344907	-0.0101645340221565
0.0524743089608024	0.0534798915921022	-0.0320523666243096	-0.0310628101937843	0.0169055980294166	0.0017255448930615	0.0209134222724643	0.00534453818956472	0.00349475252193242	0.0292642128149227	-0.0390782128106907	-0.0317323343471985	-0.0117091722775009	-0.00558345319207945	-0.022191849854362	-0.0101920699743414
0.0524841604921711	0.0534840210768904	-0.0320491312092997	-0.0311014842996281	0.0168986410489548	0.00172612045048123	0.0209093710187818	0.00534249859288318	0.00349872554450936	0.029273259683491	-0.0390696129770116	-0.0317295012635888	-0.0117121059439607	-0.00558207297185934	-0.0221859545817619	-0.0101869346610528
0.0524839956480557	0.053487834843288	-0.0320589743587642	-0.0311037725594667	0.0168815112307979	0.00171688079811701	0.0209005784013067	0.00533151550445145	0.00349903008702756	0.0292889422261944	-0.0390644357542021	-0.0317172608895315	-0.0117139024654213	-0.00557736513568344	-0.022172015475126	-0.0101825621010437
0.0524961536000554	0.0535049325308123	-0.0320617250203162	-0.0310860266713532	0.0168894447030955	0.00173424670657476	0.0209023651438791	0.00534693681114158	0.00347951561713404	0.0292992449834043	-0.0390907228026656	-0.0317237219406631	-0.011725035031144	-0.00558013814897992	-0.0221911052618748	-0.0101943652191001
0.0524700202198351	0.0534921207902873	-0.0320967767465743	-0.0310277151610214	0.0168600256164402	0.00171949036428217	0.0208907380458102	0.00533946713754143	0.00346835790569876	0.0293347353626472	-0.0390903693657064	-0.0316987592330586	-0.0117328623326555	-0.00556353499380172	-0.0221825263829561	-0.0101824112267686
0.0524348385740624	0.053476541624402	-0.0321233529707316	-0.0309623139567451	0.0168373385958181	0.00170605696586453	0.0208760753014475	0.00532802304438031	0.00346084771956178	0.0293796400172579	-0.0391023051972455	-0.0316796931950382	-0.0117329964431222	-0.00553771872895584	-0.0221928975923833	-0.0101680837585728
0.0524481169072529	0.0535061143793004	-0.0321334769139858	-0.0308720562156506	0.0168508627981976	0.00173773078474173	0.0208801447159224	0.0053503985375641	0.00341844785731409	0.029371639489727	-0.0391333950767988	-0.031689794786548	-0.0117671932151548	-0.00555731981185911	-0.0222154938090436	-0.0101947256409795
0.052416704324389	0.0535040719886508	-0.0321828602993918	-0.0307464701454604	0.0168220877211794	0.00172835702191079	0.0208624337524097	0.00534017540844385	0.00338272138777034	0.0294326737219302	-0.0391547717264023	-0.0316640986623286	-0.0117933084345828	-0.00553882094935429	-0.0222231911910404	-0.0101857039181237
0.052357645427602	0.0534751879468784	-0.0322128395766425	-0.030664958921368	0.0167954835573415	0.00170950891339885	0.0208522804724908	0.00532262370111032	0.00338752142489212	0.0294711578379462	-0.0391604099539411	-0.0316443453081662	-0.0117680789030288	-0.00550907636542039	-0.0222469343315881	-0.0101647659215052
0.0523816232614664	0.0534988975598094	-0.0321995682283721	-0.0306126614272787	0.0168282679785213	0.00174506495089113	0.0208658423934391	0.00535158597398829	0.00334734975216982	0.0294506557003445	-0.0391958877603278	-0.0316606229660658	-0.0117964041511898	-0.00553650754380317	-0.0222770700710499	-0.0101905654225427
0.0523532155912477	0.0534750049419707	-0.032210116854771	-0.0306013053441114	0.0168164453026885	0.0017283919465115	0.0208575736449747	0.00533801986208795	0.00337462027738932	0.0294446221263256	-0.0391778038020794	-0.0316589451882476	-0.011772553442872	-0.00551799890241014	-0.0222832377555356	-0.010165932403169
0.0523446520791533	0.0534596241478174	-0.0322069457010264	-0.0306074325160602	0.0168125980086741	0.00171312291108047	0.0208588225486961	0.00532482953889126	0.00338883319289484	0.0294384502508879	-0.0391601040144389	-0.0316513036856119	-0.0117702987106501	-0.00552171208595778	-0.02225527851719	-0.0101678574471602
0.0523715524036053	0.0534726440389626	-0.0321744574404606	-0.0306538906169105	0.0168357208883132	0.00172252181962393	0.0208691378787622	0.005332082679967	0.00340055668286164	0.0294054031967107	-0.0391633561932571	-0.0316731301640725	-0.0117651019300642	-0.00553696715154853	-0.022264945646667	-0.0101777704458261
0.0523922668827792	0.0534731301894045	-0.0321480209147061	-0.030742722037312	0.0168555860011978	0.00173221688878141	0.0208819845438879	0.00534345412995864	0.0034256744556933	0.0293697912798573	-0.0391486096298527	-0.0316933417289962	-0.0117458179625354	-0.00554960147510189	-0.0222639230543581	-0.0101820675686976
0.0524001165360351	0.053466920595398	-0.0321351644706922	-0.0308001394778656	0.0168589429538182	0.00172477794882988	0.0208851850342971	0.00534041848366481	0.0034398720043745	0.0293581725636926	-0.0391280418340018	-0.0316949468636449	-0.0117467748965949	-0.00554953022891644	-0.0222431093893182	-0.0101766989590763
0.0524269260565252	0.0534650751794964	-0.0320961956012184	-0.0309229525347594	0.0168787563782938	0.00171926684683762	0.0208937778830561	0.00533573439621739	0.00347184477783379	0.0293176362781389	-0.0390992206565107	-0.0317040565964945	-0.011727833190153	-0.00556188096471202	-0.0222223124880865	-0.0101745657644648
0.0524776100340617	0.0534886017875197	-0.0320603084785114	-0.0310226063904293	0.0169056580997298	0.00173803253329188	0.0209091014008643	0.00534940388493584	0.00347974751648277	0.0292685867719158	-0.0390865793480372	-0.0317298155849952	-0.0117326485940991	-0.00558717056657917	-0.0222047090923439	-0.0101929039738064
0.052464176635644	0.0534677252581984	-0.0320654717314806	-0.0310881417051723	0.0168754161894818	0.00170732123641028	0.0208936786971901	0.00532452639335708	0.00351720904018987	0.0292810143418329	-0.0390524482342539	-0.0317122471138533	-0.0117034795675849	-0.00556573524364654	-0.0221743330716292	-0.0101692111246838
0.0524809264741452	0.0534794906576861	-0.0320585566605397	-0.0311183305300272	0.0168810795627331	0.00171291755442828	0.0208928824162939	0.00532864749624103	0.00351589866917117	0.0292865436046175	-0.0390614476053652	-0.0317192795314526	-0.0117012583629797	-0.00556548099255336	-0.0221806725851503	-0.0101733601672483
0.0524844217281844	0.0534889538274948	-0.0320642256217272	-0.0311179421684673	0.0168721248951107	0.00171538462822254	0.0208910356034083	0.00533232156423587	0.00351280015859606	0.0292951350563926	-0.0390625791624283	-0.031717237140803	-0.0117081119666233	-0.00556732780543898	-0.0221783843253117	-0.0101763692708456
0.0524619121245339	0.0534798552705175	-0.0320893727312234	-0.031071586047451	0.0168449884803579	0.00169890999557495	0.0208747174329719	0.0053152881379769	0.00350247225567368	0.029330896450537	-0.039059227797744	-0.0316956914561321	-0.0117185963317569	-0.00555268880980478	-0.0221594537947421	-0.0101624231792895
0.0524893488908528	0.0535186020195308	-0.0320878192849838	-0.0309961600857866	0.0168639315837838	0.00174087539578979	0.0208861503502608	0.0053469717357423	0.00345049327394286	0.0293310193851315	-0.0391052612154497	-0.0317090689751886	-0.0117586841854375	-0.00557538700629914	-0.0221924561454303	-0.010202555736459
0.0524441788092767	0.0534915592027079	-0.0321198688925646	-0.0309342876631662	0.0168303844093245	0.00171199973592159	0.0208631755509288	0.00532301345965426	0.00345375942260139	0.0293817159355242	-0.0390989552295453	-0.0316788689744614	-0.011752869937911	-0.00554905385736273	-0.0221885641479271	-0.0101773178230009
0.0524639181935988	0.0535310575291285	-0.0321357134854154	-0.0308232861062331	0.0168461898866224	0.00175292857398731	0.0208715155455787	0.00535585096622717	0.00340143678279957	0.0293743650055665	-0.03914130899132	-0.0316934842213671	-0.0117981741299539	-0.00557462145905155	-0.0222242123863652	-0.0102064617038026
0.052379638147162	0.053480372154608	-0.0321950042815512	-0.030722247839391	0.0167899836312215	0.00170807700476968	0.0208442324475029	0.00532380694658243	0.00340897770258518	0.0294531632866756	-0.0391357797285354	-0.0316483923708966	-0.011774517602416	-0.00551902428868703	-0.0222303060306974	-0.0101629791789328
0.0523812139451461	0.0534945543364649	-0.0321985246813029	-0.030631332118819	0.0168077867956801	0.0017354467158552	0.0208492727658776	0.00534581223899868	0.0033685322209933	0.0294540461805816	-0.0391730289106702	-0.0316524715642597	-0.0118047706885363	-0.00553378761589976	-0.0222607379307733	-0.0101820116893365
0.0523771710733677	0.0534901314850308	-0.0322026793118035	-0.0305948959813888	0.0168129751943618	0.00173895873370274	0.0208494543738013	0.00534729024810078	0.00336498108759297	0.0294455776634011	-0.039175328346381	-0.0316527593429696	-0.0118109146242934	-0.00553785283942257	-0.0222666583490859	-0.0101854510640146
0.0523564971067306	0.0534716032858614	-0.0322008674235186	-0.030600795444941	0.016811903707612	0.00173077939221613	0.0208508192271971	0.00534194957815999	0.00338250625222996	0.0294431427202395	-0.0391707448417836	-0.0316566695012652	-0.011785611052586	-0.00552475332018773	-0.0222775198999071	-0.0101722397860574
0.0523616142592268	0.0534674221126642	-0.0321877930499963	-0.0306253167055925	0.0168244416392674	0.00173153795454358	0.0208579927401832	0.00534190347768706	0.00339249608501745	0.0294242764509352	-0.0391622078723857	-0.0316631976076302	-0.0117791974989113	-0.00553286840040904	-0.0222780130352691	-0.0101730905493308
0.0523765256667466	0.053467067278721	-0.0321615493080377	-0.0306809921070626	0.0168387719014313	0.00172986436767749	0.0208647010574879	0.00533917935883156	0.00340796628614858	0.0294003181748471	-0.0391497775085005	-0.0316734095608782	-0.0117727574025401	-0.00554225333911221	-0.0222648674155614	-0.0101787874501988
0.0524039121416404	0.0534770640964286	-0.032140801301247	-0.0307494499123931	0.0168575976581988	0.00174249869123086	0.020875949572885	0.00534673983639357	0.00342390866788133	0.0293544356314165	-0.0391390207314814	-0.0316978344296318	-0.0117622017912211	-0.00555378125131503	-0.0222611961415346	-0.0101778207372511
0.0524006809175826	0.0534557056076176	-0.0321274028274301	-0.0308422445764833	0.0168522877219066	0.00171805566168495	0.0208707737470596	0.00533228803661919	0.00345543440645151	0.0293629837766866	-0.0391091266702565	-0.0316877887174831	-0.0117379627213434	-0.00554029337052028	-0.0222389910804023	-0.0101643999116897
0.0524614636926608	0.0534813290886675	-0.0320717609535767	-0.0309777995247006	0.0169002629474119	0.0017512340323608	0.0208994594170999	0.00535864912523617	0.00347766042234426	0.0292863927303425	-0.039107285445307	-0.0317319920861116	-0.0117243644788104	-0.00557121980294226	-0.0222494209631587	-0.0101826082015167
0.0524213953967566	0.0534326330194036	-0.0320819449671441	-0.0310662593473505	0.0168529526863042	0.00168765170128962	0.0208737632928804	0.00530660029430393	0.00353345875840887	0.0293055565572448	-0.0390342092107784	-0.0316959526921454	-0.0116833853493196	-0.00553643210666563	-0.0221769929292194	-0.010138835103969
0.0524663531367604	0.0534671301430023	-0.0320567461692388	-0.0310802208057309	0.0168750669434746	0.00171513037712936	0.0208856180993459	0.00532909453113014	0.00350724854406697	0.0292818273865375	-0.0390562620006516	-0.0317112776069376	-0.0117171728050319	-0.00557285706822361	-0.0221599525180402	-0.0101729801875925
0.0524912851107162	0.0534882176169118	-0.032047281602446	-0.0310964383933173	0.0168818493009328	0.00172812651954609	0.0208840185526333	0.00533502752229899	0.00349279674429258	0.0292840723398712	-0.0390660869893237	-0.0317181074618527	-0.0117295458925719	-0.00558044688245021	-0.0221634296112871	-0.0101840568739542
0.0525074384370373	0.0535047732746331	-0.0320472438838773	-0.0310990828840831	0.0168907606620503	0.00174807964242454	0.0208879231229929	0.00535272311898745	0.00348742534070317	0.0292862334741632	-0.0390858976198313	-0.0317306537754123	-0.0117327938804381	-0.00558121382668184	-0.0221990429251245	-0.0101894282775436
0.0524962611678256	0.0535056435956828	-0.0320710722404507	-0.0310676353766186	0.0168796951515609	0.00175149806234217	0.0208865359178526	0.00535591802146053	0.00346940843768816	0.0293141717577483	-0.0390932080372522	-0.0317202616112246	-0.0117460498618841	-0.00557227452588374	-0.0221994243017643	-0.0101892061570831
0.0524468288879787	0.0534795912405361	-0.0321086804474807	-0.0309804984978436	0.0168365660636504	0.00172005893678175	0.0208666079406867	0.00533046916341414	0.00345743768154832	0.029365456438417	-0.0390862468658384	-0.0316796610644056	-0.0117514268534096	-0.00554586733679382	-0.0221806167057892	-0.0101700185814522
0.0524669412670363	0.0535085772621426	-0.0321130655803461	-0.0309105417286505	0.0168555608554853	0.00174964845548849	0.0208717222992149	0.0053550965948518	0.00342106720236745	0.0293625688724302	-0.0391254783683095	-0.0316891200432622	-0.0117829917075326	-0.00556996670826873	-0.0222058336644868	-0.0101941850081605
0.0523838919635286	0.0534657610986544	-0.0321731819940426	-0.0307848927941791	0.0167928739911764	0.00171141439961366	0.0208429206795002	0.00532457389081405	0.00342465326036849	0.0294278904486168	-0.0391165278916392	-0.0316529227901009	-0.0117640500010908	-0.00552223595496845	-0.0222064273826989	-0.0101537409235526
0.0523999894104885	0.0535003434382788	-0.0321788774979267	-0.0306791425002089	0.0168182474120852	0.0017533504631639	0.0208553077368805	0.00535595993098139	0.00336698995062589	0.0294369470960733	-0.0391742582566152	-0.031664317988821	-0.011807162325193	-0.00554516465382751	-0.02224486819221	-0.0101933440237753
0.0524019619519367	0.0535117037123983	-0.0321930876194641	-0.030615277978364	0.0168293394652712	0.00176949401059675	0.0208578390719401	0.00536968949001306	0.00333865352659267	0.0294378914572765	-0.0391928269683214	-0.0316650500084519	-0.0118319224701133	-0.00555300452819521	-0.0222636380696163	-0.0102017650434989
0.0523441100493503	0.0534636418738832	-0.0322190435827128	-0.0306025430719606	0.0167954933362297	0.00172254975930449	0.0208449141757088	0.00533660332028309	0.00338149623277738	0.0294594776544842	-0.039160355471564	-0.0316438214391555	-0.0117873586796056	-0.00551773906338085	-0.0222576086865495	-0.0101598164070924
0.0523790542078381	0.0534859796484983	-0.0321898885260389	-0.0306172868413969	0.0168370312593318	0.0017614501765609	0.0208658661421676	0.00536884291769182	0.00337073107385409	0.029417442405068	-0.0391930253400535	-0.0316783688541792	-0.011787529111657	-0.00553798136195319	-0.0223002250813216	-0.0101820927144102
0.0523327916847517	0.053435649107921	-0.0321992036155407	-0.0306519711608554	0.0168036433410517	0.00171346656915147	0.0208512983927188	0.00533176696157657	0.00341646833094577	0.029433004807145	-0.0391415436846368	-0.0316539998647868	-0.0117531465407487	-0.00550701860794647	-0.0222610592370998	-0.0101501464836474
0.0523837243254452	0.0534667781030271	-0.0321614361523314	-0.0307031859923227	0.0168449647316295	0.00174251685202323	0.0208742019458654	0.00535433523855629	0.00339983164815088	0.0293852544960683	-0.0391493961318608	-0.0316791302104748	-0.011779327418426	-0.00555103617769911	-0.0222473422509244	-0.0101807530067269
0.0523741102813614	0.0534458540762489	-0.0321483631757931	-0.0307710039789681	0.0168406033474926	0.00172226337757866	0.0208751826286534	0.00534074258395941	0.00343990553199119	0.0293672138443248	-0.0391222192045712	-0.0316873807981468	-0.0117405275840196	-0.00553539275054846	-0.0222404383558557	-0.0101605498237073
0.0524329554395921	0.05347349619922	-0.0321017444217794	-0.0308705656336922	0.0168874009154619	0.00174782678831539	0.0208946887166427	0.00535852758762569	0.00343359535513465	0.0293265937397294	-0.0391265847796601	-0.0317115947223121	-0.011753655042935	-0.00556409937534921	-0.0222411158931096	-0.0101857248728841
0.0524226121698454	0.0534446680368087	-0.0320860702609802	-0.0309904995065033	0.0168746213055696	0.00171224839907865	0.0208882346504312	0.0053279783408914	0.0035021984468041	0.029302079463998	-0.0390734714468982	-0.0317089516285302	-0.0117015251869291	-0.00554753114477172	-0.0222076273919794	-0.010158964246835
0.0524693370946452	0.0534737127317444	-0.0320503870979413	-0.0310584613825037	0.0169071975761291	0.00173923673352441	0.0209069528394285	0.0053507421956351	0.0034948545017665	0.0292632642627673	-0.0390799213221575	-0.0317370603441668	-0.0117165804838038	-0.00557952906394352	-0.0221993251158983	-0.0101840331252257
0.0524769674214086	0.0534757774741384	-0.0320568830736736	-0.0311023071232208	0.0168977288183843	0.00172831511238993	0.0208983334479729	0.00534397799896931	0.00350058493025123	0.0292776671681007	-0.0390644678848348	-0.0317240879504785	-0.0117162368257328	-0.00557451389128136	-0.0221795577918956	-0.010181297830498
0.052482091558825	0.0534840308557786	-0.0320556034363036	-0.031111644564467	0.0168927499673068	0.00172626433983616	0.0209087325970808	0.0053472469415959	0.00349500258207352	0.0292813384421275	-0.0390672562649556	-0.0317275915864219	-0.0117219309326328	-0.00557730227140216	-0.0221734725294676	-0.0101826556989736
0.0524718544598644	0.0534853719604459	-0.0320779551807589	-0.031082632000164	0.0168718510862411	0.00171685425542047	0.020904374006912	0.00533993792115902	0.00348358084065685	0.029307333520929	-0.0390716372068688	-0.0317113195164585	-0.0117344926130167	-0.00556918858816488	-0.0221578710118378	-0.0101760619343593
0.0524764086277972	0.0534972127970711	-0.0320888907717336	-0.0310391410933901	0.0168772322687187	0.00174139088289629	0.0209022897067415	0.00535463978107449	0.00346296694433295	0.0293229070988783	-0.0391006553591079	-0.0317150578457186	-0.0117406002271891	-0.00556928358307882	-0.0221952040130143	-0.0101862152142781
0.0524570142985301	0.0534964821744242	-0.0321115037522022	-0.0309693966657694	0.0168637387999879	0.00173645813229181	0.0208890197554552	0.00534955056825883	0.00343948224583056	0.0293624543197399	-0.0391123830400268	-0.0316971694652342	-0.0117614027163568	-0.00556178876376615	-0.0221956217112388	-0.010184934179924
0.0524417815846838	0.0534995108357979	-0.0321314526841286	-0.0308951776983056	0.0168584749641687	0.00174335364545627	0.0208866839981596	0.00535251217439916	0.00342527771222921	0.0293695957020933	-0.0391261628904835	-0.031697895896929	-0.0117641184533082	-0.0055574860529585	-0.0222171129135326	-0.0101877840273421
0.0524026394891905	0.0534940751709432	-0.0321827988320945	-0.0307605349806589	0.0168263736681788	0.00173121245726495	0.0208671667342981	0.00534135446296387	0.00338374398007917	0.0294283095438253	-0.0391428414827992	-0.0316626513868751	-0.0117971138190763	-0.00553822304019011	-0.0222102774706814	-0.0101804344943684
0.0523897159899433	0.0534993906951714	-0.0321960799592531	-0.0306753790252363	0.0168315997854292	0.00174882144094365	0.0208702023805919	0.00535759999023079	0.00336413730923978	0.0294419622687354	-0.0391782955404574	-0.0316665671331068	-0.0118019236350863	-0.00553827193463111	-0.0222605730866579	-0.0101863395458567
0.0523561492577075	0.0534761951723629	-0.0322160791826045	-0.0306194940761619	0.0168101924021771	0.00172817401700306	0.0208533324014643	0.00534126645297008	0.00336704862395508	0.0294595810313023	-0.0391674940599494	-0.0316458861815496	-0.0117995487622379	-0.00552387182326577	-0.0222481622805491	-0.0101714029926244
0.0523420550858444	0.053467264253469	-0.0322151082787047	-0.0305906728986708	0.0168113197682881	0.00173189418547084	0.0208571643286543	0.00534480780748222	0.00337416625758007	0.0294445480861721	-0.0391713958363409	-0.0316559793911552	-0.011786105584932	-0.00552506903857816	-0.0222594624843553	-0.0101694262602241
0.0523595537077849	0.0534774985584615	-0.0321950392061519	-0.0306161343295734	0.0168343616228535	0.00174302256024153	0.0208692314766921	0.00535615969969746	0.00337816442586951	0.0294161585767458	-0.0391737008599878	-0.0316731930283538	-0.0117847002189994	-0.00553385606811715	-0.0222772796186542	-0.0101802472985086
0.0523598750141114	0.0534699073472509	-0.0321809045217519	-0.0306568508260668	0.0168361134408252	0.00173388907866348	0.0208707150737304	0.00534700386637495	0.00339790939812772	0.0294021524148765	-0.0391563251726419	-0.0316782361406965	-0.0117724877846226	-0.00553507703215803	-0.0222651342395108	-0.0101725499165118
0.0523735920002868	0.0534664358419401	-0.0321568163261493	-0.0307408780183945	0.016853093781691	0.00173660900656688	0.0208814816296377	0.00535030493963419	0.00342530565190979	0.0293687519237401	-0.0391415353027326	-0.0316935093670797	-0.011751394722777	-0.00554109663633665	-0.0222534736138253	-0.0101768707881118
0.0524083028624419	0.0534833547155088	-0.0321344212751891	-0.0307989715992178	0.0168780369315191	0.00174970573183366	0.0208934160641928	0.00535969127532139	0.00342362787409161	0.0293396262037308	-0.0391360605223251	-0.0317057595200252	-0.0117647848146897	-0.00556199691438639	-0.0222449142926829	-0.0101888527201239
0.052419454985941	0.0534665671584388	-0.0321040690032028	-0.0309278084512423	0.0168860151073057	0.00172887250901729	0.0208988461411114	0.00534375308454073	0.00347063219569709	0.0293168930826358	-0.0391004332386474	-0.0317110582804451	-0.0117301186560236	-0.00555627626478986	-0.0222276154394585	-0.0101736549308783
0.0524484871080204	0.0534685313179828	-0.0320759756543905	-0.03102774589467	0.0168984845867437	0.00172430995918035	0.0209053477047798	0.00534021871494874	0.0034930034979288	0.0292800769655498	-0.039073658642758	-0.0317251873769089	-0.0117148552085287	-0.00556687378562973	-0.0221994997389018	-0.0101746635533468
0.0524672290457462	0.0534736163398464	-0.0320632239841788	-0.0310876597456824	0.016896685271315	0.00172237653328496	0.0209043977556405	0.00533752532974187	0.00350588927860728	0.0292673476470825	-0.0390614657661576	-0.0317270313958265	-0.0117106642564433	-0.00557090827550391	-0.0221744546092397	-0.0101796591682326
0.0524926583460162	0.0534903955150122	-0.0320518315794267	-0.0311182662687619	0.0169058425016215	0.00173336660663683	0.0209067377038881	0.00534601200771475	0.00349580165693779	0.0292698887610303	-0.0390707263732822	-0.031736627279118	-0.0117165273984107	-0.00557750902503837	-0.0221799824750403	-0.0101892326997796
0.0524845879692838	0.0534878236674158	-0.0320624053515381	-0.0311263589972388	0.0168889431858293	0.00172697261073858	0.0208990696585559	0.00533769576179334	0.00350391394319104	0.0292888863468333	-0.0390661456626529	-0.0317290067312427	-0.0117043247429222	-0.00556472522419396	-0.0221812579214582	-0.0101836685123943
0.0524603181657574	0.0534740591837834	-0.0320918160562892	-0.0310888038756018	0.0168640698852026	0.00170563088573585	0.0208856180993459	0.00532236665604909	0.00349761494220673	0.0293268437998705	-0.0390620063989766	-0.0317028509992779	-0.0117065110229267	-0.00554949949526781	-0.0221640875907645	-0.0101709461788471
0.0524882005699814	0.0535147714893247	-0.0320920297948456	-0.0310144521946552	0.0168869007951797	0.00175003122911229	0.0208981001516402	0.00535525585103104	0.00344351114776863	0.029317935232721	-0.0391119751206905	-0.0317205214502539	-0.0117494389451371	-0.00557354019341352	-0.022198968884971	-0.0101937798827922
0.052439382963107	0.0534826506355584	-0.0321231448201114	-0.0309659279544268	0.0168526118222012	0.00172184428237012	0.0208879957661624	0.00533554021543743	0.00344916474213179	0.0293713768567296	-0.0391046227937487	-0.0316911079515347	-0.0117383091733824	-0.00554374671503863	-0.0221946787470196	-0.0101790291284357
0.0524425219862189	0.053502218190845	-0.0321490407130469	-0.0308552323369959	0.0168492241359322	0.00174411639873581	0.0208890784287844	0.00535685120679154	0.00340742146237748	0.0293771757374317	-0.0391350560908086	-0.0316932662918587	-0.0117749562554009	-0.00555600804385639	-0.0222094658229608	-0.0101955819921889
0.0523788111326171	0.0534707609044922	-0.0321979547118193	-0.0307415150431114	0.0168055180936179	0.00171630244672923	0.0208624714709784	0.00533373112112058	0.00339731009197951	0.0294505034290854	-0.0391448768885287	-0.031655969612267	-0.0117703601779473	-0.00551359281478439	-0.0222223711614157	-0.0101687682807467
0.0524048090053867	0.0535107286175464	-0.0321984883597181	-0.0306460479485748	0.0168337734925775	0.00175667249118358	0.0208690903813053	0.00536205357531351	0.00334521096962225	0.0294401797171151	-0.0391935785457288	-0.0316683496847272	-0.0118199335531811	-0.00554284845430833	-0.0222528337951402	-0.0102004379086718
0.0523519652905423	0.0534690831266741	-0.0322107413066317	-0.0306328869620427	0.0168132727519599	0.00173127671853026	0.0208574856349809	0.0053385577009389	0.00338418822100022	0.0294580792734717	-0.0391731085387598	-0.0316592790674304	-0.0117735802261329	-0.00550798392391013	-0.0222780284020935	-0.0101683002910972
0.0523418483322082	0.0534654928777209	-0.0322214617620661	-0.0305968922715655	0.0168068438314609	0.00172118211194063	0.0208575163686295	0.00533393927174082	0.00337232782659862	0.0294529244024067	-0.0391658134881632	-0.0316455020109417	-0.0117908497426927	-0.00551604452175433	-0.0222444924035063	-0.0101710188220166
0.0523813047491079	0.0534902418467691	-0.0321919965749379	-0.0306213841955524	0.0168458308617271	0.00175073670604666	0.0208762974219081	0.00535660952855462	0.0033664996092319	0.0294091876264438	-0.0391842704411471	-0.0316798957577223	-0.0117932581431577	-0.00553836832652907	-0.0222767180310748	-0.0101908168796679
0.0523713749866337	0.0534716396074462	-0.0321759759620995	-0.0306871039121871	0.0168465852331025	0.00173349792313551	0.0208732072932371	0.00534343876313433	0.00340084865252359	0.0293996154918808	-0.0391589962061043	-0.0316831647003489	-0.0117653240505247	-0.00552670630385951	-0.0222672241276174	-0.0101757126883522
0.0523710606652273	0.0534548744021206	-0.0321616722426322	-0.0307609554728515	0.0168507636123316	0.00172665689234816	0.02088277244288	0.00534039752890438	0.00343345845069986	0.0293674946381145	-0.0391331813382425	-0.0316902963038142	-0.0117382574849734	-0.00552572422408751	-0.0222469077888915	-0.0101704837771337
0.0523967176738939	0.053465935721658	-0.0321353670333763	-0.0308351213549222	0.0168726431761853	0.00172727994722485	0.0208967618409409	0.00534374749660462	0.0034376577846894	0.0293459894659805	-0.0391303678124091	-0.0317054088770341	-0.011733968744006	-0.00553377364605948	-0.0222418814403571	-0.010170844199013
0.0524436982467709	0.0534821602941645	-0.0320914486494897	-0.0309548177404484	0.0168987248679966	0.00173606138882773	0.0209057891517328	0.00535067374341771	0.00346163841252189	0.0292941082731316	-0.0391019391874301	-0.0317245224125114	-0.0117298811687387	-0.00556515828924278	-0.0222138998502672	-0.0101911870804354
0.0524582073228904	0.0534759269514295	-0.0320726703901792	-0.0310576329709748	0.0168982806270755	0.00172567062162406	0.0209033556055552	0.00534043943842523	0.00349639816911795	0.0292768331686357	-0.0390759413146605	-0.0317314933628134	-0.0117020281011794	-0.00555663948063725	-0.0221976696898245	-0.0101810365944846
0.0524680979698119	0.0534776145081359	-0.0320662889671372	-0.0311107965951617	0.0168895522708657	0.00171839512880386	0.0208979800110137	0.00533461680899463	0.00351033448178583	0.029276062033452	-0.0390650448392385	-0.0317319962770636	-0.0116896564106234	-0.00554987807793952	-0.0221860356068356	-0.010172956438864
0.0524822326542118	0.0534861836081664	-0.0320638889485763	-0.0311293625128999	0.0168897171149811	0.00171860467640813	0.0208965355295283	0.00533480400485444	0.00349990459902937	0.0292891908893515	-0.0390624213032331	-0.0317235836392443	-0.0117069482789276	-0.00555717871647224	-0.0221729961579139	-0.0101807935192637
0.0524825805032349	0.0534906888816582	-0.0320736217363026	-0.0311062382362769	0.0168813030801777	0.00171613620562985	0.0208962351779622	0.00533360958351011	0.00349019416304757	0.0293031956542367	-0.0390696283438359	-0.0317180501855076	-0.0117156528864089	-0.00555683086744915	-0.0221696308233894	-0.0101842901702869
0.0524922574116	0.0535074959965045	-0.0320831896799135	-0.0310782999526918	0.0168894377181754	0.00173752542808955	0.020902805193848	0.00535379181176922	0.00346699165531893	0.0293132301905132	-0.0390975023661557	-0.0317276404808629	-0.0117265395829427	-0.00555884392143416	-0.0221996953166658	-0.0101918241051524
0.0524563437461965	0.0534927270813557	-0.032121360871507	-0.0309945200265372	0.0168505959742482	0.00171399462911422	0.0208849293862199	0.00533432903028476	0.00344907114420189	0.0293619849331063	-0.0390946581066737	-0.0316921403227318	-0.0117417555329806	-0.00553818532162134	-0.0221844011355223	-0.0101769546071535
0.0524487231983212	0.0534966400336194	-0.0321341670240959	-0.0309314196549558	0.0168500162258764	0.00172293672388037	0.0208813098006022	0.00533600680810294	0.0034336274857673	0.029374145679074	-0.039115287369822	-0.0316889873297795	-0.0117507842407565	-0.00553885447697097	-0.0222006047532683	-0.0101833011055948
0.0524478430983833	0.0535200562799044	-0.0321580917725672	-0.0308156460005815	0.0168495608090831	0.00175390785979126	0.0208783956919188	0.00535776902529824	0.0033890720771637	0.029393583314846	-0.0391546348219675	-0.0316956341797869	-0.0117833144108432	-0.00554509899557817	-0.0222370241268902	-0.0102007438481741
0.0523664198842847	0.053472272441211	-0.0322127375968084	-0.0307121979362903	0.0167924115894629	0.00171312011711241	0.0208499014086904	0.00532527377981231	0.00339558062575228	0.0294656718816664	-0.039148327439079	-0.0316531393226253	-0.0117611819928803	-0.00549567509763541	-0.0222401268284174	-0.0101572655142564
0.0523620794549083	0.0534793761049957	-0.0322236047355658	-0.0306243821232774	0.0167988670526584	0.0017212296093976	0.0208530935171954	0.00533573020526531	0.00336334521929564	0.0294695345425051	-0.0391698340081971	-0.0316432863942726	-0.0117892823266127	-0.00551230898646224	-0.0222389910804023	-0.0101815660514314
0.0523680683254383	0.0534861025830928	-0.0322100833271543	-0.030609139630543	0.0168224243943303	0.00174505517200293	0.0208663690564178	0.00535694061376936	0.0033658025142017	0.0294413922992518	-0.039193640013026	-0.0316734179427824	-0.0117789572176584	-0.00551633369744822	-0.0222832936348967	-0.010187289494996
0.0523436350747806	0.0534618928498796	-0.0322221560631282	-0.0306003358371956	0.0168043837425868	0.00171903494748889	0.020855235093711	0.00533188151426691	0.00337648385408328	0.0294506431274883	-0.0391655913677027	-0.0316540417743077	-0.0117728356336457	-0.00550453477034388	-0.0222523616145386	-0.010171333143423
0.0523775748017519	0.0534823097714555	-0.0321874116733565	-0.0306389498727262	0.0168424138387935	0.00174562095053446	0.0208768590094875	0.00535359483702121	0.00337761122019424	0.0294094586413453	-0.0391812054581887	-0.0316889677720031	-0.0117675508430661	-0.00552401571262071	-0.0222857006383777	-0.0101916411002447
0.0523688855610949	0.0534585331032912	-0.0321792029952053	-0.0307093075763354	0.0168340375225589	0.00171889385210202	0.0208688850246531	0.00532972876187906	0.00341798405861665	0.0294043009763123	-0.0391458170587798	-0.0316824131229416	-0.0117417066385396	-0.00551042026405577	-0.0222569507070721	-0.0101754304975784
0.0524015763843449	0.0534753765397223	-0.032147182724289	-0.0307791218531575	0.016860603967828	0.00174499091073762	0.020884543818628	0.00535891036124949	0.00342590914901008	0.0293543797520554	-0.0391475032185022	-0.0317132459574337	-0.0117358379086361	-0.00552784205187465	-0.0222674658058543	-0.0101880913638283
0.0524159066465088	0.0534686514586093	-0.0321239564678319	-0.0308780925836375	0.0168708438607566	0.00173162736152141	0.0208874299876308	0.00535037478883562	0.00344464270483168	0.0293468947116309	-0.0391249922178676	-0.0317111420994868	-0.011724592187207	-0.00552757103697313	-0.022244820694753	-0.0101812042325681
0.0524351892170536	0.0534630788893198	-0.0320968060832389	-0.030989947697812	0.0168729155880708	0.00171729290840541	0.0208924744969576	0.0053368002950311	0.00348828867683276	0.0293055369994684	-0.0390855930773131	-0.0317195309885777	-0.0116970394712138	-0.00553663047839767	-0.0222119035600905	-0.0101741257144959
0.0524609021050813	0.0534700386637495	-0.032070109718455	-0.0310763288082276	0.016887653769571	0.00172060934848896	0.0208995013266207	0.0053379933193914	0.00350640197174572	0.0292815396078276	-0.0390742076574812	-0.0317341853510362	-0.0116840223740366	-0.00554305939889663	-0.0222015016170146	-0.0101812251873285
0.0524813623331621	0.0534859838394503	-0.0320591266300233	-0.0310992533161346	0.0168937194742226	0.00173047484969793	0.0209059917144169	0.00534725532350007	0.00349731319365659	0.0292774129170076	-0.0390801448396021	-0.0317405472163018	-0.0116975591492723	-0.00555726672646603	-0.0221933348483842	-0.0101922809189297
0.0524835444222146	0.0534857295883572	-0.0320581068316825	-0.0311263520123186	0.0168888160602827	0.00172438679330191	0.0209048880970345	0.00534342479329404	0.00349819888153063	0.0292915531893436	-0.039075280541215	-0.0317332242260247	-0.0116941924177638	-0.00555492817520239	-0.0221818320818939	-0.0101966255392582
0.0524881614544286	0.0535000472776648	-0.032075260398568	-0.0310925883053348	0.016880290266757	0.00172699216851498	0.0209003185622774	0.00534332560742802	0.00347378099769723	0.0293086201432192	-0.0390796042067831	-0.0317227286850189	-0.0117231030022327	-0.00556211286406075	-0.0221640945756846	-0.0102020444403046
0.0524961787457679	0.0535165135284082	-0.0320896395551729	-0.031053569144436	0.0168859382731841	0.0017514603437734	0.0209016526820246	0.00535992596863817	0.00345224928286663	0.0293183138153927	-0.0391105013025405	-0.0317310728706208	-0.0117320730366794	-0.00555789536927884	-0.0222001996279001	-0.0102072817334273
0.0524158661339719	0.0534632018239143	-0.0321374080270419	-0.0309881483823834	0.0168220541935628	0.00169365593864392	0.0208703797975635	0.00531231395898031	0.00347370416357567	0.0293959833334068	-0.0390894487532316	-0.0316837123180881	-0.0116985929174534	-0.0055021305608309	-0.0221867690234505	-0.0101609493611395
0.0524285619248226	0.0534902474347052	-0.0321476004225135	-0.0308876325875679	0.0168308384291337	0.00171788522963347	0.0208728384894536	0.00533039652024466	0.00342482089845191	0.0293888754786701	-0.0391187295384681	-0.0316826841378431	-0.0117453974703428	-0.00553167956700082	-0.0221826339507263	-0.0101881067306527
0.0524310206167126	0.0535174048042184	-0.0321723214518811	-0.0307732363594456	0.0168384827257374	0.00175617376788541	0.0208765488790332	0.00535974436071448	0.00337553530192796	0.0294138647289711	-0.0391751900449622	-0.0316966316263833	-0.0117751699939573	-0.00553176897397864	-0.0222430954194779	-0.0102013613151147
0.0523508910098244	0.0534672712383892	-0.0322271935875349	-0.0306827103974176	0.0167843481976507	0.00170744836195687	0.0208497952379042	0.00532011611477924	0.00338899244907408	0.0294801166965206	-0.0391529039587562	-0.0316500938974433	-0.0117513416373839	-0.00548659470145044	-0.0222335721793559	-0.0101645689467572
0.0523783012334467	0.0534977436510019	-0.0322067124046937	-0.0306315402694393	0.0168302209621931	0.00175218118753209	0.0208746573626587	0.00535635527746144	0.00335299077367672	0.0294539274369392	-0.0392045742070167	-0.0316785406832147	-0.0117780002835989	-0.00551575674304447	-0.0222820461281593	-0.0101992071657428
0.0523351162661751	0.053461666538467	-0.0322311666101118	-0.0306112239307134	0.0168003129311279	0.00171737812443114	0.0208579592125665	0.00532834714467491	0.00337945384212778	0.0294687675982735	-0.039169438661717	-0.031656413853188	-0.0117580639245288	-0.00549248997405052	-0.0222582876207873	-0.0101719170827469
0.0523494549102431	0.0534693667144318	-0.032213162279953	-0.0306046413419713	0.0168185854822201	0.00173323668712218	0.0208722978566346	0.00534626206785584	0.00337269243943005	0.0294394085819314	-0.0391840231749741	-0.031673054726935	-0.0117644676993153	-0.00550745446696335	-0.0222682229711977	-0.0101862780785594
0.0523642783077691	0.0534725895565855	-0.0321894205363894	-0.03065425802371	0.0168336323971906	0.00173840413104345	0.020874134890632	0.00534530513379635	0.0033873146712559	0.0294158316824832	-0.0391752347484511	-0.0316871097832453	-0.0117520582901905	-0.00551312761910291	-0.0222709680448136	-0.0101893137248532
0.0523812209300662	0.0534694603123618	-0.0321597150680083	-0.0307459672312101	0.0168568558596797	0.0017480824363926	0.0208842602308703	0.0053535305757559	0.00342003762513848	0.0293864838420133	-0.0391645953180904	-0.0317099309143342	-0.0117249232724218	-0.00552124130234019	-0.022282814469375	-0.0101907442364984
0.052407619737252	0.05348036936064	-0.0321440674499056	-0.0307990735790519	0.0168682789980804	0.00175329178983471	0.020892643532025	0.00536285265017779	0.00341807206861044	0.0293578750060946	-0.0391509370052441	-0.0317190490290879	-0.0117369694656991	-0.0055340251031846	-0.022264015255304	-0.0101928662552376
0.0524092793542778	0.0534555645122307	-0.0321187373355016	-0.0309308985799132	0.0168704750569731	0.00172741405769158	0.0208903245385378	0.00534439569719382	0.00347161008451701	0.0293426814078011	-0.0391145651290792	-0.0317178587986957	-0.0116896228830067	-0.00551852975634096	-0.0222482740392714	-0.0101732581874142
0.0524458887177275	0.0534669611079348	-0.0320893922889998	-0.0310276397238838	0.0168878395684468	0.00173107694981419	0.0208992624423519	0.00534564460091526	0.00348477246803313	0.0293022443081134	-0.0390879246436566	-0.0317310267701479	-0.0116916596857202	-0.00554063842557531	-0.0222105470885989	-0.0101848615367546
0.0524709869327828	0.0534762789914047	-0.0320615448093766	-0.0311100981031475	0.0169016948560411	0.00174598276939783	0.0209124918811014	0.00535941048153167	0.00350137702019537	0.0292782133888559	-0.0390867427951685	-0.0317526660527487	-0.0116788325783709	-0.00554689970799085	-0.022218015365215	-0.0101916369092926
0.0524589980158505	0.0534636195221388	-0.0320727290635084	-0.03113172062194	0.0168749314360239	0.00171653714004601	0.0209016876066253	0.00533309409640361	0.00350986230118421	0.0293070834607879	-0.0390673722146299	-0.0317255394168841	-0.0116793550503975	-0.00553423465078887	-0.0221762706884766	-0.0101785918724348
0.0524860869331463	0.053491267233046	-0.032067947187179	-0.0311235189287089	0.0168853683037005	0.00173774754855007	0.0209082129190222	0.00534505088270317	0.00349081721792426	0.0293002424300006	-0.039085098544967	-0.0317377001628518	-0.0116980425057462	-0.00555410674859366	-0.0221806753791184	-0.0101977040109282
0.052467462342079	0.0534847125839844	-0.0320908633131818	-0.0310845654260594	0.0168639720963206	0.00172222984996197	0.0208963832582692	0.00533324357369465	0.00348115567638345	0.0293346808802701	-0.0390835171590468	-0.0317167845179778	-0.0117084863583429	-0.00554170711835708	-0.0221677393070149	-0.0101901770609828
0.0524519194977784	0.0534862241207032	-0.0321113905964959	-0.0310162892286526	0.0168512455718214	0.00172765294196044	0.0208943185158752	0.00534566276170763	0.00345866143955724	0.0293552137515204	-0.0391022563028045	-0.0317114508329571	-0.0117142614903166	-0.00553500997692466	-0.0221901217851188	-0.0101901183876536
0.0524607470398542	0.053507814508863	-0.03211836573775	-0.0309554715289738	0.0168597378377304	0.00174893040569787	0.0208925066275903	0.00536220165562053	0.00342437246657877	0.0293732725640562	-0.0391381993048727	-0.031715520247432	-0.011742068457403	-0.00554004051641113	-0.0222210803481734	-0.0101988369649752
0.0524304241045325	0.0534985692685627	-0.0321537848708075	-0.0308765167856535	0.0168333711611773	0.00175070457541401	0.0208812497302889	0.00535646563919969	0.00342024577575871	0.0293998795218622	-0.0391401578764806	-0.0317005138449983	-0.0117406519155981	-0.00553089027102474	-0.0222294762221844	-0.0101989179900489
0.0524021812784292	0.0534980202538395	-0.0321918401127267	-0.0307531477291164	0.0168150748613566	0.00174854623509004	0.020870061285205	0.00535059690929614	0.00337584263841422	0.0294542040397768	-0.0391712170223852	-0.03167732530711	-0.0117739238842039	-0.00551577071288475	-0.0222364625393108	-0.0101948401936698
0.0523675374715075	0.0534828001128495	-0.0322156880270765	-0.0306762339794617	0.0168022240052788	0.00174485959423895	0.0208637594902527	0.00534679850972277	0.00337085959638471	0.0294810275301072	-0.0391857666110416	-0.0316686514332773	-0.0117637747952372	-0.00549437869645699	-0.0222699887590097	-0.0101853840087812
0.0523311250828058	0.0534592846806985	-0.0322271782207105	-0.0306319565706797	0.0167887892098772	0.0017233111156	0.0208568290524875	0.00532878160670776	0.00337859190298222	0.0294929396129179	-0.0391775202143216	-0.031653073664376	-0.0117510133461372	-0.00548389712529148	-0.0222641563506909	-0.0101708567718693
0.052335897180247	0.0534670519118967	-0.0322306092134844	-0.0306010776357147	0.0167902308973945	0.001727189143263	0.0208576448911601	0.00533292785530422	0.00336693546824878	0.0294809479020176	-0.0391785148669499	-0.0316542471309599	-0.0117620439320259	-0.00549676055422552	-0.0222531704682911	-0.0101824014478804
0.0523417379704699	0.0534659413095941	-0.0322096362922652	-0.0306328771831545	0.0168109355976803	0.00173615917770972	0.0208651173587283	0.00533832161063809	0.00338714843015652	0.0294528140406685	-0.039184900480944	-0.0316762789660727	-0.011735639536904	-0.00549411606345965	-0.022284388870375	-0.0101803381024704
0.052351655160088	0.0534646379234955	-0.0321892584862421	-0.0306800910523642	0.0168243620111778	0.00173038544272011	0.0208722629320339	0.00533485010532738	0.00339771382036374	0.029432712837483	-0.0391667802011109	-0.0316848690208637	-0.0117344842311125	-0.00550547773456309	-0.0222678108609093	-0.0101798086455236
0.0523789424491158	0.0534702440204017	-0.0321567632407562	-0.0307651436309688	0.0168536386054621	0.00174920142059939	0.0208900283779238	0.00534807814709283	0.00341898849013311	0.0293865522942307	-0.0391619117117717	-0.0317103094970059	-0.0117151988665997	-0.00551806595764351	-0.0222772921915105	-0.0101909887087034
0.0523779170628389	0.0534579980584083	-0.0321531171124419	-0.0308188967824157	0.0168366317218997	0.00172099631306485	0.020880174052587	0.00532458925763836	0.0034368279761765	0.0293897290359114	-0.0391242909318854	-0.0316914418307175	-0.0117147043342536	-0.00551269874500618	-0.0222325859086318	-0.010177127833173
0.0524314229481128	0.0534762105391873	-0.0320991865440233	-0.030951849149388	0.0168802804878688	0.00174401441890173	0.0209039074142465	0.00534403108436239	0.00346474111404909	0.029323876605794	-0.0391217246722251	-0.0317310756645889	-0.0116933849609953	-0.00553682046822554	-0.0222448165038009	-0.0101896266492756
0.052460001050383	0.0534805817022123	-0.0320703402208197	-0.0310586555632836	0.0168911783602748	0.00174594924178114	0.0209119666151067	0.00534770934330932	0.00348978764069529	0.0292940719515469	-0.0390983321746686	-0.0317441835657279	-0.0116832917513897	-0.00554939192749762	-0.0222225415934672	-0.0101945091084551
0.0524605095525693	0.0534727753554613	-0.0320672836197655	-0.0311245093903851	0.0168794157547552	0.00173566185139559	0.0209065295532679	0.00533979123783603	0.00351454778561566	0.0292957203927005	-0.0390790929106287	-0.0317416410547961	-0.0116676511182071	-0.0055395627478734	-0.0222016035968487	-0.010183607045097
0.0524866401388216	0.0534930497846663	-0.0320586544494217	-0.0311424117407098	0.0168873967245098	0.00174952132994191	0.0209044969415065	0.00535116967274781	0.00349546079283485	0.0293002591938089	-0.0390889486329494	-0.0317455512130918	-0.0116861569656321	-0.00554776444110447	-0.0222005293161308	-0.0101979778197977
0.0524768053712613	0.0534889594154309	-0.032079530978743	-0.0311211105282438	0.0168620945497864	0.00173215402450013	0.020890728266922	0.00533670809408522	0.00349076692649924	0.0293273718598332	-0.0390774151328105	-0.0317257922709933	-0.0116979139832156	-0.00553915901948918	-0.0221738860367401	-0.0101907805580831
0.0524398649225968	0.0534678440018408	-0.0321099670697709	-0.0310849160690506	0.0168449353949649	0.00171173151498812	0.0208904223274198	0.00532348284628783	0.00349410432134322	0.0293603700195694	-0.0390824149386483	-0.0317077474282977	-0.0116814784661208	-0.00551834256048114	-0.0221730073337862	-0.0101748814828553
0.0524524559396453	0.0534937119550958	-0.0321127317011633	-0.0310077955657596	0.0168535254497558	0.0017398793461775	0.020901135797934	0.00534619920357456	0.00344938546560829	0.0293674625074819	-0.0391239821984151	-0.0317146024289253	-0.0117116686879598	-0.00553132193908953	-0.0222051645091372	-0.0101964886348234
0.0524440838143627	0.0534987732282309	-0.0321310056492395	-0.0309492018646541	0.0168459356355292	0.00174467239837913	0.0208896567801722	0.00534761714236344	0.003429636302398	0.0293938920483162	-0.0391394398266899	-0.031705406083066	-0.011729696766847	-0.00552876406133343	-0.0222128884338306	-0.0101978646640914
0.0523939935550384	0.0534838199111903	-0.0321794418794741	-0.0308287706655289	0.0168069318414547	0.00173204366276188	0.0208708142595964	0.00533391552301234	0.00341676169759174	0.0294347957406695	-0.0391454524459484	-0.0316808415159096	-0.011733429508171	-0.00550690405525614	-0.022214922442576	-0.010183313678451
0.0523792916951229	0.0534924532724861	-0.032208448855841	-0.0307060763522776	0.0168037187781893	0.00174036409963537	0.0208644272486183	0.00533941964008446	0.00337092385765002	0.0294716146517235	-0.0391810531869296	-0.0316675142882781	-0.0117627270572158	-0.00550790429582051	-0.0222358157357056	-0.0101926734714417
0.0523716110769345	0.0534997036195938	-0.0322165541571741	-0.0306374034114067	0.0168147689218544	0.00175865620850399	0.0208681683718465	0.00535241438551716	0.00335358728585687	0.0294709077778051	-0.0392090291890835	-0.0316784582611571	-0.0117687089428257	-0.00550713595460486	-0.0222824554444796	-0.0101900722871807
0.0523497650406975	0.0534836243334263	-0.0322244080013821	-0.0306210056128807	0.0168020200456107	0.00174733784390543	0.0208576770217928	0.00533933023310664	0.00336739228202608	0.0294803541838055	-0.0391929666667243	-0.0316679166196783	-0.0117574296937799	-0.0054985612666382	-0.0222775017391147	-0.0101877113841726
0.0523425146935898	0.0534753681578181	-0.0322183367087944	-0.0306242997012198	0.0168114664516111	0.00175095044460302	0.0208639941835695	0.00534254050240403	0.00337125075191268	0.0294676947145396	-0.0391982947638088	-0.0316753457807417	-0.0117479162325461	-0.00549021009611608	-0.0222936927840045	-0.0101776838328163
0.0523490735336034	0.0534751097157728	-0.0322040441651993	-0.0306491897656548	0.0168205286870037	0.00174695926123372	0.0208651886049138	0.00533790111844553	0.00338022358032746	0.0294502924844971	-0.0391838457580025	-0.0316775935280435	-0.0117453136513011	-0.00550115267201098	-0.0222823059671886	-0.0101818314783968
0.0523454036565606	0.0534603086699913	-0.0321880221553769	-0.0307189537510519	0.0168257771559986	0.00173045948287362	0.0208787742745905	0.00532940326460042	0.00341515516595902	0.0294314010694803	-0.0391632639923112	-0.0316837668004652	-0.0117173334581951	-0.00549979340655129	-0.0222712236928908	-0.0101743254832119
0.0523914566320427	0.0534857309853412	-0.0321589565056809	-0.0307836313176014	0.0168565415382733	0.00175693233021287	0.0209117514795663	0.00535645725729552	0.00341190019317272	0.0293755077385018	-0.0391671895174312	-0.0317133074247309	-0.0117285009485186	-0.0055289540511613	-0.022269807151086	-0.010195931238196
0.0523800474634823	0.0534536241014152	-0.0321432977117059	-0.0308829722488489	0.0168513908581604	0.00172627830967645	0.0209004093662392	0.00533203937346212	0.00345183298162615	0.029383522235873	-0.0391310565255352	-0.0317013366685911	-0.0116948042967682	-0.00550638856814963	-0.0222481357378525	-0.0101711529324833
0.0524224682804904	0.0534662500430644	-0.0320969206359292	-0.0309827085265766	0.0168778301778829	0.00173783136759178	0.0209151587236117	0.00534001615226461	0.00347156677801213	0.0293209122056856	-0.0391135132001058	-0.0317264404715825	-0.0116890626924113	-0.00553804143226641	-0.0222195282989178	-0.010185818470814
0.0524558366409941	0.0534744279875669	-0.0320727164906521	-0.031096816975989	0.0168825436019949	0.00174037667249163	0.0209190004296899	0.00534506485254345	0.00348805957145209	0.0293017316149749	-0.0390911418978741	-0.0317357192394995	-0.0116828069979318	-0.00554463799084878	-0.0221936924762955	-0.0101895093026172
0.0524720388617562	0.0534847516995372	-0.032060336418192	-0.0311273746046274	0.0168909674156865	0.00174643120127096	0.020925926676503	0.00534993473886665	0.00348490518151583	0.0293021088006626	-0.0390990572093793	-0.0317463838155727	-0.0116879059896357	-0.00554754651159603	-0.0221975844737988	-0.0101908755529971
0.0524997326731363	0.0535115737928836	-0.0320588835548024	-0.0311212278749022	0.0169002880931244	0.00176592192243599	0.0209247643857913	0.00536325637856202	0.00346530270162853	0.029300655937273	-0.03911175300023	-0.0317575820395448	-0.0117083131323234	-0.00556587494204938	-0.0222031947616571	-0.010204666579326
0.0524628830284337	0.0534830837006073	-0.0320948614814712	-0.0311072049492246	0.0168637513728441	0.00173352027487996	0.0209056843779307	0.00533709086770902	0.0034806667319735	0.0293474018168332	-0.0390957854727847	-0.0317244707241023	-0.0116882552356428	-0.00553240599869562	-0.0221843438591771	-0.0101867544501131
0.0524620993203937	0.053496180425874	-0.0321051670326492	-0.0310497623629585	0.0168661639642613	0.00175097559031553	0.0209074487687586	0.00534949468889769	0.00345710659633357	0.029362018460723	-0.0391307226463524	-0.0317297247810334	-0.0116943363071187	-0.00552775823283294	-0.0222187445908778	-0.0101952718617346
0.0524064518586042	0.0534597554643161	-0.0321509797268784	-0.0309690194800817	0.0168171773223194	0.00170462645421939	0.020880366836383	0.00530611833481411	0.00345344929214707	0.0294215048346227	-0.0391066861391587	-0.0316796931950382	-0.0116969654310602	-0.00550363231866149	-0.0221718646008509	-0.0101706095056962
0.052426030589763	0.0534998530968849	-0.0321557420454314	-0.0308589161838789	0.0168392594488572	0.0017557211450602	0.0208981350762409	0.0053479146999615	0.00340764917077412	0.0294067736380426	-0.0391653385135935	-0.031707813086547	-0.0117299580028603	-0.00553112636132555	-0.0222264266060503	-0.0102060160658975
0.0523738672061404	0.0534763670013984	-0.0322047985365747	-0.0307478224259999	0.0168024740654199	0.00173283854667408	0.0208767500447333	0.00532905541557734	0.00338769465091164	0.0294756225989011	-0.0391745865478619	-0.0316724693906271	-0.011737552008039	-0.00549973892417419	-0.0222325006926061	-0.0101852010038735
0.0523501813419379	0.0534726859484835	-0.0322254445635312	-0.0306612471348044	0.0167932721316245	0.00172973863911493	0.0208658493783592	0.00532781070280798	0.00337250244960218	0.0294978248660654	-0.0391919468683835	-0.0316622923619798	-0.011743200014466	-0.00549329463685092	-0.0222499280683611	-0.0101825118096187
0.0523595006223918	0.053486654391784	-0.0322150300475991	-0.0306264915691604	0.0168179694122636	0.00175363125695363	0.0208825000309944	0.00535154685843549	0.00335660896231043	0.029473504771114	-0.0392166469429907	-0.0316816727214065	-0.0117535726208773	-0.00550898695844257	-0.0222769303726471	-0.0102025850731236
0.0523425146935898	0.053471434250794	-0.0322242822728196	-0.0306181082680056	0.0168159815039911	0.00173715941827409	0.020884244864046	0.00534316635124878	0.003364589932065	0.0294711368831857	-0.0392010440283768	-0.0316773350859982	-0.0117537947413379	-0.00550451521256748	-0.0222624897487449	-0.0101886585393439
0.0523587811756171	0.0534774859856052	-0.0322028078343341	-0.0306468581993113	0.0168376794599211	0.00175110131887809	0.02089367171227	0.00535183324016133	0.00337350269016655	0.0294417834547798	-0.0392021001483023	-0.0316983066102334	-0.0117449043349808	-0.00551417675410829	-0.0222812708020235	-0.0101954143541055
0.052355829348365	0.0534640958936925	-0.0321821562194414	-0.0307149430099062	0.0168420366531058	0.00173737595079851	0.0208927315420188	0.0053368785261367	0.00340698420637658	0.0294298685780011	-0.0391802638909535	-0.0317003420159628	-0.0117195588537525	-0.0055044774939987	-0.0222794170042177	-0.0101846422102621
0.0523455140182989	0.053441196531498	-0.0321725784969423	-0.0307719734858839	0.0168286367823049	0.00171624237641601	0.0208908204678679	0.00531572260000975	0.00343889132158653	0.0294090926315299	-0.0391417406593848	-0.0316914795492863	-0.0116965477328357	-0.00550352754485935	-0.0222332047725564	-0.010175064487763
0.052408797394788	0.0534788424570969	-0.0321377712428893	-0.0308333010847331	0.0168704624841168	0.00174429940364354	0.0209072769397231	0.00534196913593639	0.00342018849941355	0.029371346123081	-0.0391564201675558	-0.0317150103482616	-0.011724884156869	-0.00554011176259658	-0.0222307851962191	-0.0102048984786747
0.0524302634513692	0.0534696642720299	-0.0320948251598865	-0.0309855304343141	0.0168876370057627	0.00173945745700091	0.0209166283508096	0.005338758866639	0.00348365348382634	0.0293246393590736	-0.0391279803667045	-0.0317430757573933	-0.0116697787248825	-0.00553424722364512	-0.022241729169098	-0.0101935354105872
0.0524444665879865	0.0534675059317059	-0.0320822984041033	-0.0310713513541342	0.0168823941247039	0.00172674909329403	0.0209142464930411	0.00533168314253487	0.00350129878908977	0.0293100758005769	-0.0390907102298093	-0.0317400708447481	-0.0116700371669277	-0.00554051828494886	-0.0221928361250861	-0.0101905975531754
0.0524771141047316	0.0534896928320459	-0.0320650959427769	-0.0311211370709404	0.0168955732720284	0.00174343746449798	0.0209186414047946	0.00534282828111389	0.00349619420944979	0.0292970139999108	-0.0390958595129382	-0.0317559266134711	-0.0116774439762466	-0.00555123315244713	-0.0221923304168678	-0.0102014688828848
0.0524730963786657	0.0534867256379694	-0.0320655820932188	-0.0311466571751722	0.016881564316191	0.00173041198541665	0.0209118520624163	0.00532810406945396	0.00350219006489993	0.0293186337247352	-0.0390874496690869	-0.0317425323306063	-0.0116743091440867	-0.00554132574171731	-0.0221812160119374	-0.0101935060739226
0.0525019706415499	0.0535151528659645	-0.0320665027056936	-0.0311227226478127	0.0168909478579101	0.00175117256506354	0.0209150888744103	0.00534381315485396	0.00346935116134299	0.0293190989204167	-0.0391050893864142	-0.0317454869518264	-0.0117066563092657	-0.00556120063349017	-0.0221824942523234	-0.0102164431546859
0.0524698414058794	0.05349303721181	-0.0320957038628404	-0.0310959997403323	0.0168650994624316	0.00173419781213376	0.020901332772682	0.00533338746304958	0.00347763387964772	0.0293589646536368	-0.0391037133571462	-0.0317249778293047	-0.0116910422187796	-0.00553559531323258	-0.0221903494935154	-0.0101961128461197
0.0524509751365751	0.0534937510706486	-0.0321190851845247	-0.0310140372903988	0.0168490718646731	0.00173312353141588	0.0208977998000741	0.00533235788582061	0.00345179386607335	0.0293901662919124	-0.0391219090741168	-0.0317107411650707	-0.0117102661159952	-0.00552804182059072	-0.0221981292975699	-0.0101968294989263
0.0524187341421824	0.053478407995064	-0.0321463640916484	-0.030943504963786	0.0168222399924386	0.00171491943254106	0.0208828814076342	0.00531605368522449	0.00344476563942618	0.0294193478912828	-0.039123192902439	-0.0316893156210262	-0.0117071690024041	-0.00551233832312684	-0.0221933110996558	-0.0101821541817074
0.0524189716294672	0.0535057581483731	-0.0321714064273425	-0.0308141190970384	0.0168275066222258	0.00174877394348668	0.0208850411449422	0.00534199567863293	0.00339218595456313	0.0294348963235195	-0.0391689329534987	-0.0316916262326093	-0.011750316251107	-0.00552689769067141	-0.0222191133946614	-0.010212717398282
0.0523959297749018	0.0535059174045524	-0.0321980022092762	-0.0307168638629453	0.016819954526568	0.00175628692359172	0.0208745386190162	0.00534237845225673	0.00336655129764095	0.0294694549144155	-0.0391983450552338	-0.0316815428018919	-0.0117620704747224	-0.0055131709256078	-0.0222552310197331	-0.0102057855635328
0.0523402767251762	0.0534685480817912	-0.0322317058459468	-0.0306465871844098	0.0167849768404635	0.00172052692643129	0.0208586940261655	0.00531678849882346	0.0033812615394606	0.0295034323599556	-0.0391835230546919	-0.0316524827401319	-0.0117449238927572	-0.0054870836458604	-0.0222472486529945	-0.0101809499814749
0.0523633437254541	0.0534909892332243	-0.0322139585608493	-0.0306192286491965	0.0168188844368022	0.00175530624080375	0.0208746978751955	0.00534542108347071	0.00336331308866299	0.0294690553769833	-0.0392109039416497	-0.0316785672259113	-0.0117594525266531	-0.00551399514618459	-0.0222790328336099	-0.0102058721765425
0.0523509147585529	0.0534762580366442	-0.0322150551933116	-0.030629958883519	0.0168167819758394	0.0017436595849585	0.0208735118357553	0.00533522729101506	0.00337522517147364	0.0294647400933194	-0.0391965108152045	-0.031674724122849	-0.0117439865164741	-0.00550311124361888	-0.0222798388933943	-0.010193133079187
0.0523595020193758	0.0534763516345741	-0.0321961190748059	-0.0306648457656617	0.0168289678675196	0.00174491547360009	0.0208793945354992	0.00533570086860071	0.00338884157479901	0.0294443147898394	-0.0391900022666159	-0.0316880639233367	-0.0117330299707389	-0.00550871734052507	-0.0222825169117769	-0.0101946935103468
0.0523675863659485	0.0534685215390946	-0.0321785575885841	-0.030740267536374	0.0168346158739466	0.00173545370077535	0.0208785381842897	0.00532720022078755	0.00342316686936222	0.0294265158163328	-0.0391649752977461	-0.031695245818227	-0.0117126074612269	-0.00551216649409133	-0.0222680176145455	-0.0101897607597424
