0.0525594844740015	0.0536469191934966	-0.0316896718519535	-0.0308082978645918	0.0167150200712705	0.00142696330570737	0.0209352082383881	0.00509249293416654	0.00342630449549013	0.0294230820295908	-0.0392955234552054	-0.0319471639480786	-0.0120673659673173	-0.00553008421124032	-0.0220292031948809	-0.0098581642488437
0.0525497516862752	0.0536303020684781	-0.0316776563923247	-0.030842326998541	0.0167153232168046	0.0014182363464816	0.0209350419972887	0.00508937626279906	0.00345403323147097	0.0294108458464856	-0.0392789258879633	-0.0319459443810218	-0.0120423417924156	-0.00552721061509378	-0.022025971970823	-0.00986253261790069
0.0525731553597039	0.0536395794394111	-0.0316510340676944	-0.0308927287853037	0.0167333401198197	0.00142308807201243	0.020943894685077	0.00509449620926335	0.00345774501803458	0.0293847404059458	-0.0392737835897545	-0.0319587952370996	-0.012044620273366	-0.00554654347706359	-0.0220139453353221	-0.00986858854366405
0.052575414282878	0.0536267062315889	-0.0316326818885126	-0.0309732607235921	0.0167398905779291	0.00142141308816231	0.0209484558379299	0.00509322355681343	0.00349599024978164	0.0293515941659026	-0.0392501787506257	-0.0319757811659016	-0.012008833733509	-0.00553985890848743	-0.0220130498685598	-0.0098590429517976
0.0526382129059092	0.0536621016159179	-0.0315864235563783	-0.0310535356168193	0.0167863500757635	0.00145372393175649	0.0209672215243842	0.00511889593230437	0.00347418752004951	0.0293166262586863	-0.0392648959773655	-0.031998925000301	-0.0120410300244129	-0.00557256928951374	-0.02201031038288	-0.00988962991710066
0.0526312908500482	0.0536339006993354	-0.0315683563619383	-0.0311835263776513	0.0167699955837423	0.00141687289006983	0.0209592936400227	0.0050872528470758	0.00354504953489298	0.0292911075514385	-0.0392043381167159	-0.0319950064601012	-0.0119884070330449	-0.00555854776082012	-0.0219758370080098	-0.00986074447834426
0.0526582107322765	0.0536414639708655	-0.0315374578691969	-0.0312757859968586	0.016786521904799	0.00142269272553238	0.0209701426179877	0.00509526315349497	0.00356553211471821	0.0292626398109066	-0.0391946067259737	-0.0320123430318943	-0.0119748758457453	-0.00556944703021014	-0.021969368971958	-0.0098685815587439
0.0527018008249165	0.0536711289267098	-0.0315270377653286	-0.0313099576231787	0.0167992665900906	0.00144071242251544	0.02097752288461	0.00510966186787628	0.00354215638097004	0.02925151283312	-0.0391973070961007	-0.0320187761433454	-0.0120093827482322	-0.00559592965643759	-0.0219441520132604	-0.00989121968492504
0.05268420301711	0.0536533299532032	-0.0315383770846876	-0.0313394465590354	0.016772236346124	0.00141301162621518	0.020972710274632	0.00508976183039091	0.00356649044576173	0.0292793561217911	-0.0391813772872242	-0.0320067131862597	-0.0119852274973962	-0.00557105914977898	-0.0219416556028015	-0.00986724324804464
0.0527187993265747	0.0536891332568685	-0.0315373083919058	-0.0313123157322187	0.016786917251279	0.00143884605185342	0.0209809315256395	0.00510822018035891	0.00352694601886821	0.0292774967360493	-0.0392076447779113	-0.0320147863569601	-0.0120260459737236	-0.00559249866366371	-0.0219425315117874	-0.00989415893932092
0.0526786458146448	0.0536665705678249	-0.0315766572410354	-0.0312720476675984	0.0167483507132054	0.00141688685991011	0.0209605593075525	0.0050869091890048	0.00353625691741787	0.0293204470100042	-0.0392013290131186	-0.0319917291355704	-0.012011974153605	-0.0055592043433135	-0.0219384285696958	-0.00986325625562743
0.0526639509396495	0.0536716122831836	-0.0315977894184338	-0.0311874113902344	0.0167379473731455	0.0014174358746333	0.0209528381768272	0.00509351552647537	0.00350198191427969	0.0293562447257334	-0.0392177896759259	-0.0319730305043495	-0.0120400130200402	-0.00556203044200307	-0.0219345491450488	-0.00988291321789184
0.0526440355353398	0.0536678571901151	-0.0316157378692314	-0.031119596197557	0.0167263468177732	0.00141768174382231	0.0209487478075919	0.00509771765443297	0.00348997902750719	0.0293687840543728	-0.0392376827284912	-0.0319651179868124	-0.0120424717119302	-0.00555787301753438	-0.0219504412353565	-0.0098722290840422
0.052636093681138	0.0536857986559926	-0.031646545558011	-0.0309974956025178	0.0167250434316746	0.00144635204703832	0.0209469303313709	0.00511429566389867	0.00344274280655298	0.0293934757470758	-0.0392764252865523	-0.0319667566490777	-0.0120758274995777	-0.00555725415360977	-0.0219880662061949	-0.0098823614092006
0.0525802436566643	0.0536570165940543	-0.0316921361317797	-0.0308939776890251	0.0166830514887633	0.00141455249959856	0.0209231550601906	0.00508832992176174	0.00343794416641523	0.0294506137908237	-0.0392733337608974	-0.0319341384689973	-0.0120704337442438	-0.00552360779328439	-0.0219895344364088	-0.00985774515363516
0.0525630384013699	0.0536497802167869	-0.0316981208113576	-0.0308375562980838	0.0166857169342896	0.00142323056438334	0.0209217971917149	0.0050956668818792	0.0034335241089492	0.029457257846863	-0.0392932882807598	-0.0319362562967844	-0.0120628956184263	-0.00551830484191237	-0.0220258951367015	-0.00985769486221014
0.0525543798943615	0.0536517611401392	-0.0317013478444633	-0.0308020477580485	0.0166911847297769	0.00142867600812626	0.0209272649872023	0.00509836306105412	0.00342448562228508	0.029444643081086	-0.0392923355376524	-0.0319349235740213	-0.0120785278697047	-0.00552870678498826	-0.0220199579545805	-0.0098629112005724
0.0525667948914224	0.0536586105528308	-0.0316790086728643	-0.0308186676770351	0.0167175695671224	0.00144766241805701	0.0209439268157097	0.00511477902037251	0.00342525536048476	0.0294168696416163	-0.0393042168868145	-0.0319593889553117	-0.0120723713610913	-0.00553656482014833	-0.0220510394522297	-0.00987021044212108
0.0525771940405302	0.0536575656087775	-0.0316607193579637	-0.0308554083569835	0.0167272311086632	0.00144460581700275	0.0209459440606468	0.00511230356467409	0.00343777792531585	0.0293926235868184	-0.0392922978190837	-0.031962400852877	-0.01206621904343	-0.00554290712763752	-0.0220443730444459	-0.00987092011000754
0.0525984058460183	0.0536618347919684	-0.0316441343635779	-0.0309179708897139	0.0167312544226652	0.00143796734889953	0.0209395067582437	0.00510117239593534	0.00345422880923495	0.0293757480197546	-0.0392670850513381	-0.0319634960883553	-0.0120675601480973	-0.00555401594463181	-0.0220097501922846	-0.00987610571472117
0.0525813319072225	0.0536361107280684	-0.0316373589910399	-0.0309756802999294	0.0167211542281394	0.00141883704961384	0.0209355756451876	0.00508738416357448	0.00350103615609242	0.029359076412359	-0.0392406177919349	-0.0319696623758569	-0.0120211774843845	-0.00553474594694328	-0.0220128989942848	-0.00984836440588408
0.0526247236281304	0.0536480982480166	-0.0315902345288079	-0.0310946740024893	0.0167576169082662	0.00142677890381562	0.020950424188426	0.00509715886082159	0.00351043087368379	0.0293327977457997	-0.0392338605801893	-0.031982820568421	-0.0120175048133737	-0.00555467671807727	-0.022000687956892	-0.00987357018870952
0.0526596971232828	0.0536582389550792	-0.0315530035074655	-0.0312064173579415	0.0167772571067222	0.00143137637825327	0.0209653258170576	0.00510271746027082	0.0035397046740001	0.0292791912776758	-0.0392109123235538	-0.0320052687047742	-0.0120059782981549	-0.0055729450782174	-0.0219816736072807	-0.0098773099149537
0.0526831007967115	0.0536671810498453	-0.0315388981597302	-0.0312749017059686	0.0167759621025279	0.00142726505425752	0.020964656661708	0.00509478398797321	0.0035534747455686	0.0292629876599297	-0.0391902579146931	-0.032010117636337	-0.012006870970949	-0.00558029740515916	-0.0219545595442724	-0.00987350872141227
0.0526962645772117	0.0536742428041092	-0.0315320599229109	-0.0313178408040513	0.0167765642026441	0.00142952118346348	0.0209617048344558	0.00509636956484551	0.00355863660155375	0.0292683283298705	-0.039191086326222	-0.0320135612019671	-0.011999406885285	-0.00557540377010748	-0.0219572878540799	-0.00987498533353035
0.0527177571764895	0.053691466220196	-0.0315261688412629	-0.0313287805859781	0.0167885796622729	0.00144325772741529	0.0209662995149254	0.00510487580059478	0.00354347233992485	0.0292698831730942	-0.0391977345732134	-0.0320185777716133	-0.0120167169143816	-0.0055904562730141	-0.0219579011300684	-0.00988925552538103
0.0527030231859414	0.0536850694303297	-0.0315504917301824	-0.0313057401283968	0.0167665366512879	0.00142854608861161	0.0209592992279588	0.00509409806881524	0.00353948953845972	0.0292992044708675	-0.0391961741420536	-0.0320008570292124	-0.0120192468524571	-0.00557684825159291	-0.0219463271173927	-0.00987958141098397
0.0527009123430744	0.0536961684684358	-0.0315741496547043	-0.0312378006041408	0.0167568038635616	0.00143892987089513	0.0209548861554129	0.00509967622604087	0.0035096848842126	0.0293147962096091	-0.039216121676996	-0.0319883051277167	-0.0120438211985017	-0.00557752858281476	-0.0219502931550495	-0.00988383802131868
0.0526671123145059	0.0536824626581326	-0.0316008865320249	-0.0311692519948485	0.0167313186839305	0.00141985964192267	0.0209410909381319	0.00508433873839244	0.00350141054781205	0.0293639211529697	-0.0392229878534958	-0.031967455141092	-0.0120421266568752	-0.0055560527473453	-0.0219575169594606	-0.00987523679065547
0.0526424960589404	0.053680466367956	-0.0316237146480339	-0.03108979852823	0.0167226615739061	0.0014226689768039	0.0209426485753237	0.00508752805292941	0.00349141233312038	0.0293723854791982	-0.03923821637639	-0.0319656516347112	-0.0120399655225832	-0.00555263991536378	-0.0219757853196007	-0.00987649547326511
0.0526098611150516	0.0536819848895949	-0.0316693806589401	-0.0309451841385882	0.0167009119295671	0.00142067827456335	0.0209295043525999	0.00508048585644196	0.00344458403150249	0.0294270788008963	-0.0392653751428872	-0.0319418260721059	-0.0120740309781171	-0.00553969965230819	-0.0219845486004113	-0.00987504400685954
0.0525737155502994	0.0536689510286094	-0.0316963173049769	-0.0308629101612163	0.0166843017894687	0.00141320999794722	0.0209128718607571	0.00507670561766095	0.00344098260667713	0.0294604024579111	-0.0392832146289306	-0.0319291554269678	-0.0120600192283117	-0.00551650133553163	-0.0220195095227074	-0.00986351330068866
0.0525654537867551	0.053668735893069	-0.0316963536265616	-0.0308151361014111	0.0166934743865996	0.00141907453689868	0.0209123214490499	0.00507749631062106	0.00343301141581075	0.0294546664414902	-0.0392952314855434	-0.0319310916468312	-0.0120639447534316	-0.00551924221819547	-0.0220404670771023	-0.00986276731121747
0.0525690412417401	0.0536680094613742	-0.0316933920204213	-0.03081282269586	0.0167062931120447	0.00143178150362152	0.0209200216250147	0.00508843748953193	0.00343150267306002	0.0294398584107886	-0.0392972543184166	-0.0319361096134615	-0.0120666828421274	-0.00552841760929437	-0.0220410146948415	-0.00987925172275326
0.0525970200378621	0.0536890815684595	-0.0316735716110255	-0.0308134988361298	0.0167307403325427	0.00145464175026318	0.0209266321534374	0.00509983129126803	0.00341853307333983	0.0294047829358021	-0.039306401769835	-0.0319609479894874	-0.012085463895406	-0.0055455669852277	-0.0220567335591297	-0.00987907849673373
0.052585777110401	0.0536656792920148	-0.0316594453085298	-0.0308805764212401	0.0167293768761309	0.00143289350290817	0.0209244416824808	0.00508577204400564	0.00345744746043652	0.0294021901334453	-0.0392715777519736	-0.0319529460649724	-0.0120519586304675	-0.00553729683977924	-0.0220477481578586	-0.00988202892700183
0.0525741597912204	0.0536398239116161	-0.0316492249733776	-0.030945860278858	0.0167171337081055	0.00140802159926553	0.0209221226889935	0.00506684570438811	0.0034935287639235	0.0293847613607063	-0.0392374410502542	-0.0319456538083439	-0.012027142606186	-0.00553346910354127	-0.0220077329473475	-0.0098598727603105
0.05264856455756	0.0536881218404319	-0.0316001447335058	-0.031004917778661	0.0167757357911153	0.00145991815893867	0.0209535674024901	0.00511107561571307	0.00347045757269353	0.0293254803434587	-0.0392685588694881	-0.0319932001597524	-0.0120552429399184	-0.00557768504502595	-0.0220310723595109	-0.00990209939653866
0.052651361319585	0.0536590450148636	-0.031578997189283	-0.0311444792770719	0.0167712235327033	0.00142601335656802	0.0209522737952797	0.00508550801402426	0.00353121240809112	0.029304874829039	-0.0392142860399826	-0.031988123519793	-0.0120068262674601	-0.00556333243111759	-0.0220085613588764	-0.00987690618656948
0.0526665032294694	0.0536511199244702	-0.031549147831547	-0.0312458793627774	0.0167793916983177	0.00141410965566154	0.0209574244753926	0.00507382783056233	0.00356329694027268	0.029273458055223	-0.0391857777869138	-0.0319947075055191	-0.0119879292645072	-0.0055688658848543	-0.0219747110388829	-0.00987211313436784
0.0527006762527736	0.0536758158081252	-0.0315347561020858	-0.0312898256863446	0.0167940069452234	0.00142472394030976	0.0209681058152742	0.00508441976346609	0.00355223003279925	0.0292548139063792	-0.039185981746582	-0.0320052156193811	-0.0120064169511398	-0.00559151099595559	-0.0219513115564062	-0.00988977380645559
0.0526864004729868	0.0536621882289276	-0.0315459249893933	-0.0313319070362338	0.016768063554831	0.00139851232898382	0.0209491138174073	0.00506211970741983	0.00357952849769932	0.0292837216968801	-0.0391672216480639	-0.0319911940906875	-0.0119815771781298	-0.00556184324614325	-0.0219414474521813	-0.00986853266430291
0.0527124206975008	0.053685772113296	-0.0315391496168553	-0.0313243940561287	0.0167772082122812	0.0014200622046068	0.0209594654690582	0.00508176968476411	0.0035613146199363	0.0292796341216128	-0.0391860166711827	-0.0320027247968584	-0.0119997463524039	-0.00558307460940774	-0.0219516147019404	-0.00989092631827907
0.0526958482759712	0.0536788109418822	-0.0315674343524795	-0.0312912338462453	0.0167562548488384	0.00140813894592392	0.0209487492045759	0.00507344505693853	0.00355057600370955	0.0293104921018174	-0.0391854229529706	-0.0319804275347802	-0.0120065510616065	-0.0055711485567568	-0.021940649774301	-0.00987944730051724
0.0526868754475564	0.0536844785060857	-0.0315864654658992	-0.0312186898626315	0.0167477067035683	0.00141590757410616	0.0209484041495209	0.00508092311244287	0.0035277897972214	0.0293282966632601	-0.0392097290780817	-0.0319755422816327	-0.0120174237883	-0.00556928078911076	-0.0219625866144999	-0.00988066407360602
0.0526827613295926	0.05369480361504	-0.0315986038601224	-0.0311638624304667	0.0167513486409305	0.00142625503480494	0.0209479557176478	0.00509151644233065	0.00350089925165763	0.0293495741269975	-0.0392318139985876	-0.0319735320216157	-0.012035932429693	-0.00557022095936191	-0.0219806482210038	-0.00989050023815039
0.0526391600610805	0.0536779350328964	-0.0316383159250994	-0.0310676535374109	0.0167241535528485	0.00142259633363442	0.0209362503884733	0.0050902717295613	0.00349549711441959	0.0293778113651647	-0.0392402336213271	-0.0319676241761594	-0.0120274317818799	-0.00554828691313111	-0.0219978744310587	-0.00987625519201222
0.052611499777317	0.0536778568017908	-0.0316743357612891	-0.0309407291565215	0.016709792557036	0.0014247309252299	0.0209267397212076	0.00509303217000153	0.00344841316472449	0.0294234200997257	-0.0392715819429257	-0.0319426908052195	-0.0120623116791024	-0.00554264309765614	-0.0220029147494334	-0.00987827802488542
0.0525980244693785	0.0536813911713828	-0.0316866934820048	-0.0308574661144574	0.016714802141762	0.00143438967280265	0.0209244849889857	0.0050996287285839	0.00342747237413792	0.0294347775798771	-0.039295651977736	-0.0319397822844723	-0.0120796091353427	-0.00554369083567749	-0.0220250401824761	-0.00988703711474384
0.052554847884011	0.053649099885565	-0.0316995834536354	-0.0308234397744763	0.0166945137427168	0.00141155317488947	0.0209174958778913	0.00507708280334864	0.00344831118489041	0.0294452451812023	-0.039280334047864	-0.0319258948662454	-0.0120558422460666	-0.0055247519232037	-0.0220247873283669	-0.00986351609465672
0.0525756364033385	0.0536662450705463	-0.0316894567164131	-0.0308039476563272	0.0167188561894126	0.00143406277853999	0.0209280025947693	0.00509845246803194	0.00342826306709803	0.0294175080633173	-0.0392956212440874	-0.0319394833298902	-0.0120793325325051	-0.00554732578811953	-0.0220310220680859	-0.00988083729962555
0.0525825095647585	0.0536647810312845	-0.0316694630809978	-0.0308375088006269	0.0167414873306736	0.00144650152432937	0.0209397037329917	0.00510583971957442	0.00345002249032527	0.0293858915207853	-0.0393012650595623	-0.0319685294218098	-0.0120566119842663	-0.00554858866168126	-0.022062593907129	-0.00987217599864912
0.0525765975283501	0.0536454355964584	-0.0316600641724544	-0.0308973555964059	0.0167339436169199	0.00142109876675591	0.0209357139466064	0.00508774598243785	0.0034767887043105	0.0293887860716922	-0.0392621159791489	-0.0319557553998536	-0.0120430109477652	-0.00554560470379647	-0.0220274457889731	-0.00987475762513371
0.0525996254130751	0.0536532866466983	-0.0316343317266502	-0.030970753137261	0.0167506906614531	0.00143020151468534	0.0209425368166014	0.00509360772742125	0.00349856489134608	0.0293441105224622	-0.0392522756236524	-0.0319770957278723	-0.0120221288305079	-0.00555136586592983	-0.0220295859685047	-0.00987508731336443
0.0526145968909081	0.0536502649702448	-0.0316091231498567	-0.0310578620763555	0.0167586660432715	0.00142565991960882	0.0209475617681517	0.00508924494630038	0.00351563743315785	0.0293376243256181	-0.0392388687679313	-0.0319816373229489	-0.0120110465562101	-0.00554803964695807	-0.022021208255286	-0.00987147052171475
0.0526564044319277	0.0536630152434725	-0.0315769492106973	-0.0311558646969038	0.0167740761740895	0.00141914298911607	0.0209539194424652	0.00508241509138526	0.00353654609311176	0.0292903601649833	-0.03920492904096	-0.0319898306342758	-0.0120179881698475	-0.00557661774922821	-0.0219701470920619	-0.00988355303657687
0.0526779794532632	0.0536609868226632	-0.0315471934508912	-0.0312696965434786	0.0167903985354779	0.00141995323985258	0.0209648103299511	0.00508762863577946	0.00357088396053123	0.0292627166450282	-0.0391936581738184	-0.0320115062384613	-0.01198315856405	-0.00557225357112331	-0.0219793057193525	-0.00987858536137168
0.0526905117969825	0.0536641314337112	-0.0315414336857419	-0.0313233924185803	0.016789028094146	0.00141945451655442	0.0209688043072884	0.00508625819444754	0.00357494499310195	0.0292646319101312	-0.0391817963824327	-0.0320098591942917	-0.0119817126855806	-0.00557608270434531	-0.0219642029250208	-0.00987928525036994
0.0527072588415156	0.0536796491322993	-0.0315321521238568	-0.0313423858134312	0.016792609961195	0.00142379634291486	0.0209675581975351	0.00508722490739523	0.00356545108964456	0.0292707618760481	-0.0391859929224542	-0.0320087583708773	-0.0119951628478066	-0.00558483900023568	-0.0219553460462804	-0.00988967322360554
0.0527105710906471	0.0536851518523874	-0.0315452013516666	-0.0313228461978252	0.0167837852130872	0.00142630392924594	0.0209610580308507	0.00508642443554693	0.00355255832404593	0.029289116849198	-0.0391923589786719	-0.032003635630445	-0.0120057980872152	-0.00558356075984964	-0.021949239829092	-0.00989232889024364
0.05268341930907	0.0536715228762058	-0.0315790139530914	-0.0312712974871752	0.016753928870431	0.0014119820489862	0.0209440986447452	0.00507377893612134	0.00354286325488844	0.0293231417921951	-0.0391881512627782	-0.0319757574171731	-0.0120138838307719	-0.00556759602637244	-0.021929944685691	-0.00987909106958998
0.0526927623382523	0.0536976297137296	-0.0315849595171165	-0.0311875455007011	0.0167647471147474	0.00143931823245504	0.0209487701593363	0.00509423078229794	0.00349900913226713	0.0293308084405432	-0.0392323183098219	-0.0319890120016351	-0.0120403035927181	-0.00557365334911982	-0.021973195311212	-0.00988628833130459
0.0526470586087774	0.0536678180745623	-0.0316200908714641	-0.0311353485894619	0.0167358742488473	0.00141022184911035	0.0209480381397054	0.00507863485260425	0.00350440149061697	0.0293641404794622	-0.0392208015734913	-0.0319581610063506	-0.0120311337895553	-0.00555706276679787	-0.0219565600254011	-0.00987702912116398
0.0526228083630274	0.0536748155675609	-0.03165189600684	-0.0310152959730084	0.0167268008375824	0.00142897635969238	0.0209505652838129	0.00509658470038589	0.00346568966620441	0.0293890640715139	-0.0392582840519588	-0.0319618252954573	-0.0120474268142792	-0.00554834418947628	-0.0219924108265234	-0.00987982169223687
0.052600991663455	0.0536792174642345	-0.0316833016047837	-0.0309027563366599	0.0167123825654247	0.00143512169243356	0.0209350741279214	0.00509499632954554	0.00342695269607934	0.0294285135034935	-0.0392829170713326	-0.0319392067270525	-0.0120794806128121	-0.00554485871432528	-0.0220021799358344	-0.00987854903978694
0.052551064851262	0.0536475967307504	-0.0317068086550306	-0.0308421761242659	0.0166894119570448	0.00140848539796298	0.0209227429499022	0.00507902181718014	0.00343987898929465	0.0294596564684399	-0.0392787303101993	-0.0319219218436684	-0.012058462988104	-0.00551800728431431	-0.0220138182097755	-0.00985793374647901
0.0525672531021837	0.0536642096648168	-0.0317042326164821	-0.0307919685182832	0.0167040579375992	0.00142310902677286	0.020929118785008	0.00508707403312016	0.00342148909154404	0.0294337787362967	-0.0392910405334581	-0.0319319074855039	-0.0120794233364669	-0.00554093458618934	-0.0220129185520611	-0.00987766474889693
0.0525763628350333	0.0536667479847965	-0.0316850645986276	-0.0308109325764695	0.0167283221531894	0.00143999716669287	0.0209386308492578	0.00510226344046157	0.00343004003078223	0.0294089138175742	-0.0393004827485064	-0.0319554089478146	-0.0120664467518266	-0.00554264309765614	-0.0220482440871887	-0.00988205546969837
0.05257472836372	0.0536563292779123	-0.0316759478808579	-0.0308497603505564	0.0167284758214326	0.00142973492201983	0.0209357893837439	0.00509135299519932	0.00345308188534759	0.0294003503054798	-0.0392806148416537	-0.0319543165063043	-0.012050758621187	-0.0055386449293667	-0.0220434859595878	-0.00987631386534141
0.0525919811164714	0.053657935809545	-0.0316498214855577	-0.030921512244226	0.0167418840741377	0.00142584292451655	0.0209419109677566	0.00508091193657064	0.00347824715563621	0.0293779287118231	-0.0392666477953372	-0.0319651598963332	-0.0120359645603257	-0.00554504032224898	-0.0220327152127284	-0.00987978117970004
0.0526164311309375	0.0536679242453485	-0.0316312946833723	-0.0309821553209013	0.0167625566437908	0.00143748538940971	0.0209523687901937	0.00509353787821983	0.00348680507979453	0.0293387209580804	-0.0392531501356542	-0.0319794231032638	-0.0120374202176833	-0.00556115872396931	-0.0220243361025257	-0.00988689182840488
0.0526196036816661	0.0536554505749584	-0.031604719856199	-0.0310803032277886	0.0167640304619408	0.00141725566369363	0.0209569718525674	0.0050846851904315	0.00351239643021183	0.0293312764301928	-0.0392343090120624	-0.0319817267299267	-0.0120169250650019	-0.00555264410631586	-0.0220060984760342	-0.0098649438123338
0.052654697317445	0.0536603023004892	-0.0315610878540382	-0.0312030576113531	0.0167885964260812	0.00142172740956872	0.0209708313311137	0.0050925544014638	0.00354599249911219	0.029278170082351	-0.0392073514112653	-0.0320027136209862	-0.0119920238246946	-0.00557448036366467	-0.0219884839044194	-0.00988367317720332
0.0526916601178539	0.0536781543593889	-0.0315470802951849	-0.0312667670679709	0.0167934397697079	0.00142438028223876	0.0209786921602419	0.00509391087295543	0.00354375033974651	0.0292563701465869	-0.0391914439541333	-0.0320100743298321	-0.012013890815692	-0.00559516271220597	-0.021946246092319	-0.00988969278138194
0.0526982133699314	0.0536788738061635	-0.0315421140169637	-0.0313187977381107	0.0167885489286243	0.00142536794994687	0.0209750530168477	0.00509851952326531	0.00355895371692821	0.0292608670381745	-0.0391903668794473	-0.0320155016127827	-0.0119956699530089	-0.00558451909089316	-0.0219569260352166	-0.00988050202345872
0.0526974967171248	0.0536775089527677	-0.0315496479518292	-0.0313254599549425	0.0167751588367115	0.00140985444231086	0.0209620429045907	0.00508271544295138	0.0035611427909008	0.0292795069960662	-0.0391777395408141	-0.03199936505027	-0.0119971912686159	-0.00557888784827445	-0.021940454196537	-0.00987668127214089
0.0526841750774294	0.0536736644527214	-0.0315635507368804	-0.0312965367976173	0.0167587750080258	0.00140533938993089	0.0209539292213534	0.00507837920452704	0.00355676184898756	0.0293029316242554	-0.0391841991949617	-0.0319867586663972	-0.011999359387828	-0.0055717129383043	-0.0219400071616479	-0.00987183094359409
0.0526851026748243	0.0536880925037673	-0.0315855560292966	-0.0312306326790908	0.0167505830936829	0.00141992390318798	0.0209490900686789	0.00508996858402712	0.00352407242272167	0.0293173820270457	-0.0392020470629093	-0.0319799525602105	-0.0120289419216146	-0.00557505452410037	-0.0219405324276426	-0.00988149807307101
0.0526832865955873	0.0536981228490916	-0.0315971398208606	-0.0311737754291326	0.0167561207383717	0.00143377639681416	0.0209461564022191	0.00510033420551827	0.00349829527342859	0.0293443996981561	-0.039236004950673	-0.0319827074127147	-0.012037597634655	-0.00556721464973267	-0.0219795865131422	-0.00988646574827621
0.0526590461287255	0.0536931272342059	-0.0316254036017243	-0.031098193005257	0.0167368647105234	0.00143139593602967	0.020935595202964	0.00509495861097677	0.00348900812360741	0.0293617334759812	-0.0392355914434006	-0.0319696428180805	-0.0120460354181868	-0.00556311310462512	-0.0219814305320597	-0.00988231949967975
0.052618860486163	0.0536845469583031	-0.0316676456047768	-0.0309776472534415	0.0167087266582223	0.00142491672410568	0.020921851674092	0.00508559602401805	0.00345736084742675	0.0294184649973768	-0.0392592591468107	-0.0319447401807893	-0.0120615000313818	-0.00554017742084592	-0.0219980574359664	-0.00987129729569522
0.0526118699780846	0.053695147273111	-0.031682727444348	-0.0308763659113784	0.0167170247433513	0.00144930806524254	0.0209203373434052	0.0051072381005869	0.00342415174310228	0.0294293335331182	-0.0392976091523599	-0.0319519765580567	-0.0120803146122771	-0.00554459747831195	-0.022039961368884	-0.00988085825438598
0.0525819759168596	0.053672025790456	-0.0316982046303993	-0.0308372601374698	0.0167044309323348	0.0014306122279897	0.0209157231051592	0.0050922750046581	0.00342796411251594	0.0294459758038492	-0.0392893040823107	-0.0319303274965677	-0.0120768151672858	-0.00553416899253953	-0.0220314774848792	-0.00987342490237056
0.0525736163644333	0.0536662366886421	-0.0317008644879895	-0.0308068617650106	0.0167082530806366	0.00143110396636772	0.0209178465208824	0.00509366081281433	0.00342561717934813	0.0294303966379638	-0.0392864430590204	-0.0319323391535686	-0.0120814643301325	-0.00554015926005355	-0.0220277670952996	-0.00987083210001375
0.0525591603737069	0.0536477573839137	-0.0316893477516589	-0.0308298337703745	0.0167131760523529	0.00142377818212249	0.0209201990419864	0.00509236999957204	0.00345593173276564	0.0294151583361814	-0.0392823247501045	-0.0319430624029711	-0.0120433266661557	-0.00552969305571235	-0.0220494203477407	-0.00986052235788374
0.0525895950677508	0.0536661444876962	-0.0316565437727027	-0.0308669683998189	0.0167399450603062	0.00144216528590504	0.020935054570145	0.00510682319633045	0.00345109537405913	0.0293782248724371	-0.0392839648093539	-0.0319659813229419	-0.0120551814726211	-0.00555214258904965	-0.0220519321250239	-0.00987633342311781
0.0525861794418012	0.0536479990621506	-0.0316489623403802	-0.0309436753958375	0.016730069780209	0.00141744844748955	0.0209271238918154	0.00508449799457169	0.00349063980095265	0.0293654885690497	-0.039244643899905	-0.0319575728760747	-0.0120319985226689	-0.00554572344743889	-0.022014578169087	-0.00986229233664779
0.0526076496893346	0.053656170021733	-0.0316299954882259	-0.0309965470503625	0.0167483884317742	0.00142555235183863	0.0209428273892793	0.00509566408791114	0.00349717908318985	0.0293356839148025	-0.0392395127775684	-0.031970501963258	-0.0120332376475021	-0.00555954660440047	-0.0220071895205604	-0.00987258391798543
0.0526337593208265	0.0536375314608254	-0.0315940957926626	-0.0311848129999415	0.0167533756647558	0.0014007447094613	0.0209482840088944	0.00507796430027059	0.00355082606385065	0.0293166206707502	-0.0392021378668711	-0.0319709462041791	-0.0119860056175	-0.00554530574921438	-0.0219865560664601	-0.00984924590280603
0.052665943038874	0.0536499115332856	-0.031552926673344	-0.031266824344316	0.0167715224872854	0.00141290126447693	0.0209621839999776	0.00508598578256199	0.00357871824696281	0.0292560446493083	-0.0391778443146162	-0.0320042083938966	-0.0119783194113755	-0.00557289059584029	-0.0219660176072738	-0.00986417966207024
0.0527186093367469	0.0536931006915093	-0.0315393759282679	-0.0312870023816231	0.0167905270580086	0.00143749377131388	0.0209693197943949	0.0051038951178068	0.00354486094204914	0.0292419239347486	-0.0391886569709965	-0.0320150210502769	-0.0120241125478283	-0.00560759726704326	-0.0219441520132604	-0.00989381248728186
0.0527258946084553	0.0536982178440056	-0.0315355328252057	-0.0313251805581368	0.0167900786261354	0.00143668771152946	0.0209622775979075	0.00510000451728755	0.00355802472254928	0.0292549759565265	-0.0391922122953489	-0.0320214821014085	-0.0120096076626608	-0.00559092426266363	-0.0219714001867354	-0.00987982169223687
0.0526907967817243	0.0536736029854242	-0.0315626063756771	-0.0313118645063775	0.0167566571802386	0.00140802718720164	0.0209495091638874	0.00508274338263194	0.00356543991377233	0.0292977963109668	-0.0391748952813322	-0.0319884518110397	-0.0120016113260819	-0.00557307080677996	-0.0219410521057012	-0.00987102069285759
0.0527076625698999	0.0536991859539373	-0.0315783517826619	-0.0312513457612807	0.0167592625554517	0.00143331958303685	0.0209523157048006	0.00510012326092997	0.0035263369338318	0.0293032403577257	-0.0392023753541559	-0.0319903614882066	-0.0120369592129539	-0.00558684926025263	-0.0219449510881246	-0.00989025297197735
0.0527003228158144	0.0537083641390042	-0.0315882396356153	-0.0311903785843108	0.016761779920671	0.00144323537567084	0.0209502509624065	0.00510583692560636	0.00350547437435083	0.0293285341505449	-0.0392326032945637	-0.0319930297277009	-0.0120401862460597	-0.00557793929611913	-0.0219887241856723	-0.00989269769402715
0.0526674182540081	0.0536923798477506	-0.0316201160171766	-0.0311275059211261	0.0167364302484906	0.00142874865129574	0.0209381335229437	0.00509282541636532	0.00349952601635766	0.0293582144732135	-0.039228202794874	-0.0319693843760353	-0.0120423348074955	-0.00556477691260301	-0.0219800768545362	-0.00988127874657855
0.0526375255897672	0.0536937349222582	-0.0316576306262768	-0.0309980977026341	0.0167159476686654	0.00143164599617076	0.0209267928066007	0.00509411343563955	0.0034639560090251	0.0293979027894619	-0.0392569108166588	-0.031955378214166	-0.0120647843408327	-0.00555220126237884	-0.0219959773267481	-0.00988063892789351
0.0526111421494057	0.0536892338397186	-0.0316893561335631	-0.0308958245019107	0.0167026176470658	0.00143005064041026	0.0209192742385595	0.00509397094326865	0.0034402547779983	0.0294308185271404	-0.0392786003906846	-0.0319377957731838	-0.0120767285542761	-0.00554554882443533	-0.0220137553454942	-0.00987975324001947
0.0525956607724024	0.0536863364948435	-0.0317005012721421	-0.0308399814623572	0.0167063364185496	0.00143589282761727	0.0209173380186961	0.00509480633971767	0.00343087542723124	0.0294348278713021	-0.0392899243432193	-0.0319367592110347	-0.0120775248351723	-0.005543372323319	-0.0220371268882903	-0.00987688383482502
0.0525863400949645	0.0536772840383391	-0.0316978637662964	-0.0308222118255153	0.0167140924738756	0.00143949145847457	0.0209209366495534	0.0051008413107206	0.00343789387499021	0.0294232720194187	-0.0392911760409088	-0.0319456552053279	-0.0120723392304586	-0.00554455696577513	-0.0220468722488728	-0.00987947663718184
0.0525739097310793	0.0536603833255629	-0.0316935079700956	-0.0308188395060706	0.0167106922147503	0.00142708344633382	0.0209203080067406	0.00508910385091351	0.0034450212875034	0.0294141273619684	-0.0392752196893358	-0.0319364937840693	-0.0120718949895376	-0.00554286102716458	-0.0220279654670317	-0.00987384679154716
0.052582140760975	0.0536568126343861	-0.031670748306304	-0.0308580612296535	0.0167283556808061	0.00143117940350525	0.020926907359291	0.00508765657546003	0.00346635043964987	0.0293867297112023	-0.0392774269241007	-0.031959555196411	-0.0120436144448655	-0.0055402402851272	-0.0220529491293966	-0.00986353704941715
0.0525974768516394	0.0536505122364178	-0.0316534452621275	-0.0309328473726329	0.0167365615649893	0.00142011808396793	0.020928675941071	0.00508173615714743	0.00349033665541847	0.0293680687985502	-0.039245774059984	-0.0319567807861305	-0.0120351179880044	-0.00555465436633281	-0.0220180329105893	-0.0098768335434
0.0526202127667025	0.0536580266135069	-0.0316247414312948	-0.0310001219324913	0.016757263471307	0.00143208045820361	0.0209428958414967	0.00509291622032717	0.00350721641343432	0.0293307679280064	-0.0392426182730637	-0.0319821234733908	-0.0120168747735768	-0.00556207095453989	-0.0220326244087666	-0.00988020446586066
0.0526487154318351	0.0536625682085834	-0.0315919472312268	-0.0311116752981156	0.0167782112468137	0.00142528971884128	0.0209575180733225	0.00508903120774403	0.00352161512781562	0.0293103873280152	-0.0392253808871366	-0.0319857402650404	-0.0120124896407115	-0.00557366731896011	-0.0220070721739021	-0.00988536352787775
0.0526606792030548	0.0536497662469466	-0.0315703945616358	-0.031223473135945	0.0167755122736707	0.00140669865539058	0.0209592223938373	0.00507567045249587	0.00356592187326215	0.0292761723951903	-0.0391808953277344	-0.0319926637178855	-0.0119822421425274	-0.00557247708856786	-0.0219745000942946	-0.00987299742525785
0.0526997738010912	0.0536695936412625	-0.0315419617457046	-0.0312972548474079	0.0167921880720184	0.00142563197992825	0.0209692820758262	0.0050919215676989	0.00357258409009386	0.0292477870767161	-0.039183576140085	-0.0320118401176441	-0.0119850794170892	-0.00559055825284818	-0.0219708330112199	-0.00988765877263651
0.0527040024717453	0.0536724365037604	-0.031547232566444	-0.0313268890696036	0.0167789376785085	0.00141582375506446	0.020960926714352	0.00508235921202412	0.00357397408920217	0.0292673490440666	-0.0391705855856044	-0.0320024258422763	-0.0119894561680503	-0.0055838485385595	-0.0219489911659349	-0.00988638053225047
0.0526985640129225	0.0536691438124053	-0.0315510169961771	-0.0313321040109818	0.0167651620190039	0.00140544556071705	0.0209492968223151	0.00507303154966611	0.00358165610437466	0.0292836811843432	-0.0391667257187338	-0.0319945426614037	-0.0119813494697332	-0.00557540656407554	-0.0219454665752311	-0.00987936906941165
0.0527084965693649	0.0536923756567986	-0.0315760649198073	-0.0312618217445101	0.0167586213397826	0.00141504284099255	0.0209490146315413	0.00507882903338421	0.00353539637525634	0.0293077176915369	-0.0391888455638403	-0.0319816373229489	-0.0120277433093182	-0.00558411536250894	-0.0219340141001659	-0.0098912518155577
0.0527192980498729	0.0537170575706133	-0.0315871234453766	-0.0311845014725031	0.0167702945383244	0.00144347984787582	0.0209536693823241	0.00510208043555384	0.00349722518366279	0.0293201508493901	-0.0392307494967579	-0.0319916006130398	-0.0120572420240631	-0.00559065883569823	-0.0219733252307266	-0.00990805473945197
0.0526868475078759	0.0536989792003011	-0.0316141648652154	-0.0311509920166125	0.0167440801330304	0.00142707785839771	0.020939524919036	0.00508898650425512	0.00350614772065255	0.0293503522471013	-0.0392301865121945	-0.0319764195876026	-0.012038730588702	-0.00556068095543158	-0.0219899060341604	-0.00988091553073115
0.0526178225270298	0.0536660299350059	-0.0316668283691202	-0.0310258250416309	0.0166927800855374	0.00140275636646228	0.0209173044910794	0.00506938123039976	0.00350256864757164	0.0294053347444933	-0.0392257636607604	-0.031935988075851	-0.0120350900483239	-0.00553540392642068	-0.0219788223628786	-0.00987025654259402
0.0526359190581344	0.0537011808471299	-0.0316720894109713	-0.0309082632477001	0.0167218960266585	0.00144935137174742	0.0209292542924588	0.00510430862507923	0.00343579560497947	0.0294124118655815	-0.0392912626539186	-0.0319489157660503	-0.0120847416546633	-0.00556008863420351	-0.0220212320040145	-0.00990352432024769
0.0525722543050056	0.0536579902919221	-0.0317095132161097	-0.0308428019731107	0.0166851874773428	0.00140949122646346	0.0209090636822955	0.00507625020086768	0.00345324533247892	0.029452839186381	-0.0392725835804741	-0.0319196196139895	-0.0120651685114406	-0.0055247128076509	-0.0220166568813213	-0.00986526511866035
0.0526055975197968	0.0536893665532013	-0.0316842166293224	-0.0308116045257872	0.0167279407765497	0.001452669208815	0.020932013335915	0.00511294617732718	0.00341951096215975	0.029414746225893	-0.0393100730438617	-0.0319522587488304	-0.0120911021229448	-0.00555990004135967	-0.0220491842574399	-0.00989645139011161
0.0525761379206047	0.0536571353376967	-0.031692643236982	-0.0308298435492627	0.0167144179711542	0.00142944574632594	0.0209259783649121	0.005094282470707	0.0034494399479854	0.0294188812986173	-0.0392854637732165	-0.0319433180510483	-0.0120605472882744	-0.00553356968639132	-0.0220484242981284	-0.00987190917469969
0.0525800173452517	0.053652632858173	-0.0316746598615837	-0.0308606093285214	0.0167277298319614	0.0014324087494503	0.0209308636180596	0.00509442915402998	0.00346038252388031	0.0293990231706528	-0.039278030421201	-0.031953073190519	-0.0120512363897248	-0.00553943562232681	-0.0220480317456164	-0.0098724106919659
0.0526059677205643	0.0536639428408674	-0.0316507881985054	-0.0309193273612055	0.0167433089978467	0.00143611913902988	0.0209363844989401	0.00509798308139838	0.00346914440770679	0.0293722234290509	-0.0392641946913832	-0.0319632208825017	-0.0120576066368945	-0.00556098270398172	-0.0220225507569374	-0.00988640288399492
0.0526081749553293	0.0536551753691048	-0.0316384109200133	-0.0309862987755297	0.0167435045756107	0.00142873747542351	0.0209403351697725	0.0050905567143031	0.00349915721257415	0.0293481673640808	-0.0392429214185979	-0.0319725247961312	-0.0120291808058835	-0.00555106411737968	-0.0220203658739169	-0.00987304212874677
0.0526437058471091	0.0536638618157937	-0.0316019636067109	-0.0310780387166785	0.0167677031329516	0.00142942199759746	0.0209507874042734	0.0050921129545108	0.00350612257494003	0.0293262766243549	-0.0392358442975097	-0.0319831502566517	-0.0120282951180095	-0.00556202485406695	-0.0220063150085586	-0.00988436049334532
0.0526803613110317	0.0536718399915802	-0.0315710972446021	-0.0311889494696497	0.0167831244396418	0.00142837006862403	0.0209544293416356	0.00508933994121432	0.00353967114638342	0.0292710217150774	-0.0392058943569236	-0.0320014130288557	-0.0120124938316636	-0.00557702427158049	-0.0219807460098858	-0.00988053974202749
0.0526769051725453	0.053653028204653	-0.0315535427433005	-0.0312885404610384	0.0167777907546211	0.00140906654331881	0.0209532530810837	0.00507394797118878	0.00358489710732068	0.0292637210765447	-0.0391755323060491	-0.0320011364260181	-0.0119696148038941	-0.005567672860494	-0.0219639291161512	-0.0098726411943306
0.0527063368320569	0.0536795988408743	-0.031536628060684	-0.0313081708806063	0.0167915091377806	0.00142937869109257	0.020962545818841	0.00509012504623831	0.00356656308893121	0.0292520925814918	-0.039185931455157	-0.0320146648193496	-0.0119922850607079	-0.0055878397219288	-0.0219584585266958	-0.00989417151217717
0.0527041030545954	0.0536785944093578	-0.0315464837830047	-0.031323815704741	0.0167725115519776	0.00140839180003307	0.0209470798086619	0.00506907109994544	0.00356792794232701	0.0292784690369331	-0.0391672439998083	-0.0319938539482777	-0.0119987656696159	-0.00557914349635166	-0.0219286846060973	-0.00988815749593467
0.0527242461673017	0.0537028502430439	-0.0315477089379977	-0.0313045890135573	0.0167828646006125	0.00142770789819454	0.0209538342264395	0.00508438623584941	0.0035447757260234	0.0292832117977097	-0.0391971464429374	-0.0320043997807085	-0.0120127760224373	-0.005588929369471	-0.021946047720587	-0.00990227960747833
0.05271130031631	0.0537021531480137	-0.0315756304577745	-0.0312544358899517	0.016770030508343	0.00142801663166483	0.0209497173145076	0.00508552198386454	0.00353138284014259	0.0293057828686575	-0.0392029620874479	-0.0319933398581552	-0.0120260347978514	-0.00558345738303153	-0.0219469012778284	-0.0099011438594632
0.0526710629853383	0.0536836417126526	-0.0316099669282099	-0.0311799417166342	0.0167358057966299	0.00140610773114654	0.0209310270651909	0.00506716701071465	0.00352178975081918	0.0293572770969304	-0.039210431761048	-0.0319653820167937	-0.0120228203376019	-0.005557265329482	-0.0219449832187573	-0.0098830878408954
0.0526571001299739	0.0536842521946731	-0.031632110522045	-0.031098976713297	0.016723340508144	0.0014142060475595	0.0209253790587639	0.00507470653351623	0.00350264129074112	0.029366783573244	-0.0392235005466343	-0.0319612176074049	-0.0120355985505102	-0.00555634192303919	-0.0219565991409539	-0.00988406433273129
0.0526501696922087	0.0537020651380199	-0.0316578164251526	-0.0309839336815695	0.0167322127537087	0.00144786637772517	0.0209339607316507	0.00510644461365874	0.00345440482922254	0.0293930901794839	-0.0392781519588115	-0.0319691315219261	-0.0120666912240316	-0.0055556504159451	-0.0220113176083645	-0.00989752147987741
0.052610612692459	0.0536847704757476	-0.031690042052721	-0.0308951693164014	0.0167099783559118	0.00143513147132176	0.0209236621653929	0.00509619075088987	0.00344095466699656	0.0294323007271946	-0.0392846730802563	-0.0319462824511567	-0.0120729664762874	-0.00553691406615544	-0.0220240972182569	-0.00988345664467891
0.0525898353490037	0.0536780076760659	-0.0316947708436573	-0.0308457398305225	0.016711709219123	0.00143688468627747	0.0209218838047247	0.00509544057046659	0.00344192557089634	0.0294340315904059	-0.0392980743480413	-0.0319489101781142	-0.0120634572060057	-0.0055308246127754	-0.0220538376112387	-0.00987410383660839
0.0525792573859402	0.0536684578932474	-0.0317036724258867	-0.030824310095526	0.0167128212184097	0.00143117940350525	0.0209226381761	0.00509351273250732	0.00344252348006052	0.0294281921971669	-0.03928730639515	-0.0319378293008005	-0.0120665026311878	-0.00553780394498157	-0.0220354030099992	-0.00988575468340572
0.0525797183906696	0.0536653426188639	-0.0316882581041167	-0.0308425127974168	0.0167251957029338	0.0014369154199261	0.0209291788553213	0.00510065690882884	0.00345442857795102	0.0294064355679078	-0.0392883206055546	-0.0319543556218571	-0.0120518482687292	-0.00553709707106317	-0.0220562879212246	-0.00987919165244003
0.0525711241449266	0.0536509592713069	-0.0316836871723756	-0.0308629758194656	0.0167115946664327	0.0014100821507075	0.0209192882083998	0.00507831634024576	0.00347149413484265	0.0294026245954781	-0.0392573299118674	-0.0319421180417678	-0.0120481490550219	-0.00553429192713403	-0.0220181670210561	-0.00986876456365163
0.0526023704866911	0.0536593397784936	-0.0316455564933188	-0.0309447846011561	0.0167475348745328	0.00142771628009871	0.0209373917244246	0.00509335766728016	0.00349295041253572	0.0293563550874716	-0.0392605276083085	-0.0319725178112111	-0.0120294643936413	-0.00555311349294943	-0.0220291878280566	-0.00988186408288647
0.0526361635303394	0.0536767266417118	-0.0316182454555625	-0.0310057406022537	0.0167730577727327	0.00144867942242973	0.0209522304887748	0.00510739176883003	0.00349214295576727	0.0293211035924975	-0.0392548977626738	-0.0319962581577907	-0.0120357703795457	-0.00557032713014807	-0.0220338397848713	-0.00989241690023743
0.052646355925811	0.0536602310543038	-0.0315932562052615	-0.0311265294292902	0.0167729907174993	0.00142038211394931	0.0209518058056302	0.00508407889936315	0.0035348347876769	0.0293071784557019	-0.0392180844395559	-0.0319895302827096	-0.0120093953210885	-0.00556596853997928	-0.0219958194675528	-0.00987927407449771
0.0526776609409047	0.0536688266970309	-0.0315624876320347	-0.0312304524681512	0.0167896776917193	0.0014238815589406	0.0209630613059475	0.00508697484725414	0.00356064127363458	0.0292624651879031	-0.0391939319826879	-0.0320096566316076	-0.0119944294311916	-0.00558084222893026	-0.0219768973188874	-0.009884491809844
0.0527105613117589	0.0536860584950219	-0.031534370534494	-0.0313094002265513	0.0168029532309417	0.00143898994120836	0.0209736993393242	0.00509667410736371	0.00356933470524367	0.0292365357673509	-0.0391914523360374	-0.0320306463166352	-0.0119909663077851	-0.00559085720743027	-0.021976094053071	-0.00989101991620897
0.0527180701009119	0.0536900580602954	-0.0315463524665061	-0.0313305240220456	0.0167872162058611	0.00142450461381729	0.0209616950555676	0.00508274757358403	0.00356258308143414	0.0292585284869109	-0.0391742652415353	-0.0320083406726528	-0.0120051163590093	-0.00559181972942588	-0.021941629060105	-0.00988735562710233
0.0526907632541076	0.0536722283531402	-0.0315573425398579	-0.0313203469933983	0.0167573165567001	0.00139748833969097	0.02094560878448	0.00506230271232757	0.00358409244452029	0.0292866316146113	-0.0391646470064994	-0.0319961296352601	-0.0119827576296339	-0.00556941629656152	-0.0219391186798058	-0.00986667327856103
0.052737421123674	0.0537211437488966	-0.031551208382989	-0.031285133216993	0.0167839919667234	0.00143864768012138	0.0209570626565293	0.00509485663114269	0.0035376329466859	0.0292787065242179	-0.0392020093443405	-0.0320062675483546	-0.0120348721188154	-0.00560874558791466	-0.0219446074300536	-0.00991661964853044
0.0527044187729858	0.0537064698286617	-0.0315825567045875	-0.0312253087729584	0.0167571586975048	0.00142929347506684	0.020946054422385	0.00508834109763397	0.0035303574538657	0.0293105912876834	-0.0392057309097923	-0.0319923759391756	-0.0120300329661409	-0.00558289579545209	-0.0219613600625229	-0.00989242388515757
0.0526704119907811	0.0536903891455101	-0.0316147529954914	-0.0311528541963225	0.0167284045752471	0.00140796013196827	0.0209302196084225	0.0050752108447505	0.00351680251783758	0.0293570060820289	-0.0392111721625831	-0.0319663906392623	-0.0120371058962769	-0.00556746051892168	-0.0219476458703155	-0.00987902261737259
0.0526901765208157	0.053723765887918	-0.0316229952012593	-0.031068001386434	0.0167515442186945	0.00145700544723933	0.0209419151587087	0.0051147343168836	0.00347939128555552	0.0293385714807894	-0.0392568088368248	-0.0319941235661952	-0.0120567921952059	-0.0055852916230609	-0.0220081911581089	-0.00990490034951572
0.0526223026548091	0.0536874973885712	-0.0316768545234924	-0.0309685947969371	0.0167064020767989	0.00142688367761775	0.0209179177670679	0.00508794295718586	0.00347300706854547	0.029417101540965	-0.0392556158124645	-0.0319526750500709	-0.0120548615632786	-0.00554051269701275	-0.0220177940263205	-0.00987214666198452
0.0526124622993126	0.0536934597164046	-0.0316867172307333	-0.0308829037966316	0.016710531561587	0.00144073617124393	0.0209189403593767	0.00509743686064325	0.00344705110529674	0.0294283612322344	-0.0392853268687817	-0.0319512948298508	-0.0120706474828002	-0.00554751438096337	-0.0220430347337466	-0.00988153998259187
0.0525729402241636	0.0536643759059162	-0.0317059439219169	-0.0308365728213278	0.0166888685302578	0.00141272524448934	0.0209057039357071	0.00507534914616932	0.00345853571099469	0.0294434668205341	-0.0392679414025475	-0.0319296178286812	-0.0120594758015246	-0.00552921249320656	-0.0220288902704585	-0.00986431097856891
0.0525907196398937	0.0536804342373233	-0.0316942218289342	-0.0308235096236777	0.0167202825101057	0.00143893126787916	0.0209235727584151	0.00509764361427946	0.00344231812340833	0.0294118041775291	-0.0392885622837916	-0.0319490764192136	-0.0120697701768303	-0.00555021335410635	-0.0220472089220236	-0.00988314372025654
0.0525720713000979	0.0536609588829826	-0.0316872327178398	-0.0308444154896635	0.0167151346239608	0.0014228310269512	0.0209224928897611	0.0050834432716302	0.00346750155448932	0.029406790401851	-0.0392693914719691	-0.0319483905000556	-0.0120484312457956	-0.00554264309765614	-0.0220398845347624	-0.0098708348939818
0.0525943727531281	0.0536738055481083	-0.0316639477880535	-0.0308620789557193	0.0167258131698743	0.00142070202329183	0.0209290140112059	0.00507972729411451	0.00346626662060816	0.029378956892068	-0.0392588023330334	-0.031958767297419	-0.0120593891885148	-0.00556278760734649	-0.022021896968412	-0.00988098817390063
0.052634473179665	0.0536880897097993	-0.0316316928238204	-0.0309643591413628	0.0167581351893407	0.00144444097288739	0.0209456674578091	0.00510301920882096	0.00349331362838311	0.029331483183829	-0.039258979750005	-0.0319909524124506	-0.0120352702592635	-0.0055749679110906	-0.0220439120397165	-0.0098984881928251
0.0526268903503585	0.0536650618250742	-0.0316188238069503	-0.0310457697826051	0.0167505970635232	0.00142121192246222	0.02094394078555	0.00508472989392041	0.00352305821231701	0.0293363279244397	-0.0392263741427808	-0.031983805442161	-0.0120117171085438	-0.00556091425176433	-0.0220292772350344	-0.00987513620780542
0.0526729908232976	0.0536785287511085	-0.0315752714328791	-0.0311640663901349	0.0167791290653204	0.00142868858098252	0.0209528926592043	0.00509220655244071	0.00354559994660019	0.0292819126025632	-0.0392068498939991	-0.0320029720630314	-0.0120060956448133	-0.0055859593814265	-0.0220027792419826	-0.00988795493325054
0.0526859841717463	0.0536692374103352	-0.0315516386540697	-0.0312710572059223	0.0167790689950072	0.0014151727605072	0.0209504633039788	0.00507739433078698	0.003589036370997	0.0292615571482846	-0.0391762657226641	-0.0320115034444932	-0.0119763161362786	-0.00557969390805887	-0.02198399679172	-0.0098774426284364
0.0527223406810869	0.0536938592538368	-0.031541098409575	-0.0313184750348002	0.0167917103034807	0.00142504245266824	0.0209556167780598	0.00508701815375902	0.00357878949314827	0.0292460352587444	-0.039175672004452	-0.032018956354285	-0.0119961742642432	-0.00559456759700985	-0.0219621912680198	-0.00989327744239896
0.0526967395517814	0.0536723708455111	-0.0315545625416413	-0.0313403210710372	0.0167620188049398	0.001393562814571	0.0209393139744477	0.00506333927447668	0.00359471790504073	0.0292773416708221	-0.0391539768424901	-0.0319966800469673	-0.0119764460557933	-0.00556972083907972	-0.0219370092339229	-0.00987068821065882
0.0527348702308381	0.0537079310739554	-0.0315445503571093	-0.0313177919096103	0.016777931850008	0.00142281985107897	0.0209480074060568	0.00508571197369241	0.00356031717333998	0.0292702100673568	-0.0391835495973885	-0.0320113888918029	-0.012010846787494	-0.00559672314336576	-0.0219444314100661	-0.0098985175294897
0.0527102735330491	0.0536937949925715	-0.0315684094473314	-0.0312913819265523	0.0167566879138872	0.00141400348487538	0.0209358829816738	0.00507767791854476	0.00356417424624255	0.0293035267394515	-0.0391829335274319	-0.0319970935542397	-0.0120000606738103	-0.00557174367195292	-0.0219590145263391	-0.00988538448263818
0.0527086125190392	0.0537065061502464	-0.0315865436970048	-0.0312094697680437	0.0167562562458225	0.0014254182413719	0.0209371053426987	0.00508580696860635	0.00352406823176959	0.0293253127053753	-0.0392100084748874	-0.0319898809257008	-0.0120301754585118	-0.0055796855261547	-0.0219686998166084	-0.00989462273801836
0.0526951707387174	0.0537057601607752	-0.0316025782796834	-0.0311469379689619	0.0167495870440706	0.00142820382752464	0.0209315984316586	0.00508445748203486	0.00350582082638989	0.0293440797888136	-0.0392232490895091	-0.0319803451127225	-0.0120418067475327	-0.00557757049233562	-0.0219774253788502	-0.00989476523038927
0.0526566293463563	0.0537019757310421	-0.0316536813524284	-0.031024211525078	0.0167109785964761	0.00141608219710972	0.0209136876994297	0.0050715088370751	0.00348366326271454	0.0293860493799805	-0.0392298721907881	-0.0319563463240977	-0.0120596057210393	-0.00556000900611389	-0.0219696763084443	-0.0098871726221946
0.0526223403733778	0.0536914913659085	-0.0316795660694916	-0.0309240100516689	0.0167031540889328	0.00142354628277377	0.0209119652181226	0.00508371149256366	0.00346057251370818	0.0294245823904374	-0.0392660163585563	-0.0319494857355339	-0.0120589142139452	-0.00554490062384613	-0.022013598883283	-0.00988487178949974
0.0526193200939083	0.0537038267348798	-0.0316962656165678	-0.0308470110859884	0.0167117343648355	0.00143384764299961	0.0209076708892192	0.00508500509977402	0.00343236181823752	0.0294355319512525	-0.0392879909173239	-0.0319405254799754	-0.0120854038250928	-0.00554915024926069	-0.0220326006600381	-0.00989035076085934
0.0525807996563077	0.0536713412682821	-0.0317022195624971	-0.0308335860694749	0.0166983149362582	0.00141513085098634	0.0209000405624557	0.00507093747060746	0.00345998019248011	0.0294413797263956	-0.039273805941499	-0.0319366893618333	-0.0120506775961134	-0.00552680688670956	-0.0220458636264042	-0.00986827561924167
0.0525866390495466	0.0536736714376416	-0.031688467651721	-0.0308251538738792	0.016721231062261	0.00143145321237483	0.0209192239471345	0.00508976322737494	0.00344197027438525	0.0294165972297308	-0.039284216266479	-0.0319503630415038	-0.0120599032786373	-0.00554251457512553	-0.0220471544396465	-0.00988277631345705
0.0525846609201623	0.0536662171308657	-0.0316841425891689	-0.0308371902882684	0.016718828249732	0.00141510291130578	0.0209313497685015	0.00508510288865601	0.00345029629919485	0.0293994869693502	-0.0392669048403984	-0.0319477814150192	-0.0120647871348008	-0.00555211464936908	-0.0220178401267934	-0.00988028409395028
0.052608749115765	0.0536733627041713	-0.0316550923062971	-0.0309039395821321	0.0167413518232229	0.00142048269679936	0.0209387412109961	0.00508911921773782	0.00347380334944169	0.029366488809614	-0.039261189778738	-0.0319693578333387	-0.0120444540322666	-0.00556461625943974	-0.0220270560304291	-0.00988639310510673
0.0526214574794719	0.0536721682828269	-0.0316329291546856	-0.0309827616119697	0.0167547530910078	0.00142252927840105	0.0209440734990327	0.00508834947953814	0.00350396842556815	0.0293333090419542	-0.0392461791853522	-0.031986354938013	-0.0120174852555973	-0.00556636947439545	-0.0220296586116741	-0.00987887034611349
0.0526530586551796	0.0536810377344236	-0.031602512621434	-0.031074922045311	0.0167786652666229	0.00142822478228507	0.0209507301279283	0.00509753185555719	0.00350613235382823	0.0293136800193703	-0.0392376226581779	-0.0319937799081242	-0.0120204622285619	-0.00557509084568511	-0.0220158941280418	-0.00988877635985927
0.0526571406425107	0.0536602869336649	-0.0315817115292503	-0.0311837163674791	0.0167698950008923	0.00140128254831225	0.0209513475948689	0.00508093847926718	0.00355833764697166	0.0292796522824052	-0.0391887924784473	-0.0319953976156292	-0.0119854230751602	-0.00557357930896632	-0.0219736577129254	-0.0098766030410353
0.0526910803694821	0.0536739983319042	-0.0315544549738711	-0.0312697384529994	0.0167842769514652	0.00140983069358238	0.0209626003012181	0.0050850386273907	0.00356478472826299	0.0292507389039682	-0.0391821442314558	-0.0320119728311268	-0.0119861062003501	-0.00558304666972717	-0.0219575099745405	-0.00987737557320304
0.0527193748839944	0.0536939332939903	-0.0315416278665218	-0.0313065322183409	0.0167943324425021	0.00142545176898858	0.0209700853416425	0.00509681520275059	0.00355662354756874	0.0292444552698082	-0.0391853209731365	-0.0320199775496098	-0.0119999894276249	-0.0056000144377368	-0.021949287326549	-0.00989832195172572
0.0527270960147197	0.0537016544247156	-0.0315371924422315	-0.0313289188873969	0.0167900953899438	0.00142146058561928	0.0209689551815635	0.00509170643215852	0.00355967316370286	0.0292559985488353	-0.0391860488018154	-0.0320165926573089	-0.0120042264801832	-0.00559591428961328	-0.0219525409023513	-0.00989520528035823
0.0527324758002133	0.0537128456637675	-0.0315524209651257	-0.0313080269912513	0.0167789348845404	0.00142266059489973	0.0209615497692287	0.00509069361873789	0.00354553987628697	0.0292765104653252	-0.0391886485890923	-0.0320074577787468	-0.0120204608315779	-0.00560036927168003	-0.0219424448987776	-0.00990138134674804
0.0527004611172332	0.053695538428639	-0.0315849720899727	-0.031272517054232	0.0167535363179191	0.00141107540635173	0.0209510821679034	0.00508373524129215	0.00354890800477958	0.0293120651058334	-0.0391925447775477	-0.0319899633477585	-0.0120055368512019	-0.00557364357023163	-0.0219569358141048	-0.00988028828490237
0.052706637183623	0.0537153267074021	-0.0315984432069591	-0.0311909038503055	0.0167607852680427	0.00142838264148028	0.0209490774958226	0.00509887435720853	0.00350371976241109	0.0293314957566852	-0.039225797188377	-0.03198660360117	-0.0120420749684662	-0.00558264433832697	-0.0219720609601809	-0.00989577105888976
0.0526871897689628	0.053711346699905	-0.0316193658367533	-0.031128677990726	0.0167486915773084	0.00142795656135161	0.0209408059533901	0.00509435790784453	0.0034969457868571	0.0293478558366425	-0.0392355439459436	-0.0319795865503951	-0.0120419646067279	-0.0055754931770853	-0.0219834840985816	-0.00989103388604926
0.0526314724579719	0.0536902075375864	-0.0316670141679959	-0.0310033908751179	0.0167114368072375	0.00141198065200217	0.020923176014951	0.00508041600724054	0.00347551605186058	0.0294083452450747	-0.0392462224918571	-0.031949830790589	-0.0120517490828632	-0.00554591623123482	-0.0219900052200264	-0.00987842191424035
0.0526360699324095	0.0537098030325536	-0.0316820191734456	-0.0308903650883275	0.0167289759417148	0.00144170148720759	0.0209282205242778	0.00510828164765616	0.00342479295877134	0.0294171671992144	-0.0392926987534998	-0.0319522070604214	-0.0120885246874123	-0.00556266467275198	-0.0220233610076739	-0.00990317228027252
0.052574827549586	0.0536689007371844	-0.0317152101169777	-0.03082833760048	0.016688878309146	0.00140193913080563	0.0209137826943437	0.00507475542795723	0.00344023941117399	0.029452350241971	-0.0392716643649834	-0.0319210026281777	-0.0120684737756519	-0.00552962739746301	-0.0220099709157611	-0.00987138670267304
0.052603887611346	0.0536990560344226	-0.0316968341890674	-0.0307978917305638	0.0167280413593997	0.00144499138459461	0.0209353996252	0.00511031984735368	0.00341516354786319	0.0294100635354297	-0.0393105983098564	-0.0319582154887278	-0.0120880511098267	-0.0055574078218529	-0.0220467814449109	-0.00989114285080348
0.0525963173548958	0.0536847802546358	-0.0316933179802678	-0.0308311664931377	0.0167351561990566	0.00144068448283487	0.0209350713339533	0.00510797989910601	0.00343557767547103	0.0294018674301347	-0.0392923523014608	-0.0319558839223843	-0.0120689557351417	-0.00555232699094141	-0.0220542846461278	-0.00988914656062681
0.0525761728452054	0.0536586678291759	-0.0316827288413321	-0.0308747356310172	0.0167263440238051	0.00141548847889763	0.0209332105512274	0.00508969058420546	0.0034731900734532	0.0293971903276074	-0.039268307412363	-0.0319578117603435	-0.0120338914360275	-0.00553782629672602	-0.0220457965711709	-0.00986885676459751
0.052619845359903	0.0536788933639399	-0.031646790030216	-0.0309416595478844	0.0167590418319752	0.00143397057759411	0.0209506644696789	0.00510338940958851	0.00347282965157385	0.0293497571319052	-0.039265806810952	-0.0319782216969993	-0.0120448465847786	-0.00556563466079648	-0.0220366351499123	-0.0098887973146197
0.0526268288830613	0.0536736057793922	-0.0316383089401792	-0.0310014853889031	0.0167544024480167	0.00142115045516496	0.0209466732863096	0.00509354206917191	0.00349760516331853	0.0293340759861858	-0.0392398243050068	-0.0319793518570783	-0.0120267318928816	-0.00556294267257365	-0.0220184981062708	-0.00988074090772759
0.0526534414288034	0.0536721892375874	-0.031597257167519	-0.0311178346006971	0.0167786010053576	0.00142029270697149	0.0209578407766331	0.00508989035292153	0.00352678815967299	0.029305859702779	-0.039225304053015	-0.0319932853757781	-0.0120058637454645	-0.00556938835688095	-0.0220141478980062	-0.00988182217336562
0.0526787114728941	0.0536750404819894	-0.031570355446083	-0.0312178237325339	0.0167865037440066	0.00141076108494533	0.0209621672361692	0.00508587961177583	0.00355485217182066	0.0292665332053939	-0.0391911156628866	-0.032002459369893	-0.0119967093091261	-0.0055843738045542	-0.0219739692403637	-0.00988364244355469
0.0527040611450745	0.0536834028283838	-0.0315535888437735	-0.0312882289336001	0.0167908651281434	0.00141239555625863	0.0209663051028615	0.00508876578077862	0.00356719312872805	0.0292498839497428	-0.0391796464240129	-0.0320138783173416	-0.0119905150819439	-0.00558995894669997	-0.0219568897136318	-0.00989016635896759
0.0527251709707285	0.0536980082964013	-0.0315445042566364	-0.0313342861000342	0.0167994579769025	0.00142342474516329	0.0209697123469069	0.00509780566442676	0.00356735936982743	0.0292499607838644	-0.0391846657876272	-0.0320246867827698	-0.0119877113349988	-0.00559151378992364	-0.0219704027401391	-0.00989312936209194
0.0526967563155897	0.0536772602896107	-0.0315612289494251	-0.031334224632737	0.0167657012548389	0.00138861749111026	0.0209526076744625	0.0050687204569543	0.00358382701755488	0.029285092138212	-0.0391598385874735	-0.0319978479256151	-0.0119782397832858	-0.00557350387182878	-0.0219367913044144	-0.0098769075835535
0.0527277581851492	0.053714341833662	-0.0315647381733046	-0.0312733161290963	0.0167729432200424	0.00141731713099088	0.0209593131977991	0.0050877194397413	0.00353206037739639	0.0292819628939882	-0.0391916004163445	-0.0320017147774058	-0.0120260278129313	-0.00559967776458594	-0.0219366571939477	-0.00989968401115346
0.0527253623575404	0.0537206855381352	-0.0315757617742731	-0.0312495157122035	0.0167785493169486	0.00143955292577182	0.020962594713282	0.00511364327235738	0.00352423307588495	0.029296532040421	-0.0392218018140557	-0.0320122019365075	-0.0120171807130791	-0.00558779082748781	-0.0219851423186233	-0.00991175814411141
0.0526824903146911	0.0536994946874076	-0.0316137611368312	-0.0311831100764108	0.0167434780329142	0.00141076248192936	0.0209388110601975	0.00508643980237124	0.00351540273984107	0.0293528570394644	-0.0392121919609239	-0.0319747641615288	-0.0120259886973785	-0.00556400996837139	-0.0219689834043662	-0.0098869267530056
0.0526693656497438	0.0537048549151248	-0.0316406991798519	-0.031080519760313	0.0167324991354345	0.00141782144222515	0.0209320789941643	0.00509175532659952	0.00349166099627745	0.0293601842206936	-0.0392267694892608	-0.0319686663262446	-0.01204550596124	-0.00556913270880374	-0.0219748884558545	-0.00989403879869447
0.0526656412903239	0.053723571707138	-0.0316637130947367	-0.030968886766599	0.0167403976831314	0.00144856347275537	0.0209320650243241	0.00511024860116823	0.00344108738047926	0.029395106027437	-0.039281120549872	-0.0319711836914639	-0.012073437259905	-0.00556791733269898	-0.0220224222344067	-0.00990800025707487
0.0525973958265657	0.0536825953716153	-0.0317086233372835	-0.0308791277488026	0.0166930063969501	0.00140456965173121	0.0209083218837764	0.00507821296342766	0.00344736263273509	0.029445525974992	-0.0392644740881889	-0.0319288550754017	-0.0120598082837234	-0.0055289638300495	-0.0220117883919821	-0.00987534994636178
0.0525787377078817	0.0536732132268802	-0.0317065613888575	-0.0308388443173581	0.0166995610460116	0.00141009612054779	0.0209104061839469	0.00508302417642166	0.00344893284278307	0.02944012244077	-0.0392796453347379	-0.0319351750311464	-0.0120474421811035	-0.00552368323042193	-0.0220401024642709	-0.00987263979734657
0.0525986195845747	0.0536898988041161	-0.0316966483901916	-0.0308150061818965	0.0167220133733169	0.00143876223281172	0.0209240072204479	0.0051041353990597	0.0034249382451103	0.0294115233837394	-0.0392927769846054	-0.0319516147391933	-0.0120731355113549	-0.00554850484263955	-0.0220439804919339	-0.00989223110136165
0.0525890907565165	0.0536741561910994	-0.0316872676424405	-0.0308486972457108	0.0167262755715877	0.00143153563443251	0.0209269953692848	0.005101155632127	0.00345237920238128	0.0293968983579455	-0.0392805575653085	-0.0319620152852852	-0.0120428782342825	-0.00553639718206491	-0.0220621370933517	-0.00987853646693069
