0.0523920042497819	0.0534939899549174	-0.0321712164375146	-0.0307163860944076	0.0167890727976349	0.00170414868568166	0.0208645781228933	0.00532079504901707	0.00338491046174293	0.0294656858515067	-0.0391675359694703	-0.031675655911196	-0.0117787141424375	-0.00551542006989361	-0.022232647375929	-0.0101576091723274
0.0523736758193285	0.0534933417543282	-0.0321878908388783	-0.0306252356805188	0.0167876199342453	0.00170202526995841	0.02085999601528	0.00531952099958312	0.00335645669105132	0.0294795215813245	-0.0391839868533894	-0.0316640553558237	-0.0118014905700374	-0.00551550947687143	-0.0222355978061971	-0.0101583914833834
0.0523635239363937	0.0534915717755642	-0.0321812342099827	-0.0306046092113387	0.016800222127166	0.00171388985531209	0.020864462173219	0.00532854691339098	0.0033592241164117	0.0294632900238979	-0.0391967091869365	-0.0316762412475039	-0.0117836804206586	-0.00551466430153422	-0.0222687943376654	-0.0101587980057356
0.052382288225864	0.0535037199486756	-0.0321700695136272	-0.0305961043725734	0.0168178241259246	0.00172898845869165	0.0208721399974394	0.00534161150802511	0.00334593600433302	0.0294403906617034	-0.0392045434733681	-0.0316849919554582	-0.0118031599659514	-0.00553023229154734	-0.0222736111385955	-0.0101701862195356
0.0523580226132897	0.0534738216964986	-0.0321684965096112	-0.0306301600492191	0.0168056061036117	0.00170398523855033	0.0208633417920282	0.00531879875884041	0.00338787625883534	0.0294380968139287	-0.0391760589690279	-0.0316771828147391	-0.0117665617783739	-0.00551480120596901	-0.0222639244513422	-0.0101523634973006
0.0523778486106215	0.0534805719233241	-0.0321465470965561	-0.0306792221282985	0.0168215205456639	0.00170054306990421	0.0208672086438189	0.00531372491284906	0.00339692871533974	0.0294149180549285	-0.0391618656112988	-0.0316861905677546	-0.0117644830661396	-0.00553013450266535	-0.0222430926255098	-0.0101617288782273
0.0524038953778321	0.0534873738385587	-0.0321436343848567	-0.0307633694612526	0.0167986169925173	0.00169789019723417	0.0208672826839724	0.00530841218258883	0.00339664512758197	0.0294326723249462	-0.0391416079459021	-0.031677376995519	-0.0117748472906467	-0.00552892052354462	-0.0222039030325595	-0.0101591290909504
0.0524002408676137	0.0535048864303394	-0.0321647009040059	-0.0306528289090489	0.0168002821974793	0.00171314526282492	0.020863874042943	0.00531787814636566	0.00335503735527841	0.0294506990068494	-0.0391778512995364	-0.0316733425056449	-0.0118045639349	-0.00553212799887395	-0.0222333738076238	-0.0101672539500599
0.0523801997347414	0.053491908448715	-0.0321745049379176	-0.0306154037069266	0.0168001788206612	0.00171357832787374	0.0208638153696138	0.00532032286841546	0.00335817498140633	0.0294648113395049	-0.0391865824497142	-0.0316682379260049	-0.0117926197214567	-0.00552456472734389	-0.0222593828562656	-0.0101716935653023
0.0523757517375948	0.0534883098178577	-0.0321735885163949	-0.0305914649886149	0.016808024282965	0.00172196023204449	0.0208721972737845	0.0053327057348437	0.00335754913256158	0.0294458794119512	-0.0391956796097076	-0.031679436149977	-0.0117924409075011	-0.00552849863436802	-0.0222736432692281	-0.0101676255478115
0.0523691747367888	0.0534774189303719	-0.0321668438775055	-0.0305985784312878	0.0168138525003317	0.00171656787369464	0.0208764832207839	0.00532548053344852	0.00336538900692928	0.0294340273994538	-0.0391872809417285	-0.0316833309414483	-0.0117829246522992	-0.00552195516117873	-0.0222761969560322	-0.0101612832403223
0.0523759347425025	0.0534757299766815	-0.0321526630926327	-0.0306189981468318	0.0168232276601467	0.00171107912344683	0.0208786834706287	0.00532128818437912	0.00337378068998822	0.0294149040850883	-0.0391747765376898	-0.0316862715928282	-0.0117828031146888	-0.00553417178650759	-0.0222572105461014	-0.0101677331155816
0.0523850766059848	0.0534654928777209	-0.0321293949266547	-0.0307101932642094	0.0168314978055951	0.00170258546055382	0.0208809409968187	0.00531031347785156	0.00341171160032887	0.0293954133639232	-0.039152648310679	-0.0316954805115438	-0.0117508624718621	-0.00552833798120475	-0.022248403958786	-0.0101677107638372
0.0524230941293352	0.0534876630142525	-0.032104766098233	-0.0307692046635395	0.01685804888404	0.00172222984996198	0.0208923152407784	0.00532761093409191	0.00341532978896257	0.0293498130112664	-0.0391513099999797	-0.0317170303871668	-0.0117537933443538	-0.00554890438007169	-0.022250708982433	-0.0101803869969114
0.0524242312743343	0.0534630062461503	-0.0320726270836743	-0.0308992946102374	0.0168635446192079	0.00170445741915195	0.0208972521823349	0.00531055375910446	0.00346588664095242	0.0293397966357823	-0.0391205344418328	-0.0317228893381821	-0.0117078409517218	-0.00553589845876676	-0.0222507788316344	-0.010158865060969
0.0524503367148741	0.0534668046457237	-0.0320408443000429	-0.0309848808367408	0.0168758143299299	0.00170593123730197	0.0209054315238215	0.00531173700457656	0.00348276081103215	0.0292907555114633	-0.0390964183065496	-0.0317369499824285	-0.011707998810917	-0.00555027202743555	-0.022216492652624	-0.0101557148619848
0.0524682921505919	0.053473695967936	-0.0320327459836299	-0.0310404849920255	0.0168698757508249	0.00169722104188454	0.0209016163604398	0.00529969639923529	0.0034939660199244	0.0292791619410112	-0.039072629065529	-0.0317334114218845	-0.0117130209684993	-0.00555730584201883	-0.022174911423017	-0.0101590159352441
0.0525162520092728	0.0535092282566998	-0.0320118317357399	-0.0310967066142507	0.0168979872604295	0.00172611486254511	0.0209097677622459	0.00532188469655927	0.00348401250872165	0.0292656768541845	-0.0390927749722034	-0.0317543843431037	-0.0117225050930685	-0.00557579771960351	-0.0221900728906778	-0.0101868508420111
0.0523734020104589	0.053481646204042	-0.0321699703277612	-0.0306159205910171	0.0168113295471763	0.0017117203391159	0.0208749437443845	0.00532235408319283	0.00337837816442587	0.029434477228311	-0.0391771975110111	-0.0316815623596683	-0.0117795690966629	-0.00552729443413549	-0.0222705168189724	-0.0101662201818788
0.0523844745058685	0.0534809169783791	-0.0321439221635666	-0.0306540889886426	0.0168295322490671	0.00171479091001045	0.020883311678715	0.00532459763954253	0.00339032237786917	0.0294052942319565	-0.0391749763064058	-0.0316974460680719	-0.0117687424704424	-0.00553595852907998	-0.0222733247568696	-0.0101647812883295
0.0523821988188861	0.0534653643551903	-0.0321323844724756	-0.0307245151444692	0.016825647236484	0.00169671253969818	0.0208787114103092	0.00531022965880986	0.00342114962442512	0.0293871488064109	-0.039140081042359	-0.0316918539410059	-0.0117498510554255	-0.00553561906196107	-0.0222321486526309	-0.0101607090798866
0.0524053789748703	0.0534722277377221	-0.0321115736014037	-0.0307848634575145	0.0168388138109522	0.00169973142218368	0.0208878770225199	0.00531481316340722	0.00342937646336871	0.0293687323659637	-0.0391319212586488	-0.0317040565964945	-0.0117484638502853	-0.0055432396098363	-0.0222236535927538	-0.0101691789940511
0.0524492428763798	0.0534801947376364	-0.0320592383887456	-0.0309268319594064	0.016878520287993	0.00172064008213759	0.0209091433103851	0.00533239141343729	0.00346190803043938	0.0293118569552132	-0.0391248930320016	-0.0317394072773346	-0.0117170275186929	-0.00555947954916711	-0.0222453920612207	-0.010171627907053
0.0524825120510175	0.053490039284085	-0.0320237116879179	-0.0310345352370483	0.0168975961049016	0.00172652836981754	0.0209209324586013	0.00533781031448368	0.00348114030955914	0.0292713430214039	-0.0391047666831036	-0.0317567424521437	-0.0117142461234923	-0.00557462425301961	-0.0222229187791549	-0.0101763566979893
0.0524883807809211	0.0534871014266731	-0.0320323492401659	-0.031073057071633	0.0168729323518792	0.00169871302082693	0.0209079810196735	0.00531269952657217	0.00348973595228623	0.0292786422629526	-0.0390707794586753	-0.0317350263354214	-0.0117263481961308	-0.00557349409294058	-0.0221586002375007	-0.0101665317093172
0.0525240807077683	0.0535110666876813	-0.0320123402379263	-0.0311151188637458	0.0168959141361313	0.00172544989814757	0.0209156518589737	0.00533735769165846	0.00348598505016983	0.0292706221776452	-0.0390933281778786	-0.0317590949732476	-0.0117253605284227	-0.00558361524222675	-0.0221914754626424	-0.0101857947220856
0.0524946322844484	0.053489553133643	-0.0320285564285286	-0.0311183263390751	0.0168658622157111	0.00169939893998491	0.0209055153428632	0.00531448068120845	0.00350445876696214	0.0292996906213094	-0.0390711440715068	-0.0317400401110995	-0.0117090996343314	-0.00556236990912198	-0.0221794166965087	-0.0101646387959586
0.0525153481606064	0.0535153652075368	-0.0320410105411423	-0.0310630323142448	0.0168725858998401	0.00171506332189599	0.0209043712129439	0.00532388657467205	0.00346326031097892	0.0293114434479408	-0.03909859620465	-0.03173231059847	-0.0117525779682491	-0.00558083664099415	-0.0221690273262891	-0.0101839325423756
0.0524579642476695	0.0534809365361555	-0.0320855645527619	-0.0309934583186756	0.016823293318396	0.00167893591793607	0.0208787044253891	0.00529430823183754	0.00347389275641951	0.0293628007717789	-0.0390848792184745	-0.0316993711120631	-0.0117296520633581	-0.00554246568068453	-0.0221615464768167	-0.0101538987827478
0.0524714619073524	0.0535040677976987	-0.0320856344019633	-0.0309337596032035	0.0168465586904059	0.00171237133367316	0.0208919785676275	0.00532132869691595	0.00343687547363346	0.0293695929081253	-0.0391328041525548	-0.0317116673654815	-0.0117526100988817	-0.00555699710854854	-0.0222024306113935	-0.0101783320334055
0.0524594827693084	0.0535166085233222	-0.0321144444035821	-0.030831722492781	0.0168399439710312	0.00172667784710858	0.0208903259355218	0.00533605989349602	0.0034023657771785	0.0293806807703591	-0.0391543051337368	-0.0317104813260414	-0.0117805483824668	-0.00555900736856549	-0.022220176499507	-0.0101814598806453
0.0524055941104107	0.0534897431234709	-0.0321561066582628	-0.0307286572021135	0.0168094575885782	0.00171478811604239	0.0208733847102087	0.00532850640085416	0.00338795029898885	0.0294421941680842	-0.0391702181788049	-0.0316834790217553	-0.0117773730377702	-0.00553184860206826	-0.0222380341463428	-0.0101659016695203
0.0523702671782991	0.0534767455840702	-0.0321851974536714	-0.0306288901907373	0.0167837866100713	0.00169776726263967	0.0208611918336084	0.00531354190794133	0.00336663791065072	0.0294697650448698	-0.0391719057355113	-0.0316554164065917	-0.0117953997196734	-0.00552365668772539	-0.0222216838452737	-0.0101575532929663
0.052376005988688	0.0534836243334263	-0.0321738707071687	-0.0305976480399249	0.0168051492898344	0.00171676065749057	0.0208701939986877	0.00532596388992236	0.003362184325568	0.0294458430903665	-0.0391909326579789	-0.0316743092185926	-0.0117892585778843	-0.00553251356646581	-0.0222619896284627	-0.0101652031775061
0.0523455112243308	0.0534563035167817	-0.0321869087591063	-0.0305851827514389	0.0167895854907734	0.0016943125211373	0.0208624756619305	0.00531160708506192	0.00338030460540111	0.0294535921607723	-0.039171940660112	-0.031663386200474	-0.0117758545161312	-0.00551772369655654	-0.0222442940317743	-0.0101484016505959
0.0523823538841133	0.0534801374612912	-0.0321558552011377	-0.0306065440342181	0.0168245059005327	0.0017229967941936	0.0208801852284593	0.00533416698013746	0.00337490246816307	0.0294120025492612	-0.0391929890184687	-0.0316942916781356	-0.0117808096184802	-0.00554228127879278	-0.0222692315936663	-0.0101692488432525
0.0523948806398965	0.0534782696936452	-0.0321389251516968	-0.0306713543142503	0.0168353786272262	0.00171357413692166	0.0208780492398798	0.00532512430252126	0.00339746515720667	0.0293974389907645	-0.0391700687015139	-0.0316980816958048	-0.0117703392231869	-0.00554508781970595	-0.0222572859832389	-0.0101690378986642
0.0523708357507987	0.0534471616532995	-0.0321352091741811	-0.030744684799872	0.0168176369300648	0.00168023092213045	0.0208754173219701	0.00530063237853436	0.00344608578933308	0.0293825359651489	-0.0391254266799005	-0.0316896271484646	-0.011727932376019	-0.00552784903679479	-0.0222273514094772	-0.0101424560865708
0.052427403825063	0.0534807968377527	-0.0320870006523431	-0.0308239259249182	0.0168686617717042	0.00171753179267427	0.0209021458173866	0.0053333734932093	0.00342958601097297	0.0293416504335881	-0.0391468661937852	-0.0317253047235673	-0.0117475837503473	-0.00555968211185123	-0.0222393584872018	-0.0101714281383369
0.0524603433114699	0.0534842543732231	-0.0320535917793026	-0.030952142516034	0.0168864020718815	0.00171544609551979	0.0209146781611059	0.00533202540362184	0.00346835930268279	0.0292896756428093	-0.0391113562567659	-0.0317433272145185	-0.0117271388890909	-0.0055734801231003	-0.022218310128845	-0.0101718374546573
0.0524641305351711	0.0534713448438161	-0.0320329289885377	-0.0310578564884194	0.0168832155513126	0.00170305065623529	0.0209145761812718	0.00532083695853793	0.00350804342797916	0.0292757826366463	-0.0390862454688544	-0.0317511852496785	-0.0116928415342082	-0.00556135569871732	-0.0222060068905064	-0.0101525604720486
0.0524851663206716	0.0534830152483899	-0.032021213880475	-0.0310936835408132	0.01688632523776	0.00170638386012719	0.020923027934644	0.00532640533687536	0.00349917257939846	0.0292735502561689	-0.0390795371515497	-0.0317500201649988	-0.0117107201358044	-0.00557945781775807	-0.0221782655816693	-0.0101701485009668
0.0524727806602753	0.0534741611636175	-0.0320291738954692	-0.0311072091401767	0.0168683292895054	0.00168787382175014	0.0209147549952275	0.00531263386832283	0.00350768580006788	0.0292900654013533	-0.0390696157709796	-0.0317355613803043	-0.0117019163424571	-0.00556790475984273	-0.0221582188608609	-0.0101586848500293
0.0524909638043897	0.0534959205868447	-0.0320344377312884	-0.0310753690802001	0.0168720508549572	0.00169928438729457	0.0209165543106561	0.00532098224487689	0.00347846089419256	0.029297564411618	-0.0390863013482155	-0.0317333597334754	-0.0117323705942775	-0.00558282454926665	-0.0221496022633734	-0.0101775161947329
0.0524938583552967	0.0535049618674769	-0.0320479270090672	-0.0310492063633152	0.0168732913767745	0.00171442769416304	0.0209127880417154	0.00533288454879934	0.00346620096235882	0.0293125289045309	-0.0391078372539982	-0.0317380200721943	-0.0117322253079385	-0.00557523613202407	-0.0221831410559286	-0.0101773485566495
0.0524584140765266	0.0534893435860388	-0.0320811361133917	-0.0309731601407421	0.0168386517608049	0.00169340029056671	0.0208923864869638	0.00531360058127052	0.0034527731518773	0.0293621777169022	-0.0391061776369724	-0.0317100524519446	-0.0117387240776389	-0.00555267763393255	-0.0221768993312895	-0.0101619202650392
0.0524430947496706	0.0534896928320459	-0.0320964777919922	-0.0309098460306044	0.0168303061782189	0.00169797401627588	0.0208874160177906	0.0053159167807897	0.00343921961283321	0.029380430710218	-0.0391248944289857	-0.0317002484180329	-0.0117463767561468	-0.00555103198674703	-0.0221881059371657	-0.0101670695481681
0.0524444079146573	0.0535132236310212	-0.0321248253918976	-0.0307819325850228	0.016831686398439	0.0017286573734769	0.0208875668920656	0.00533844175126454	0.00338849791672801	0.0293978594829571	-0.0391631438516848	-0.0317027126978591	-0.0117908623155489	-0.00556252637133317	-0.022219538077806	-0.0101848000694573
0.0523827534215454	0.0534793076527783	-0.0321703642772572	-0.030686119038447	0.0167924507050157	0.0016979600464356	0.0208635527366165	0.00531576870048269	0.00339173053776986	0.0294558985814033	-0.0391643368760451	-0.0316672041578238	-0.0117762750083238	-0.00552538615395262	-0.0222312587738048	-0.0101584780963931
0.0523675919538846	0.0534772890108572	-0.0321856151518959	-0.030610420664897	0.0167876604467822	0.00169770719232645	0.0208611094115507	0.00531884625629738	0.00337422213694121	0.0294657263640435	-0.0391788054396278	-0.0316586951281065	-0.0117859602985931	-0.00552561665631732	-0.0222418381338523	-0.0101632012993933
0.0523719198104048	0.0534846790563678	-0.0321761240424066	-0.03059201120937	0.0168067851581317	0.00171938000254392	0.020867359518094	0.00533180188617728	0.00337177741489141	0.0294406840283494	-0.0391937447868281	-0.0316812787719105	-0.0117870415642311	-0.00552960364873453	-0.022273585992883	-0.0101609968585964
0.0523882212170328	0.0534930008902253	-0.0321595320631006	-0.0306098856200141	0.0168339718643095	0.0017376260109396	0.0208801517008426	0.00534542108347071	0.00336414010320784	0.0294180486961363	-0.0391995716072108	-0.0316940122813299	-0.0117928013293804	-0.00554186777152035	-0.0222858724674132	-0.0101770384261952
0.0523495177745244	0.0534494471191701	-0.0321613551272577	-0.0306520759346576	0.0168121663406093	0.00169735794631934	0.0208697902703035	0.00531664181550047	0.00341086502800763	0.0294266415448954	-0.039161876787171	-0.0316816196360135	-0.0117492503522933	-0.00551653346616428	-0.0222664613743378	-0.010143255161435
0.0523579807037688	0.0534432696557962	-0.0321440185554646	-0.0307023757415862	0.0168196010896088	0.00169111342771213	0.020876442708247	0.00531057611084891	0.00342636875675544	0.0294040802528358	-0.0391421709304656	-0.0316846455034191	-0.0117465988766073	-0.00553069050230867	-0.0222304163924356	-0.0101485162032862
0.052423328822652	0.0534869365825578	-0.0320999269455584	-0.0307602080863962	0.0168717840310078	0.00174213407839943	0.0209062068499573	0.00535151612478687	0.00341053533977691	0.0293397211986448	-0.0391652910161365	-0.031732061935313	-0.011766321497121	-0.00557097672772131	-0.0222560175217411	-0.0101813592977952
0.0524102265094491	0.0534515942836218	-0.032086162461926	-0.0308690652728457	0.0168557536392812	0.00169780637819247	0.0208929704262877	0.00531724670958479	0.00345668750112504	0.0293478753944189	-0.0391169260320873	-0.0317117930940441	-0.0117306746556669	-0.00554462821196058	-0.0222185825407305	-0.0101523285726999
0.0524382444211238	0.0534578639479415	-0.0320524001519263	-0.0309674464760657	0.0168708522426608	0.0016976163883646	0.0209055656342883	0.00531824136221306	0.00348662766282292	0.0292969692964219	-0.0390942725390819	-0.0317304456247921	-0.0117135420435419	-0.00556352661189755	-0.0221899834837	-0.0101603640248315
0.0524761501857519	0.0534784247588724	-0.0320314146578508	-0.0310419252825588	0.0168886637890236	0.00170948237070231	0.020921901965517	0.00532588286484871	0.00348984352005642	0.0292667692956947	-0.0390856699114346	-0.0317451558666117	-0.011721300892836	-0.00558525530147616	-0.0221717472541925	-0.0101746495835065
0.0525009159186084	0.0534921934334568	-0.0320166848582548	-0.03110138092281	0.0169001749374181	0.00172492742612092	0.020924651230085	0.00533922685628853	0.00349708548525995	0.0292665010747613	-0.0390963763970287	-0.0317639313319542	-0.0117109296834087	-0.00558027086246263	-0.0221979211469497	-0.0101781811591305
0.0524977615286722	0.0534938446685785	-0.0320226779197369	-0.0311122019610944	0.0168827154310304	0.00171468753319234	0.0209110362237437	0.00532822700404846	0.00349748502269209	0.0292858548914915	-0.0390823199437344	-0.0317478855734033	-0.0117207448931926	-0.00557598212149527	-0.0221778520743969	-0.0101719478163955
0.0524978788753305	0.0535042885211752	-0.0320386314773418	-0.03107006333486	0.0168710310566164	0.00171239089144955	0.0208993742010741	0.00532320344948213	0.00347549649408417	0.0293081898721385	-0.0390915009227694	-0.0317342454213495	-0.0117396265293213	-0.00557861403940488	-0.0221687716782119	-0.010170399958092
0.0524946420633366	0.0535125181540868	-0.0320604202372337	-0.0310232098875296	0.0168645755934209	0.00171883238480477	0.0208957127059356	0.00532946612888171	0.00345665816446044	0.0293315292843019	-0.0391063829936246	-0.0317240935384147	-0.0117521840187531	-0.00557407244432837	-0.0221818879612551	-0.0101816833980898
0.052453668521782	0.0534933152116317	-0.0320843617495134	-0.030967266265126	0.0168400976392743	0.0017052844336968	0.0208837517286839	0.00531826511094154	0.00345473312046922	0.0293758499995887	-0.0391177181220315	-0.031706438454263	-0.0117393122079149	-0.00554539795016026	-0.02220746115088	-0.0101570098661792
0.0524413303588427	0.0534970703047002	-0.032107562860258	-0.0308740371390029	0.0168298158368249	0.001711185294233	0.0208815612577273	0.00532452359938903	0.00342670403292227	0.0293875176101944	-0.0391311738721936	-0.0316973189425253	-0.0117626250773817	-0.00555594797354317	-0.0222001074269542	-0.0101709350029749
0.0524162419226756	0.0535014638194697	-0.0321470905233431	-0.0307432668610831	0.0168121705315614	0.00171763516949238	0.0208710014554562	0.00532779952693576	0.0033834212767686	0.0294342453289622	-0.0391643536398534	-0.0316834035846178	-0.0117950448857301	-0.00554328431332521	-0.0222177974357066	-0.0101697377876625
0.0523744734972088	0.0534855116588487	-0.0321803876376614	-0.0306478179273388	0.016789222274926	0.00170487930832854	0.0208560774750802	0.00531647417741706	0.00337466637786226	0.0294709315265335	-0.0391721697654927	-0.0316637047128325	-0.0117956190461658	-0.00552378660724004	-0.0222346213143613	-0.0101541292851125
0.0523722830262522	0.0534879703507388	-0.0321764760823817	-0.0305985546825593	0.0168037509088219	0.00171674808463431	0.0208617324664274	0.005328007677556	0.00336317758121223	0.0294607838345508	-0.0391922863355024	-0.0316726007071257	-0.0117989494560897	-0.00553102857244356	-0.0222609069658407	-0.0101636511282505
0.0523635239363937	0.0534804406068254	-0.0321813683204494	-0.0305817657285053	0.0168065253191024	0.00171798022454741	0.0208650433185748	0.00533084914306988	0.00336899182873867	0.0294476214510347	-0.0391883496345102	-0.0316760400818038	-0.0117957503626645	-0.00553375269129905	-0.0222626923114291	-0.0101612566976257
0.0523626438364558	0.0534722738381951	-0.0321688373737141	-0.0305999460786517	0.0168148094343912	0.00172228572932312	0.0208793177013776	0.00534367066248305	0.00337439256899268	0.0294272506299318	-0.0391888721065369	-0.0316853244376569	-0.0117895673113546	-0.00553648798602677	-0.0222674616149022	-0.0101601474923071
0.0523640352325481	0.0534656633097724	-0.0321557336635272	-0.0306388101743233	0.0168197324061075	0.00171131661073167	0.0208797032689694	0.00533270154389161	0.00339185486934839	0.0294082572350809	-0.0391702922189584	-0.0316869281753216	-0.0117777376506016	-0.00553981280801449	-0.022251005143047	-0.0101529446426564
0.0523766611741973	0.0534612572221467	-0.0321309483728943	-0.030710271495315	0.0168333641762572	0.00171066561617441	0.0208832320506253	0.0053288766016217	0.00342455267751845	0.0293784819174983	-0.0391534641493516	-0.0317009455130631	-0.0117504489645897	-0.00554578351775212	-0.0222494880183921	-0.0101557414046814
0.0524188738405852	0.0534843144435363	-0.0321070641369598	-0.030771390943544	0.0168534486156343	0.00172560915432681	0.0208888325595954	0.00533675698852622	0.00342045252939492	0.0293492137051181	-0.039146656646181	-0.031711147687423	-0.0117685636564867	-0.00556181949741477	-0.0222361091023516	-0.0101747501663566
0.0524254075348863	0.05346181322179	-0.032076390558647	-0.0309129822597483	0.0168613457663471	0.00170491842388134	0.0208913205881501	0.00532411288608466	0.00347488601206374	0.0293244102536929	-0.0391118256433994	-0.0317208860630853	-0.0117174605837417	-0.00554580866346463	-0.0222294860010726	-0.0101533749137372
0.0524847584013353	0.0534931573524365	-0.0320275003086031	-0.0310203530551914	0.0169016305947757	0.00173369210391546	0.0209120923436692	0.00534566695265972	0.00347972097378623	0.0292660344820958	-0.0391043084723423	-0.0317574688838385	-0.0117271542559152	-0.00557997749581665	-0.022220963001515	-0.0101790277314517
0.0524701431544296	0.0534688638001816	-0.0320361252879948	-0.0310805882125304	0.0168699162633617	0.00169835678989968	0.0208975218002524	0.00531486904276836	0.00351224555593676	0.0292834269332501	-0.0390654806982554	-0.0317358519529822	-0.0117117064065285	-0.00556361322490731	-0.022167204262132	-0.0101547732947497
0.0524893195541882	0.0534840839411716	-0.032021508644105	-0.0311180958367104	0.016882744767695	0.00170722903546441	0.0209115572987863	0.00532593175928971	0.00350978546706265	0.0292830902600992	-0.0390813071303138	-0.0317445034750704	-0.0117117525070015	-0.00556817437776022	-0.0221823154383678	-0.0101660846744281
0.0525044447002643	0.0535012877994821	-0.0320320433006636	-0.0310961087050866	0.0168714278000805	0.00170673031216625	0.0209097621743097	0.00532029213476683	0.00348771731036512	0.0292935215398397	-0.0390734910046746	-0.0317359944453531	-0.0117447506667376	-0.00558431932217709	-0.022155276812497	-0.010173199514085
0.0524898350412947	0.0534967587772618	-0.0320519503230691	-0.0310711110728814	0.0168566840306442	0.00170307300797975	0.0209000922508648	0.00531786417652537	0.00348812802366948	0.029318228599367	-0.039082445672297	-0.0317276488627671	-0.0117368968225297	-0.0055694693819546	-0.0221661313783981	-0.0101650103937102
0.0524607554217583	0.0534894497568249	-0.0320777218844261	-0.0309907565515645	0.0168333041059439	0.00169652394685434	0.0208879105501366	0.00531370675205669	0.0034684137850599	0.0293493198759043	-0.0390932862683578	-0.0317093874875471	-0.0117453681336782	-0.00555693005331517	-0.0221672936691098	-0.0101586401465404
0.0524794596409153	0.0535189722202983	-0.0320841633777813	-0.0309182516835036	0.0168485438047104	0.00172186663411458	0.0208928684464536	0.00533082399735737	0.00342216383482978	0.0293582340309899	-0.039128494456827	-0.0317110680593333	-0.0117873489007174	-0.00557763195963287	-0.0221837040404921	-0.0101822701313818
0.0524331230776755	0.0535016035178725	-0.0321299187956654	-0.0308131104745699	0.016810969125297	0.0017075377689347	0.0208742703980828	0.00531978083861242	0.00341932376629993	0.0293913132157997	-0.0391278476532218	-0.031692495156675	-0.0117829917075326	-0.0055542310801722	-0.022193271984103	-0.0101640548566347
0.052401433891974	0.0534976975505289	-0.0321610044842666	-0.0307037378010139	0.0168007823177615	0.00171241603716207	0.0208676151661712	0.00532197689750515	0.00338951212713267	0.0294372963420804	-0.0391634930976919	-0.0316824089319895	-0.0117946090267133	-0.00553634409667184	-0.0222283362832172	-0.0101587966087516
0.0523666922961703	0.0534819549375123	-0.0321856430915765	-0.0306184952325815	0.0167825810128547	0.00169718751426786	0.0208504643932538	0.00530464731063214	0.00338190554909772	0.029466681901119	-0.0391702503094376	-0.0316625452160889	-0.011791062084265	-0.00552007901162851	-0.0222411508177103	-0.0101428891516196
0.0523817252413005	0.0534981054698653	-0.0321692913935234	-0.0305737344673257	0.0168116955569918	0.00172811254970581	0.0208660114285065	0.00533441005535841	0.00336164508973301	0.0294385089242171	-0.0391971939403944	-0.0316846608702434	-0.0118023818458476	-0.00554512274430666	-0.022279136210428	-0.0101686928436092
0.0523430301806963	0.0534629196331405	-0.0321884733812181	-0.030569424771598	0.0167886914209952	0.00169540775661561	0.0208531549844927	0.00530858959956045	0.00338542315488137	0.0294517369659826	-0.0391683196775102	-0.0316632297382629	-0.0117801460510666	-0.00551870717331257	-0.0222586438517146	-0.0101420090516816
0.0523605204207325	0.0534680940619819	-0.0321610366148992	-0.0306152346718591	0.0168163964082475	0.00170965699370586	0.0208681194774055	0.00531932961277122	0.00339741486578165	0.0294237861095412	-0.0391714824493507	-0.0316781718794312	-0.0117712835843901	-0.00553192823015788	-0.0222652934956901	-0.0101688870243892
0.0523856745151489	0.0534762831823567	-0.0321286405552793	-0.0306685352004808	0.0168418187235974	0.00172157885540472	0.0208820976995942	0.00532953039014701	0.00340151361692114	0.0293932173050305	-0.0391682330645005	-0.031698972971615	-0.0117743820949652	-0.00555214817698577	-0.0222641451748187	-0.0101766570495554
0.0523928633949594	0.0534704633468942	-0.0321177412858893	-0.0307346600424838	0.0168416091759931	0.00171133337454001	0.0208835198293352	0.00532122951104992	0.00342667329927364	0.0293658727396575	-0.0391396982687352	-0.0317026693913543	-0.0117579395929503	-0.00555461525078002	-0.0222384043471103	-0.0101678364923998
0.0524269344384294	0.0534824061633535	-0.0320904428209892	-0.0308158569451698	0.0168660466176029	0.00172153275493177	0.0208959767359169	0.00533243471994218	0.00343499513313116	0.0293448690847896	-0.0391414794233715	-0.0317209908368875	-0.01175753027663	-0.00556287841130834	-0.0222420854000253	-0.0101739315337159
0.052443948306912	0.0534703180605552	-0.0320536923621526	-0.0309542324041405	0.0168833734105078	0.00171585960279222	0.0209097496014535	0.00533190246902733	0.00348406140316265	0.029296481748996	-0.0391078582087586	-0.0317387115792884	-0.0117207351143044	-0.00556622698202455	-0.0222308829851011	-0.0101633549676365
0.0524575856649978	0.0534613578049967	-0.0320334612394525	-0.0310398367914363	0.0168805151811856	0.00170182550124234	0.0209118311076559	0.00532131053612358	0.00350554422355225	0.0292778878915772	-0.0390795357545657	-0.0317390217097427	-0.0117097129103199	-0.00556620183631204	-0.0221908482168136	-0.0101592394526886
0.0524704155663151	0.053468979749856	-0.0320302649399954	-0.0310759795622205	0.0168705239514141	0.00169393533544961	0.020907271351787	0.00530870415225078	0.00351385907248963	0.0292772173392436	-0.0390662811701037	-0.031737658253331	-0.0117105399248648	-0.00556823584505747	-0.0221652554694123	-0.0101566913538207
0.0525111907361377	0.0535036528934423	-0.0320075946831816	-0.0311047630211428	0.0168948482373176	0.00172239469407733	0.0209157482508717	0.00532989919393053	0.00349370338692705	0.0292707185695432	-0.0390901248935014	-0.031754103549314	-0.0117269628691033	-0.00558977733877628	-0.0221845394369411	-0.0101842901702869
0.0524938667372008	0.0534926767899307	-0.0320313336327772	-0.0310907275226089	0.0168706622528329	0.00170589770968529	0.0209031851735038	0.00531552562526174	0.00349620538532202	0.0292969134170608	-0.039076357615901	-0.031734122486755	-0.0117283053707546	-0.00557694883444296	-0.0221679111360504	-0.0101692264915081
0.0524930257528157	0.053501335296939	-0.0320548839895289	-0.0310366279191229	0.0168561643525856	0.00170901298406875	0.0208946104855371	0.00531671864962204	0.00346977165353556	0.0293192064881869	-0.0390872792370354	-0.0317194290087436	-0.0117516545618063	-0.00557524171996018	-0.0221593643877643	-0.0101753648393291
0.0524696849436682	0.053495540607189	-0.0320705581503282	-0.030980664738943	0.0168446699679995	0.00171282954443449	0.020890581583599	0.00531890353264254	0.00346927432722143	0.0293502698250437	-0.0391155150782186	-0.0317195910588909	-0.0117372656263132	-0.00555204619715169	-0.0222079626681462	-0.0101681508138062
0.0524711587618183	0.0535093302365339	-0.0320835906143297	-0.0309168519055071	0.0168459426204494	0.00172514395864534	0.0208880097360027	0.00533068150498646	0.00343243725537505	0.0293634783090327	-0.0391316767864438	-0.0317115458278711	-0.0117685594655346	-0.00556387166695257	-0.0222113838820319	-0.0101787022341731
0.0524166777816925	0.05349067910277	-0.0321370434142105	-0.0307996267847272	0.0168062808468975	0.0017136006796182	0.0208714373144731	0.00531967466782625	0.00341982109261406	0.029414497562736	-0.0391376321293571	-0.0316879521646145	-0.01176970918339	-0.00553540532340471	-0.0222220330912808	-0.0101632669576427
0.0523860307460762	0.0534861389046775	-0.0321661928829483	-0.0306809418156376	0.016793001116723	0.00171169798737144	0.0208616444564336	0.0053156709116007	0.00338537426044038	0.0294543255773873	-0.0391635629468933	-0.0316688665688177	-0.0117916390386688	-0.00552684739924639	-0.0222331447022432	-0.0101626886062549
0.0523595215771522	0.0534715655672926	-0.03218807524077	-0.0306034036141221	0.0167864520555975	0.00169515769647451	0.0208530166830738	0.0053026174928388	0.00337663472835835	0.0294742186299525	-0.039169486159174	-0.0316535779756103	-0.0117952600212705	-0.00552172884976612	-0.0222300154580194	-0.010157637112008
0.0523760674559852	0.0534862786030803	-0.032173496315449	-0.0305855613341107	0.0168148890624808	0.00172422055220253	0.0208686684921287	0.00532455014208557	0.00337420397614884	0.0294409648221391	-0.0391955427052728	-0.0316830766903551	-0.0117895100350094	-0.00553596132304804	-0.0222723440740817	-0.0101743506289244
0.0523571690560483	0.0534701294677114	-0.0321817999885142	-0.0305889923268845	0.0167975776364002	0.00170845139648931	0.0208520723218706	0.00530866922765007	0.00338675448066049	0.0294450440155022	-0.0391739844477456	-0.0316726943050557	-0.0117791947049433	-0.00551833697254503	-0.0222621405027378	-0.0101487243539064
0.0523488891317116	0.0534536911566485	-0.0321655153456945	-0.0306272682922802	0.0168013229505805	0.00169891977446315	0.0208573822581628	0.00530490435569338	0.00341553374863073	0.0294316678934297	-0.0391584821159818	-0.0316775097090017	-0.0117549528410975	-0.00551427873394236	-0.0222625526130262	-0.0101517516182961
0.0523947744691103	0.0534784093920481	-0.0321316999503016	-0.0306810717351522	0.0168337301860726	0.00171525610569192	0.0208734280167136	0.00531833496014296	0.0034082666377147	0.0293910743315308	-0.0391576802471495	-0.0316983443288021	-0.0117748039841418	-0.00554847969692704	-0.0222442269765409	-0.0101769671800097
0.052354651690829	0.0534340174305758	-0.0321377139665441	-0.0307472119439795	0.0168045150590855	0.0016725405250538	0.020869224491772	0.00528654938254349	0.00346383167744656	0.0293885695391678	-0.0391088654342431	-0.0316816713244225	-0.0117229940374785	-0.00551788155575175	-0.0222164898586559	-0.0101410716753986
0.0524385769033226	0.0534864043316429	-0.0320643387774335	-0.0308514884197996	0.0168881049954122	0.00173411399309206	0.0209125365845903	0.00534070207142258	0.00343716045837527	0.0293236544853335	-0.0391509370052441	-0.0317395008752645	-0.0117473853786153	-0.00556681511230053	-0.0222550745575219	-0.0101857136970119
0.0524524182210765	0.0534755022682848	-0.0320469211805667	-0.0309673095716309	0.0168806003972114	0.00171127609819485	0.0209119610271705	0.00532318389170574	0.0034749181426964	0.0292905124362424	-0.0390934203788245	-0.0317366342640381	-0.0117332087846945	-0.00556982700986589	-0.0222016930038265	-0.0101713582891355
0.0524915030402247	0.0534937329098562	-0.032020375690058	-0.031062402274448	0.0169028096492958	0.00172657866124256	0.0209289176193079	0.00533379258841784	0.00349031011272193	0.0292595021847787	-0.0390922441182726	-0.0317616765997322	-0.0117231365298494	-0.0055851686884664	-0.0221995779700074	-0.0101825648950118
0.0524630688273095	0.0534652539934521	-0.0320369858301563	-0.0311015653247017	0.0168668428984991	0.00169166244243531	0.0209054901971507	0.00530564894818055	0.0035209515604021	0.0292926470278379	-0.039058294612413	-0.0317331138642864	-0.0117011452072734	-0.00555756707803215	-0.0221650696705365	-0.0101578243078678
0.0524763373816117	0.0534817188472115	-0.0320328591393362	-0.0310909566279896	0.0168676168276509	0.00169447038033251	0.0209053700565243	0.00530378537148659	0.00349944080033192	0.0292976454366917	-0.0390632874333307	-0.0317286071938106	-0.01172218658071	-0.00557116532056515	-0.0221452967585977	-0.0101720260475011
0.0524957456807191	0.0535008589253853	-0.0320319357328934	-0.0310790361632748	0.0168780173737427	0.00171611385388539	0.0209091097827685	0.00532232195256018	0.00348254986644385	0.0293037544478481	-0.0390901248935014	-0.0317387479008732	-0.0117313885145054	-0.00557748387932586	-0.0221756881461368	-0.0101840666528424
0.052488723042008	0.0535030452053899	-0.0320550292758679	-0.0310293300745583	0.0168673737524299	0.00172563150607127	0.0209039199871027	0.00533177254951269	0.00346059626243666	0.0293239115303947	-0.039103115447982	-0.0317329629900113	-0.0117447143451529	-0.00557000023588541	-0.0221908244680851	-0.0101789969978031
0.0524493741928785	0.0534844387751149	-0.0320899077761063	-0.0309577472159561	0.0168328975835916	0.00170034190420412	0.0208845535975162	0.00531173560759253	0.00345193635844425	0.0293781941387885	-0.0391011135698692	-0.0316983946202272	-0.0117531060282118	-0.00554779238078504	-0.0221773784968112	-0.0101680320701637
0.0524614776625011	0.0535080980966208	-0.0320895836758117	-0.0308881327078501	0.0168515501143396	0.00173430537990395	0.0209023567619749	0.00533850182157776	0.00342078920254578	0.0293640566604205	-0.0391403520572605	-0.0317172483166752	-0.0117743513613166	-0.00556503675163231	-0.0222167063911803	-0.0101897244381576
0.0524293582057188	0.0535053264803083	-0.0321380869612797	-0.0307548492556631	0.0168222469773587	0.00172996914147962	0.0208839389245437	0.0053327797749972	0.0033776726874915	0.0294195113384141	-0.0391586134324805	-0.0316874087378274	-0.0118112540914123	-0.00555200568461486	-0.0222130183533452	-0.0101855670136889
0.052359953245217	0.0534662081335435	-0.0321856766191932	-0.0306554314902939	0.0167755513892235	0.00169062727727023	0.0208563093744289	0.00530240096031439	0.00338616355641646	0.0294736221177724	-0.039150636653678	-0.0316500841185551	-0.0117910509083928	-0.00551237883566366	-0.0222113224147347	-0.0101542550136751
0.0523766052948362	0.0534878446221762	-0.0321669235055951	-0.0306105491874277	0.0168146222385314	0.00172828996667742	0.0208756436333828	0.00533270992579578	0.00336144252704889	0.0294503539517944	-0.0391964577298114	-0.0316775991159796	-0.0118002821788528	-0.00552994730680553	-0.0222685205287958	-0.0101772326069752
0.0523521035919611	0.0534688190966927	-0.0321806069641539	-0.030588916889747	0.016802034015451	0.00171538881917462	0.0208720184598289	0.00532088166202684	0.00337198835947971	0.0294479357724411	-0.0391773958827431	-0.0316676791323935	-0.0117925303144789	-0.00552449767211052	-0.0222580417515983	-0.0101615011698307
0.0523594182003341	0.0534703446032518	-0.0321654692452215	-0.03060536218573	0.0168201221646514	0.00172435745663732	0.0208775896321344	0.0053284644913333	0.0033790570986637	0.0294246955461437	-0.0391806089460086	-0.0316832750620872	-0.0117836287322496	-0.00553180110461129	-0.0222705531405572	-0.0101633507766844
0.0523458213547851	0.0534477623564318	-0.0321522216456797	-0.030651704336906	0.0168135661186059	0.00170155169237276	0.0208713241587668	0.00530995026200417	0.00341505877406106	0.0294164407675196	-0.0391560737155168	-0.0316810245208173	-0.0117527456063325	-0.00551763708354677	-0.0222592724945274	-0.0101507960812206
0.052377578992704	0.0534580623196736	-0.0321256496124744	-0.0307186967059906	0.0168365618726983	0.00171761840568404	0.0208829652266759	0.00532438529797021	0.00342001667037805	0.0293794667912384	-0.0391450137929635	-0.0317008100056124	-0.0117575777740869	-0.00554225054514415	-0.0222411717724707	-0.0101654853682799
0.0523772702592337	0.0534463765482755	-0.0321183587528299	-0.0307544106026781	0.0168260160402675	0.0016972825091818	0.0208747886791573	0.00530740216313626	0.00343810342259447	0.0293681162960072	-0.0391166899417865	-0.0316922227447895	-0.0117533491034328	-0.00554074878731356	-0.0222048683485232	-0.0101547076365003
0.0524383436069898	0.0534738999276042	-0.0320612863673313	-0.0308837741176813	0.0168767405303407	0.00172317421116521	0.0209025132241861	0.00532973993775128	0.00345009233952669	0.0293158439476304	-0.0391243929117194	-0.0317294970726367	-0.0117445341342132	-0.0055675401470113	-0.0222228531209055	-0.0101764698536956
0.0524529169443747	0.0534634169594546	-0.0320381076083312	-0.0310015454592163	0.016879601553631	0.00171345120232715	0.0209025802794195	0.00532124627485827	0.00349526521507087	0.029284551505393	-0.0390865290566121	-0.031740360020442	-0.0117145157414097	-0.00556548378652141	-0.0222029377165959	-0.0101635505454004
0.0524679778291855	0.0534662514400484	-0.0320244772351655	-0.0310685378283009	0.0168800667493125	0.00170750144734996	0.0209067111611916	0.00531737523211541	0.00350516284691248	0.0292718515235903	-0.0390696576805005	-0.0317394701416159	-0.0117123518131497	-0.00557038300950921	-0.0221750022269788	-0.0101630182944856
0.0524956464948531	0.0534881086521576	-0.0320204120116427	-0.0310886348405343	0.0168848472286579	0.00171523235696344	0.0209066860154791	0.00532772129583016	0.0034894691283368	0.0292747768081459	-0.0390784894135284	-0.0317398082117508	-0.0117305936305933	-0.00558388625712827	-0.0221659749161869	-0.0101746886990593
0.0524918355224234	0.0534854823221841	-0.0320221666235824	-0.0311100366358503	0.0168797622067943	0.00171908803288198	0.0209100946565085	0.00533463916073908	0.00350387482763825	0.0292838627922669	-0.0390828815313138	-0.031752828102896	-0.0117134163149794	-0.00557236393286156	-0.0221862144207912	-0.010168731959162
0.0524774577628026	0.0534781006585778	-0.0320445686594628	-0.0310779451187486	0.0168595282901261	0.00171023115414156	0.0209013048330015	0.00532187072671899	0.00349059230349568	0.0293152614052905	-0.0390817918837717	-0.0317273303504086	-0.0117281293507671	-0.00556146186950349	-0.0221705961393531	-0.0101625237621395
0.0524538850543064	0.0534793160346825	-0.0320690130859927	-0.0310005326457957	0.0168414541107659	0.00170936781801197	0.0208930654212016	0.00531832518125476	0.00346947828688958	0.0293432988747417	-0.0390996648974317	-0.0317113628229633	-0.011738335716079	-0.00555023291188275	-0.0221792155308086	-0.0101598331709007
0.0524805073789367	0.0535133144349831	-0.0320732361687107	-0.0309357782451246	0.0168600521591368	0.00174341092180143	0.0208933126873747	0.00534528278205189	0.00342030584607194	0.0293549231788424	-0.0391396284195338	-0.031722246725529	-0.0117792380114481	-0.00556735295115149	-0.0222069079452047	-0.0101867209224964
0.0524184128358558	0.0534797407178272	-0.0321212491127848	-0.0308492560393221	0.0168098487441061	0.00171341348375838	0.0208725018163028	0.00532250495746791	0.00343360373703882	0.0293959595846784	-0.0391258611419333	-0.0316927661715765	-0.0117617826960126	-0.00553476550471968	-0.022205300016588	-0.0101550051940984
0.0523936666607757	0.0534863763919623	-0.0321570594013702	-0.0307093592647444	0.0167952726127532	0.00171750105902565	0.0208629324757078	0.00532786658216912	0.00338125315755643	0.0294435660064001	-0.0391631913491418	-0.0316736582240353	-0.0118002975456771	-0.00553197433063082	-0.0222132376798377	-0.0101596571509131
0.0523728180711351	0.053479832918773	-0.0321770362729771	-0.0306313684404038	0.0167896679128311	0.00171643376322791	0.0208546008629621	0.00532364769040318	0.00336952407965351	0.0294650739725022	-0.0391807318806031	-0.0316649578075061	-0.0117960451262945	-0.00552009996638894	-0.0222405459236259	-0.0101608138536887
0.0523638019362154	0.0534802045165246	-0.0321733342653017	-0.0306007549324042	0.0168009695136213	0.001721298061615	0.02085881696076	0.00532607564864464	0.0033672358198149	0.0294564601689828	-0.0391894350911004	-0.0316729234104363	-0.0117914266970964	-0.00552249998494983	-0.0222638895267415	-0.0101605987181483
0.0523545455200428	0.0534703669549962	-0.0321790591058504	-0.030588128990755	0.016799089173119	0.00171740606411172	0.0208589482772587	0.00532323418313076	0.00336873059272534	0.0294517188051902	-0.0391783961233075	-0.0316708698439145	-0.0117925247265428	-0.00552370977311847	-0.0222524035240595	-0.0101589474830267
0.0523675779840443	0.053473497596204	-0.0321590305458344	-0.0306081771085473	0.0168208835209469	0.0017296338653128	0.0208697902703035	0.00533041049008494	0.00337333644906717	0.0294212100709927	-0.0391802946246022	-0.0316874310895718	-0.0117902434516243	-0.00553539833848457	-0.0222631533161585	-0.0101626117721333
0.0523588649946588	0.0534553968741473	-0.0321457494186758	-0.0306513341361385	0.016811656441439	0.00170355357048554	0.0208672687141322	0.00530772766041489	0.0034051248206347	0.029413122930452	-0.0391522389943587	-0.0316826883287952	-0.0117701450424069	-0.00553092379864142	-0.0222390986481725	-0.0101505376391754
0.0523778122890368	0.0534583626712397	-0.0321222647201734	-0.030717926967791	0.016829083817194	0.00170900041121249	0.0208751965984936	0.00531480617848708	0.00342306628651217	0.0293769955264921	-0.0391399972233173	-0.0316980733139006	-0.0117595573004552	-0.00554443123721257	-0.0222236158741851	-0.0101584571416327
0.0524337684842966	0.0534904248516768	-0.0320811277314875	-0.0307973999921858	0.0168769933844499	0.00174477298122918	0.0208982957294042	0.00534382852167827	0.00341592350717467	0.0293343358252151	-0.0391574441568487	-0.0317341616023077	-0.0117681976466713	-0.00557068475805936	-0.022251054037488	-0.0101782733600764
0.0524246461785908	0.0534553521706584	-0.0320673618508711	-0.0309255453371162	0.0168597126920179	0.0017015195617401	0.0208880111329867	0.00531219800930595	0.00348060666166027	0.0293150658275265	-0.0390903693657064	-0.0317213568467029	-0.0117221334953169	-0.00555479546171969	-0.0222053475140449	-0.0101502023630085
0.0524620993203937	0.0534670784545932	-0.0320324121044471	-0.0310266953626806	0.0168830171795806	0.00171411756370873	0.0209038724896458	0.00532291846474033	0.00349885965497609	0.0292778194393598	-0.0390852815498747	-0.0317434264003845	-0.0117096025485817	-0.00556785726238576	-0.0221996338493686	-0.0101648734892754
0.0524652914288987	0.0534640567781397	-0.0320276777255747	-0.0310686537779753	0.0168746757879467	0.00170561970986362	0.0209046506097496	0.00531895801501965	0.00350562804259396	0.0292765859024627	-0.0390714276592645	-0.0317410389546798	-0.011708243283122	-0.0055668332730929	-0.0221712736766069	-0.0101603179243586
0.0525104615104749	0.0534999955892558	-0.0320059769756767	-0.0311031676653823	0.0169033949856037	0.00173272958191985	0.0209129626647189	0.00533793185209415	0.0034835193733596	0.0292695646607357	-0.0390934245697766	-0.0317588560889788	-0.0117305084145675	-0.00558773494812667	-0.0221843745928257	-0.0101865169628283
0.0524700313957073	0.0534709872159049	-0.0320396121601298	-0.0310929263754697	0.0168564828649441	0.00169131599039626	0.0208890951925928	0.0053072470979091	0.00350437774188849	0.0293112995585858	-0.0390635137447433	-0.0317236926039985	-0.0117135392495739	-0.00555771236437111	-0.0221533461805697	-0.0101564943790727
0.0525020879882083	0.0535085646892863	-0.0320408373151228	-0.0310600427684239	0.0168795093526851	0.00173738712667073	0.0209012363807841	0.00534263410033394	0.00346481934515468	0.0293056264064463	-0.0391095988508581	-0.031743402651656	-0.0117426817333915	-0.00557386848466021	-0.0221894177051685	-0.0101820158802886
0.0524695452452654	0.0534997818506994	-0.032071726028976	-0.0309886498996496	0.0168504311301328	0.0017188142240124	0.0208853009839715	0.00532857625005558	0.00345415896003353	0.0293479396556842	-0.0391097539160852	-0.0317199319229939	-0.0117500787638222	-0.00554934722400871	-0.0221958312588431	-0.0101692292854761
0.0524274359556956	0.0534740116863265	-0.032098434966616	-0.0309331491211831	0.0168283266518505	0.00169751440853052	0.0208737018255832	0.00531451839977722	0.0034553897029626	0.0293862295909202	-0.0391115630104021	-0.0316929072669634	-0.011740890799867	-0.00553226909426083	-0.022194108777536	-0.0101538051848179
0.0524133795024013	0.0534884537072126	-0.0321325632864312	-0.0307947666772922	0.0168157677654347	0.00171450452828461	0.0208718494247615	0.00532768637122945	0.00340847618531897	0.0294066618793204	-0.039141310388304	-0.0316877859235151	-0.011781635236041	-0.00554198930913083	-0.022198822201648	-0.0101679063416012
0.0523984443461531	0.0534930092721294	-0.0321585849079293	-0.0306878177710256	0.0168135284000371	0.00172741964562769	0.0208635750883609	0.00533342657860238	0.00337510083989511	0.029437816020139	-0.0391777702744627	-0.0316812410533418	-0.0117968609649671	-0.00553457272092375	-0.0222355503087402	-0.0101699221895542
0.0523672357229573	0.0534783185880862	-0.0321812328129986	-0.030615426058671	0.0167985694950604	0.00171541117091908	0.0208537794363534	0.00532083695853793	0.00336948496410071	0.0294623079441259	-0.039179943981611	-0.0316628958590801	-0.0117989899686265	-0.00552418474768815	-0.0222420155508239	-0.0101612553006417
0.0523387386457609	0.0534575775662157	-0.0321894792097186	-0.0305825452455932	0.0167864338948052	0.00170233679739675	0.020848505821646	0.00531160708506192	0.0033821598001909	0.02946025298062	-0.0391726112124456	-0.0316590499620497	-0.0117805260307224	-0.00551244868486508	-0.0222436011276962	-0.0101473511186065
0.0523646568904408	0.0534736833950798	-0.0321666902092624	-0.0305829573558816	0.0168244891367244	0.00173006553337759	0.0208667350662333	0.0053380617716088	0.00336543091645013	0.0294245027623478	-0.0391933187066995	-0.0316856806685842	-0.0117890518242481	-0.00553364791749691	-0.0222708129795865	-0.0101654658105035
0.0523561799913561	0.0534617419756045	-0.0321594314802505	-0.0306187704384351	0.0168276574965009	0.00172073926800361	0.0208697469637986	0.00532676855272276	0.00339045928230396	0.0294099908922602	-0.0391771639833944	-0.0316922576693902	-0.0117689631939188	-0.00552612096755159	-0.0222702821256557	-0.0101502945639544
0.0523784730624822	0.0534644102150989	-0.0321319975078997	-0.0306958532231573	0.0168480283176039	0.00172425687378727	0.0208913471308466	0.00533833278651032	0.00340412458007032	0.0293835124569848	-0.0391632751681835	-0.0317036039736693	-0.0117664514166357	-0.00554763731555788	-0.0222533981766877	-0.0101702686415933
0.0523879823327639	0.0534589885200844	-0.0321129216909911	-0.0307662737910478	0.0168578728640524	0.0017235513968529	0.020895000244081	0.00533735908864249	0.00342961534763758	0.0293527662355025	-0.0391471050780541	-0.0317157535437648	-0.0117451851287705	-0.0055475157779474	-0.0222469734471409	-0.0101614075719008
0.0524196910762419	0.0534647692399942	-0.0320861526830378	-0.0308521128716603	0.0168734883515225	0.00172054788119171	0.0208936954609985	0.00533607665730436	0.00343988876818285	0.0293378939435356	-0.0391307966865059	-0.0317209475303826	-0.0117478757200093	-0.00555644250588924	-0.0222269323142686	-0.0101647910672177
0.0524227979687211	0.0534404058385379	-0.0320552178687117	-0.0309840775709245	0.0168774222585466	0.00170268883737192	0.0209039772634479	0.00532528076473245	0.00350399357128067	0.0292956938500039	-0.0390896918284526	-0.0317352973503229	-0.0116938515536608	-0.0055522627296761	-0.0222151082414518	-0.0101467532094423
0.0524640201734328	0.0534659594703864	-0.0320369509055556	-0.0310511942715876	0.0168877543524211	0.00170828236142186	0.0209115824444988	0.00532821443119221	0.00349932764462562	0.0292680503300488	-0.0390742635368423	-0.0317418408235122	-0.0117193046026593	-0.00557501121759549	-0.0221749365687295	-0.0101596892815458
0.0524864501489937	0.0534741513847293	-0.0320245568632551	-0.0311015415759732	0.0168945381068633	0.00172163752873391	0.0209137170360943	0.00533694278740201	0.00350696076535711	0.029264328764597	-0.0390811590500068	-0.0317548830664018	-0.0117124984964727	-0.00557488828300098	-0.0221863694860184	-0.0101628297016418
0.0524715010229052	0.0534665559825666	-0.0320325769485625	-0.0311154178183279	0.0168745151347834	0.00170036285896454	0.0209047358257754	0.00532250775143596	0.00351241878195629	0.0292909538831954	-0.0390645475129244	-0.0317376233287303	-0.0117125837124984	-0.00556462464134391	-0.0221601019953313	-0.0101560752838642
0.0524910001259744	0.0534923806293166	-0.0320322332904915	-0.031086508630843	0.0168847606156481	0.00172475699406945	0.0209092592600595	0.00533972697657072	0.00347986067218907	0.0292941585645567	-0.0390939316749789	-0.0317431358277066	-0.0117346812058605	-0.0055797930939249	-0.0221710236164658	-0.0101745964981135
0.0524805981828985	0.0534936686485909	-0.0320596672628423	-0.0310300565062531	0.0168692848265809	0.00172807902208912	0.0209058087095092	0.00534371955692405	0.00345533242661743	0.0293184018253865	-0.0391012267255755	-0.0317321247995943	-0.0117522357071621	-0.00557401237401514	-0.0221696685419582	-0.010175901281196
0.0524758512311698	0.0535056631534592	-0.0320767747292548	-0.0309575111256553	0.016864381412641	0.00173685487575589	0.0209017770136031	0.00534793565472193	0.00342546211412097	0.0293479648013967	-0.0391327287154172	-0.031728869826808	-0.0117714218858089	-0.00556758345351618	-0.0221962978515086	-0.0101747026688996
0.0524513802619434	0.0534961902047622	-0.0320967082943569	-0.0309065226056007	0.0168533438418321	0.00173522738936274	0.0208950533294741	0.00535062205500865	0.00342685211322928	0.0293673032513026	-0.0391395641582685	-0.0317202602142406	-0.0117620523139301	-0.00555814682640396	-0.0222188465707119	-0.0101738714634027
0.0524137441152327	0.0534911652532119	-0.0321468837697069	-0.030767267046692	0.0168199321748235	0.00172830253953368	0.0208783831190626	0.00534197612085653	0.00338577379787252	0.029421912753959	-0.0391558543890243	-0.031691019941541	-0.0117953522222164	-0.00554448571958968	-0.0222131873884126	-0.0101671393973696
0.0523525631997065	0.0534566946723097	-0.0321843494843661	-0.030672566896387	0.0167858192218327	0.00170228091803561	0.0208647890674816	0.00532160949070567	0.00338887649939972	0.029467617880418	-0.0391631452486688	-0.0316622574373791	-0.0117759327472368	-0.00551145403223682	-0.0222270943644159	-0.010143450739199
0.0523733768647464	0.053480615229829	-0.0321784667846223	-0.0305989584109436	0.0168151489015101	0.00173442691751443	0.0208758797236836	0.00534367485343514	0.00334728409392048	0.0294485783850942	-0.0391988591453563	-0.0316747925750664	-0.0118131889142917	-0.00553778019625309	-0.0222486596068632	-0.0101682793363368
0.0523598666322072	0.0534693625234798	-0.0321787447844439	-0.0305914580036948	0.0168156532127444	0.0017353335601489	0.0208766746075958	0.00534556497282564	0.00336151237625031	0.0294379068241008	-0.0391937280230198	-0.0316837654034812	-0.0118015534343187	-0.00552989980934857	-0.0222641814964034	-0.0101585437546425
0.0523338994930863	0.053443797715759	-0.0321839695047104	-0.0305994990437626	0.0168057122743979	0.00171345679026327	0.0208710028524402	0.00532981258092076	0.0033807851679069	0.0294366830660919	-0.03917233181564	-0.0316704381758497	-0.0117810736484615	-0.00551719843056184	-0.0222500943094604	-0.0101405450124198
0.0523465296256876	0.0534486270895454	-0.0321588000434697	-0.0306228552197343	0.0168192141250329	0.00171654272798213	0.0208794085053394	0.00533350201573992	0.00338458636144833	0.029409392983096	-0.0391694470436212	-0.0316809420987597	-0.0117826368735894	-0.00553130098432911	-0.0222429850577396	-0.0101488361126287
0.0523724045638626	0.0534560618385448	-0.0321316063523717	-0.0307028157915551	0.0168428538887625	0.00172672674154958	0.0208859491845607	0.00533955095658313	0.00340735440714411	0.0293754099496198	-0.0391589948091203	-0.0317039280739639	-0.0117640262523623	-0.00554559213094022	-0.0222434851780218	-0.0101558629422919
0.0523846533198241	0.0534552571757444	-0.0321237608900679	-0.0307583151730377	0.0168414233771173	0.0017207141222911	0.0208844739694266	0.00533805338970463	0.00342460995386361	0.0293543769580873	-0.0391351454977865	-0.0317046880332754	-0.0117599805866159	-0.00554697793909645	-0.0222241732708124	-0.010150520875367
0.0523949616649701	0.0534346083548198	-0.0320854458091194	-0.0308932708151067	0.016857364361866	0.00170719550784772	0.0208895296546256	0.00532974273171934	0.00347671606114102	0.029329816581883	-0.0391158070478805	-0.0317178043163185	-0.0117116072206625	-0.0055378542364066	-0.0222305169752856	-0.0101276284980927
0.0524445755527408	0.053456215506788	-0.0320475442354434	-0.030982729481337	0.0168819666475912	0.00171961609284473	0.0209049006698907	0.00534017401145983	0.00347648555877633	0.0292798087446164	-0.0390904895063328	-0.0317310658857007	-0.0117323119209483	-0.00557492041363364	-0.022185418139895	-0.0101592632014171
0.0524573453837449	0.0534537414480736	-0.0320306169799706	-0.0310659156892795	0.0168795372923657	0.00171653853703004	0.0209077239746122	0.00533758819402315	0.00350445457601006	0.0292664046828633	-0.0390779878962622	-0.0317435535259311	-0.0117086567903944	-0.0055667103384984	-0.0221806949368948	-0.0101491979314921
0.0524907374929771	0.0534786622461572	-0.0320127369813904	-0.0311077595518839	0.0169020217503037	0.00174034174789092	0.0209160374265656	0.00535620580017039	0.0034921150160867	0.0292611953294212	-0.0390952895434546	-0.031759111737056	-0.0117208175363621	-0.00558204503217877	-0.0221945320636966	-0.0101650243635505
0.0524851774965438	0.053478310206182	-0.0320297857744736	-0.0311029706906343	0.0168792285588954	0.00172168362920685	0.0209052918254187	0.00533754768148633	0.00348769495862066	0.0292830385716901	-0.0390735357081635	-0.0317365979424534	-0.0117365475765225	-0.00557832905466307	-0.0221586519259098	-0.0101615542552238
0.0524868720381703	0.0534914488409697	-0.0320397364917083	-0.0310775162446518	0.0168744187428854	0.00173012839765887	0.0209016666518648	0.00534655124354973	0.00347253628492787	0.0292956854680998	-0.0390905272249016	-0.0317370268165501	-0.0117422291105663	-0.00557486872522459	-0.0221718436460905	-0.0101655594084334
0.052442723151919	0.053464957832838	-0.0320808902442026	-0.0310128791906392	0.0168356342753034	0.00170276567149349	0.0208851445217603	0.00532173661625225	0.00347476726842132	0.0293401388968693	-0.0390855916803291	-0.0317070796699321	-0.011732398533958	-0.00554619562804051	-0.0221614542758708	-0.0101413790118848
0.0524423026597265	0.0534800718030419	-0.0320890667917212	-0.0309415058796413	0.0168387677104792	0.00171410219688441	0.0208837629045561	0.00533331901083219	0.00343972392406748	0.0293649535241668	-0.0391192492165267	-0.0317051979324458	-0.0117562660060842	-0.00555256168425819	-0.0221773421752265	-0.0101558140478509
0.052436878170744	0.053495836767803	-0.0321087516936662	-0.0308438441231959	0.0168349301953531	0.0017307388796793	0.0208834569650539	0.00534423364704652	0.00341313233308581	0.0293674862562104	-0.0391391352841717	-0.0317061967760261	-0.011781784713332	-0.00556124952793116	-0.022195238937615	-0.0101704921590378
0.0523858114195837	0.0534781188193701	-0.0321540293430125	-0.0307240541397398	0.0168004037350897	0.00171255154461283	0.0208660742927878	0.00532394524800124	0.00338799360549373	0.0294343026053074	-0.0391594013314726	-0.031672908043612	-0.0117906290192162	-0.00553037478391824	-0.0222059831417779	-0.0101518214674975
0.0523742262310357	0.0534870748839766	-0.0321672238571613	-0.0306278815682687	0.0168030342560153	0.00172886133314506	0.0208609487583874	0.0053384445452326	0.00336132098943841	0.0294472372804269	-0.0391899855028076	-0.0316751502029777	-0.0118059693008327	-0.00553353336480658	-0.0222377296038246	-0.010163674876979
0.0523586191254698	0.0534774580459247	-0.0321696434334986	-0.0306009533041362	0.016804883862869	0.00172708995739698	0.0208597808797396	0.00533859541950767	0.00336589750911563	0.0294491986460028	-0.0391913098436665	-0.0316730323751905	-0.0117965648043531	-0.0055276827956954	-0.0222607574885497	-0.0101615794009363
0.0523596193660342	0.0534800676120898	-0.0321696490214347	-0.0305951250867695	0.0168165235337941	0.00173975780856702	0.0208698112250639	0.00535466073583492	0.00336251680776677	0.0294287412118901	-0.0391952716903712	-0.0316849067394324	-0.0118006160580356	-0.00553385746510118	-0.0222715366173132	-0.0101607356225831
0.0523464695553743	0.0534617769002052	-0.0321674431836537	-0.0306159191940331	0.0168126496970832	0.00172479750660628	0.0208720841180782	0.00534356728566495	0.00338097236376671	0.029418228907076	-0.0391752962157483	-0.0316791246225386	-0.011787234348027	-0.00552760596157384	-0.0222579090381156	-0.0101500137701647
0.0523556505344093	0.0534615030913357	-0.0321483380300806	-0.0306482901079404	0.0168174273824605	0.00171417484005389	0.0208761912511219	0.00533551506972492	0.00339142739223568	0.0293977491212188	-0.0391626730680672	-0.0316825053238875	-0.011784334209184	-0.00553760277928148	-0.022232053657717	-0.0101538415064027
0.0523843278225455	0.0534714049141294	-0.0321213371227786	-0.0307248224809554	0.0168416790251945	0.00172510484309254	0.0208843719895925	0.00534081243316083	0.00341520964833613	0.0293532467980083	-0.0391501113876833	-0.0317061981730101	-0.0117668551450199	-0.00555360662831147	-0.0222318971955058	-0.0101613293407952
0.0523934263795228	0.0534632702761317	-0.0320997215889062	-0.0308060920268109	0.0168535491984843	0.00172255814120867	0.0208916153517801	0.00534143967898961	0.00344116142063277	0.0293422958402092	-0.0391352460806365	-0.0317181996627986	-0.0117431385471688	-0.00554765966730233	-0.0222432728364495	-0.0101559858768864
0.0524390672447166	0.0534763670013984	-0.0320594898458707	-0.0309235071374186	0.0168807945779913	0.00172635654078204	0.0209045109113468	0.00534400873261794	0.00346082955876941	0.0292925394600677	-0.0391111746488422	-0.0317353671995243	-0.0117425140953081	-0.00557580191055559	-0.0222093442853504	-0.0101672749048203
0.0524512531363968	0.0534659329276899	-0.0320431465297218	-0.0310317971483525	0.0168777812834419	0.00170899342629235	0.0209045374540433	0.00533140653969723	0.00350135746241897	0.0292716000664651	-0.0390816438034646	-0.0317372629068509	-0.0117117762557299	-0.0055681981264887	-0.0221864072045871	-0.01015263032125
0.0524814321823635	0.0534828573891947	-0.0320194271379026	-0.0311006810338117	0.0168926270327123	0.00172399563777394	0.0209149352061671	0.00534415122498884	0.00350884948776358	0.029256226257232	-0.0390835618625357	-0.0317572858789308	-0.0117080393234538	-0.00557939215950873	-0.0221904039758925	-0.0101662830461601
0.052491124457553	0.0534894427719048	-0.0320183402843285	-0.0311188837357025	0.0168883494676172	0.00171931574127861	0.0209138762922736	0.00533960543896024	0.00350090623657778	0.0292700983086346	-0.0390768647211033	-0.0317479512316526	-0.0117216375659868	-0.00558114397748041	-0.0221794152995247	-0.0101684818990209
0.0524930327377358	0.0534980118719353	-0.0320310500450194	-0.031106783060048	0.0168742538987701	0.00171364678009114	0.0209021276565942	0.00533056136436002	0.00349067751952142	0.0292916537721936	-0.039075179958365	-0.0317332354018969	-0.0117338332365552	-0.00558082267115387	-0.0221560269929203	-0.0101770342352431
0.0525047087302457	0.0535170192366265	-0.0320396247329861	-0.0310822101109874	0.0168859969465133	0.00173488931922785	0.0209087298031127	0.00534860760403962	0.00347012229652671	0.0292974959594006	-0.0391048993965864	-0.0317408713165964	-0.0117438384361671	-0.00558436821661809	-0.0221874451637203	-0.0101843125220314
0.0524282587792884	0.0534708558994062	-0.0320903478260753	-0.0310045671356698	0.0168256626033083	0.00168338391508268	0.0208806266754123	0.00530503706917608	0.00347919011985542	0.0293643653938908	-0.0390795147998053	-0.0316945431352607	-0.0117285791796242	-0.00553998463704999	-0.0221583054738707	-0.0101415382680641
0.0524510617495849	0.0535031807128406	-0.0320891813444115	-0.0309179052314645	0.0168476385590599	0.00171559696979486	0.0208889904187906	0.0053270800801611	0.00342449959212536	0.0293610615266635	-0.0391237447111302	-0.0316984504995883	-0.0117735019950273	-0.00556935063831218	-0.0221712652947027	-0.0101757098943841
0.052425636640267	0.0535055611736251	-0.0321262070091018	-0.0308049283391152	0.0168245156794209	0.00171938559048004	0.0208736235944776	0.00532818649151164	0.00340383540437643	0.0293846314411916	-0.0391390221284654	-0.0316921137800352	-0.011785270188483	-0.00555780596230102	-0.0221890684591613	-0.0101709601486874
0.0523781391832994	0.053487635074572	-0.0321657025415543	-0.030700746858209	0.016798207676197	0.00171033313397564	0.0208600337338488	0.0053213021542194	0.00338693748556822	0.0294411142994302	-0.0391612174107096	-0.0316692032419685	-0.0117826326826373	-0.00552821225264219	-0.022216985787986	-0.0101590019654038
0.0523826989391683	0.0535045776968691	-0.0321636461810644	-0.0306310094155084	0.0168188606880737	0.00173972567793437	0.020868683858953	0.00534356449169689	0.00334918538918321	0.0294389685319625	-0.0391945438616924	-0.0316785015676619	-0.0118121816888072	-0.00554142213361528	-0.0222520780267808	-0.0101728823987105
0.0523625250928134	0.0534883824610272	-0.0321720853615803	-0.0306080667468091	0.0168095274377796	0.00172974422705105	0.0208663467046734	0.00533858983157156	0.00335934286005412	0.0294412134852962	-0.0391884544083124	-0.031671383934037	-0.0118010407411803	-0.00552992355807705	-0.0222615006840528	-0.0101632166662176
