0.0523540272389683	0.053466920595398	-0.0322195199542665	-0.0306032429609588	0.0168393404739309	0.00176465346093815	0.0208660742927878	0.00537320849278074	0.00336879345700663	0.0294293405180383	-0.0391915654917437	-0.0316719916220893	-0.0117744910597194	-0.00553354873163089	-0.0222848400962162	-0.0101831586132239
0.0523492272018465	0.0534553926831952	-0.0322138817267277	-0.0306259020419004	0.0168413353671235	0.00175634419993689	0.0208676445028358	0.00536532391492413	0.00338482524571719	0.0294179243645578	-0.0391716221477535	-0.0316716731097309	-0.0117633543030446	-0.00553542069022903	-0.0222754467756089	-0.0101807166851421
0.052320630938784	0.0534229966235753	-0.0322064916812172	-0.0306709715406265	0.0168223280024323	0.00172260703564966	0.0208588518853607	0.00533940986119626	0.00342527352127713	0.0294156808082081	-0.0391358453867847	-0.0316622937589638	-0.0117284939635985	-0.00551741356610222	-0.0222500635758118	-0.0101562052033788
0.052378463283594	0.0534555044419175	-0.0321645961302037	-0.0307352467757758	0.0168710631872491	0.00176237917093982	0.0208856600088668	0.00537245412140537	0.00341877754554481	0.0293519867184146	-0.0391512150050658	-0.0316999480664668	-0.0117405778754446	-0.00555880061492928	-0.0222581018219116	-0.0101878021881345
0.0523844367872997	0.05344806689895	-0.0321519171031615	-0.0308156627643898	0.0168721416589191	0.00175176768025967	0.0208841456781799	0.00536360841853719	0.00344524759891601	0.0293448173963806	-0.0391289247279078	-0.0317043904756773	-0.0117174158802528	-0.0055456745529979	-0.0222561292804634	-0.0101741173325917
0.0523884880409822	0.0534263465912755	-0.0321323313870825	-0.0309301428115538	0.0168685709677423	0.00171882679686865	0.0208831007341267	0.0053368589683603	0.00349225890544163	0.0293197890305268	-0.039080237040548	-0.031695243024259	-0.01168752600998	-0.00554318792142725	-0.022207016909959	-0.0101585549305147
0.0524169082840572	0.0534319009997727	-0.0320931599549246	-0.0310336202125097	0.0168894363211913	0.00172679519376697	0.0209061342067878	0.00534759898157107	0.0035141524391356	0.0292800141012685	-0.0390715086843382	-0.0317209810579993	-0.0116677782437537	-0.00555578312942781	-0.0222056646294194	-0.0101644446151787
0.052469672370812	0.0534704493770539	-0.0320686484731613	-0.0310800084641586	0.0169139478029546	0.00175579937616579	0.02092145912158	0.0053700988063334	0.00349324517616572	0.0292532283295069	-0.0390805024675134	-0.0317422906523693	-0.0117015377597854	-0.00558777685764753	-0.0221959276507411	-0.0101912080351958
0.0524724803087092	0.0534691222422269	-0.0320704896981108	-0.031120384096549	0.0169075468221363	0.00174727497962415	0.0209132923529497	0.0053641001569152	0.00350226689902149	0.029271347212356	-0.0390762863697155	-0.0317363311185039	-0.011691845484596	-0.0055738824545005	-0.0221977018204572	-0.0101805099315059
0.0524624401844967	0.0534661899727511	-0.0320833461421247	-0.0311092124152735	0.0168918964100655	0.00174152639034705	0.0209045262781711	0.00535575876528129	0.00350501197263741	0.0292904314111687	-0.0390739883309887	-0.0317303226901976	-0.0116894580388913	-0.00556610823838213	-0.0221933921247294	-0.0101719534043316
0.0524412367609127	0.0534558047934836	-0.0321135349669796	-0.0310742459050412	0.0168626687102221	0.00172385454238707	0.0208915482965467	0.00534128321677842	0.00349677256083757	0.0293286165726026	-0.0390681237920372	-0.0317014358544571	-0.0116956187384568	-0.00555054304233707	-0.022171523736748	-0.0101667594177138
0.052443603251857	0.0534773937846594	-0.0321292733890442	-0.0309815113112642	0.0168596260790081	0.00173690516718091	0.0208878574647435	0.00535346212353851	0.00345119455992514	0.0293481044997995	-0.0390975638334529	-0.0316929449855322	-0.0117329489456652	-0.00556321927541129	-0.0221758851208848	-0.0101848000694573
0.0524188780315373	0.0534666160528798	-0.0321513387517737	-0.030926664321323	0.0168463896553385	0.00173073189475916	0.020877817340531	0.0053443160691042	0.0034488657875497	0.0293751459196384	-0.0391094591524552	-0.0316833379263685	-0.0117253535435025	-0.00554464916672101	-0.0221950447568351	-0.0101729131323592
0.0523993202551389	0.0534741709425057	-0.032183167635878	-0.030804377927408	0.0168295140882747	0.00174277948502057	0.020872318811395	0.0053540167261978	0.0034185121185794	0.0293947707512701	-0.0391323473387775	-0.0316746878012643	-0.0117517956571931	-0.00554677258244426	-0.0222084334517638	-0.0101838207836534
0.0523828861350281	0.0534776075232157	-0.0322062849275809	-0.0306986150605816	0.0168249040409808	0.00175258631290034	0.0208657418105891	0.00536317535348836	0.00338294490521489	0.0294319137626187	-0.0391687415666868	-0.0316674737757413	-0.0117694367715045	-0.00553803863829835	-0.0222469734471409	-0.0101861956565017
0.0523431014268817	0.0534569112048341	-0.0322303340076308	-0.0306326760174544	0.0168107344319802	0.00174038365741177	0.0208561543092018	0.00535081623578861	0.00338176165974279	0.0294622464768286	-0.0391704165505369	-0.0316498145006376	-0.0117614558017499	-0.00551908296201623	-0.0222667086405109	-0.0101716209221328
0.0523578242415576	0.0534725504410327	-0.032221065018602	-0.0305977919292798	0.0168348896828162	0.00176550003325939	0.0208702512750329	0.00537101522785606	0.00335812888093339	0.0294362891165959	-0.0391905401054669	-0.0316639924915424	-0.0117854015049817	-0.00554099465650257	-0.0222775115180029	-0.0101891516747059
0.0523506172009548	0.0534625047288841	-0.0322184596433889	-0.0306038590309154	0.0168455640377777	0.00176542319913783	0.0208750694729471	0.0053730394577133	0.00336578575039336	0.0294251258172245	-0.0391897899250436	-0.0316682267501327	-0.0117744142255979	-0.00553854574350068	-0.022285612628384	-0.0101842217180695
0.0523277862909777	0.0534377739206283	-0.0322147143292087	-0.0306258405746032	0.0168331713924612	0.00174084885309325	0.0208723998364687	0.00535677996060609	0.00339132401541757	0.0294206009859563	-0.0391602506977619	-0.031660636935906	-0.0117583083967338	-0.00552838547866172	-0.0222644329535285	-0.0101681158892054
0.0523434255271763	0.0534400244618981	-0.0321954094069194	-0.0306733226647464	0.0168420380500898	0.00173411399309206	0.0208709176364145	0.00534906162384887	0.00341143360050721	0.0293988234019367	-0.0391475842435758	-0.0316691599354637	-0.0117497099600387	-0.00553757903055299	-0.0222444798306501	-0.0101725932230166
0.0523548919720819	0.0534353976507959	-0.0321681849821728	-0.0307506149970728	0.016857460753764	0.00174376994669675	0.0208780254911513	0.00535587890590774	0.00344283780146691	0.0293598866630956	-0.0391329438509576	-0.0316932104124976	-0.0117153106253219	-0.00553932246662051	-0.0222591649267572	-0.0101693969235595
0.0523916270640942	0.053450228033242	-0.0321379318960526	-0.0308211906301904	0.0168812988892256	0.00175401822152951	0.0208878937863283	0.00536451785513971	0.00343489175631305	0.0293363614520563	-0.0391284176227054	-0.0317042857018752	-0.0117306998013794	-0.00555737150026817	-0.022241384114043	-0.0101795557914145
0.0524241530432287	0.0534462983171699	-0.0321043777366731	-0.030968149159032	0.0168957423070958	0.00175196605199171	0.0208982691867076	0.00536780775252673	0.00348869659616906	0.029292556223876	-0.03909859620465	-0.0317239733977882	-0.0116909095052969	-0.0055623070448407	-0.0222341603096319	-0.010183016120853
0.0524201241412907	0.053426466731902	-0.0320934980250595	-0.0310653624836043	0.0168835326666871	0.00172828996667742	0.0208979953778381	0.00535182066730507	0.0035280747819632	0.0292826488131462	-0.0390629284084354	-0.0317223473083791	-0.0116615225492743	-0.00554838749598116	-0.0222044604291869	-0.0101604464468892
0.0524596168797751	0.0534582034150604	-0.0320791286473428	-0.0310967471267876	0.0168988184659265	0.0017501248270422	0.0209063074328074	0.00536715117003335	0.00350350742083876	0.0292705313736834	-0.0390726542112415	-0.03173044143384	-0.0116918343087237	-0.00557250782221649	-0.0221882582084248	-0.0101826892265903
0.0524745981364963	0.0534709494973361	-0.0320748091727268	-0.0311250611990763	0.0169053507632435	0.00175348317664661	0.020907072980055	0.00536910135973708	0.00350076374420687	0.0292773542436784	-0.0390760684402071	-0.0317309275842819	-0.0116976178226015	-0.0055740445046478	-0.0221929688385688	-0.0101871763392897
0.0524288203668678	0.0534416673151156	-0.0321139708259965	-0.0310975252468914	0.0168529345255118	0.00170730307561792	0.0208818364635809	0.00533409713093604	0.00351555920205226	0.0293291641903417	-0.0390486889502333	-0.0316897570679792	-0.0116827329577783	-0.00554349106696142	-0.0221568274647686	-0.0101583886894153
0.0524530915673782	0.0534717723209288	-0.0321076033727948	-0.0310552161886056	0.0168771386707888	0.00175039444495969	0.0208931213005628	0.00536706316003956	0.00348095590766738	0.0293225229282704	-0.0390991843349259	-0.0317130950831586	-0.0116996783740435	-0.00555719548028058	-0.0221989632970349	-0.0101851241697519
0.0524463483254729	0.0534847433176331	-0.0321286517311516	-0.0309769110428585	0.0168657015625479	0.00175169783105824	0.0208844781603787	0.00536733836589317	0.00344517774971458	0.0293554540327733	-0.0391111578850338	-0.0316985594643425	-0.0117357694564187	-0.00555761317850509	-0.0221997386231707	-0.0101925379639909
0.0524114376946017	0.0534653447974139	-0.0321524982485173	-0.0309154633033828	0.016845140751617	0.00173965303476489	0.020875361442609	0.00535844516556801	0.00345184136353032	0.0293819659956653	-0.0391158936608903	-0.0316851456237013	-0.0117243896245229	-0.00554332761983009	-0.0222140632973985	-0.0101784088675271
0.0524019451881284	0.053488865817501	-0.0321815261796446	-0.0307916276541802	0.0168427113963916	0.00176114004610658	0.0208722168315609	0.00537356192973994	0.00340023817050316	0.0294115890419887	-0.0391570362375124	-0.0316856750806481	-0.011761754756332	-0.00554320887618767	-0.0222413030889694	-0.010190136548446
0.0523402851070804	0.0534567770943674	-0.0322298422692528	-0.0306803075848886	0.0167974127922848	0.00172967717181768	0.0208468559835083	0.00534880457878763	0.0033925575523147	0.0294677897094535	-0.0391497858904047	-0.0316436230674235	-0.0117620592988502	-0.0055160431247703	-0.0222290012476148	-0.0101694975064096
0.0523548933690659	0.0534760792226886	-0.0322234818009712	-0.0306133291856443	0.0168221463945086	0.0017588140676992	0.0208613748385161	0.00537443225078967	0.00336116592421125	0.029453720683303	-0.0391907664168795	-0.031662497718632	-0.0117845102291715	-0.00553574479052363	-0.0222626951053971	-0.0101896015035631
0.0523368219836738	0.0534619640960651	-0.0322338865380152	-0.0305896251606494	0.0168152061778553	0.00174720233645467	0.0208599331509987	0.00536168058057792	0.00337246473103341	0.0294492168067952	-0.0391775900635231	-0.0316554233915118	-0.0117744407682944	-0.00552882692561471	-0.022262393356847	-0.0101823036589984
0.0523330375539407	0.0534526140819626	-0.0322190296128726	-0.0306112909859468	0.0168316277251098	0.00175213508705915	0.0208711690935396	0.00536777562189408	0.00338897568526574	0.0294297861559434	-0.0391833637985127	-0.0316700707690502	-0.011751201938981	-0.00552608464596685	-0.0222894683043025	-0.0101766109490825
0.0523286356572671	0.0534407467026409	-0.0322099310558952	-0.0306330601880622	0.0168271811249472	0.00173615498675763	0.0208705446416789	0.00535219785299275	0.00340102467251118	0.0294191481225667	-0.0391575237849383	-0.0316638555871076	-0.0117527651641089	-0.005528743106573	-0.022260186122082	-0.010169568752595
0.0523697670580169	0.0534562630042449	-0.0321696713731791	-0.0307219265330644	0.0168668596623075	0.00175996378555462	0.0208892125392512	0.00537330209071065	0.00341810559622712	0.0293740911966969	-0.0391630851783556	-0.0317000165186842	-0.0117366006619156	-0.005547201456541	-0.0222815949023181	-0.0101874683089517
0.0523534670483729	0.0534304187997185	-0.0321718003768385	-0.0307762915635158	0.0168483244782179	0.00173277847636085	0.0208812944337779	0.00534908956352944	0.00345026416856219	0.0293653907801677	-0.0391215612250938	-0.0316855828797022	-0.01171923894441	-0.00553341601814819	-0.0222372546292549	-0.0101658821117439
0.0524224543106501	0.0534665042941575	-0.032111932626299	-0.0308912591581057	0.0169082816357352	0.00176875221207764	0.0209089086170684	0.00538101763349982	0.0034473682206712	0.029312583386908	-0.039135811859168	-0.0317248674675664	-0.0117294662644823	-0.00556791733269899	-0.0222562885366426	-0.0101983270658048
0.0524270448001677	0.053451112324132	-0.0320869573458382	-0.0310132913009276	0.0169076418170502	0.00174971690770589	0.020909922827473	0.00536372576519558	0.00349784684155546	0.0292816346027416	-0.0390887530551855	-0.031731229332832	-0.0116936727397052	-0.00556113637222486	-0.0222330790439938	-0.0101805266953143
0.0524379147328931	0.0534526615794196	-0.0320877103202296	-0.0310671520201447	0.0168895885924504	0.0017266345406037	0.0208972787250315	0.00534294562777228	0.00350981200975919	0.029276008948059	-0.0390600687821291	-0.0317173419146051	-0.0116953644873636	-0.00556137525649372	-0.0221781985264359	-0.0101656334485869
0.0524510547646647	0.0534603254337997	-0.0320762690210365	-0.0311099807564891	0.0168909939583831	0.00173639945896261	0.0208984382217751	0.00535501277581009	0.00352174504733026	0.029282443456494	-0.0390681182041011	-0.0317258607232107	-0.011677217664834	-0.00556423907375206	-0.0221937357828004	-0.0101809918909957
0.0524565532938007	0.0534673662333031	-0.0320823710472728	-0.0311046163378199	0.0168808015629115	0.00172987274958166	0.0208955101432514	0.00535203999379754	0.00350647880586729	0.0292943792880332	-0.0390615020877423	-0.0317167859149618	-0.0116989882639335	-0.00556783770460936	-0.022168187738888	-0.0101827129753188
0.0524665473175403	0.0534851386641131	-0.032089252590597	-0.0310731646394032	0.0168837324354032	0.00174304072103389	0.0208916460854287	0.00536082702333653	0.00348158175651213	0.0293061167478403	-0.0390825099335623	-0.0317163360861046	-0.0117136258625836	-0.00557344519849959	-0.0221791596514475	-0.0101911367890104
0.0524555293045079	0.053484737729697	-0.0321125640630798	-0.031020971919116	0.0168689369775578	0.00174719954248661	0.0208800916305294	0.00535854854238612	0.00347297773188087	0.029327754633457	-0.0390933044291502	-0.031707617508783	-0.0117148538115446	-0.00555996569960901	-0.022199163065751	-0.010187335595469
0.052429171009859	0.0534766631620125	-0.0321359942792051	-0.0309596443202668	0.0168499547585791	0.00173469932939998	0.0208652221325305	0.00534940109096778	0.00346329383859561	0.0293710667262753	-0.0391052905521143	-0.0316890264453323	-0.0117159769867035	-0.00554358745885938	-0.0222101210084702	-0.0101798309972681
0.0524125566788085	0.0534788242963045	-0.0321617504737378	-0.0308649916674187	0.0168335862967177	0.00174202371666118	0.0208599848394078	0.00535518320786156	0.00343928108013046	0.0293837108287169	-0.0391151546563393	-0.031682283203427	-0.0117347147334772	-0.00554739424033693	-0.0222144418800702	-0.0101844200898016
0.0523730527644518	0.0534743008620204	-0.0322003379665718	-0.0307419089926075	0.0168102873970911	0.00173629328817645	0.0208538744312673	0.0053552195294463	0.00340406870070918	0.0294356479009268	-0.0391427003874124	-0.0316585987362085	-0.0117565607697142	-0.00553025883424388	-0.0222342986110507	-0.0101780805762804
0.0523796116044654	0.0534948071905741	-0.0322146109523905	-0.0306511734829752	0.0168263233767537	0.00176100174468776	0.0208621990590929	0.00537492119519963	0.00336237012444378	0.0294422961479182	-0.0391809120915427	-0.0316622099399221	-0.0117880893022524	-0.0055442412473847	-0.0222675929314009	-0.010194700495267
0.0523194951907689	0.0534471406985391	-0.0322340695429229	-0.0306270014683308	0.0167997345797401	0.00172486875279173	0.0208501165442308	0.0053465889621185	0.00340071314507283	0.0294657305549956	-0.0391606069286891	-0.0316450340212922	-0.0117414984879194	-0.00550489239825516	-0.0222797648532408	-0.0101615207276071
0.0523345784273241	0.0534604134437935	-0.0322262059198267	-0.0306018599467707	0.0168175223773745	0.00174714925106159	0.0208594330307165	0.00536071107366217	0.00338045827364424	0.029439731285242	-0.0391763467477377	-0.0316586504246176	-0.0117636532576267	-0.00552188391499328	-0.022282473605272	-0.0101689233459739
0.0523353649293321	0.0534560590445768	-0.0322209267171832	-0.0306071754709989	0.0168170124782041	0.00173792217155363	0.0208528211053099	0.00535367446511083	0.00338723504316628	0.0294304371505007	-0.0391540355158193	-0.0316514489719509	-0.0117650795783197	-0.00553175919509044	-0.0222609670361539	-0.0101791339022379
0.0523735710455264	0.0534793118437304	-0.032180664240499	-0.0306576834285478	0.0168571408444215	0.00176598059576518	0.0208715588520835	0.00537592143576401	0.00338900781589839	0.0293882216901447	-0.0391720216851856	-0.0316876518130483	-0.011762390384065	-0.00555253933251373	-0.0222892126562253	-0.0101985505832494
0.0523619299776173	0.053449342345368	-0.0321709370407089	-0.0307582397359001	0.016850931250415	0.00174392361493988	0.0208707807319797	0.00535864772825214	0.00344529369938894	0.029369875098899	-0.03913030913908	-0.031688027601752	-0.0117193143815475	-0.00553646423729828	-0.0222711482557533	-0.0101762840548198
0.0523939306907571	0.0534667026658896	-0.0321480111358179	-0.0308106168580791	0.0168688950680369	0.00175460076386938	0.0208818378605649	0.00536816258646996	0.00344171043535595	0.0293461305613673	-0.0391252199262643	-0.0316988975344774	-0.0117372474655208	-0.00555598429512791	-0.0222552855021102	-0.0101907079149136
0.052403937287353	0.0534479872708603	-0.0321215983587919	-0.0309317032427136	0.0168733807837523	0.00173099033680443	0.0208846024919572	0.00535045301994121	0.00348450704106772	0.0293216707680131	-0.0390860443031543	-0.0317034642752664	-0.0117014022523346	-0.00555225853872401	-0.0222263469779607	-0.0101747110508038
0.0524652425344577	0.0534803917123844	-0.0320715583908926	-0.0310417464686032	0.0169128930800132	0.0017625007085503	0.0209030370931968	0.00537478848171693	0.00349438092418086	0.0292649811561383	-0.0390854687457345	-0.0317391432473532	-0.0117024807240046	-0.00558188018806341	-0.022238243693947	-0.01019769423204
0.0524441648394364	0.0534552236481277	-0.0320816613793864	-0.0311013138675766	0.016880974788931	0.00172450274297627	0.0208868544302111	0.00534425599879098	0.00352676860189659	0.0292819908336688	-0.0390442074254701	-0.0317151821772971	-0.011678787874882	-0.00555850026336316	-0.0221913720858243	-0.0101737108102394
0.0524556871637031	0.0534640637630598	-0.0320710778283868	-0.031120972226825	0.016885098685783	0.00172876075029501	0.020893280556742	0.00534719525318685	0.00351875550150937	0.0292889534020666	-0.0390547239212363	-0.0317157297950363	-0.0116829564752229	-0.00556604397711682	-0.0221880752035171	-0.0101822156490047
0.0524855071847745	0.0534982647260445	-0.0320748301274872	-0.0311016575256476	0.0168964561659343	0.00174738254739434	0.0208921657634873	0.00536820868694289	0.00348482834739427	0.0292844634953992	-0.0390664110896183	-0.0317213819924154	-0.0117227174346408	-0.0055891305351711	-0.0221794446361893	-0.0102017035762016
0.0524426351419252	0.0534698989653467	-0.0321063027806643	-0.0310723110821618	0.0168610719574776	0.00172556584782193	0.0208713548924154	0.0053422345629018	0.00350152370351835	0.0293233988372563	-0.0390625009313227	-0.0317001939356558	-0.0116932592324328	-0.00555082104215873	-0.0221849669140538	-0.0101673279902134
0.0524701990337907	0.0535079458253617	-0.0321056950926119	-0.031000401329297	0.0168805445178502	0.00176271863805874	0.0208824679003618	0.00537623575717041	0.00345105765549035	0.0293277839701216	-0.0391071331740479	-0.0317117232448427	-0.0117351422105899	-0.00557602961895223	-0.0222152940403276	-0.0102075345875364
0.0524137762458654	0.0534715725522128	-0.0321487738890974	-0.0309357447175079	0.016834828215519	0.00172127151891845	0.0208583880866633	0.0053414047543889	0.00345516339154999	0.0293858244655519	-0.0390896387430595	-0.0316684349007529	-0.0117301647564965	-0.00554154786217784	-0.0221906917546024	-0.0101772326069752
0.0524138111704661	0.0534936015933575	-0.032169615493818	-0.0308125740327029	0.0168373218320098	0.00175072133922235	0.0208574618862524	0.00536247267052205	0.00341275235343007	0.0293868205151642	-0.0391268641764658	-0.0316763795489227	-0.0117604835008661	-0.00555684623427347	-0.0222161601704252	-0.0101960402029503
0.0523855487865864	0.0534903731632677	-0.0322077573487469	-0.0307064353771729	0.0168194083058129	0.00174787288878833	0.0208450021857026	0.00535906542647665	0.00338460172827264	0.0294377727136341	-0.0391539419178894	-0.0316608548654145	-0.0117755807072616	-0.00553544304197348	-0.022241382717059	-0.0101882492230236
0.0523481152025599	0.0534714691753947	-0.0322273095372092	-0.0306405368465825	0.0168095120709553	0.00173746256380827	0.0208424596747708	0.00535158318002023	0.00338496494412004	0.029462119351282	-0.0391630334899465	-0.0316496957569952	-0.0117656062412985	-0.0055195677154741	-0.0222662099172127	-0.0101757266581925
0.0523257243425517	0.053455135638134	-0.0322343223970321	-0.0306075847873193	0.0168068354495568	0.0017278569016286	0.0208472485360203	0.0053448608928753	0.00339093844782572	0.0294613202764178	-0.0391618656112988	-0.0316461809451796	-0.0117574646183806	-0.00551506942690247	-0.022268774779889	-0.0101686579190085
0.0523303246109575	0.053461322880396	-0.0322260787942801	-0.0305921662745972	0.0168194376424775	0.00173679340845864	0.0208518264526816	0.00535066815548159	0.00337922194277905	0.0294425853236121	-0.039166787186031	-0.0316511472234007	-0.0117688458472605	-0.00552687533892696	-0.0222634369039162	-0.0101768428484312
0.0523807250007361	0.0534934395432102	-0.0321905646663087	-0.0306274624730602	0.0168694357008559	0.00178064473711189	0.0208729013537349	0.00538421532994095	0.00336929497427284	0.0293941686511539	-0.0391898569802769	-0.0316933501109004	-0.0117775658215661	-0.00555638243557602	-0.0223045222041931	-0.0102051205991352
0.052322989047824	0.0534281039971833	-0.0322017419355204	-0.0307033927459589	0.0168266530649844	0.00170972125497118	0.0208484695000612	0.00532788753692955	0.00344227202293539	0.0294249679580293	-0.0391217973153946	-0.0316580581033895	-0.0117107578543732	-0.00551147917794933	-0.0222665032838587	-0.0101573339664738
0.052360738350241	0.0534481507179917	-0.0321710557843513	-0.0307497083544383	0.016856623960331	0.00173544531887118	0.0208626377120778	0.0053464366908594	0.00343998935103289	0.0293662024278882	-0.039124370559975	-0.0316842571418592	-0.0117187849246007	-0.00554065099843157	-0.0222542796736097	-0.0101731170920273
0.0523946221978512	0.0534569335565786	-0.0321393847594422	-0.0308398096333217	0.0168807847991031	0.00174018249171167	0.0208745944983774	0.00535519717770185	0.00344781106460822	0.0293489231324402	-0.0391159229975549	-0.0316928192569696	-0.0117205297576523	-0.00555379522115532	-0.0222435075297663	-0.01019327976251
0.0524268436344676	0.0534572367021128	-0.0320995190262221	-0.0309702418411066	0.0169040431861929	0.00174540302102602	0.0208891133533851	0.00536394928264013	0.00348870497807324	0.0292916258325131	-0.0390926869622096	-0.0317202769780489	-0.0116929574838826	-0.00556618786647176	-0.0222373929306737	-0.0101876569017955
0.0524193278603945	0.0534347005557657	-0.0320889969425198	-0.0310540664707502	0.0168880784527157	0.00171958116824402	0.0208866937770478	0.005342195447349	0.00352068473645267	0.0292831936369173	-0.0390516770990702	-0.0317125041589146	-0.0116728465018089	-0.00555671631475882	-0.0221878447011524	-0.0101698034459118
0.0524681203215564	0.0534738370633229	-0.0320694629148499	-0.0310844885919379	0.0169127757333548	0.0017486817425408	0.0209016009936155	0.00536512694017612	0.00349522470253404	0.029259812315233	-0.0390705433683745	-0.0317317057043857	-0.0117030451055521	-0.00558604320046821	-0.0221807605951441	-0.0101991303316212
0.0524769115420474	0.0534802366471573	-0.0320619680955372	-0.0311201996946573	0.0169129391804861	0.00175007453561717	0.0208993951558346	0.00536667619546368	0.00350294303929127	0.0292689388118909	-0.0390733527032557	-0.0317363925858012	-0.0116928904286492	-0.00557933069221148	-0.0221996408342887	-0.0101943400733876
0.0524642883943663	0.0534760624588802	-0.0320786369089647	-0.0311054196036362	0.0168922694048011	0.00173999948680394	0.0208850062203415	0.00535821047225123	0.00349738304285801	0.0293010415048649	-0.0390700614088847	-0.0317178350499672	-0.0116976010587932	-0.00557132317976036	-0.0221842348944229	-0.0101891488807379
0.0524541379084155	0.0534782054323799	-0.0321071158253689	-0.0310480454695875	0.0168715465437229	0.00173586162011165	0.0208724864494784	0.00535210565204687	0.00347619079514632	0.0293279725629655	-0.0390754956767554	-0.0316962013553025	-0.0117197767832609	-0.00556377108410253	-0.0221680773771498	-0.0101900233927397
0.0524579027803722	0.0534964318829992	-0.0321221040670102	-0.0309731126432851	0.0168770325000027	0.0017539539602642	0.0208786876615808	0.00536586175377509	0.00344142125966206	0.0293485459467525	-0.0391098628808395	-0.0316987620270267	-0.0117416046587056	-0.00556693525292698	-0.022202846912634	-0.0102046093029808
0.0524166470480439	0.0534712247031897	-0.0321554696335458	-0.0309164006796659	0.0168451645003455	0.00172814328335443	0.0208742899558592	0.00535162928049317	0.00344728300464546	0.0293811403781045	-0.0391028611968888	-0.031676538805102	-0.0117309372886643	-0.00554788597871494	-0.0222022378275976	-0.0101831907438565
0.0523885341414552	0.0534741136661605	-0.0321874270401808	-0.0307846762616546	0.0168290321287849	0.00174415272032055	0.0208664053780026	0.00536466593544673	0.00341219635378675	0.0294145394722568	-0.039141211202438	-0.0316727557723529	-0.0117501542009597	-0.00554110781220887	-0.0222311777487311	-0.010185129757688
0.0523854356308801	0.0534905729319838	-0.0322101950858766	-0.0306835709395791	0.0168329073624798	0.00175828740472047	0.0208627704255605	0.00537073164009829	0.00336709891538011	0.0294418393341409	-0.0391705506610037	-0.0316610127246097	-0.0117856850927395	-0.00554592740710705	-0.022247664954235	-0.0102050367800935
0.0523223855507237	0.0534473935526482	-0.0322415056889064	-0.0306212724368301	0.0167962546925252	0.00171680675796351	0.0208440438546591	0.00533897400217938	0.00338558799899673	0.0294766675429544	-0.039154319103577	-0.0316291125943199	-0.0117633291573321	-0.00551391551809496	-0.0222383624375895	-0.0101662970160004
0.0523392960423882	0.0534650640036242	-0.0322236564239748	-0.0305931637211935	0.0168304430826536	0.00175121866553648	0.0208654246952146	0.00536612159280438	0.00336894852223378	0.0294440912723948	-0.0391840790543352	-0.0316588278415892	-0.0117724360962136	-0.00553415362571522	-0.0222748279116843	-0.0101894632021443
0.0523293662799139	0.0534518932382039	-0.0322220750380546	-0.0305991372248992	0.016831443323218	0.00174258530424062	0.0208665143427568	0.00535885168792029	0.00337770481812415	0.0294345861930652	-0.0391716347206098	-0.031655726537046	-0.0117641491869568	-0.00553167817001679	-0.0222666080576608	-0.010181936252199
0.0523509496831536	0.0534635748186499	-0.032202950326705	-0.0306298122001961	0.0168498751304895	0.00175212111721887	0.0208737255743117	0.00536496768399687	0.00338095979091045	0.029404581770102	-0.0391671951053673	-0.0316726551895029	-0.0117651186938725	-0.00554525406080533	-0.0222673316953876	-0.0101904382969962
0.0523579234274236	0.0534488003155649	-0.0321785645735043	-0.0307185709774281	0.016859128752694	0.00174608614621593	0.0208750219754901	0.00536181608802868	0.00341965066056259	0.0293871027059379	-0.0391464526865128	-0.0316834957855637	-0.0117318369463786	-0.00554239303751505	-0.0222722267274233	-0.010181989337592
0.0523947395445096	0.0534677797405755	-0.0321538407501687	-0.0307745145998317	0.016882891451018	0.00176316567294784	0.0208865359178526	0.00537590048100358	0.00341916171615263	0.0293461571040639	-0.039140817252942	-0.0317035648581165	-0.0117430547281271	-0.00556612779615853	-0.0222582317414262	-0.0101961799013531
0.0523944601477039	0.0534433604597581	-0.0321325730653194	-0.0308800930647663	0.016880287472789	0.00173443250545055	0.0208839095878791	0.00535541510721029	0.0034568132296876	0.0293443801403797	-0.03910694318422	-0.0316932495280504	-0.0117158191275083	-0.00555277262884649	-0.0222344830129424	-0.010177125039205
0.0524211090150307	0.0534430084197829	-0.0320952177123985	-0.0309951542572861	0.0168990238225786	0.00173689678527674	0.0208986896789002	0.00536167918359389	0.00349264866398557	0.0292929767160686	-0.0390807860552712	-0.0317189037427489	-0.0116897290537928	-0.00556514990733861	-0.0222220051516003	-0.0101790864047809
0.0524463650892812	0.0534522382932589	-0.032076734216718	-0.0310550583294104	0.0169063761495204	0.00173718596097063	0.0209066007994534	0.00536275067034371	0.00349912927289358	0.0292694389321731	-0.0390650741759031	-0.0317265270845922	-0.0116968606572581	-0.0055835244382649	-0.0221912505482138	-0.0101850557175345
0.0524624625362411	0.0534653182547174	-0.032075411272843	-0.03109294034531	0.0169057768433722	0.00173701133796707	0.0209033639874594	0.00535993854149443	0.00349580305392182	0.0292759251290172	-0.0390622760168941	-0.0317244441814058	-0.0117024891059088	-0.00558233560485669	-0.0221804057612009	-0.0101852973957714
0.0524538808633543	0.0534556860498412	-0.0320788296927607	-0.0311052324077764	0.0168890144320148	0.00172214882488832	0.0208976880413518	0.00534968048777347	0.00350850024175647	0.0292937185145877	-0.0390534680325947	-0.0317109199790263	-0.0116926976448533	-0.00557578514674725	-0.0221673732971994	-0.01018601125461
0.0524625966467078	0.0534728507925988	-0.0320844860810919	-0.0310858101388288	0.0168900188635312	0.00173464205305481	0.0208993406734575	0.00535785982926009	0.00349193620213106	0.0293062787979876	-0.0390751729734448	-0.0317172916231801	-0.0117005445041412	-0.00557547361930891	-0.0221863736769704	-0.0101903712417628
0.0524615922151914	0.0534844303932107	-0.0321045118471398	-0.0310333491976081	0.0168843429174236	0.00174778627577856	0.0208926812505938	0.00536608666820367	0.00346265681387863	0.0293240051283246	-0.0390916895156133	-0.031708304824925	-0.0117216655056674	-0.00557341586183499	-0.0221962964545246	-0.0101943484552918
0.052422398431289	0.053464414406051	-0.0321405763868185	-0.0309633323581019	0.0168486360056562	0.00172041656469304	0.0208738946093791	0.00534222618099763	0.00345893524842682	0.0293784428019455	-0.039090203124607	-0.0316786552359051	-0.0117232413036515	-0.00554785664205035	-0.022188462168093	-0.0101770370292112
0.0524095489721953	0.0534704745227664	-0.0321604219419267	-0.0308717768188449	0.0168426932355992	0.0017318187483333	0.0208660742927878	0.00534786161456842	0.00343540165548344	0.0293850617122724	-0.0391113674326381	-0.0316744056104905	-0.0117404940564029	-0.00554635628120378	-0.0221978694585406	-0.0101862431539587
0.0523965332720021	0.0534853985031424	-0.0321920119417622	-0.030745027060959	0.0168355783959423	0.0017456921967199	0.0208607699444318	0.00535802467337545	0.00338599731531707	0.0294265619168057	-0.0391491265139433	-0.0316658965807732	-0.0117736486783503	-0.00554401633295612	-0.0222293253479094	-0.0101955037610833
0.0523441826925197	0.0534622840054076	-0.0322284480791924	-0.030651018417748	0.0168013327294687	0.00172306943736308	0.0208444280252669	0.0053416604024661	0.00338217237304715	0.0294669487250684	-0.0391497551567561	-0.0316376244180053	-0.011767549446082	-0.00551811345510048	-0.0222410181042276	-0.0101725513134958
0.0523542521533969	0.0534780755128652	-0.0322177304177261	-0.0306107517501118	0.0168296635655658	0.00175088618333771	0.0208578502478123	0.00536485033733848	0.00336108350215357	0.0294529006536783	-0.0391810140713768	-0.0316545782161746	-0.0117787141424375	-0.00553466492186963	-0.0222768367747172	-0.0101952718617346
0.0523340531613294	0.053458032983009	-0.032227692310833	-0.0305963725935069	0.0168219144951599	0.00173808561868496	0.0208554879478202	0.00535888940648906	0.00337253458023483	0.0294482137722628	-0.0391650479409156	-0.0316495197370076	-0.0117690735556571	-0.00552857826245765	-0.0222675761675925	-0.0101833513970198
0.0523264675380549	0.0534484357027335	-0.0322234762130351	-0.0306052322662154	0.0168251694679462	0.00173253400415587	0.0208573571124503	0.00535356130940453	0.00338546785837028	0.0294341014396073	-0.0391582390407609	-0.031653417322447	-0.0117613482339797	-0.00552391512977066	-0.0222672492733299	-0.0101702169531842
0.0523564063027687	0.0534612530311946	-0.0321827862592383	-0.030654798656529	0.0168593327123621	0.0017549849344772	0.0208741977549133	0.00537290534724657	0.00339046207627202	0.0293983707791115	-0.0391659406137098	-0.0316800061194606	-0.0117587009492458	-0.005547888772683	-0.0222818128318266	-0.010195978735653
0.052359854059351	0.0534462605986012	-0.0321807019590678	-0.030734275871876	0.0168546444339626	0.00173335403378058	0.0208707835259478	0.00535306258610637	0.00342602928963653	0.0293779692243599	-0.0391269535834436	-0.0316776535983567	-0.011733773166242	-0.00554330107713355	-0.0222480337580185	-0.0101772647376078
0.0523747934065513	0.0534426256461591	-0.0321534915041615	-0.0308082517641189	0.0168703660922189	0.0017386374273762	0.0208796655504007	0.00535642372967884	0.00344959641019659	0.0293515801960623	-0.0391174233584015	-0.03169313497536	-0.0117118377230272	-0.00554188453532869	-0.0222616152367431	-0.010176049361503
0.0523794062478133	0.0534233668243428	-0.0321302596597683	-0.0309175881160901	0.0168683181136332	0.00171079553568906	0.02088110444395	0.00533497443690591	0.00348498760357351	0.0293318072841236	-0.0390755278073881	-0.031682531866584	-0.0116922939164691	-0.00554395486565887	-0.022209817862936	-0.0101627863951369
0.0524504219308998	0.0534626877337918	-0.0320770359652681	-0.0310217430542997	0.0169167585348199	0.00175076464572723	0.0209045556148357	0.00536955677653035	0.003488791591083	0.0292655162010212	-0.0390870571165749	-0.0317284158069987	-0.0116988611383869	-0.00557937818966844	-0.0222228894424903	-0.010193672315022
0.0524721813541271	0.0534701196888232	-0.0320727779579494	-0.0311063555829353	0.0169080972338435	0.0017444055744297	0.0208959613690926	0.00536136486218749	0.00350270555200643	0.0292663543914383	-0.0390594862397893	-0.0317263929741255	-0.0116968159537692	-0.00557914349635166	-0.022193128094748	-0.0101870897262799
0.0524540024009648	0.0534556511252405	-0.0320747742481261	-0.0311191254139394	0.016889225376603	0.00172032576073119	0.0208878183491908	0.00534142012121321	0.00351568493061482	0.0292903084765742	-0.0390466633233921	-0.0317102619995489	-0.0116843730170277	-0.00556582884157644	-0.0221755889602708	-0.0101778207372511
0.0524820328854958	0.0534873472958621	-0.0320713753859848	-0.0310990074469456	0.0169058117679729	0.0017503902540076	0.0208972298305905	0.00536384031788591	0.00348423742315023	0.0292897957834358	-0.0390773955750341	-0.0317235375387713	-0.0117103890505897	-0.0055836864884122	-0.0221950335809629	-0.0102002604917002
0.05245121262386	0.0534666523744646	-0.0321065542377894	-0.0310488026349309	0.0168755726516929	0.00173830075422534	0.0208818099208844	0.00535496946930521	0.00347941224031594	0.029324712002243	-0.0390743752955646	-0.0317004900962699	-0.0117057594455194	-0.00555934264473232	-0.0221955895806062	-0.0101817281015787
0.0524505532473985	0.0534794040446763	-0.0321265925766936	-0.0309730861005886	0.016871649920541	0.00174340812783338	0.0208763896228539	0.00535759579927871	0.00344573933729402	0.0293566638209419	-0.0390961570705363	-0.0316854585481237	-0.0117386723892298	-0.00556096314620533	-0.0221997134774582	-0.0102007606119824
0.052416112003161	0.0534608101872575	-0.0321465498905241	-0.0309185897536385	0.016852452566022	0.001738627648488	0.020867161146362	0.00535149656701047	0.0034531852621657	0.0293768725918976	-0.0391031056690938	-0.0316791078587303	-0.0117208999584198	-0.00554198372119472	-0.0222232023669127	-0.0101832787538503
0.0523922347521466	0.0534687618203475	-0.0321914377813265	-0.0307679445839458	0.0168260048643952	0.00173857735706297	0.0208532304216302	0.00535124510988534	0.00339763558925814	0.0294218163620611	-0.0391263794230079	-0.0316515760974975	-0.0117738568289705	-0.00553932945154065	-0.0222104674605092	-0.010188514649989
0.0523604729232756	0.0534612963376995	-0.0322140800984597	-0.0306682558036752	0.0168181146986025	0.00174383001700998	0.0208488271279725	0.00535638601111007	0.00338451511526288	0.029452840583365	-0.0391591023768905	-0.0316463457892949	-0.0117696547010129	-0.005525650183934	-0.0222548580249975	-0.0101883358360333
0.0523651262770744	0.0534764773631367	-0.0322215637419002	-0.0306022916148355	0.0168299429623715	0.00175693233021287	0.0208551568626054	0.00536890717895712	0.00334875651508647	0.0294491343847375	-0.0391767784158025	-0.0316436146855193	-0.0118029322575548	-0.00554415323739091	-0.0222572231189577	-0.0102018768022212
0.052323922233155	0.0534421129530207	-0.032240013709964	-0.030585872861549	0.0168096825030068	0.00173025692018949	0.0208481509877027	0.00534784205679202	0.00337979330924669	0.0294564112745418	-0.03915937618576	-0.0316330297375357	-0.0117667322104254	-0.00552093955379004	-0.0222566964559789	-0.0101755115226521
0.0523455056363947	0.0534567002602458	-0.0322136917368998	-0.0306013262988718	0.0168438052348858	0.0017569141694205	0.0208613524867716	0.00536777143094199	0.00337442050867325	0.0294247751742333	-0.0391791211580183	-0.0316603072476753	-0.0117639689760171	-0.00553453779632304	-0.0222877067074426	-0.0101905849803191
0.052343460451777	0.0534470778342578	-0.0322018117847218	-0.0306394695507848	0.0168452916258921	0.00174342489164172	0.0208637329475561	0.00536221702244485	0.00339121784463141	0.0294102800679541	-0.0391568029411796	-0.0316632688538157	-0.0117507702709163	-0.00553635946349615	-0.022276877287254	-0.0101813425339869
0.0523579010756792	0.0534417595160615	-0.0321745412595023	-0.0307169169483384	0.0168605145608502	0.00174572851830465	0.0208735914638449	0.00536058674208364	0.00341573910528292	0.0293819394529688	-0.0391407306399322	-0.0316761420616379	-0.0117373801790035	-0.00554467291544949	-0.0222637554162747	-0.0101836210149373
0.052373647879648	0.0534464422065249	-0.0321605378916011	-0.0307758473225948	0.0168694664345046	0.00174898069712289	0.0208768883461521	0.00536265427844575	0.00342884840340595	0.0293520216430153	-0.0391257214435305	-0.0316856750806481	-0.0117274001251042	-0.00555051789662456	-0.0222509366908296	-0.0101823134378866
0.0524006180533013	0.0534449586094866	-0.0321246046684211	-0.0308958175169906	0.0168935532331232	0.00174374200701618	0.0208874076358864	0.00535920372789546	0.00345454452762538	0.0293277839701216	-0.0391110447293275	-0.0316986474743363	-0.0117088565591105	-0.00555349906054128	-0.0222381375231609	-0.0101812042325681
0.0524163019929888	0.0534371061622627	-0.0320987953884954	-0.0310036046136742	0.0168921380883024	0.00172681475154337	0.0208917368893906	0.00534509279222402	0.00349378720596876	0.0292948528656188	-0.0390682034201269	-0.0317036165465255	-0.0116889481397209	-0.00555942925774208	-0.0222029852140528	-0.0101722481679616
0.052463390133636	0.0534653294305896	-0.0320639336520652	-0.031078802866942	0.0169205401705849	0.00175655793849324	0.020905699744755	0.00536830926979294	0.00349449547687119	0.0292584572407254	-0.0390771287510847	-0.0317305797352588	-0.0116961747381001	-0.00558326320225158	-0.0222086024868312	-0.0101942939729147
0.0524337056200153	0.0534371871873363	-0.0320859291655933	-0.0311098731887189	0.0168818479039488	0.0017108025206092	0.0208868111237062	0.00533274624738052	0.00351787400458741	0.0292983537075941	-0.0390385286853944	-0.0316975676056823	-0.0116814239837437	-0.00555469906982173	-0.022162000496626	-0.0101693061195977
0.0524855155666787	0.0534865607938541	-0.0320694349751693	-0.0310952565448292	0.0169105908503343	0.00174976021421077	0.0209004889943289	0.00536240561528869	0.003480053455985	0.029271396106797	-0.0390773774142417	-0.0317199654506106	-0.0117195798085129	-0.0055894350776893	-0.0221751223676053	-0.0102005999588191
0.0524586431819073	0.0534723841999333	-0.0320869196272695	-0.0310919764263304	0.0168897757883103	0.001738578754047	0.0208881675951979	0.00535328051561481	0.00349296717634406	0.0293076226966229	-0.0390778747405559	-0.0317105833058755	-0.0116968089688491	-0.0055626409240235	-0.0221937693104171	-0.0101808466046568
0.0524361559300012	0.0534667278116021	-0.0321165817891457	-0.0310180606044007	0.0168631087601911	0.00173028485987006	0.0208776832300643	0.00534867465927298	0.00347090460758264	0.0293407689366661	-0.0390791054834849	-0.0316837402577687	-0.0117182233370213	-0.00555768023373845	-0.0221771633612708	-0.01018375372842
0.0524214484821497	0.0534694770761701	-0.032148164804061	-0.0309170754229516	0.0168480436844282	0.00172849672031363	0.0208648756804914	0.0053455677667937	0.00344028271767887	0.029378319867351	-0.0391011443035179	-0.0316669540976827	-0.0117359482703743	-0.00555097471040186	-0.0221953129777685	-0.0101809374086186
0.0524100113739087	0.05348508557872	-0.0321769245142549	-0.030803789797132	0.0168475589309703	0.00175863385675953	0.020863385098533	0.00537407322589436	0.00340264936493627	0.0293997845269483	-0.0391449020342412	-0.031674233781455	-0.0117611764049442	-0.00555000660047014	-0.0222374390311467	-0.0101927097930264
0.0523347390804874	0.0534433409019817	-0.0322289733451871	-0.0306899216289725	0.016793297277337	0.00172055486611185	0.0208344926748565	0.00534093397077131	0.00340060138635056	0.0294652164648731	-0.0391366011551441	-0.03163363463162	-0.0117516685316466	-0.00550656877908931	-0.0222312839195173	-0.0101545246315926
0.05233673397368	0.0534550364522679	-0.0322279619287505	-0.0306205138745026	0.0168112066125818	0.0017392018089237	0.0208455176728091	0.00535486469550308	0.00336864397971558	0.0294634339132528	-0.0391673515675785	-0.0316374288402413	-0.0117737464672323	-0.00551943779595945	-0.022254635904537	-0.0101735627299324
0.0523377328172604	0.0534557223714259	-0.0322280136171596	-0.0305896754520745	0.016825795316791	0.00174876137063043	0.0208525067839035	0.00536437955372089	0.00336333963135953	0.0294432433030895	-0.0391696607821775	-0.0316455271566543	-0.0117785814289548	-0.00553325815895298	-0.0222619295581495	-0.010184834994058
0.0523325891220676	0.0534458401064086	-0.0322179581261227	-0.0306105324236193	0.0168381306857622	0.00175302775985333	0.0208558120481148	0.00536480144289749	0.0033802794596886	0.0294287789304589	-0.0391710270325574	-0.0316610867647632	-0.0117537290830885	-0.00552315796442723	-0.0222892908873309	-0.0101724772733423
0.0523293411342014	0.0534368700719619	-0.0322117513260843	-0.0306261409261693	0.0168321110815836	0.001736614594503	0.0208522734875707	0.00534677895194637	0.00338711210857178	0.0294223346431356	-0.0391437201857531	-0.0316486661797662	-0.0117594804663337	-0.0055296022517505	-0.0222514116653993	-0.0101726630722181
0.0523382916108717	0.0534309789903139	-0.0321956035876994	-0.0306833739648311	0.0168329925785056	0.00172142518716158	0.0208536243711262	0.00534073140808718	0.00341546389942931	0.0294024960729475	-0.0391266113223566	-0.0316520538660352	-0.0117436233006267	-0.00553495689153158	-0.0222288042728668	-0.0101709769124957
0.0523793587503563	0.0534553046732014	-0.0321570845470827	-0.0307610616436376	0.0168750208430017	0.00175808903298843	0.0208811687052153	0.00537120382069991	0.00342561857633216	0.0293469142694073	-0.0391416694131994	-0.0316961692246698	-0.0117299146963554	-0.00555323363357588	-0.0222657000180423	-0.0101878454946393
0.0523960066090234	0.053445957453067	-0.0321314959906335	-0.0308728916120996	0.0168847396608877	0.00174395853954059	0.0208813880317078	0.00536053784764264	0.00344957545543616	0.0293384834707956	-0.0391127057433374	-0.031693625316754	-0.0117188100703132	-0.00554912510354819	-0.0222448276796732	-0.0101771655517418
0.0524082316162564	0.0534346907768775	-0.0321048317564823	-0.030985232876716	0.016884313580759	0.00172983084006081	0.0208796879021451	0.00534714775572988	0.0034949033962075	0.0292995676867149	-0.0390674672095439	-0.0317004439957969	-0.0116892177576384	-0.00555466973315713	-0.0222047523988488	-0.0101717578265676
0.0524527534972433	0.0534584925907543	-0.0320750396750915	-0.0310626844652217	0.0169113787493263	0.00174661420617869	0.0208965383234964	0.00536191946484678	0.00349861099181902	0.0292642267847629	-0.0390658830296556	-0.0317255254470438	-0.011694450859809	-0.00557713603030277	-0.0221958815502681	-0.0101939335510354
0.0524583246695488	0.0534591016757907	-0.0320776715930011	-0.0310935019328895	0.0169051034970705	0.00173720970969912	0.0208896148706513	0.00535575597131323	0.00350284105945719	0.0292774869571611	-0.0390549697904253	-0.0317191272601935	-0.0116962110596849	-0.00557476115745439	-0.0221775251801342	-0.0101916704369093
0.0524570729718593	0.0534586546409016	-0.0320742517760994	-0.0311202793227469	0.0168922065405198	0.00173262760208578	0.0208863515159609	0.00535215734045593	0.00351254171655079	0.029288036980544	-0.0390530475404021	-0.0317149474839804	-0.0116853034083907	-0.00556702745387286	-0.0221797156510908	-0.0101850766722949
0.0524680728240994	0.0534751753740222	-0.0320857824822703	-0.0310862348219734	0.0168886107036305	0.00174168285255823	0.0208823086441825	0.00535694340773742	0.00348147558572597	0.0293048482863424	-0.0390655393715846	-0.0317042605561627	-0.0117189846933168	-0.00557493717744198	-0.022166860604061	-0.010196517971488
0.0524556648119586	0.0534764019259992	-0.0321077793927824	-0.0310467867869779	0.01688357876716	0.00175010666624983	0.0208892348909956	0.00536608247725158	0.00346862053869611	0.0293243585652838	-0.0390855916803291	-0.0317052691786312	-0.0117173111064507	-0.00556307119510427	-0.0221960994797766	-0.0101921398235428
0.052410959926064	0.0534536241014152	-0.0321468069355854	-0.0309690935202352	0.0168410867039665	0.00171557182408235	0.020865004203022	0.00533840962063188	0.00345911965031858	0.0293822481864391	-0.0390782170016428	-0.0316668926303855	-0.0117203076371917	-0.00553519996675253	-0.0221784877021298	-0.0101710188220166
0.0523936373241111	0.0534542499502599	-0.0321589215810801	-0.0308903706762637	0.0168333306486405	0.0017246466323312	0.0208604220954087	0.00534457870210155	0.00344881549612468	0.0293881043434863	-0.0390982218129303	-0.0316685690112196	-0.0117195923813692	-0.00553515526326362	-0.0222022029029969	-0.0101747515633406
0.0524003638022082	0.0534840434286348	-0.0321838228213874	-0.0307567756966383	0.0168416217488494	0.00176127974450943	0.0208590572420129	0.00537012534902994	0.00338245176985285	0.0294161543857937	-0.039150436884962	-0.0316677210419143	-0.0117757860639138	-0.00554722660225351	-0.0222334073352405	-0.0101999210245813
0.0523567485638557	0.053465842123728	-0.0322224759724708	-0.0306616313054122	0.0168117751850814	0.0017432125500694	0.0208396936463944	0.00535187934063426	0.00337462167437335	0.0294606497240841	-0.0391500191867374	-0.0316407941747658	-0.0117771565052457	-0.00552398777294014	-0.0222452830964664	-0.0101830747941822
0.0523390795098638	0.0534593489419638	-0.0322225765553208	-0.0306158437568955	0.016821084686647	0.00174816346146625	0.0208447563165136	0.00535649497586429	0.00336864258273155	0.0294600797546005	-0.0391684482000408	-0.0316436216704394	-0.0117709538961594	-0.00551796397780943	-0.0222734798220968	-0.0101847623508885
0.0523196558439321	0.0534442615144564	-0.032234959421749	-0.0305875017449262	0.0168124792650317	0.00173875337705056	0.0208412023891452	0.00535075057753927	0.00337286706243361	0.0294549835568647	-0.039158389915036	-0.0316378102168811	-0.0117674446722799	-0.00551385125682965	-0.0222605605138016	-0.0101744358449502
0.0523352266279133	0.0534532608855678	-0.0322130854458315	-0.0306036704380715	0.016839248272985	0.00176018031807903	0.0208535545219248	0.00536527082953105	0.00337690434627584	0.0294240180088899	-0.0391727704686249	-0.0316649312648095	-0.0117590935017578	-0.00552150393533754	-0.0222913919513097	-0.0101812168054243
0.0523200763361247	0.0534319862157984	-0.0322046993507086	-0.0306519683668874	0.0168342009696902	0.00173334006394029	0.0208551009832443	0.00534826534295265	0.00340737396492052	0.0294198871271178	-0.0391426361261471	-0.0316574392394649	-0.0117384586506735	-0.00551182143903631	-0.0222700641961472	-0.0101731436347239
0.0523324871422335	0.0534262027019206	-0.0321861418148746	-0.0307105690529131	0.016840867377474	0.00172845061984069	0.0208593310508825	0.00534174422150781	0.00342450098910939	0.0293916624618068	-0.039121575194934	-0.0316630439393871	-0.0117307193591558	-0.00552238822622755	-0.0222356369217499	-0.0101751720555332
0.0523708133990542	0.0534479886678444	-0.0321587455610926	-0.03076795296585	0.0168632344887536	0.00174650384444044	0.0208707905108679	0.00535552826291659	0.00342659506816805	0.0293576808253146	-0.0391271030607346	-0.0316843074332842	-0.0117310392684983	-0.00553971781310056	-0.0222435787759517	-0.0101866901888478
0.0523862836001853	0.0534362120924845	-0.0321240528597299	-0.0309006748304576	0.0168747707828606	0.00173488373129174	0.0208717097263586	0.00534603156549114	0.00346852973473426	0.0293363153515834	-0.039096634839074	-0.0316938041307097	-0.0116968830090026	-0.00553417178650759	-0.022232645978945	-0.0101758691505634
0.0524292185073159	0.0534504697114789	-0.0320910868306264	-0.0310009028465632	0.0168957339251916	0.00174355341417234	0.0208824134179847	0.00535268959137077	0.00348180387697266	0.0292907597024154	-0.0390740623711422	-0.0317124706312979	-0.0116978245762377	-0.00555596753131957	-0.0222051337754886	-0.0101891935842268
0.0524439231611995	0.0534499975308773	-0.0320749069616088	-0.031084791737472	0.0169053647330838	0.00174625518128337	0.0208875068217524	0.0053517927276245	0.00350815378971741	0.0292786199112081	-0.0390658620748952	-0.0317258844719391	-0.0116745368524834	-0.00555031533394043	-0.022208735200314	-0.0101865812240936
0.0524628243551045	0.05346181322179	-0.032070154421944	-0.0311166290034806	0.0169067645110803	0.00175080655524808	0.0208896218555715	0.00536380958423728	0.00349578489312945	0.0292831042299395	-0.0390648646282988	-0.031724551749176	-0.0116902361589952	-0.00555653750080318	-0.0221990429251245	-0.0101925128182784
0.0524497667453905	0.0534511248969883	-0.0320860507032038	-0.0311120957903082	0.0168818157733161	0.00173571493678867	0.0208782406266917	0.00535224954140181	0.00350152510050238	0.0293049153415758	-0.0390543634993569	-0.0317075909660865	-0.0116912461784477	-0.0055482715463068	-0.0221743037349646	-0.0101814305439807
0.0524453047784036	0.0534528096597266	-0.0321051307110644	-0.0310703790532504	0.0168683460533137	0.00173053771397921	0.0208729516451599	0.00534725113254799	0.00348432263917596	0.0293273872266575	-0.0390616641378896	-0.0316938809648312	-0.0117019442821377	-0.00554410573993394	-0.0221677239401906	-0.0101840820196667
0.0524419101072145	0.0534629377939329	-0.0321211541178708	-0.0310033657294054	0.0168645043472355	0.00174616437732152	0.020872417997261	0.00535796041211014	0.00346376182824514	0.0293424997998774	-0.0390904950942689	-0.0316975885604428	-0.0117093399155843	-0.00553952083835255	-0.0221988347745043	-0.0101918576327691
0.0524110535239939	0.0534477274318311	-0.0321485014772119	-0.0309417754975588	0.0168416720402744	0.00173008229718593	0.0208584816845932	0.00534319708489741	0.00345036195744418	0.0293841969791588	-0.0390929426102868	-0.0316706211807574	-0.0117196775973949	-0.00552194119133845	-0.0221933027177516	-0.010178010727079
0.0524052462613876	0.0534639142857688	-0.0321775992575406	-0.0308274868372067	0.0168329590508889	0.00174215643014388	0.0208557366109772	0.0053508008689643	0.00341621268286856	0.0293889397399354	-0.0391128985271333	-0.0316674653938371	-0.011747322514334	-0.00553604095113766	-0.0221930973610994	-0.0101940550886458
0.0523651807594515	0.053451944926613	-0.032204030195359	-0.0307288150613087	0.0168253482819019	0.00174712969328519	0.0208570665397723	0.00535615411176134	0.00339516851546389	0.0294374094977867	-0.0391513547034687	-0.031663185034774	-0.0117426845273595	-0.00551224751916499	-0.0222489208428765	-0.0101841644417244
0.0523544686859213	0.0534565214462902	-0.0322243982224939	-0.030638005511523	0.0168273096474778	0.00175617656185348	0.0208616430594496	0.00536544684951864	0.00335922132244364	0.0294501444041901	-0.03917351087016	-0.031655233401684	-0.0117749883860336	-0.00551893627869324	-0.0222565707274164	-0.0101892885791407
0.0523347642261999	0.0534443495244502	-0.0322275847430628	-0.0305994836769383	0.0168210609379185	0.00174793854703767	0.0208540979487119	0.00535765586959193	0.00336294149091142	0.0294510482528565	-0.0391712212133373	-0.0316508426808825	-0.0117649650256294	-0.00551058929912321	-0.0222665968817886	-0.0101825732769159
0.0523381533094529	0.0534488338431816	-0.032224352122021	-0.0305919818727054	0.0168355811899103	0.00176257055775172	0.0208554530232195	0.00536573881918058	0.00336049676886162	0.029430699783498	-0.0391748058743544	-0.0316623622111812	-0.0117655769046339	-0.00551602915493002	-0.0222760600515974	-0.0101863591036331
0.0523405184034131	0.0534429064399488	-0.0322114817081668	-0.0306292240699201	0.016844204772318	0.0017615828900436	0.0208546665212114	0.005364482930539	0.00338112323804178	0.0294140658946712	-0.0391652882221685	-0.0316685578353474	-0.0117459339122097	-0.00551254647374708	-0.022288067129322	-0.0101824517393055
0.0523105866236194	0.0534109182996652	-0.0322053154206652	-0.030675070291766	0.0168208444053941	0.00172161517698946	0.0208426384887264	0.00533600401413488	0.0034214429910711	0.0294185110978497	-0.039126823663929	-0.0316524226698187	-0.0117162982930301	-0.00549603132856265	-0.0222515248211056	-0.0101590746085733
0.0523638578155765	0.0534435364797457	-0.0321672434149377	-0.0307387657785434	0.0168648619751468	0.00176026832807282	0.0208703392850267	0.00537454540649597	0.00341503502533257	0.0293560226052728	-0.0391405182983599	-0.0316911512580396	-0.0117293670786163	-0.00553641394587326	-0.0222553176327428	-0.0101896895135569
0.052370803620166	0.0534337631794826	-0.032155380226568	-0.0308174942104512	0.0168654598843109	0.00174300719341721	0.0208761004471601	0.00536495092018853	0.00343838701035225	0.0293499820463338	-0.0391178592174183	-0.031692296784943	-0.0117119830093662	-0.00552510955111499	-0.0222442144036847	-0.0101781168978652
0.0524070078582475	0.0534390996584713	-0.0321111740639715	-0.0309510291197633	0.0168929022385659	0.00175145056488521	0.0208892376849637	0.00536789576252052	0.00347881572813579	0.0292970475275275	-0.039102576212147	-0.0317207784953151	-0.0116819031492654	-0.00553640277000103	-0.0222451587648879	-0.0101744344479662
0.052434573147097	0.053445564900555	-0.0320947846473497	-0.0310362283816908	0.0168959923672369	0.00174200136491672	0.0208930430694572	0.00535945239105253	0.0034920759005339	0.0292768247867316	-0.0390665172604045	-0.0317168613520993	-0.0116910170730671	-0.00555311628691749	-0.0221936994612157	-0.0101873034648363
0.0524241726010051	0.053431230447439	-0.0320953727776257	-0.0310935228876499	0.0168758017570736	0.00172449296408807	0.0208887445496016	0.00534902949321621	0.00352179673573932	0.0292844620984151	-0.0390496486782609	-0.031716108377708	-0.0116597986709832	-0.00553340903322805	-0.0221802059924848	-0.0101716642286377
0.0524695969336744	0.0534676693788373	-0.0320708249742776	-0.0311215687390052	0.016907189194225	0.00175813792742943	0.0209047539865677	0.00537802529371086	0.00349468965765114	0.0292696708315218	-0.0390800638145284	-0.0317389462726052	-0.0116838212083365	-0.00555617987289189	-0.0222017698379481	-0.0101965584840248
0.0524455855721933	0.0534549232965616	-0.0320971385654376	-0.0311074480244455	0.0168753994256734	0.00172934329263488	0.0208856376571223	0.00535126466766174	0.00349738863079412	0.0293072385260151	-0.0390582988033651	-0.031709089929949	-0.0116845644038396	-0.00553745469897446	-0.022171131184236	-0.0101816554584092
0.0524475637015776	0.0534647915917386	-0.0321121477618394	-0.0310634486154853	0.0168683027468089	0.00173939040176754	0.0208831901411045	0.00535648379999206	0.0034744669168552	0.0293268074782857	-0.0390789406393696	-0.0317037590388964	-0.0116993500827968	-0.00554075158128162	-0.0221769985171555	-0.0101856005413056
0.0524403622489109	0.0534778408195485	-0.0321329390751349	-0.0309787173432073	0.016857659125496	0.00174627054810769	0.0208779109384609	0.00535963120500817	0.00343787292022978	0.0293520831103126	-0.0390988825863758	-0.0316933920204213	-0.0117272716025736	-0.00553534665007552	-0.0221909501966477	-0.0101921314416386
0.0524217767733963	0.0534718170244178	-0.0321477247540921	-0.030933734457491	0.0168539599117887	0.0017518920118382	0.0208720436055414	0.0053623916454484	0.00343057507566512	0.0293758541905408	-0.0391161940124564	-0.0316895363445027	-0.0117219630632655	-0.00552532189268731	-0.0222177611141218	-0.01018807460002
0.0523935060076125	0.0534744140177267	-0.0321877748892039	-0.0308118462040241	0.0168340263466866	0.00175616538598125	0.020863531781856	0.00536436278991255	0.00339935387961314	0.0294073966929193	-0.0391348982316134	-0.0316759199411774	-0.0117457858319027	-0.00551999798655486	-0.0222297598099422	-0.0101867740078895
0.0523688464455421	0.0534732908425678	-0.0322226491984903	-0.0306964944388264	0.0168192909591545	0.00175399167883297	0.0208519479902921	0.0053625243589311	0.00336564186103843	0.0294490324049035	-0.0391588648896056	-0.0316566806771375	-0.0117691042893057	-0.00551318629243211	-0.0222396448689276	-0.0101879418865373
0.0523543681030712	0.0534721564915367	-0.0322283880088792	-0.0306388660536845	0.0168285054658062	0.00176805651403147	0.0208581673631868	0.00537406344700616	0.00335699732387034	0.0294526589754413	-0.0391870672031721	-0.0316668451329285	-0.0117637566344448	-0.00550909033526067	-0.0222866673513254	-0.010184292964255
0.0523237154795188	0.0534495057924993	-0.0322382982135771	-0.0306096607055856	0.0168166953628296	0.0017482444865399	0.0208554544202035	0.00535695598059368	0.00336340389262484	0.0294579256052286	-0.039165215578999	-0.0316473851454121	-0.011760971048292	-0.00550460601652932	-0.0222631616980626	-0.0101826026135805
0.0523312591932725	0.0534521768259617	-0.0322315144591349	-0.0306090236808686	0.0168324645185428	0.00175484942702644	0.0208667979305146	0.00536601961297031	0.00336202926034084	0.0294368814378239	-0.0391756873712763	-0.0316591980423567	-0.0117579423869184	-0.0055107415703823	-0.0222722029786948	-0.0101861677168212
0.0523143780382726	0.0534317640953379	-0.0322235851777894	-0.0306415510569872	0.0168234735293357	0.0017370518505039	0.0208617408483316	0.00535398878651724	0.00339231028614167	0.029428046910828	-0.039153877656624	-0.031656610827936	-0.011733182241998	-0.00549872191980146	-0.0222656595055055	-0.010169565958627
0.0523422352967841	0.0534402423914066	-0.0321903858523531	-0.03070482186062	0.0168525377820477	0.00174977697801912	0.0208756282665584	0.00536385289074217	0.00340078858221037	0.0293951744796544	-0.0391523954565699	-0.031679044994449	-0.0117309400826323	-0.00551561285368953	-0.0222591705146933	-0.0101878650524157
0.0523400099012267	0.0534257905916322	-0.0321814577274272	-0.0307640218527939	0.0168478089911114	0.00173416288753305	0.020873693443679	0.00535027280900154	0.00342862628294543	0.0293712455402309	-0.0391191262819322	-0.0316799963405724	-0.0117093161668558	-0.00551099861544355	-0.0222330091947924	-0.0101736842675429
0.0523472057659573	0.0534142109910203	-0.0321642035776917	-0.0308517761985095	0.0168523897017407	0.00171243559493846	0.0208709204303825	0.00533149594667505	0.00345325650835115	0.029365700910622	-0.0390960606786383	-0.0316738063043423	-0.0116863176187953	-0.00550391450943524	-0.0222051379664407	-0.0101663989958345
0.0524099540975635	0.0534447057553775	-0.0321010082111964	-0.0309784365494176	0.0169046550651974	0.00175104404253293	0.020906779613409	0.00536505290002261	0.00347443059527047	0.0292875214934375	-0.0391022898304212	-0.0317277787822817	-0.0116686304040111	-0.00554163726915566	-0.0222264545457309	-0.0101979079705963
0.0524385377877698	0.0534520105848623	-0.0320766937041812	-0.0310754026078168	0.0169149773801836	0.00175544314523854	0.020913458594049	0.00537108368007346	0.00349250896558272	0.0292658361103637	-0.0390835856112642	-0.0317417975170073	-0.0116661311995842	-0.00555062686137878	-0.0222113489574312	-0.0101982697894597
0.0524360385833429	0.0534467397641229	-0.0320884241790681	-0.0311079425567916	0.0168888076783785	0.00173112863822324	0.020897257770271	0.00535208888823853	0.00349910692114912	0.0292877673626265	-0.0390558429054431	-0.0317215873490676	-0.011667892796444	-0.0055426654494006	-0.0221678259200246	-0.0101867544501131
0.052327800260818	0.0534371173381349	-0.0322240880920396	-0.0306332026804331	0.0168304360977335	0.00175078699747169	0.0208857130942599	0.00536522053810603	0.00337593763332815	0.029447682918332	-0.0391772464054521	-0.0316622322916665	-0.011733819266715	-0.00550731616554453	-0.0222741866960152	-0.0102086032803182
0.052311449959749	0.0534160284672413	-0.0322147338869851	-0.030660393577563	0.0168217971485015	0.00173139685915671	0.0208796445956403	0.00534824438819222	0.00339497014373185	0.0294376134574549	-0.0391536541391795	-0.0316623105227721	-0.0117197935470693	-0.00549541386162208	-0.0222566964559789	-0.0101781490284978
0.0523439745418995	0.0534270953747148	-0.0321819634356455	-0.0307444556944914	0.0168591497074544	0.00175276792082404	0.0208935278229151	0.00536183704278911	0.00340921099891794	0.0293980089602481	-0.0391549253946454	-0.0316912532378737	-0.0117054409331609	-0.00551208546901769	-0.0222673107406271	-0.0101881374643013
0.052340711187209	0.0534120079472074	-0.0321769566448875	-0.0307956635410385	0.0168452916258921	0.00173057263857992	0.0208856823606112	0.00534301687395774	0.00343688245855361	0.0293893364833994	-0.039117843850594	-0.031681105545891	-0.0116947791510557	-0.00550888916956058	-0.0222301174378535	-0.0101781462345298
0.0523919316066124	0.0534338134709076	-0.0321269208679403	-0.0309107401003826	0.0168878395684468	0.00174710315058865	0.0209019446516865	0.0053578263016434	0.0034477803309596	0.0293427233173219	-0.0391188371062383	-0.0317066186652027	-0.0116897150839526	-0.00553116128592626	-0.0222309989347755	-0.0101959703537488
0.052412971583065	0.0534296406796146	-0.032094749722749	-0.0310295773407313	0.0169008776203844	0.00174377972558495	0.0209115628867224	0.0053566039406185	0.00348676875820979	0.0293026536244337	-0.0390878506035031	-0.0317277787822817	-0.0116622601568413	-0.00553406002778531	-0.0222166644816595	-0.0101919177030823
0.0524286038343434	0.0534325324365535	-0.0320875887826191	-0.0311037767504188	0.0168978238132982	0.00173840133707539	0.0209129794285273	0.00534760456950719	0.00350497146010059	0.0292931401631999	-0.0390698490673124	-0.0317269433858327	-0.0116506288678204	-0.005535370398804	-0.0221950643146115	-0.0101868354751868
0.0524557486310004	0.0534496189482056	-0.0320747938059025	-0.0311435754284055	0.0169073777870688	0.0017517104039145	0.0209177948324734	0.0053571585432778	0.00349856628833011	0.0292968156281788	-0.0390765671635052	-0.0317338402959812	-0.0116604985599814	-0.00554568712585415	-0.02219744617238	-0.0102023825104395
0.0524505378805742	0.0534484315117814	-0.0320883417570104	-0.031134816338547	0.0168839950684005	0.00173554729870525	0.0209073314221002	0.00534088367934628	0.00349764707283939	0.0293177340670209	-0.039063941221856	-0.0317148217554178	-0.0116694867552205	-0.00554506407097746	-0.0221680564223893	-0.0101975796793496
0.0524490920021048	0.0534559486828385	-0.0320987059815176	-0.0311010582194994	0.0168793975939629	0.00174299741452901	0.0209033597965073	0.00534433283291254	0.00347952679300628	0.0293365612207724	-0.0390802733621327	-0.0317147030117754	-0.011679672165772	-0.00554239722846714	-0.0221738608910276	-0.010200545476442
