0.0524856887926982	0.0535267659941931	-0.0319093126658276	-0.0308819370836839	0.0167758936503105	0.00155042176922223	0.0209368049911326	0.00520151217076327	0.00347260473714527	0.0293923134563641	-0.0391994235269038	-0.0318610999530375	-0.011850857191635	-0.00550926495826423	-0.0221085868122979	-0.0100215233701793
0.0525359844086748	0.0535561403773594	-0.0318726069104799	-0.0309505080447207	0.0168124652951914	0.00157476700988615	0.0209545564671822	0.00521821311482347	0.0034544816633441	0.0293606228736785	-0.039208024757567	-0.031880564131506	-0.0118763786928509	-0.00553970384326027	-0.0221004689381086	-0.0100389758916469
0.0525535612617208	0.0535436764858575	-0.0318346005630017	-0.0310912262459071	0.0168288351540369	0.00157115440918856	0.020962991456746	0.00521688039206033	0.00351309631921009	0.0293134914265265	-0.0391758969188806	-0.0319056791103696	-0.0118258330167333	-0.0055381978944776	-0.0221037686143838	-0.0100284845415931
0.0525663073439964	0.0535399493324696	-0.0318266377540395	-0.0311656072635182	0.0168133062795766	0.00154576841542344	0.0209543469195779	0.00519643413381983	0.00352939632885412	0.0293034610812022	-0.0391338029961351	-0.0318888426588586	-0.0118285543416207	-0.00554214856531007	-0.0220385182843826	-0.0100248579710553
0.0525986419363191	0.0535598563548751	-0.0318040932257883	-0.0312212714891161	0.0168336156333823	0.00157159865010961	0.0209655367616459	0.00521361424340179	0.00353493117957487	0.0292841854955775	-0.0391503516689362	-0.0319167907213319	-0.0118176774239752	-0.00554863895310628	-0.0220660193119668	-0.0100371374606654
0.0525876295112228	0.0535513473251578	-0.0318119987584053	-0.0312408893358277	0.0168134389930593	0.00154880685568533	0.0209547702057386	0.00519466694902384	0.0035384473883745	0.029313272100034	-0.0391327538611297	-0.0318973824222246	-0.0118186092123221	-0.00553727728200284	-0.0220391231784669	-0.0100243452779168
0.0525962852242631	0.0535642498696446	-0.0318182740106611	-0.0312180402650583	0.0168093095082712	0.00155545091172467	0.0209509983488617	0.0052005510457517	0.00351938693829023	0.0293259287753318	-0.039144840566944	-0.0318910736423521	-0.0118358591711055	-0.00554129500806868	-0.0220377764858635	-0.0100350014720859
0.0525960617068185	0.0535758727767614	-0.0318409163277944	-0.0311690899447012	0.0167967478278873	0.00156159764144988	0.0209437340319138	0.00520126630157427	0.00349388359786672	0.0293477664296647	-0.0391563517153384	-0.0318791825143018	-0.0118558863341375	-0.00554011036561255	-0.0220358542358404	-0.0100395388762103
0.0525618928744665	0.053560390002774	-0.0318642445640856	-0.0311020947816485	0.0167778228852538	0.00155308861173255	0.020937460176642	0.00519762995214819	0.00348555338210504	0.0293857043249255	-0.0391745166986605	-0.0318689831339101	-0.0118464022095683	-0.00551647758680315	-0.0220619764401885	-0.010024846795183
0.0525487835763435	0.0535649609345151	-0.0318886861966474	-0.0310232266513379	0.0167617408051182	0.00154851767999144	0.0209304082012663	0.00518847691279374	0.00346321281352196	0.0294071731754748	-0.039181613377525	-0.0318532363299413	-0.0118707991386413	-0.00551731577722022	-0.022054097450268	-0.0100242991774439
0.052540609822793	0.0535830281289551	-0.0319134225928393	-0.0309055153801162	0.0167641841301839	0.00157633023501399	0.0209321139187651	0.00521139443578058	0.00342390307994522	0.0294304483263729	-0.039226041660582	-0.0318581690805458	-0.011895624941811	-0.00551938750453443	-0.0220967375937685	-0.0100471133236126
0.0524819225237575	0.053553956891323	-0.0319608669644138	-0.0308018843109172	0.01672226063949	0.00154692372121498	0.0209128103934598	0.00518831346566241	0.00341286970008847	0.0294881912642051	-0.0392229934414319	-0.0318204980092344	-0.0118955048011845	-0.00548991952343816	-0.0220958127903417	-0.0100197687582396
0.0524796496307432	0.0535614964141245	-0.0319691301249421	-0.0307322963455077	0.0167329070547708	0.00156136993305325	0.0209176677069268	0.00519701527917567	0.00339043553357548	0.0294874606415582	-0.0392499426603249	-0.0318207368935033	-0.0119093111943377	-0.00549791446303302	-0.0221171070178875	-0.0100315634943919
0.0524457196826601	0.0535352107626451	-0.0319738910465111	-0.0307155995923995	0.0167239663569887	0.00155041757827015	0.0209150078493366	0.00519006388665007	0.00341193791174148	0.029490098147404	-0.0392409125555649	-0.0318185017190578	-0.0118863783045266	-0.00548197766923638	-0.0221298251604825	-0.0100153361279173
0.0524770987379073	0.0535581855619771	-0.0319494857355339	-0.0307127637148218	0.0167620062320836	0.00158260129631773	0.0209374909102906	0.00521855956686253	0.00338772817852833	0.0294526114779844	-0.0392628200590992	-0.0318463324348727	-0.0119103645202952	-0.0055096072193512	-0.0221453400651026	-0.0100395682128749
0.052490392437922	0.0535609962938424	-0.0319270278202925	-0.0307618090300928	0.0167826536560242	0.00159471035387639	0.0209490635259823	0.00522867931916467	0.0034017818378546	0.0294270131426469	-0.0392599199202561	-0.0318672816073634	-0.0119010494307935	-0.0055143737288563	-0.0221631599933696	-0.0100406690362893
0.0524603614722623	0.0535207058774776	-0.0319344835240523	-0.0308213890019225	0.0167511698269748	0.00154163473968324	0.0209298731563834	0.00518351622250869	0.00344658451263124	0.0294370141513066	-0.039199873355761	-0.0318363593658935	-0.0118730329161028	-0.0054933086066912	-0.0221024428765408	-0.010009970312264
0.0525150212663437	0.0535562549300498	-0.0318993815063693	-0.0308744199126267	0.0167924185743831	0.00157644618468835	0.0209512288512264	0.00521130921975484	0.00344015698911631	0.0293815021969679	-0.0392168285509144	-0.0318717994537114	-0.0118797510122956	-0.0055251053601629	-0.0221175652286488	-0.0100394871878013
0.0525077653312999	0.0535252837941389	-0.0318839951242799	-0.0309829963052864	0.0167805805317259	0.00153756253124029	0.0209403295818364	0.00517823701986516	0.00348790869717702	0.0293852209684516	-0.0391750000551343	-0.0318573965483781	-0.0118373413711597	-0.00550491335301559	-0.0220867784946297	-0.0100144672038516
0.0525832988607346	0.0535658591952454	-0.0318237054845638	-0.0311012971037682	0.0168378973894295	0.00158562576673934	0.0209707572909602	0.00521852184829376	0.00350058912120331	0.0293006266006084	-0.0391864818668642	-0.0319153029333416	-0.0118335345896822	-0.00554927458083923	-0.0221097043995207	-0.0100438751146346
0.0525645457471366	0.0535305657907505	-0.0318180951967055	-0.0312147769103678	0.0168160150316077	0.00155196403958965	0.0209641858780904	0.00519462783347104	0.00355561911605228	0.0293118248245805	-0.0391385373750076	-0.0319029424186578	-0.0117871100164485	-0.00552196074911485	-0.022084782204453	-0.0100211433905236
0.0525988640567796	0.0535584915014793	-0.0318185562014349	-0.0312130027406517	0.0168176327391127	0.00155912497971952	0.0209618026233378	0.00519718431424311	0.003518344788205	0.0293103132878617	-0.0391364279291246	-0.0318930992691933	-0.0118428245334714	-0.00555197076001415	-0.0220275086532544	-0.0100383682035945
0.0526013730400947	0.0535579606475485	-0.031815175500086	-0.0312286880773232	0.0168141291031693	0.00155700715193238	0.0209590589467059	0.00519739106787933	0.00352581585878919	0.0293149680386446	-0.0391393504197121	-0.0318971393470036	-0.0118286032360617	-0.00554666780864213	-0.0220368013910116	-0.0100352780749235
0.0525981501979411	0.0535585823054412	-0.0318255509004654	-0.0312108332244555	0.01680826875517	0.00156075805404878	0.0209566854708416	0.00520223720547404	0.003514859313054	0.0293330017054679	-0.0391499269857916	-0.0318924049681312	-0.0118324295753157	-0.00554195578151414	-0.0220469532739464	-0.0100324882978187
0.0525699786180232	0.0535490073769101	-0.0318554435647063	-0.0311512518556418	0.0167842322479763	0.00154733862547143	0.020945612975432	0.00518937657050807	0.00350266923042169	0.0293660515536131	-0.03914955538804	-0.0318692345910352	-0.011841333951513	-0.00552777080568919	-0.0220388256208689	-0.0100208514208617
0.0525648880082235	0.0535590712498511	-0.0318687372647211	-0.0310712717260446	0.0167787393067764	0.00155217219020989	0.020942422263911	0.00519175144335645	0.00347100239646463	0.0293914934267394	-0.0391769306870616	-0.0318591036628608	-0.0118672787388895	-0.0055320567526885	-0.0220474925097814	-0.0100286689434849
0.0525675897753346	0.053574871139213	-0.0318839168931743	-0.030996329120854	0.0167800999692202	0.00157666690816485	0.0209471356880231	0.00521253577173183	0.00344960898305285	0.0293871320426025	-0.0392023027109865	-0.0318680695063555	-0.0118844700243437	-0.00554026263687165	-0.0220776701587641	-0.0100426192259931
0.052536485925941	0.0535753279529903	-0.0319260401525843	-0.0308793303114868	0.0167599484746097	0.00157634141088622	0.0209359248911947	0.00521321610295368	0.003413632453368	0.0294379473366377	-0.0392275280515883	-0.0318479878609464	-0.0119056273474547	-0.00552132093042981	-0.0221035436999552	-0.0100374461941357
0.0524945093498539	0.0535546749411136	-0.0319624734960465	-0.0307856988539635	0.0167346239481418	0.00156018109964503	0.0209196304694868	0.00519678757077903	0.00340715044747596	0.0294784486975907	-0.039234188871436	-0.031824943212413	-0.0119046438706987	-0.0054981198196852	-0.0221129984878598	-0.0100229399119842
0.0524502584837685	0.0535256232612578	-0.0319758566030391	-0.0307280034135882	0.0167187821492591	0.00153986895187127	0.0209107847666186	0.00518275626319721	0.00342099176522991	0.0294915300560331	-0.0392307411148538	-0.0318131582551489	-0.0118821300760961	-0.00547987520827356	-0.0221250628419295	-0.0100057681843064
0.0524996306933022	0.0535675970433768	-0.0319567710072423	-0.030711152992237	0.016765069818058	0.00158832473988232	0.0209346983392177	0.00521981266153606	0.00338207458416516	0.0294485225057331	-0.0392625504411817	-0.0318417042267864	-0.0119243553153402	-0.00551845711317148	-0.0221408236157386	-0.0100499156735737
0.0524638078318605	0.0535304777807567	-0.0319554676211438	-0.0307479369786903	0.0167526268813165	0.00156349893671261	0.0209285362426682	0.00520216176833651	0.00342846143883007	0.0294500494092762	-0.0392405940432065	-0.0318422783872221	-0.0118747498094737	-0.00548818586625885	-0.0221543841397028	-0.0100160234440593
0.0524715596962344	0.0535329322816947	-0.0319345282275412	-0.030773355103088	0.0167630162515362	0.00155649864974602	0.0209351481680749	0.00519927420234969	0.00342897133800045	0.0294308674215814	-0.0392267848560852	-0.0318435566276081	-0.0118847005267084	-0.00550356805739619	-0.022129846115243	-0.0100219284955476
0.0524892022075298	0.0535338556881375	-0.0319174221581128	-0.0308304791769957	0.0167703769603821	0.00155563391663241	0.0209385302664078	0.00519262036742215	0.00344929605863047	0.029402174766621	-0.0392094329174677	-0.0318511492358028	-0.0118752834573726	-0.0055164356772823	-0.022102994685232	-0.0100284929234973
0.0524943109781219	0.0535250616736784	-0.0319003328524927	-0.0309012545788294	0.0167712388995277	0.00154911978010771	0.0209408227171985	0.00518932488209902	0.00347905880335674	0.0293879045747703	-0.0391926118327811	-0.0318610161339958	-0.0118458559888132	-0.00550813060723312	-0.0221088606211675	-0.0100187796935475
0.0525448566542395	0.0535422808988131	-0.0318557774438891	-0.0310182128756598	0.0168045290289258	0.00156005816505053	0.0209513811224855	0.00519816220306303	0.00349223236274509	0.0293435223921862	-0.0391788571280369	-0.0318810349151236	-0.011847076952854	-0.00552984812093951	-0.0220972963873799	-0.010028919003626
0.0525761868150457	0.0535464536901061	-0.0318222791638707	-0.0311287045334225	0.0168211070383915	0.00156315807260967	0.0209631535068933	0.00520204442167812	0.0035166558345146	0.0293043775027248	-0.0391537184004448	-0.0318980068740853	-0.011835148106235	-0.00554223797228789	-0.0220794443284803	-0.0100335975031373
0.0525998335636954	0.0535562870606824	-0.0318077072234699	-0.0311931683614157	0.0168236313885309	0.00156389428319267	0.0209692764878901	0.00520387586773942	0.00352624333590189	0.0292911438730233	-0.0391417616141452	-0.0319048479048726	-0.0118348589305412	-0.00555053186646484	-0.0220610949432665	-0.0100402150164801
0.0525801067522295	0.053539868307396	-0.0318179121917978	-0.0312170525973502	0.0167991213037516	0.00153638906465638	0.020954400004971	0.00518144449519449	0.0035410052661306	0.0293171710824574	-0.0391242280676041	-0.031882575788507	-0.0118209016631128	-0.00552984672395548	-0.0220345312919654	-0.0100224579524944
0.0526263399386513	0.0535817652553934	-0.0317983222847667	-0.0312167075422952	0.0168337315830566	0.00157855423358729	0.0209715982753454	0.00521846876290068	0.00350838149811405	0.0292981371750697	-0.0391594669897219	-0.0319136572861561	-0.011846238762437	-0.00555974357914848	-0.0220654563274033	-0.0100573839501898
0.0526146318155088	0.0535768073590764	-0.0318232626406268	-0.031199224287179	0.016815094419133	0.0015706459070022	0.0209584149370688	0.00520720767464729	0.00350726810184337	0.0293268857093913	-0.0391564900167573	-0.0318980739293187	-0.0118471956964965	-0.00554445079498897	-0.022065832116107	-0.0100424264421971
0.0525676470516797	0.0535544765693815	-0.0318603679334066	-0.0311255543344384	0.0167746140129404	0.00154583407367278	0.0209416050282544	0.00518702265242012	0.00350243872805699	0.0293719454292292	-0.0391521998788059	-0.0318650617997422	-0.0118454983609019	-0.00552281570334026	-0.0220503437541835	-0.0100237417808165
0.0525655082691322	0.0535671346416634	-0.0318757836521606	-0.0310474056509025	0.0167686307303465	0.00154926087549458	0.0209376334026615	0.00519049415773084	0.00346914161373873	0.0293958464289721	-0.0391773162546535	-0.0318539459978278	-0.0118740122019067	-0.00553058712549056	-0.0220516108186973	-0.0100329884181009
0.0525357902278948	0.0535630316995718	-0.0319118942923122	-0.0309432814463414	0.016746266413035	0.00155286928524009	0.0209291942221456	0.00519195680000863	0.00345665676747641	0.0294110330423454	-0.0391886611619486	-0.0318493988148151	-0.0118774222399202	-0.00551788155575175	-0.0220694600836289	-0.0100287988629995
0.0525321245418041	0.053581449537003	-0.0319245900831628	-0.0308446655498046	0.0167628290556763	0.00159028610545827	0.0209355868210598	0.00522378568411299	0.00340665591512989	0.0294407161589821	-0.0392482062091775	-0.0318598147277313	-0.0119013386064874	-0.00552130137265341	-0.0221275969709572	-0.0100459202992523
0.0524873009122671	0.0535568989396869	-0.0319617247126072	-0.0307609666487237	0.0167345680687807	0.00156354503718555	0.0209141654679674	0.00520113498507559	0.00339864560871072	0.0294803150682527	-0.0392398550386554	-0.031826317844697	-0.0119099524100068	-0.00549953915545812	-0.0221158483352778	-0.0100223699425006
0.0524668644329148	0.0535478618500068	-0.0319632963196392	-0.0307217016186358	0.0167317224123147	0.00156002882838593	0.0209128844336133	0.0051952494913637	0.00340384658024866	0.0294775141152756	-0.039243125378266	-0.0318252519458833	-0.0118985600052548	-0.0054936229280976	-0.0221287075732598	-0.0100217063750871
0.0524749864980562	0.0535529440779023	-0.031959063458033	-0.0307119031726603	0.01675240615784	0.00157608576280901	0.0209265273796353	0.00521152994323134	0.00339241086899171	0.0294574506306589	-0.0392548740139453	-0.0318372688024961	-0.0119073135071771	-0.0055037845899206	-0.0221411938165061	-0.0100289399583864
0.0524509038903897	0.0535299790574585	-0.0319612637078778	-0.0307259274953219	0.0167359901985216	0.00154654932949535	0.0209169734058646	0.00518796142568724	0.00341895496251642	0.0294533951860243	-0.0392225631703512	-0.0318252756946118	-0.0118906265329571	-0.00549445133962647	-0.022110849926424	-0.0100097495887875
0.0525027375857815	0.0535621879212186	-0.0319200023876133	-0.0307727096964669	0.016778816140898	0.00157690299846566	0.0209374923072746	0.00521730926615706	0.00341258471534666	0.0294074399994242	-0.0392402881037042	-0.0318638548055416	-0.0119012659633179	-0.00552567672663054	-0.0221326428772679	-0.010039030374024
0.0525004088134061	0.0535434306166685	-0.0319127869651064	-0.0308667029728535	0.0167726875719652	0.00155736338285963	0.0209361693633997	0.00520067537733023	0.00346166495521842	0.029389755578608	-0.0392051330006281	-0.0318649318802276	-0.0118611711247171	-0.00550974412378599	-0.0221187666349133	-0.0100229189572238
0.0524981680510244	0.0535312433280043	-0.0318930783144329	-0.0309439114861383	0.0167783593271207	0.00154180098078262	0.020942958705778	0.0051898738968222	0.00348463696058237	0.0293869783743594	-0.0391857819778659	-0.0318663009245754	-0.0118429600409222	-0.00550662046749836	-0.0221013602139187	-0.0100140061991222
0.0525631487631081	0.0535648421908727	-0.0318441461548681	-0.0310505698197269	0.0168179261057587	0.0015663697388911	0.0209616713068391	0.00521046404441762	0.00348904444519215	0.0293156134452657	-0.0391765465164538	-0.0318924035711472	-0.0118579985739885	-0.00555071626835659	-0.0220775737668662	-0.0100391253689379
0.0525720489483534	0.0535542069514641	-0.0318286298532641	-0.031156267028304	0.0168101071861514	0.00154967717673506	0.0209589262332232	0.00519661015380742	0.0035335286076103	0.0292986973656651	-0.0391415618454292	-0.0318971826535085	-0.0118263219611433	-0.00554078790286635	-0.0220592187937163	-0.0100238325847784
0.0525787866023227	0.0535547308204747	-0.0318224286411618	-0.0312053863837285	0.0168030985172806	0.00154295908054222	0.0209566114306881	0.00519429535127227	0.00354569773548219	0.0293024175341329	-0.0391309573396691	-0.0318974187438093	-0.0118158962693389	-0.0055414039728229	-0.0220462897065329	-0.0100188160151322
0.0525983765093537	0.0535738513408722	-0.0318103042167788	-0.0312208663637479	0.0168119372352287	0.00155325066187986	0.0209586775700662	0.0051994907348741	0.00352997188627385	0.0293038131211773	-0.0391417434533529	-0.0318991524009886	-0.0118334996650815	-0.00554843499343812	-0.0220440000497103	-0.0100313679166279
0.0526006815330007	0.0535825042599445	-0.0318213431845717	-0.0312039656509716	0.0168056815407493	0.00155765674950561	0.0209552605471326	0.00520291334574382	0.00351638481961308	0.0293172269618186	-0.0391463674704871	-0.0318936063743957	-0.0118486290021096	-0.00555068972566005	-0.0220406668458184	-0.010033041503494
0.0526227259409697	0.053609287237738	-0.0318353074369201	-0.0311658279869947	0.0168124373555109	0.00158124342784207	0.0209574119025364	0.00522162734378902	0.00347944297396457	0.0293262850062591	-0.0391726028305415	-0.0318961488853274	-0.0118795358767552	-0.00556094358842893	-0.0220513900952208	-0.010048704488421
0.0525636069738694	0.0535733917331268	-0.031875114496811	-0.0311028617258801	0.016767623504862	0.00154431974298593	0.0209352627207652	0.00519091744389146	0.0034958952548677	0.0293811375841364	-0.0391653594683539	-0.0318650562118061	-0.0118504772119793	-0.00552066434793643	-0.0220595247332185	-0.0100130967625197
0.0525551356627209	0.0535770574192175	-0.0318870503283501	-0.0310411932629279	0.016766640028106	0.00154984062386639	0.0209366932324103	0.00519621480732737	0.00347329764122339	0.0293962026598993	-0.0391853866313859	-0.0318589765373142	-0.0118653634737865	-0.00552310068808206	-0.0220669231606332	-0.0100230879922912
0.0525366577549765	0.053588419090321	-0.0319220908787359	-0.0309081933984987	0.0167535935942642	0.00156576205083871	0.0209308664120276	0.00520549776619646	0.00342976342794459	0.029418427278808	-0.039213229920057	-0.031854499203503	-0.0119011639834838	-0.00552309370316192	-0.022080953071231	-0.0100257632167057
0.0524990509449304	0.0535719570305296	-0.0319574178108475	-0.0308103039336567	0.0167330188134931	0.00155651960450644	0.0209172206720377	0.0052028043809896	0.00341068621405199	0.0294672770163151	-0.0392293343519371	-0.0318322256901533	-0.0119026503744901	-0.00550676575383732	-0.0220974598345113	-0.0100223769274207
0.0524809264741452	0.0535661260191948	-0.0319611030547146	-0.0307560311041511	0.0167387436540417	0.00156401023286703	0.0209211573730299	0.00520571290173684	0.0034048104992283	0.0294715042899852	-0.0392508562878795	-0.0318348156985421	-0.0118967467199858	-0.00549911866326555	-0.0221341362531944	-0.0100201836624961
0.052484206592644	0.0535714401464391	-0.0319611533461396	-0.0307147306683338	0.0167506962493892	0.00157444290959154	0.0209269185351632	0.00521341866563781	0.00338884576575109	0.0294548466524299	-0.0392557792595958	-0.0318354247835785	-0.0119199310669221	-0.00551497163802048	-0.0221318172597071	-0.0100310074947485
0.0524551353550119	0.0535440676413855	-0.0319700633102731	-0.0307132917747845	0.0167379641369538	0.0015501549452728	0.0209177403500963	0.00519643972175595	0.00341044593279909	0.0294593477349696	-0.0392357437146597	-0.031825089895736	-0.011897392126607	-0.00549918292453086	-0.0221218176480314	-0.0100087144236224
0.0524691540897374	0.0535480504428506	-0.031940800685829	-0.0307457199650371	0.0167596271682831	0.00156607357827706	0.0209303732766656	0.00520893853785855	0.00341887673141083	0.0294272324691394	-0.0392404110382987	-0.0318460739928274	-0.0118867708570386	-0.00550881233543901	-0.0221417512131335	-0.0100179862066193
0.0524941531189267	0.0535554362974091	-0.031917433333985	-0.0308061045996671	0.0167762219415572	0.00156845264207752	0.0209382732213465	0.00520982003478051	0.00342706724876967	0.0294020741837709	-0.0392228327882687	-0.0318582906181563	-0.0118906726334301	-0.00552764507712664	-0.022118115640356	-0.0100304039976482
0.0524872338570337	0.0535350612853541	-0.0319071417526474	-0.0308791179699144	0.016773169531455	0.00155107276377949	0.0209363607502116	0.00520048678448639	0.00346845010664464	0.0293804698257708	-0.0391959785642896	-0.0318644722724822	-0.011854095400613	-0.00551442541726535	-0.0221041807246722	-0.0100128928028515
0.0525517088608991	0.0535719989400505	-0.031860682254813	-0.0309685123748794	0.0168176620757773	0.00157562755204767	0.0209534724075761	0.0052165255581171	0.00345637038575057	0.0293410762731524	-0.0392044373025819	-0.0318875714033927	-0.0118758310751118	-0.00554809692330324	-0.0221004354104919	-0.0100388753087968
0.0525386610300733	0.0535349229839352	-0.0318436446376019	-0.0310924919134369	0.0167981322390595	0.00153544470345315	0.0209424362337513	0.00518425522705975	0.00353040495132267	0.0293183501369775	-0.0391412209813262	-0.0318827601903987	-0.011819387332426	-0.00552875707641328	-0.02206332592676	-0.0100110194472694
0.0525834888505624	0.0535596789379035	-0.0318144630382315	-0.0311586181524239	0.0168213012191714	0.00155888190449856	0.0209565304056144	0.00519915406172324	0.00352664007936598	0.0292788671773812	-0.0391440694317602	-0.0319041158852417	-0.0118311988323866	-0.00555498545154756	-0.0220471306909181	-0.0100299611537112
0.0525994745388001	0.0535652040097361	-0.0318101449605995	-0.0312094641801076	0.0168194502153337	0.00155513100238216	0.0209554393610882	0.00519980645326453	0.00353448973262188	0.0292887284876381	-0.0391357056883819	-0.0319042234530119	-0.0118296076675782	-0.00555326017627241	-0.0220405103836072	-0.0100348072913059
0.0525829063082226	0.0535499545320814	-0.0318143079730043	-0.0312325144165771	0.0168021220254447	0.0015382945508712	0.0209453754881472	0.00519032372567936	0.00355243259548338	0.0293082583243559	-0.0391264576541135	-0.0318931649274427	-0.0118079544151371	-0.00553580905178893	-0.0220417229657439	-0.0100177361464782
0.0526063574791083	0.0535754844152015	-0.03181419202333	-0.0312035200130665	0.0168154031526033	0.00156465144853609	0.0209563990891158	0.00521386430354289	0.00351443882086144	0.0293098718409087	-0.0391530296873188	-0.0318980334167818	-0.0118446070850917	-0.00555735194249176	-0.0220444233358709	-0.0100413130459265
0.0525926097592842	0.0535713926489821	-0.0318446588480066	-0.0311546604966713	0.0167941675983867	0.00155897270846041	0.0209446406745482	0.00520657623786643	0.00350254629582718	0.0293356643570261	-0.0391580155233163	-0.0318817627438024	-0.0118510457844789	-0.00554295881604657	-0.0220449611747219	-0.0100285068933376
0.0525778436381034	0.053573300929165	-0.0318663316582241	-0.0310790585150192	0.0167783062417276	0.00155189558737225	0.0209407375011727	0.0052002814278342	0.00347906299430883	0.0293748553469605	-0.0391724016648414	-0.0318645882221566	-0.01187113162084	-0.00553716133232848	-0.0220542064150222	-0.0100314042382126
0.0525674109613789	0.0535766816305139	-0.031884051003641	-0.031019105548454	0.0167729697627389	0.00156461931790344	0.0209359821675399	0.00521193227463153	0.00347269833507518	0.0293773419785311	-0.0391907021556142	-0.0318682706720556	-0.0118699860939367	-0.00553639578508089	-0.0220812911413659	-0.0100298340281646
0.0524961661729117	0.0535451558919437	-0.0319406330477456	-0.0308948619799151	0.0167236520355823	0.00153501582935641	0.0209106478621838	0.0051841839808743	0.00345760112867965	0.0294492601133001	-0.0391909801554358	-0.0318246721975115	-0.0118716051984257	-0.0054953901128936	-0.0220791998562753	-0.0100043404666293
0.0524993121809438	0.0535688655048746	-0.0319568212986674	-0.0307695413366903	0.0167301955087716	0.0015594630498544	0.020907960064913	0.0051992211169566	0.00340281141508358	0.0294643643046158	-0.0392325599880588	-0.0318184192970001	-0.0119203375892744	-0.00551618282317315	-0.0220883473076936	-0.0100299835054557
0.0524826796891009	0.0535600784753357	-0.031963283746783	-0.0307232983713804	0.0167349983398614	0.00156176248556525	0.0209068396837222	0.00520230286372338	0.00340685428686193	0.0294664625746265	-0.0392468008432449	-0.0318252617247715	-0.0119053647144574	-0.00550688729144779	-0.0221272644887584	-0.0100238172179541
0.0524902527395192	0.0535663327728311	-0.0319614550946897	-0.0307000343963545	0.0167496121897831	0.00157449878895268	0.0209101435509495	0.00521128407404233	0.00340074806967354	0.0294466994415759	-0.039249554298765	-0.0318372911542405	-0.011913102608991	-0.00551829087207209	-0.0221418867205842	-0.0100279564816304
0.0524691890143381	0.0535426538935487	-0.0319616199388051	-0.0307265966506716	0.0167460051770216	0.00155225042131548	0.0209052177852652	0.00519574122974172	0.00343212153698462	0.0294463557835049	-0.0392273003431917	-0.0318289176319739	-0.0118867806359268	-0.00550651988464831	-0.0221351672274074	-0.0100166325290957
0.0524608951201612	0.053530247278392	-0.0319436505332471	-0.0307577116759374	0.0167467413876046	0.00153906149510282	0.020908300929016	0.00518192645468431	0.00345201319256582	0.0294327421741476	-0.0392102697109007	-0.0318341940406494	-0.0118720745850592	-0.00550292265077503	-0.0221220705021406	-0.0100090343329649
0.0525089374008998	0.0535545073030302	-0.0319072311596252	-0.0308354650129932	0.0167877205170954	0.00157177047914511	0.0209264365756734	0.00520786286015664	0.00345602253672749	0.0293839343461614	-0.0392166315761663	-0.0318672215370502	-0.0118764471450683	-0.00553217270236286	-0.0221290582162509	-0.0100329646693724
0.052498978301761	0.0535368368520542	-0.0319090095202934	-0.0308833773742172	0.0167664737870066	0.00154395233618645	0.0209174386015461	0.00518764431031278	0.00347766880424843	0.0293841452907497	-0.0391791379218266	-0.0318501350253981	-0.0118659543980306	-0.00552333398441482	-0.0220840767275186	-0.0100181133321659
0.0525349296857333	0.0535409817036666	-0.0318490523627761	-0.0310175674690387	0.016810628261194	0.00155826723152604	0.0209414541539793	0.00520714481036601	0.00350774167942901	0.0293397868568941	-0.0391812962621506	-0.0318872067905613	-0.0118304053454584	-0.00553532709229912	-0.0221133700856114	-0.010026708974893
0.0525796499384522	0.0535603997816622	-0.0318204030143205	-0.0311178429826013	0.0168315439060681	0.00156498951867098	0.0209588605749739	0.00521216836493234	0.00351647562357493	0.0292933119922354	-0.0391610735213546	-0.0319012269222709	-0.0118421232474891	-0.00555953961948033	-0.0220759141498404	-0.010039276243213
0.0525979588111292	0.0535657222908106	-0.0318092019963803	-0.0311954007418931	0.0168380510576726	0.00156568521671715	0.0209651218573894	0.00521038301934397	0.00353313046716219	0.0292784508761407	-0.0391451115818455	-0.0319115506342412	-0.0118264295289134	-0.0055615708342577	-0.0220666130301789	-0.0100386252486557
0.0525645415561845	0.0535341378789112	-0.0318259895534503	-0.0312278121683374	0.0167992917358031	0.00152703765356989	0.020954592788767	0.00518347012203576	0.00355899003851295	0.0293137652353961	-0.0391200566732951	-0.0318852663797458	-0.0118009946407073	-0.00552987745760411	-0.0220349196535253	-0.0100109104825152
0.0525956649633545	0.0535644566232808	-0.0318180896087694	-0.0312190405056227	0.0168136736863761	0.0015512990751921	0.0209665831026832	0.00520717275004658	0.00353329531127754	0.0293026885490344	-0.0391436056330628	-0.0318979970951971	-0.0118251470975753	-0.0055542757836611	-0.0220423530055407	-0.0100343253318161
0.0525677029310409	0.0535480951463396	-0.0318432576730261	-0.0311740687957786	0.0167805260493488	0.00153138367088242	0.020954691974633	0.00519259941266172	0.00352927199727559	0.0293382948779517	-0.0391343520108583	-0.0318749971501526	-0.0118354289000248	-0.00553478506249607	-0.0220225940634422	-0.0100230824043551
0.0525900909970809	0.0535818826020518	-0.0318419249502629	-0.0311140180403314	0.016803361150278	0.00157100493189751	0.0209691898748803	0.00522558220557358	0.00348782348115128	0.0293306869029328	-0.0391801591171514	-0.0318888859653635	-0.0118677802561558	-0.00555383713067617	-0.0220643555039889	-0.0100486611819161
0.0525461698192262	0.053551797154015	-0.0318705128314212	-0.0310608432402722	0.0167728733708409	0.00154717797230815	0.0209484251042813	0.00520034708608354	0.00349072920793047	0.0293841075721809	-0.0391753981955824	-0.0318594263661714	-0.0118599794973409	-0.00552529395300674	-0.0220715080622146	-0.0100186651408571
0.0525622658692021	0.0535887697333121	-0.0318884361365063	-0.0309519203955734	0.016783135615514	0.00158363646148282	0.0209526523779514	0.00522656847629767	0.00344144640537457	0.0293753931858114	-0.0392101747159868	-0.0318711582380424	-0.0119070494771957	-0.00555289556344099	-0.0220872408963431	-0.0100449927018574
0.0525211456443245	0.0535754997820258	-0.0319393017219665	-0.0308425016215446	0.0167516489924966	0.00156835485319553	0.0209331015864732	0.00521327617326691	0.00341722409930516	0.029440466098841	-0.03922377994344	-0.0318401046800738	-0.0119173466464694	-0.0055217525984946	-0.0221031260017307	-0.0100328040162091
0.0525035115149333	0.0535736012807311	-0.0319591486740588	-0.030766973680046	0.0167526115144922	0.00157532999444961	0.020928722041544	0.00521645151796359	0.00340359093217145	0.0294591312024452	-0.0392486336862902	-0.0318371305010772	-0.011918552243686	-0.00551477745724052	-0.0221372333667855	-0.0100305003895462
0.0524473695207977	0.0535333290251588	-0.0319823218451228	-0.0307242986119447	0.0167125180728755	0.00152935804404116	0.0209062641263025	0.00518165543978279	0.00342961395065355	0.0294861600494278	-0.0392210907491852	-0.0318065030232374	-0.0118904505129696	-0.00548446290382301	-0.0221170441536062	-0.0100000964291509
0.0524828990155934	0.0535635164530297	-0.0319615892051565	-0.0307069857888801	0.0167534566898294	0.00157461054767496	0.0209235769493672	0.00521696141713398	0.00340427964529748	0.0294477723253098	-0.0392571091883909	-0.03183854285193	-0.0119118956147904	-0.0055181344098609	-0.0221422219967511	-0.0100305939874761
0.0524770721952107	0.0535535545599228	-0.0319550555108554	-0.030723966129746	0.0167546259654612	0.00156534155864615	0.0209204993935525	0.00520805005601645	0.00341966463040288	0.0294366928449801	-0.0392357562875159	-0.0318381558873541	-0.0119068371356234	-0.00551314298592723	-0.0221386163809736	-0.0100239708861972
0.0524924236526994	0.0535552267498048	-0.0319258459718044	-0.0307720712747659	0.0167741348474186	0.00156670082410584	0.0209288771067711	0.00520999046683198	0.00343240093379031	0.0294067820199468	-0.0392298596179318	-0.0318498723924008	-0.0118969395037817	-0.00552132791534996	-0.0221382629440144	-0.01003235698132
0.0524853213858988	0.0535340205322529	-0.031917234962253	-0.0308463181819103	0.0167652891445505	0.00154784153972167	0.0209267145754951	0.00519636149065035	0.00347348902803528	0.0293875204041625	-0.0391941582941006	-0.0318517219992545	-0.0118608805520392	-0.00551461680407725	-0.0221160173703453	-0.0100156099367869
0.0525294912269105	0.0535519047217852	-0.0318822740399568	-0.0309253735080807	0.0168014347093027	0.0015694137670891	0.0209464539598172	0.00521753138661759	0.00347199425512484	0.0293567001425266	-0.0392056219450381	-0.031878206022466	-0.0118658845488291	-0.00553298714405145	-0.0221245082392702	-0.0100300687214814
0.0525440757401676	0.0535374766707393	-0.0318493387445019	-0.03105886930184	0.0168122417777469	0.00155771262886675	0.0209556517026605	0.00521414509733261	0.00351670891990768	0.0293120525329772	-0.0391671210652138	-0.0318870237856536	-0.0118327033841852	-0.0055381392211484	-0.0220995525165859	-0.0100173170512697
0.0525775851960582	0.0535484555682189	-0.0318181985735236	-0.0311559163853128	0.0168277804310954	0.00156227657568771	0.0209696480856416	0.00522284411687781	0.00353021356451077	0.0292755563252337	-0.0391497272170755	-0.0319053703768993	-0.0118301734461097	-0.00555416123097077	-0.0220759225317445	-0.0100248901016879
0.0525796974359092	0.0535477067847796	-0.0318229483192203	-0.0311940372854814	0.0168077420921912	0.00154583686764084	0.020956605842752	0.00520738788558696	0.00354640740336864	0.0292853799169218	-0.039122849244368	-0.0318927081136654	-0.011833917363306	-0.00555457473824319	-0.0220366169891199	-0.0100191121757462
0.0526097144317287	0.0535701018357398	-0.0318078175852081	-0.0312154516536536	0.0168220681634031	0.001562241651087	0.020962304140604	0.0052182047329193	0.00352977630850986	0.0292847303193486	-0.0391452917927851	-0.031902164298554	-0.0118448040598397	-0.00556369564696499	-0.0220445085518966	-0.0100354079944382
0.0525786455069358	0.0535493147133964	-0.031827151844162	-0.0312080979297278	0.0167937708549226	0.00153747591823052	0.0209468590851854	0.00519873636349873	0.00354560134358422	0.0293156874854192	-0.0391279244873434	-0.0318825171151778	-0.0118260732979862	-0.0055405839431982	-0.0220367524965706	-0.010016990157007
0.0526013898039031	0.0535773340220552	-0.0318398574139008	-0.0311493226206985	0.0167999301575041	0.00155744859888537	0.0209429153992731	0.00521086358184976	0.0035016927385858	0.0293247748665243	-0.039153482310144	-0.0318795541120534	-0.0118709430279962	-0.0055618949345523	-0.0220256981619535	-0.010035596587282
0.0525867368384286	0.0535772096904766	-0.0318596736323444	-0.0310794636403875	0.0167844501774848	0.00156002882838593	0.0209349903088797	0.00520988988398193	0.00348853733998982	0.029350779724214	-0.039174103191388	-0.0318752975017187	-0.0118724308159865	-0.00554617187931203	-0.0220542092089902	-0.0100312729217139
0.0525638053456015	0.0535676445408338	-0.0318777324448803	-0.0310255274840328	0.0167750638417976	0.00155497873112306	0.0209282861825271	0.00520535387684153	0.00348000037059192	0.0293765750342995	-0.0391824389950858	-0.0318624662034173	-0.0118720717910912	-0.00553497225835589	-0.0220669930098347	-0.0100295057369179
0.0525445213780727	0.0535740650794286	-0.031909823961982	-0.0309079964237507	0.0167641170749506	0.00157141285123382	0.0209275541628962	0.00521995515390696	0.00344828883314596	0.0293963395643341	-0.0392112671574971	-0.0318630641125815	-0.0118954461278553	-0.00553597249892026	-0.0220897862012429	-0.010032897614139
0.0525078603262139	0.0535680929727069	-0.0319514694528543	-0.0308039308925189	0.0167424540436213	0.00156007632584289	0.0209075451606566	0.0052099373814389	0.00342387653724868	0.0294476102751625	-0.0392247718021002	-0.0318334522421303	-0.011909666028281	-0.00551878819838622	-0.0220984628690437	-0.0100269115375771
0.0524943445057386	0.0535649036581699	-0.0319592632267491	-0.0307423001481354	0.0167468643221991	0.00157108036903505	0.020913654171813	0.00521512997107267	0.00340886314989485	0.0294567367718204	-0.03924754124478	-0.0318357474868891	-0.0119108660375614	-0.00551538374830887	-0.0221325199426734	-0.0100279550846464
0.0524542650339621	0.0535344354365093	-0.0319762756982476	-0.0307054225637522	0.0167272143448549	0.00154552953115458	0.0209096951190764	0.00519666463618453	0.00342412659738977	0.029464177108756	-0.0392297073466727	-0.0318187853068155	-0.0118983295028901	-0.00550222136479275	-0.0221128084980319	-0.0100125575266847
0.0524939072497376	0.053568489716171	-0.0319485246105223	-0.0307003137931602	0.0167761101828349	0.00159044675862154	0.0209399719539251	0.00523630685196004	0.00339128210589672	0.0294195755996794	-0.0392663069312342	-0.0318559883884774	-0.0119278212327148	-0.00553383651034076	-0.0221398862394555	-0.0100434127129212
0.0524700747022122	0.0535434725261894	-0.0319441939600341	-0.0307406419280937	0.0167660239581494	0.00156965404834199	0.0209355183688424	0.00521613999052524	0.00342464767243238	0.029417983037887	-0.0392388645769792	-0.031847723830965	-0.0118980542970364	-0.00551783824924687	-0.0221344827052334	-0.0100217147569912
0.0524892259562583	0.053545859971894	-0.0319201029704634	-0.0308019346023422	0.0167788049650258	0.00156578300559914	0.0209377717040803	0.00521331947977179	0.00344189902819979	0.029394665977468	-0.0392208532619003	-0.0318573169202884	-0.0118938340082865	-0.00553009119616046	-0.0221156667273541	-0.0100275304015017
0.0525120275295708	0.0535510707223202	-0.0318966084930728	-0.0308730550592309	0.0167947892562794	0.00157651463690574	0.0209497550330764	0.0052253475122568	0.00346309127591148	0.0293515969598707	-0.0392109262933941	-0.0318775871585413	-0.0118785873245999	-0.00553802327147404	-0.0221154180641971	-0.0100339872616812
0.0525370111919357	0.0535533003088296	-0.0318712672027966	-0.0309603889127539	0.0168092228952614	0.00156598137733118	0.0209511352532965	0.00521689296491658	0.00347886601956081	0.0293411754590184	-0.0391961573782453	-0.0318811243221014	-0.0118736531770114	-0.00554156043503409	-0.0220987939542584	-0.0100306400879491
0.052543163509597	0.0535352233355014	-0.0318455794604813	-0.0310811721518543	0.016804981651751	0.00154359051732308	0.0209507385098324	0.00519716196249866	0.00353506389305757	0.0293041218546476	-0.0391511130252317	-0.031885030289445	-0.0118274465332862	-0.00553820208542968	-0.0220696640432971	-0.0100158376451835
0.0525938377082452	0.053564953949595	-0.0318136807271756	-0.0311594675187132	0.0168333041059439	0.00156605681446872	0.0209646887923406	0.00521330271596345	0.00353441848643643	0.0292662831452528	-0.0391508867138191	-0.0319066192806207	-0.0118403853993577	-0.00556604956505293	-0.0220613016969027	-0.0100384548166042
0.0526010098242473	0.0535672086818169	-0.03181075544262	-0.0312007316329457	0.016827221637484	0.00156274596232128	0.0209600144837814	0.00520697437831454	0.00353615912853588	0.029275176345578	-0.0391408088710378	-0.0319051915629436	-0.011842019870671	-0.00555878804207302	-0.0220490780866537	-0.0100291369331344
0.0525956719482746	0.0535616249366552	-0.0318143945860141	-0.0312142502473891	0.0168078245142489	0.0015439746879309	0.0209538942967527	0.00519694263600619	0.00354061131663457	0.0292945147954839	-0.0391278630200461	-0.0318901669997176	-0.0118393558221288	-0.00555496170281907	-0.0220249787151788	-0.0100290880386934
0.0526066634186105	0.0535778690669381	-0.0318184234879522	-0.0311946310036935	0.0168138091938268	0.00155849773389074	0.0209558109588398	0.00521034809474326	0.00352321607151223	0.0293047016030194	-0.0391491251169592	-0.0318946429365448	-0.0118543594305944	-0.00556102461350258	-0.0220387529776994	-0.0100399565744348
0.0525969823192933	0.053579386191593	-0.0318453601339889	-0.0311404755208463	0.0167974672746619	0.00156113244576841	0.0209483426822236	0.00521271458568747	0.00350019098075521	0.0293265141116398	-0.0391573310011424	-0.0318802065035947	-0.0118733835590939	-0.00555483597425651	-0.0220341513123097	-0.0100369865863903
0.052576153287429	0.0535786960814829	-0.0318691619478657	-0.0310655496794641	0.0167779122922316	0.00155458617861106	0.0209365661068638	0.00520688357435269	0.00348034542564695	0.0293641125397816	-0.0391735555736489	-0.0318646692472302	-0.0118820532419745	-0.00553938812486984	-0.022048453634793	-0.0100324240365534
0.0525342870730802	0.0535578628586665	-0.0318930126561836	-0.0310121527589444	0.0167580848979157	0.00154363242684393	0.0209312226429549	0.0051980085348199	0.00349004468575653	0.0293857923349193	-0.0391770885462568	-0.0318535841789644	-0.0118601499293923	-0.00551880356521053	-0.0220680798634088	-0.0100160639565961
0.0525430699116671	0.0535936019010665	-0.0319173551028794	-0.0308739533199612	0.0167648337277572	0.00157583989362	0.0209327858680827	0.00522212467010315	0.00341876357570452	0.0294102213946249	-0.0392257720426645	-0.0318518868433698	-0.0119246361091299	-0.00553791570370385	-0.0220866779117796	-0.0100430439091377
0.052491617592915	0.0535679211436714	-0.0319591961715157	-0.0307832261922331	0.0167334309237815	0.00155554590663861	0.0209130730264572	0.00520426702326739	0.00341941317327776	0.0294583013939323	-0.0392319397271502	-0.0318276561553962	-0.0119114695346617	-0.00550794061740525	-0.02210496024176	-0.0100171815438189
0.052489654830355	0.0535725968492147	-0.0319609130648867	-0.0307273426401428	0.0167457509259285	0.00157302916175475	0.0209183745808452	0.0052153129759804	0.00340075365760966	0.0294527623522594	-0.0392517615335299	-0.0318325246447354	-0.0119230435473375	-0.00551631833062391	-0.0221310181848429	-0.0100253133878485
0.0524617933808915	0.0535515303300655	-0.0319714966158863	-0.0307077066326388	0.0167322839998941	0.00155571773567411	0.0209094003554464	0.00520408122439161	0.00341969676103553	0.0294540922810545	-0.0392361935435168	-0.0318227010530473	-0.0119077437782578	-0.00550434897146809	-0.0221272295641577	-0.0100111759094806
0.0524696835466842	0.0535577217632797	-0.0319589572872469	-0.0307022081035028	0.0167494724913803	0.00156342908751119	0.0209149212363268	0.00520814924188247	0.00341270066502102	0.0294308017633321	-0.0392399262848409	-0.0318340333874862	-0.011913644638794	-0.0055144966634508	-0.0221267601775241	-0.0100168532525722
0.0524589533123616	0.0535386543282752	-0.031945413527091	-0.0307324737624793	0.0167467441815727	0.00154024893152701	0.0209155233364431	0.00519212164412399	0.00344160007361771	0.0294184398516643	-0.0392172630129472	-0.0318303690983795	-0.0118909590151559	-0.00551454276392374	-0.022108835475455	-0.0100124290041541
0.0525022919478764	0.0535569366582557	-0.0319075734207122	-0.0308129861429913	0.0167854113024963	0.00156423095634352	0.0209398853409154	0.00521608131719605	0.00345375802561736	0.0293704716110792	-0.0392200807297326	-0.0318608135713117	-0.01188870288595	-0.00554565778918956	-0.0221122566893407	-0.010040995930552
0.0525024204704071	0.0535447493695914	-0.0318930503747523	-0.0308740566967793	0.0167852269006046	0.00155774336251537	0.0209414443750911	0.00521305824375847	0.00347938988857148	0.0293481589821767	-0.0391995674162587	-0.0318725091215979	-0.0118681895724761	-0.00553471102234257	-0.0221113011522652	-0.010018806236244
0.0525529857043011	0.0535648044723039	-0.0318517834665517	-0.0309813171304842	0.0168192518436017	0.00156733784882281	0.020950569474765	0.00521766829105237	0.00348344114225401	0.0293149275261077	-0.0391909564067073	-0.0318878368303581	-0.0118768564613886	-0.00555569372244999	-0.0220981750903338	-0.0100283671949348
0.0525784918386926	0.0535610074697146	-0.031818118945434	-0.0311298416784217	0.0168301399371195	0.00156119391306566	0.0209589541729038	0.00521127848610621	0.0035326401257682	0.0292793910463918	-0.0391563978158114	-0.0319014909522523	-0.011839906233836	-0.00555770258548291	-0.0220829954618806	-0.0100266433166436
0.0525834455440576	0.0535544276749405	-0.0318126287982021	-0.0311920773168894	0.0168168322672644	0.00154115836812953	0.02095749292761	0.00519846255462915	0.00354946260743888	0.0292791144435542	-0.0391212469036873	-0.0318883341566723	-0.0118396016913178	-0.00556636109249128	-0.0220305890030371	-0.010029557425327
0.0526094098892105	0.053574088828157	-0.0318101114329829	-0.0312097212251688	0.0168239540918415	0.00154937542818492	0.0209619325428525	0.00520641139375107	0.0035353502747834	0.0292773402738381	-0.0391334593380641	-0.031893572846779	-0.0118557480327187	-0.00557271736982076	-0.0220236683441601	-0.0100388641329246
0.0526086666937073	0.0535764078216443	-0.0318175378000781	-0.031214197161996	0.0168129737973778	0.0015419714128341	0.0209531427193454	0.00520215897436845	0.00353876450374895	0.0292902316424527	-0.0391303580335209	-0.031886112952067	-0.0118533619839981	-0.00556635271058711	-0.022019292990183	-0.0100371039330487
0.0526066145241695	0.05358159761731	-0.0318298270685765	-0.0311812241479724	0.0168018915230801	0.00154778705734456	0.0209452343927603	0.00520281136590974	0.00352305541834896	0.029310374755159	-0.0391426920055082	-0.0318844100285363	-0.0118637066507288	-0.00555693843521934	-0.022024988494067	-0.0100355798234737
0.0526167398644078	0.0536047093210768	-0.031838298379725	-0.0311176781384859	0.0168124638982074	0.00158104645309406	0.0209524540062194	0.00522637010456563	0.00348615268825325	0.0293152027319613	-0.0391803770466598	-0.031894557720519	-0.0118896793777858	-0.00556304046145564	-0.0220633440875523	-0.010048163855602
0.0525861221654561	0.0535905201542998	-0.0318663679798088	-0.0310747138946907	0.0167915915598382	0.00156345982115982	0.0209388012813093	0.00521227034476642	0.00348193239950328	0.0293648054438597	-0.0391803058004744	-0.0318685808025099	-0.0118873729571549	-0.00554318792142724	-0.0220705148065704	-0.0100384590075563
0.0525417777014408	0.0535728636731641	-0.031905750356555	-0.0309826903657842	0.0167583335610728	0.00155105599997115	0.0209271574194321	0.00520223580849001	0.00347795518597426	0.0293865550881988	-0.0391773092697333	-0.0318516144314843	-0.0118835941153579	-0.00552908257369191	-0.02206666890954	-0.0100212244155972
0.0525245654612262	0.0535839710931744	-0.0319449120098248	-0.0308383889005648	0.0167444293790375	0.00155820716121282	0.0209193552636332	0.00520938696973168	0.00342062156446237	0.0294312571801254	-0.0392130287543569	-0.031829264084013	-0.0119303553617424	-0.00553029096487653	-0.0220725264635714	-0.0100330275336537
0.0524779564861007	0.0535572328188697	-0.0319743101417196	-0.0307542178188822	0.0167241507588805	0.00154166128237978	0.0209107889575707	0.00519628325954476	0.00342285115097179	0.0294627004966379	-0.039225797188377	-0.0318145175206086	-0.0119119878157363	-0.00550600020658972	-0.0220958672727188	-0.0100109272463235
0.0524950877012417	0.0535724417839875	-0.0319568883539007	-0.0307148689697527	0.0167586269277187	0.00157256117210522	0.0209270484546779	0.00522065643988924	0.00339986098481548	0.0294387268537255	-0.0392598291162943	-0.0318363453960532	-0.0119272666300555	-0.0055275598611009	-0.0221311285465811	-0.0100311234444229
0.0524458314413823	0.053528527591053	-0.0319841281454716	-0.0307005568683811	0.0167228934732549	0.00153436902575124	0.0209070059248216	0.00518811928488246	0.0034309368945285	0.0294554976469872	-0.0392212206686998	-0.0318102315736093	-0.0119017563047119	-0.0054963721926656	-0.0220999855816347	-0.00999892994748711
0.0525178166313847	0.053582430219791	-0.0319308513655783	-0.0307236336475472	0.0167974491138696	0.0016047448901528	0.0209465363818748	0.00524807923636785	0.00339887471409138	0.0293857280736539	-0.0392733323639133	-0.031871239263116	-0.011928074086824	-0.00554837212915685	-0.0221569923088839	-0.0100491640961664
0.0524822242723077	0.0535417193112337	-0.0319302786021267	-0.0307849305127478	0.0167690093130182	0.0015614411792387	0.0209302782817517	0.0052144538308029	0.00344866601883364	0.0293984154826004	-0.0392214846986812	-0.0318525615866556	-0.0118924537880664	-0.00552053023746971	-0.0221296198038304	-0.0100143484602092
0.0524857963604684	0.0535286840532642	-0.0319214315022745	-0.0308391823874929	0.0167666358371539	0.00154393557237811	0.0209309222913888	0.00519996570944377	0.00347005244732528	0.0293767300995267	-0.039190598778796	-0.0318476930973164	-0.0118817961969133	-0.00552659175116918	-0.0220846075814495	-0.0100108210755373
0.052538204216296	0.0535587178128919	-0.031881004181475	-0.030898980288831	0.0168115335068445	0.00157897612276389	0.0209528870712682	0.00522642318995871	0.00346405519489111	0.0293327348815185	-0.0392138292262053	-0.0318846028123323	-0.0118854018126907	-0.0055532643672245	-0.0221118166393717	-0.0100346326683024
0.0525512380772815	0.0535404368798955	-0.0318475184743128	-0.03104149221751	0.0168204993503391	0.00155993523045602	0.0209547450600261	0.00521533951867694	0.00351551170459529	0.0293011323088267	-0.0391675359694703	-0.0318872375242099	-0.0118526090096067	-0.00555107110229983	-0.0220852376212463	-0.0100261362114413
0.0525730785255824	0.0535433454006428	-0.0318197548137313	-0.0311366407996882	0.0168243019408646	0.0015537242394655	0.0209631074064204	0.00521071550154275	0.00353898383024142	0.029273262477459	-0.0391435497537017	-0.0318962871867463	-0.0118423244131892	-0.00555781853515727	-0.022058859768821	-0.0100252840511839
0.0526126704499329	0.0535682969323751	-0.031800592383813	-0.0311878863648041	0.0168405362922593	0.00156969036992673	0.0209842591415953	0.00522914032389406	0.00353029598656845	0.0292499789446567	-0.0391497342019956	-0.0319126863822563	-0.0118573154487986	-0.0055819290825044	-0.0220500461965854	-0.010044678380451
0.0525936616882577	0.0535507857375784	-0.0318183941512876	-0.0312189203649962	0.0168145090828251	0.00154066802673555	0.0209623670048853	0.00520335898364889	0.00355082746083468	0.0292815521806839	-0.0391255817451276	-0.0318911714312341	-0.0118367392710435	-0.00555681550062484	-0.0220290900391746	-0.010021017661961
0.0526166015629889	0.0535769666152557	-0.0318096029307965	-0.0312103079584608	0.0168249990358948	0.00156550779974553	0.020965592641007	0.005220889736222	0.00352792390768813	0.0292805086336146	-0.039152106280876	-0.0319018485801636	-0.0118527361351533	-0.00557064424552253	-0.0220424046939498	-0.0100393391074942
0.0525960142093616	0.0535682703896785	-0.0318422602264297	-0.031169226849136	0.0167984884699867	0.00155214005957723	0.0209484251042813	0.00521138884784446	0.00351641136230962	0.0293158900481033	-0.0391450668783566	-0.031879632343159	-0.0118617676368973	-0.00555484295917666	-0.02202778805006	-0.0100264435479276
0.0525849207591916	0.0535751477420506	-0.0318600368481918	-0.031088521684828	0.0167890490489064	0.00155649166482588	0.0209437019012811	0.00521303589201401	0.00348629657760818	0.0293408946652287	-0.0391666209449316	-0.031868686973296	-0.0118821147092718	-0.00555102779579494	-0.022043642421799	-0.0100288868729933
0.0525792322402277	0.0535802998191476	-0.0318754036725049	-0.0310448128485457	0.0167916083236466	0.0015651082623134	0.0209421931585304	0.00522156308252371	0.00347730000046492	0.0293596589546989	-0.0391933871589168	-0.03187006160558	-0.0118789742891758	-0.00554739563732095	-0.02207776235971	-0.010029166269799
0.0525308574772903	0.0535608482135353	-0.0319244266360315	-0.0309301092839371	0.0167453569764324	0.00155028346780341	0.0209226744976848	0.00520834761361451	0.00346531387750076	0.0294014734806387	-0.0391903305578626	-0.0318443179839036	-0.011885171310326	-0.00552449068719038	-0.0220741469650444	-0.0100121621802047
0.0525060875534818	0.0535605534499053	-0.0319446591557156	-0.0308211934241585	0.0167479902913261	0.00156771363752647	0.0209231843968552	0.00522336379493639	0.00342880928785315	0.0294331864150687	-0.0392331830429355	-0.0318389577561865	-0.0119018051991529	-0.00551374368905946	-0.0221169994501173	-0.0100203471096274
0.0524939044557696	0.0535615355296773	-0.0319689121954336	-0.0307378004625798	0.0167441443942957	0.00156140904860604	0.0209166562904902	0.00521956260139496	0.00339919182946584	0.0294526310357608	-0.039240225239423	-0.0318216812547065	-0.0119354236197977	-0.00551660610933377	-0.0221054449952179	-0.0100229413089682
0.0524755494826197	0.0535470921118071	-0.0319662341770511	-0.030715966999199	0.0167516503894806	0.0015619860030098	0.0209206977652845	0.00521940194823169	0.00341595144685524	0.0294401992748915	-0.039245772663	-0.0318317437306635	-0.0119115114441826	-0.0055121399513948	-0.0221311536922936	-0.0100180057643957
0.0524867239578633	0.0535519410433699	-0.0319642686205231	-0.0306998751401752	0.0167596509170116	0.00156884659157355	0.0209247196823024	0.00522311094082724	0.00340291898285376	0.0294235234765438	-0.0392465340192955	-0.0318314098514807	-0.0119302883065091	-0.00552351838630658	-0.0221189286850606	-0.010026612582995
0.0524689990245103	0.0535287399326253	-0.0319613852454883	-0.0307331345359247	0.0167505984605072	0.00154948998087525	0.0209188635252551	0.00520645889120804	0.00343827944258206	0.0294188966654416	-0.0392237128882066	-0.0318329521218481	-0.0118950619572475	-0.00550945913904418	-0.0221163135309593	-0.0100083065042861
0.0524963030773464	0.0535406659852762	-0.0319248722739365	-0.030796623269066	0.0167802494465112	0.00156009728060332	0.0209326447726959	0.00521903314444818	0.00345219480048952	0.0293859627669707	-0.0392214427891604	-0.0318587781655822	-0.0118870921633651	-0.00552764088617455	-0.022124101716918	-0.0100266000101388
0.0525305263920756	0.0535598242242425	-0.0318946722732094	-0.0308679225399104	0.0168062920227697	0.00158196008064867	0.02094511984007	0.00523544211884643	0.00346116064398415	0.0293392280632827	-0.0392156285416339	-0.031880613025947	-0.0118882963635977	-0.00554931928432814	-0.0221246353648168	-0.0100384659924765
0.0525408445161098	0.0535556807696141	-0.0318806884630845	-0.0309425857482953	0.0168089434984557	0.00156800421020439	0.0209442620918765	0.00522032395769047	0.00347565854423148	0.0293338776144537	-0.0391942910075833	-0.0318776933293275	-0.0118826274024102	-0.00554438793070769	-0.0221022025952879	-0.0100231187259398
0.0525502182789407	0.0535397523577216	-0.0318554002582014	-0.0310719045598095	0.0168070072785923	0.00153911178652785	0.0209433093487691	0.00520314384810851	0.00353257446751886	0.0293006489523529	-0.0391447735117106	-0.0318772379125342	-0.0118409777205858	-0.00554509480462608	-0.0220587871256515	-0.0100215904254127
0.0525922255886764	0.0535565468997117	-0.0318182879805014	-0.0311608561208375	0.0168333683672092	0.00155832031691912	0.0209611544227486	0.00521882080287585	0.00354100945708268	0.0292608712291266	-0.039143714597817	-0.0319060632809774	-0.0118400305654145	-0.00556690172531029	-0.0220541072291562	-0.010032355584336
0.0526096403915751	0.0535676138071852	-0.0318078022183838	-0.0312085966530259	0.0168392273182246	0.00156525215166833	0.0209641523504737	0.00522796546032613	0.00354072167837282	0.0292561354532701	-0.0391414095741701	-0.0319137941905909	-0.0118412124139026	-0.00557065402441073	-0.0220506846182864	-0.0100365549183255
0.0526126467012044	0.0535687872737691	-0.0318118143565135	-0.0312346252594441	0.0168255815782346	0.00155377453089053	0.0209568992093979	0.00521342565055795	0.00354464440952473	0.0292746985770403	-0.0391318094999265	-0.0318993214360561	-0.0118423858804865	-0.00556112100540054	-0.0220371282852743	-0.0100322522075179
0.0525971695151531	0.0535616472883996	-0.0318303984350441	-0.0312099363607092	0.0168036447380358	0.00154296885943041	0.0209467864420159	0.00520655388612197	0.00354210888351308	0.0293027625891879	-0.0391313275404367	-0.0318816509850801	-0.0118446755373091	-0.00555261476965127	-0.022026655096013	-0.0100263834776143
0.0526012626783565	0.0535779445040756	-0.0318467124145284	-0.0311533613015248	0.0168013900058138	0.00155904255766184	0.0209459622214392	0.00521648085462819	0.00351090864222153	0.0293193503775418	-0.0391552187612914	-0.0318795918306222	-0.0118683879442081	-0.00555690351061863	-0.0220379175812504	-0.0100342484976946
0.052586120768472	0.0535826732950119	-0.0318666599494708	-0.0310719660271068	0.016786717482563	0.00155838457818443	0.0209343295354342	0.00521349829372743	0.00348003110424055	0.0293542987269817	-0.0391725064386435	-0.0318635754087359	-0.0118943928018979	-0.00554915723418084	-0.022043448241019	-0.0100343476835606
0.0525758361720546	0.0535842574749002	-0.0318791797203338	-0.0310091157156665	0.0167851724182275	0.00156763540642087	0.0209305940001421	0.00521966458122904	0.00346697489151059	0.0293641530523185	-0.0391907482560871	-0.031865343990516	-0.0118975471918341	-0.00554775186824821	-0.0220671438841097	-0.0100374573700079
0.0525314023010614	0.0535714289705669	-0.0319309226117638	-0.0308775295990741	0.0167460582624147	0.00155465043987637	0.0209077295625483	0.00520998767286392	0.00344022125038162	0.0294166363452835	-0.0392015203999305	-0.0318343407239724	-0.0119145107688917	-0.00552671747973174	-0.022066226065603	-0.0100263471560296
0.0525187554046518	0.0535781610366	-0.0319526890199112	-0.0307821728662757	0.0167515162790139	0.0015750841252606	0.0209089630994455	0.00522818618380263	0.00340879888862954	0.0294351924841335	-0.0392400282646749	-0.0318360129138545	-0.0119271800170457	-0.0055247910387565	-0.0221113947501951	-0.0100303886308239
0.0525149807538069	0.0535813824817696	-0.0319568883539007	-0.0307377348043304	0.0167645501399994	0.00159073314034738	0.0209124080620596	0.00523940955348725	0.00339396012427927	0.0294348152984459	-0.039259225619194	-0.0318426709397341	-0.0119356932377152	-0.0055263081634114	-0.0221406280379746	-0.010033090397935
0.0524713697064066	0.0535454827862063	-0.0319733643835323	-0.030714983522443	0.0167366300172067	0.00155872264831932	0.0208980777998957	0.00521336697722876	0.0034204217957463	0.029443708498771	-0.0392291429651252	-0.0318239876753375	-0.01191305371455	-0.00550252870127901	-0.0221213636282222	-0.0100093556392915
0.0524785977017698	0.0535488215780343	-0.0319592744026213	-0.0307085378381357	0.0167516811231293	0.00156787289370571	0.0209078538941269	0.00521956679234705	0.00341443991013645	0.029422549778676	-0.039235907161791	-0.0318338364127381	-0.0119185438617818	-0.00551452320614734	-0.0221225622405186	-0.0100181985481916
0.0524967445242994	0.0535586311998822	-0.0319343326497773	-0.030735943870806	0.0167725548584825	0.00158163877432212	0.0209213962572987	0.00522944346942824	0.00341425830221275	0.0293904498796701	-0.0392383015924158	-0.0318524805615819	-0.0119194183737836	-0.0055292781514559	-0.0221329809474028	-0.0100223811183728
0.0525039012734772	0.0535463195796394	-0.0319170729121057	-0.0308199598872614	0.016786573593208	0.00157377515122594	0.0209342527013126	0.00523112404121447	0.0034454878801689	0.0293727291372692	-0.0392188290320431	-0.0318601877224669	-0.0118999681651554	-0.0055361359460516	-0.0221147824364641	-0.0100272272559675
0.0525096722144988	0.0535409817036666	-0.0319031212326135	-0.0308818700284505	0.0167880082958052	0.00156738674326381	0.0209380343370777	0.00522972007226587	0.00346840260918767	0.0293461347523194	-0.0391972330559472	-0.0318668890548514	-0.0118821049303836	-0.00553606469986614	-0.022102551841295	-0.0100185058846779
0.0525346041884546	0.0535382198662424	-0.0318660746131628	-0.0309963458846624	0.0168036419440677	0.00155689120225801	0.0209438108660353	0.0052191127725378	0.00349858724309053	0.0293246421530416	-0.0391787607361389	-0.0318764458225901	-0.011859005799473	-0.00553531731341092	-0.0220927072948465	-0.0100148527714435
0.0525877273001048	0.0535615481025336	-0.0318216686818503	-0.0311078210191811	0.0168392412880649	0.00158033119727149	0.0209643898377585	0.00523517669188102	0.00351404766533347	0.0292660512459041	-0.0391663848546308	-0.0319091757613928	-0.0118584316390373	-0.00556679555452413	-0.0220857852389855	-0.0100324505792499
0.0526183966874655	0.053572860879196	-0.0318077183993421	-0.0311906761419089	0.0168455472739693	0.00158612309305347	0.0209658007916273	0.00523846519228401	0.00352855674145302	0.0292487984931527	-0.0391508923017552	-0.0319188289210294	-0.0118541596618783	-0.00557376650482613	-0.0220718573082217	-0.0100366499132395
0.0525808527417007	0.0535358310235537	-0.0318297725861994	-0.0312219615992262	0.0167946816885092	0.00153579394946026	0.0209366387500332	0.00519394750224918	0.00356363361342354	0.0292949841821175	-0.0391089981477258	-0.0318789240722566	-0.0118266823830226	-0.00553933783344481	-0.0220293373053476	-0.0100013495238244
0.0526301662779053	0.053581747094601	-0.0318094492625534	-0.0312158539850538	0.0168293548320955	0.00157583151171583	0.0209552186376117	0.00522964882608042	0.00352573064276345	0.0292684582493851	-0.0391494939207427	-0.031904421824744	-0.0118592879902468	-0.0055753409058262	-0.0220437262408407	-0.0100385819421508
0.0526108571646639	0.0535738150192875	-0.0318367603003097	-0.031194460571642	0.0168022449600393	0.00155969634618715	0.0209375412017156	0.00521389364020748	0.00352539816056468	0.0293030838955145	-0.0391388963999029	-0.0318849730130998	-0.0118594863619788	-0.00555439452730352	-0.0220336428101233	-0.0100239164038201
0.0526155468400475	0.0535913792994773	-0.031847135700689	-0.031134964418854	0.0168084545540457	0.00158519549565858	0.0209463883015678	0.00523456481287656	0.00349293923666349	0.0293123556785113	-0.0391725846697491	-0.0318894252011985	-0.0118821999252975	-0.00556376409918238	-0.0220583903821874	-0.0100383598216903
0.0525578835303049	0.0535593757923693	-0.031888124609068	-0.0310550080379853	0.0167629505932868	0.00154503360182447	0.0209253595009875	0.00520287423019102	0.0034913788055037	0.0293734024835709	-0.0391645338507931	-0.0318555357656522	-0.0118750655278642	-0.00552728186127923	-0.0220466068219074	-0.0100061020634892
0.0525782753061682	0.0535944973678288	-0.0318908445369714	-0.0309704444037908	0.0167858681162737	0.00158391027035239	0.0209377717040803	0.00523433011955978	0.0034509961881931	0.0293587243723839	-0.039203754177392	-0.031870795022195	-0.0119089437875383	-0.00555758384184049	-0.0220723490465998	-0.0100496586285125
0.0525202473835942	0.053573103954417	-0.0319427033780758	-0.0308509324201563	0.0167468168247422	0.00156388031335238	0.0209191722587254	0.00521915049110657	0.00342502066716798	0.0294297330705503	-0.0392187549918896	-0.0318372701994801	-0.0119199659915228	-0.00552669652497131	-0.0220778727214483	-0.010022928736112
0.0524972488355337	0.0535694173135659	-0.0319646737458913	-0.0307499234899787	0.0167398221257117	0.00156361348940295	0.0209164467428859	0.00521917423983505	0.00340115040107374	0.0294512815491893	-0.0392411723945942	-0.0318280151802916	-0.0119323027574781	-0.00551956492150604	-0.022097004417718	-0.0100254977897403
0.0524998262710662	0.0535752804555333	-0.031965493775516	-0.0307113373941287	0.0167558106079174	0.00158139011116506	0.0209212593528639	0.00523006652430493	0.00338995916202177	0.0294388833159367	-0.0392598738197832	-0.031837954721654	-0.0119355591272484	-0.00552139077963124	-0.0221298768488916	-0.0100309893339562
0.0524833963419075	0.0535607057211644	-0.0319732735795705	-0.0307017945962303	0.0167488131149188	0.00157658308912314	0.0209107302842415	0.00522230907199491	0.00340030662272055	0.0294356409160067	-0.0392482076061616	-0.0318335304732359	-0.0119256587014388	-0.00550950104856504	-0.0221271736847965	-0.010019345472079
0.0524931221447137	0.0535639495180785	-0.0319502484888135	-0.0307350288462673	0.0167705641562419	0.0015938861332996	0.0209223559853263	0.00523806984580396	0.00341327342847269	0.029408262823017	-0.0392526081058512	-0.0318578687289797	-0.0119122448607975	-0.00551602496397793	-0.0221542612051083	-0.0100251988351582
0.0524835220704701	0.0535439111791743	-0.0319399331587473	-0.0307774189296268	0.0167623051866657	0.00156466122742429	0.0209144546436613	0.005211415390541	0.00344012904943574	0.0294064411558439	-0.0392204774731967	-0.0318479780820582	-0.0118965427603177	-0.00550993411361386	-0.0221246563195773	-0.0100098990660786
0.0525095897924411	0.0535472695287787	-0.031915519465866	-0.030852783423994	0.0167890434609703	0.00157358516139807	0.0209288994585156	0.00522478732166139	0.00345779251549155	0.0293644925194374	-0.0392087819229104	-0.0318691395961213	-0.0118837743262976	-0.00552613354040785	-0.022115218295481	-0.010024109187616
