0.0524486100426149	0.0535124636717097	-0.0321201538773064	-0.0308051783992563	0.0168222316105344	0.00171343583550284	0.0208978710462595	0.00532570125692501	0.00339156010571838	0.0294221334774355	-0.0391808017298045	-0.0317185600846779	-0.0117841791439568	-0.00553802885941015	-0.0222285458308215	-0.0101585591214668
0.0523952424587598	0.053485918181201	-0.0321647819290795	-0.0306925172252974	0.0167845325995424	0.00169091365899606	0.0208775393407094	0.0053086999612987	0.00337453645834761	0.0294770824472108	-0.0391777982141433	-0.0316782291557764	-0.0117948101924134	-0.00551942382611917	-0.0222188591435682	-0.0101480454196686
0.0523814849600476	0.053488566862919	-0.0321686376049981	-0.0306256519817593	0.0167897517318728	0.00169336117501392	0.0208777069787928	0.00531201919535031	0.00335858848867875	0.0294793064457841	-0.039196338986169	-0.0316745969973024	-0.0118054160951574	-0.00552182663864811	-0.0222340471539256	-0.0101542703804994
0.0523691244453638	0.0534829789268051	-0.0321777124132469	-0.0305874081469963	0.0167869354120714	0.0016890696400785	0.0208718955252344	0.00530010571555563	0.00336122599452448	0.0294723550532585	-0.03918932053841	-0.0316725406368125	-0.0118047455428237	-0.00552535821427205	-0.0222232065578647	-0.0101533986624657
0.0523826975421843	0.0534861584624539	-0.032149342461597	-0.0306118553674943	0.0168129584305535	0.00170481085611115	0.0208900283779238	0.00531631631822184	0.00336076219582703	0.0294482207571829	-0.0392017425203911	-0.0316949762003095	-0.0117965145129281	-0.00553322044038421	-0.0222554321854332	-0.0101588692519211
0.0523926678171954	0.0534846846443039	-0.032130833820204	-0.0306737235991625	0.0168240462927873	0.00170085599432659	0.0208912591208528	0.0053143507616938	0.00338830094197999	0.0294204836392979	-0.0391811328150192	-0.0317071788557981	-0.0117837279181156	-0.00553623652890164	-0.022246981829045	-0.0101568338461916
0.0524038087648223	0.0534776759754331	-0.032114730785308	-0.0307474298734879	0.0168311639264123	0.00169474139523403	0.02089377229512	0.00531091837193589	0.00341654097411525	0.0293906314875938	-0.0391553738265185	-0.0317155956845696	-0.0117607405459274	-0.00554188174136064	-0.022230141186582	-0.0101533595469129
0.0524215770046803	0.0534764228807596	-0.0320926039552813	-0.0308217508207859	0.0168452664801796	0.00169451648080545	0.0209075842762094	0.00531581200698757	0.00342782720808115	0.0293742462619241	-0.0391475074094543	-0.0317229284537349	-0.0117544834544639	-0.00554382774011228	-0.0222230794323181	-0.0101570713334765
0.0524546086920331	0.0534761728206185	-0.0320523303027249	-0.0309490928998998	0.0168663399842489	0.0016929923712304	0.0209181301086402	0.00531310325495639	0.00346751971528169	0.0293263646343487	-0.0391202424721709	-0.0317415739995627	-0.0117291184154592	-0.00555907582078288	-0.0222046210823501	-0.0101591765884073
0.0524973759610803	0.0534953366475209	-0.0320213647547501	-0.0310438112109973	0.0168836933198504	0.00170225437533907	0.0209240840545695	0.00532055476776418	0.00347845810022451	0.0292919960332806	-0.0391046549243814	-0.0317584858882112	-0.011728126556799	-0.00557719470363197	-0.0221886312031604	-0.0101714840176981
0.0525079539241438	0.0534996561221368	-0.0320147206987108	-0.0311058093621802	0.016878915634473	0.00169711906205047	0.0209170935464911	0.00531191023059609	0.00349665800814724	0.0292938121125176	-0.0390910147723275	-0.0317607378264651	-0.0117159169163903	-0.0055700142057257	-0.0221797296209311	-0.0101651752378255
0.0525213062974878	0.0535092981059012	-0.0320157404970515	-0.0311170662594815	0.0168714808854736	0.00168917022292855	0.020909971721914	0.00530436372287437	0.00348701043644671	0.0293078573899397	-0.0390822221548524	-0.0317449714647199	-0.0117333652469057	-0.00557841007973672	-0.022152675628236	-0.0101760074519822
0.0525464450250799	0.0535324251764924	-0.032010852449936	-0.0311161568228789	0.0168860472379383	0.00171542653774339	0.0209168267225417	0.0053255238399534	0.00347336888740884	0.0293030894834506	-0.0391069501691401	-0.031764022135916	-0.0117413741563409	-0.00558771539035027	-0.0221806222937253	-0.010191459492321
0.0525037280474577	0.0535051979577777	-0.0320524741920798	-0.0310798603838516	0.0168450066411503	0.00168133733348099	0.020898875477776	0.00529925774625036	0.00347832818070986	0.0293510535330836	-0.039086769337865	-0.031729066801556	-0.01173681719444	-0.00555664925952545	-0.0221574910321821	-0.0101636567161866
0.0524951477715549	0.0535152143332618	-0.0320593780871484	-0.0310018947052234	0.0168420366531058	0.00169667342414539	0.0209030803997016	0.00531083874384626	0.00344909489293037	0.0293676860249264	-0.0391246527507487	-0.0317307180366776	-0.0117551204791809	-0.00555485832600097	-0.0221849361804052	-0.0101682136780874
0.052476348557484	0.0535103402559865	-0.0320807924553207	-0.0309373219124761	0.0168292947617823	0.00169307339630406	0.0208930877729461	0.00530969740789502	0.00343103328642646	0.0293942161486108	-0.0391350477089045	-0.0317119216165747	-0.0117749702252412	-0.00555063524328295	-0.0221801990075647	-0.0101662034180705
0.0524256701678837	0.0534930330208579	-0.0321293250774533	-0.0308097004365564	0.0167866853519303	0.00167914127458826	0.0208730089215051	0.00530112970484849	0.00341247435360841	0.0294406113851799	-0.0391405308712162	-0.0316890627669171	-0.0117808780706976	-0.00552788815234759	-0.0221827317396083	-0.0101516370656058
0.0524519111158742	0.0535364624603346	-0.0321354718071785	-0.0306920408537437	0.0168226269570144	0.00173222666766961	0.0208827319303431	0.00534089345823448	0.00334445799523091	0.0294398737776129	-0.0392037639562802	-0.0317051783746694	-0.0118354163271685	-0.00555730304805077	-0.0222312573768207	-0.0101907526184026
0.0523948373333916	0.0534980523844722	-0.032173345441174	-0.0306265376696334	0.0167808641194837	0.0016885639318602	0.0208544918982079	0.00530149990561603	0.00336559296659743	0.0294833828451792	-0.0391814890459465	-0.0316683748304397	-0.0118090957510883	-0.00552009717242088	-0.0222297919405749	-0.0101585535335307
0.0523878761619778	0.0534931699252927	-0.0321706506589831	-0.030592796314394	0.0167901303145445	0.00169552789724205	0.0208601594624113	0.00530627340004127	0.00337181932441226	0.0294701631853179	-0.0391914006476284	-0.031679091094922	-0.0118033611316515	-0.00552502433508925	-0.0222502312138952	-0.0101625642746764
0.0524024746450752	0.0535024486932097	-0.0321547334229628	-0.0306058916426768	0.016817156367559	0.00171788243566542	0.020881597579312	0.00532699626111939	0.00335959571416327	0.0294440814935066	-0.0392071558335013	-0.0316996072023639	-0.0118092368464752	-0.00553288935516946	-0.0222739436207943	-0.0101687752656669
0.0523770271840128	0.053472910862912	-0.0321580750087589	-0.0306332837055068	0.0168024824473241	0.00168722701814496	0.0208820334383289	0.00530369456752474	0.00338998291075026	0.0294456572914907	-0.0391756063462027	-0.0316875931397191	-0.0117857563389249	-0.00552214934195869	-0.0222452775085303	-0.0101532743308871
0.0524113175539753	0.0534891633750991	-0.032123225845185	-0.030699419723382	0.0168326153928179	0.0017016466872867	0.0208948661336143	0.00531722016688825	0.00339921697517836	0.0294091373350188	-0.0391759388284014	-0.0317128031134967	-0.0117807467541989	-0.00554514649303514	-0.0222485157175083	-0.0101693871446713
0.0524156412195434	0.0534801206974829	-0.0321084639149563	-0.030762061884202	0.0168341227385846	0.00169025707650269	0.0208945406363357	0.00530873628288344	0.00342477479797897	0.0293845601950062	-0.0391473858718438	-0.0317172636834995	-0.0117622297309017	-0.00554301329842369	-0.0222303563221224	-0.0101619789383684
0.0524618422753325	0.0535012654477376	-0.0320616817138114	-0.0308616389057504	0.0168732829948703	0.00171538043727045	0.0209126008458556	0.00533140095176112	0.00342517712937917	0.029349892639356	-0.0391545831335584	-0.0317415823814669	-0.0117669906524707	-0.0055660132434682	-0.0222410851594609	-0.0101772675315759
0.052468836974363	0.0534835167656561	-0.0320439581774423	-0.0309787857954247	0.0168690794699287	0.00169036743824093	0.0209161757279844	0.00531541805749155	0.00347367901786316	0.0293140613960101	-0.0391027508351506	-0.0317430142900961	-0.0117371524706069	-0.00556487470148501	-0.0221989758698912	-0.0101616227074412
0.0524908185180507	0.0534886897975135	-0.0320213731366543	-0.0310586164477308	0.0168761524000648	0.00169259003983021	0.0209243885970877	0.00531826650792557	0.00348911150042552	0.0292908700641537	-0.0390918781084571	-0.0317546497700691	-0.0117311971276935	-0.00557349269595656	-0.0221710487621783	-0.0101686313763119
0.0525219489101409	0.0535099630702988	-0.0320032291080927	-0.031102118530377	0.0168894908035685	0.00170959412942458	0.0209288310062982	0.00532997323408404	0.00348155102286351	0.0292818567232021	-0.0391011373185977	-0.0317673958523447	-0.0117358518784764	-0.00558451769390914	-0.0221793244955629	-0.0101796340225201
0.0524971929561726	0.0534922479158339	-0.0320254369631931	-0.0311118764638157	0.0168521508174718	0.00167026483807144	0.0209076960349317	0.00529466725673285	0.00349912927289358	0.0293162881885514	-0.0390698127457276	-0.0317372782736752	-0.0117231016052486	-0.00556101623159841	-0.0221439542569464	-0.0101571607404543
0.0525032474849519	0.0535073996046066	-0.032034268696221	-0.0310818832167248	0.0168560595787835	0.00167973918375244	0.0209133482323108	0.00530199583494613	0.00347733352808159	0.0293271706941331	-0.0390887027637604	-0.0317369457914765	-0.0117403375941917	-0.00556846215647008	-0.0221477791992163	-0.0101679147235053
0.0525142445432239	0.0535294160728951	-0.032045265754493	-0.0310377161696811	0.0168635250614315	0.00170732123641028	0.0209105319125094	0.00532159831483344	0.0034485221294787	0.029334971452948	-0.0391241302787221	-0.0317479652014929	-0.0117530110332979	-0.00556919976403711	-0.0221817091472994	-0.0101711333747069
0.0524915966381546	0.0535216767813774	-0.0320676677903733	-0.0309723876085743	0.0168465544994538	0.00169660916288008	0.0208995963215347	0.00531254027039292	0.00342956226224449	0.0293833797435021	-0.0391280697736823	-0.0317262001903296	-0.0117696686708532	-0.00555925882569061	-0.0221848886829482	-0.0101733741370886
0.0524846298788047	0.0535299092082571	-0.0320853410353173	-0.0309019502768755	0.0168404371063932	0.00170855197933936	0.0208966752279312	0.00532001273796114	0.0034113302236891	0.0293889299610472	-0.0391490063733168	-0.0317210523041847	-0.0117839891541289	-0.00556407981757281	-0.022195185852222	-0.0101798715098049
0.0524372525624636	0.053513064374842	-0.0321343500290036	-0.0307782696929001	0.0168023357640011	0.00168949432322315	0.0208749353624803	0.00530562659643609	0.00339070794546103	0.0294484163349469	-0.0391586986485062	-0.0316918525440219	-0.0117971235979645	-0.00553557296148813	-0.022203089987855	-0.0101628758021147
0.0524113217449274	0.0535083677145383	-0.032161465488996	-0.0306703135611491	0.0167890336820821	0.00168808336935441	0.0208664612573637	0.0053037909594227	0.003367682854704	0.0294787895616936	-0.0391810978904185	-0.0316752032883708	-0.0118085704850937	-0.00553115011005403	-0.0222218011919321	-0.0101639291280722
0.0524163913999666	0.0535203664103587	-0.0321657165113946	-0.0306040001263023	0.0167996242180019	0.0017016913907756	0.0208697204211021	0.00531165458251888	0.00334096832912783	0.0294735997660279	-0.039202179776392	-0.0316763697700345	-0.0118328486705242	-0.00554233017323377	-0.0222353281882797	-0.0101752433017186
0.0524007367969438	0.0535078857550485	-0.0321655460793431	-0.0305983311651148	0.0168068354495568	0.00170668979962942	0.0208718578066656	0.00531821761348457	0.00336170236607818	0.0294605826688507	-0.0392050715333309	-0.0316914208759571	-0.011805789089893	-0.00553288376723335	-0.0222671878060326	-0.0101682779393527
0.052396429895184	0.0534990861526532	-0.0321589676815531	-0.0306103941222005	0.0168090105536891	0.00170399222347047	0.0208697413758625	0.00531346367683573	0.00336533033360008	0.0294489890983986	-0.0391931734203605	-0.0316886869782134	-0.0118029881369159	-0.0055341284800027	-0.0222559602453959	-0.0101617442450517
0.0524000983752428	0.0534945962459858	-0.0321381330617527	-0.0306615544712906	0.0168227820222416	0.00170182689822637	0.020877030838523	0.00531317589812587	0.00339242344184797	0.0294301270200464	-0.039185392219322	-0.0317053362338646	-0.0117786219414916	-0.00553222578775595	-0.0222704190300905	-0.0101603779946718
0.0524064951651091	0.053484296282744	-0.0321289870073184	-0.0307237551851577	0.0168234120620384	0.00168506728083697	0.0208734140468733	0.00529804795808171	0.00341205246443182	0.0294139932515017	-0.0391510333971421	-0.0316999676242432	-0.0117743485673485	-0.00554053644574123	-0.0222211515943589	-0.010156998690307
0.0524095964696522	0.0534759311423816	-0.0321150898102033	-0.0307666537707035	0.0168239205642248	0.0016768362509413	0.0208760906682719	0.00528952635550813	0.00343102350753826	0.0293914124016657	-0.0391360409645487	-0.0317040188779257	-0.0117598478731332	-0.00553598227780847	-0.0222080143565553	-0.0101486894293057
0.0524728882280455	0.0535044659381468	-0.0320554860896452	-0.0308923460116799	0.0168786069010027	0.0017044993286728	0.0209036196355366	0.00531269673260411	0.00344002287864957	0.0293373127981797	-0.039144006567479	-0.0317404606032921	-0.011755765885802	-0.00556735015718343	-0.0222194221281316	-0.0101792749976248
0.0525038160574515	0.0535132431887976	-0.0320267487311958	-0.0310113089805912	0.0168921227214781	0.00170464880596385	0.0209105416913976	0.00531246623023942	0.0034678885190652	0.0292939657807607	-0.0391126764066728	-0.031758572501221	-0.0117417806786931	-0.00557585080499659	-0.0222022406215657	-0.0101695142702179
0.0524909037340765	0.0534866739495604	-0.0320191868566497	-0.031104821694472	0.0168780704591358	0.00168355574411818	0.0209112192286514	0.00530333135167734	0.00351326954522962	0.029299918329706	-0.0390803040957813	-0.031754005760432	-0.0117019205334092	-0.00556075639256912	-0.0221867885812269	-0.010159158427615
0.0525005415268888	0.0534970717016842	-0.0320251729332117	-0.0311081479134438	0.0168609532138351	0.00167368046402102	0.0209015004107655	0.00529535596985888	0.00349688990749596	0.0293133559190757	-0.0390739967128929	-0.031735695490771	-0.0117272632206694	-0.00556560253016383	-0.0221418350321752	-0.0101616352802974
0.0525109378820286	0.0535097032312695	-0.0320208339008193	-0.031097013950737	0.0168600172345361	0.00168175223773744	0.0208999609343661	0.00529618577837178	0.00349463517527403	0.0293130010851325	-0.0390847674597523	-0.0317457956852967	-0.01172895915928	-0.00556933247751981	-0.0221558467819806	-0.0101636441433304
0.0525329431744448	0.0535359106516433	-0.0320257401087272	-0.0310799707455898	0.0168713607448471	0.00170221525978628	0.0209072811306752	0.00531669350390953	0.00346518675195416	0.0293235175808987	-0.0391068621591463	-0.0317459856751246	-0.011756798256999	-0.00558595099952233	-0.0221607529898886	-0.0101930478631613
0.0524829004125774	0.0535066997156083	-0.0320636905768443	-0.0310176959915693	0.0168287611138834	0.00167289256502897	0.0208880167209228	0.00529780907381285	0.00347008457795793	0.0293652957852537	-0.0390990809581078	-0.0317200325058439	-0.0117413951111013	-0.00554991719349232	-0.0221624265767546	-0.0101582210513319
0.0524840207937683	0.0535217675853393	-0.0320832455592746	-0.0309410043623751	0.0168272886927174	0.00168203722247925	0.0208842420700779	0.00530138814689375	0.00343237997902989	0.029395696951681	-0.0391245815045633	-0.0317082726942924	-0.0117747187681161	-0.00555729047519452	-0.0221668270764443	-0.0101728810017265
0.0524863789028083	0.0535407777439985	-0.0320923315433957	-0.0308703840257685	0.0168393251071066	0.00171848174181363	0.0208949150280553	0.00533392111094845	0.00340876536101286	0.0293866556710488	-0.0391638646954435	-0.031731574387887	-0.0117806084527801	-0.00556248725578037	-0.022222583502988	-0.0101853868027493
0.0524256240674107	0.0535121870688721	-0.0321513876462147	-0.0307355387454377	0.0167886062049694	0.00168678417420794	0.0208665925738624	0.00530913023237946	0.00338232045335417	0.0294616653314728	-0.039163152233589	-0.031681598681253	-0.0118045946685487	-0.00553189051158912	-0.0222063365787371	-0.0101584110411598
0.05241911132787	0.0535212534952168	-0.0321591073799559	-0.0306535832804243	0.0168003548406487	0.00170604299602425	0.0208708757268936	0.00532023066746958	0.00335736752463788	0.0294685636386053	-0.0391958835693757	-0.0316843563277252	-0.0118144154662687	-0.00553665981506227	-0.0222438958913262	-0.010175898487228
0.0524012201534176	0.053509531402234	-0.0321741151793736	-0.0306033910412659	0.0167925443029456	0.00169306920535197	0.0208672449654037	0.00531130254254371	0.00335398263233693	0.0294739629818753	-0.0391926970488068	-0.0316740619524195	-0.0118212648789602	-0.00553568611719443	-0.0222361719666328	-0.0101654700014555
0.0523810532919828	0.053492203212345	-0.0321752830580214	-0.0305971828442434	0.0167906388167308	0.00169000142842548	0.0208697204211021	0.00530861474527296	0.00337038322483101	0.0294657319519796	-0.0391899533721749	-0.0316792307933248	-0.0117979799491739	-0.00552453818464735	-0.0222505720779982	-0.0101536068130859
0.0524100937959664	0.0535102243063121	-0.0321502435162954	-0.0306156174454829	0.0168216462742265	0.00171837138007538	0.0208857969133016	0.00533030152533072	0.00336102343184035	0.0294317181848548	-0.0392011460082109	-0.0317029851097447	-0.0118110054282553	-0.00554730902431119	-0.0222695207693602	-0.0101713485102473
0.0523815645881372	0.0534744754850239	-0.0321429875812516	-0.0306682641855793	0.0168001131624118	0.00167768282326255	0.0208746126591698	0.0052978607622219	0.00340283516381206	0.0294354425442746	-0.039159915421595	-0.0316886883751975	-0.0117782461527879	-0.0055219928797475	-0.0222405389387058	-0.0101439536534493
0.0524131951005095	0.0534868387936758	-0.0321151121619477	-0.0307315615319087	0.0168235182328246	0.00169261658252675	0.0208868865608438	0.00531038053308493	0.00341401383000777	0.0293913229946879	-0.0391564257554919	-0.0317090256686837	-0.0117742423965624	-0.00554644289421355	-0.0222256051794416	-0.0101603570399114
0.0524643009672226	0.0535187892153906	-0.0320802783651982	-0.0308081958847577	0.0168604754452974	0.0017254610740198	0.0209040848312181	0.00533879937917582	0.00340834626580432	0.0293548323748806	-0.039166541316842	-0.0317403530355219	-0.0117859449317688	-0.00556681790626859	-0.0222461143019634	-0.0101808438106887
0.0524453341150682	0.0534727096972119	-0.0320620295628345	-0.0309424306830681	0.0168428496978104	0.00167649818080642	0.0208959362233801	0.00529886659072239	0.00347963575776049	0.0293409393687176	-0.0391037678395233	-0.0317259487332045	-0.011727977079508	-0.00554110362125679	-0.0222050443685108	-0.0101444677435717
0.0524921121252611	0.0534969347972494	-0.0320247286922906	-0.0310318865553303	0.0168724392165171	0.0016930119290068	0.0209111535704021	0.00531082058305389	0.00348327490115462	0.0292973939795666	-0.0390957477542159	-0.0317476564680226	-0.0117364749333531	-0.0055709026875678	-0.0221838591057192	-0.010165884905712
0.0524947552190429	0.0534921347601276	-0.0320131672524711	-0.0310859274854872	0.0168696508363963	0.00168586495871722	0.0209114050275272	0.005310580301801	0.00350583339924614	0.0292917892796444	-0.0390835604655517	-0.0317547140313344	-0.0117205101998759	-0.00556743257924111	-0.0221771256427021	-0.0101595761258395
0.0525235931603424	0.0535120320036449	-0.0320077315876164	-0.031109973771569	0.0168739689140283	0.00169063007123828	0.0209113868667348	0.00531239498405396	0.00348350819748737	0.0293008235753564	-0.0390840927164665	-0.0317449197763109	-0.0117471939918034	-0.00558276168498537	-0.0221532721404162	-0.0101783921037188
0.0525315629542247	0.0535231757452399	-0.032012770509007	-0.0311099835504572	0.0168773118968084	0.00170179616457774	0.020914685146026	0.005322018807026	0.0034793856976194	0.029306938174449	-0.0391009333589296	-0.0317544737500815	-0.0117462202939356	-0.00558134095222843	-0.0221711856666131	-0.0101799665047188
0.0525011059084363	0.0535073590920698	-0.0320442110315515	-0.0310725359965904	0.0168442844004076	0.00168148681077204	0.0208971027050439	0.00530369875847682	0.00347715890507804	0.0293428881614373	-0.0390907996367871	-0.0317302584289322	-0.0117429709090854	-0.00555884671540222	-0.0221585932525806	-0.0101568687707923
0.052510372103497	0.0535311986245154	-0.0320569389530348	-0.0309920347919506	0.0168508460343893	0.00170255472690519	0.0209014962198134	0.00532201741004197	0.00343166332622329	0.0293560882635222	-0.0391279803667045	-0.0317300446903759	-0.0117789669965466	-0.00557130641595202	-0.022172215243842	-0.0101767492505013
0.0524803886352943	0.0535163919907978	-0.0320796134008006	-0.0309436306923486	0.0168370005256832	0.0016939395264017	0.0208913834524314	0.00531481036943917	0.00342680321878829	0.029387594444316	-0.0391333098607731	-0.0317177163063248	-0.0117737911707212	-0.0055531218748536	-0.022183356191469	-0.010163772665861
0.0524735322376826	0.0535353742097764	-0.0321127554498917	-0.0308131803237713	0.0168276854361815	0.00171028423953464	0.0208868069327541	0.00532757880345926	0.00338123359978003	0.0294061072766611	-0.0391596793312942	-0.0317108710845853	-0.0118185561269291	-0.00556527563590117	-0.0221887820774355	-0.0101795027060214
0.0524034399610388	0.0534963061544366	-0.0321585290285682	-0.0307100465808864	0.016781956560994	0.00167832403893161	0.0208617087176989	0.00530292762329311	0.00338123639374809	0.0294752216644849	-0.0391646833280842	-0.0316724232901541	-0.0118002472542521	-0.00552416798387981	-0.0222035537865524	-0.0101474698622489
0.0523938412837793	0.0535008784831617	-0.0321675912639608	-0.0306179448208743	0.0167875347182196	0.00168698673689207	0.0208657222528127	0.00530814815260746	0.00335194582962344	0.0294814033188109	-0.0391913587381075	-0.0316714719440308	-0.011823905178774	-0.00553137502448262	-0.0222129065946229	-0.0101599072110542
0.0523921732848493	0.0535022279697332	-0.0321646324517885	-0.0305896391304897	0.0168014235334305	0.00169714281077895	0.0208769735621778	0.00531790189509414	0.00334927200219297	0.0294616974621054	-0.0392037779261205	-0.0316829523587766	-0.0118207228491572	-0.00553818392463731	-0.0222367922275415	-0.0101621116518511
0.0524051526634577	0.0535119439936512	-0.0321512954452688	-0.0305937364846452	0.0168262046331113	0.00171832527960244	0.0208902435134642	0.00533877143949526	0.003343677081159	0.0294361647850173	-0.0392166595158469	-0.0317004384078608	-0.0118252001829684	-0.00554894209864046	-0.0222607826342622	-0.0101734286194657
0.0523931707314456	0.0534935024074915	-0.0321471170660397	-0.0306429340711753	0.0168241245238929	0.00170285647545534	0.0208907562066026	0.00532290030394796	0.00337575043746834	0.029428832015852	-0.0391945550375646	-0.0317036137525575	-0.0117986477075395	-0.00553251496344984	-0.0222598676097235	-0.0101526428941063
0.0523976522562089	0.0534887750135392	-0.0321330466429051	-0.0306921637883382	0.016822213449742	0.00168317576446244	0.0208867887719618	0.00531070742734759	0.0033956993693947	0.0294186284445081	-0.0391635643438774	-0.0316972993847489	-0.0117959319705882	-0.00554164565105983	-0.02222523358169	-0.0101547551339573
0.0523965891513633	0.0534729374056086	-0.0321138590672742	-0.0307613997137725	0.0168240113681866	0.0016800562991269	0.0208902407194961	0.00530412344162147	0.00343274598884535	0.0293872116706922	-0.0391459190386139	-0.0317065879315541	-0.0117592876825378	-0.00553562325291315	-0.022220127605066	-0.0101451117532088
0.0524552345408779	0.0535029502104759	-0.0320753302477694	-0.0308293099013638	0.0168631213330473	0.00170018963294501	0.0209047861172004	0.00532184278703842	0.0034111486157654	0.0293587076085755	-0.0391492326847294	-0.031723424383065	-0.0117940725848463	-0.00557067637615519	-0.0222024306113935	-0.0101735040566032
0.052492601069671	0.0535059844597858	-0.0320269666607042	-0.0309764346713048	0.016897962114717	0.00171911597256255	0.0209253441341632	0.00533976329815546	0.00345951220283058	0.0292951336594085	-0.0391354695980811	-0.0317670605761779	-0.0117456419425478	-0.00558076260084064	-0.0222292806444205	-0.0101738002172172
0.0524906536739354	0.053486066261508	-0.0320258071639606	-0.0310701583297739	0.0168752499483824	0.00169014531778041	0.0209155512761237	0.00531624646902042	0.00349509338603537	0.0292973436881415	-0.0390879302315927	-0.0317527582536946	-0.0117231812333383	-0.00556927659815867	-0.0221815177604875	-0.0101557204499209
0.052493924013546	0.0534838604237271	-0.0320273200976634	-0.0311071434819273	0.016862024700585	0.00167817176767251	0.020909724455741	0.00530733510790289	0.00350596331876079	0.0293044585277985	-0.0390757415459444	-0.0317460680971823	-0.0117158875797257	-0.00556470985736965	-0.0221571920776	-0.0101513995783209
0.0525400161045809	0.0535249233722595	-0.0320028644952613	-0.0311207529003326	0.0168899448233777	0.0017109645707565	0.0209230041859155	0.00533295300101673	0.00347467367049142	0.0292877645686584	-0.0391045054470903	-0.0317639690505229	-0.0117503735274522	-0.00559088095615876	-0.0221702427023939	-0.0101806552178449
0.0524948446260207	0.0534938558444507	-0.0320446608604086	-0.0310909342762452	0.0168393642226594	0.00166706714163031	0.0208948423848858	0.00529669986849425	0.00348582858795864	0.0293396890680121	-0.0390726081107686	-0.0317208958419735	-0.0117441583455096	-0.00556059294543779	-0.0221268118659332	-0.0101515294978356
0.0525063194528305	0.0535163277295324	-0.0320578623594776	-0.0310298385767446	0.0168460781279001	0.00169450111398114	0.020898874080792	0.0053180765180977	0.00344991771652313	0.0293478781883869	-0.0391081390025483	-0.0317296716956403	-0.0117665464115496	-0.00557008405492712	-0.0221492222837177	-0.0101666085434387
0.0525151050853854	0.053540804286695	-0.0320621748491734	-0.0309789646093803	0.0168575012663008	0.0017205422932556	0.0209092690389477	0.00533696513914646	0.00342097360443754	0.0293625646814781	-0.0391500247746736	-0.0317423884412513	-0.0117880250409871	-0.00556532173637411	-0.0222021498176038	-0.0101746761262031
0.0524680951758439	0.0535121898628402	-0.0320961313399531	-0.0309166968402799	0.0168235224237767	0.00169568296246921	0.0208931492402433	0.00531764904098499	0.00342472450655395	0.0293979433019988	-0.0391327287154172	-0.0317108096172881	-0.0117863081476162	-0.00554874093294036	-0.0221830209153022	-0.010158520005914
0.0524573649415213	0.0535306733585207	-0.0321332589844774	-0.0307801961338754	0.0168107134772198	0.001711528952304	0.0208862858577115	0.00533072341450732	0.00337449873977884	0.0294346658211548	-0.0391706610227419	-0.0317022055926568	-0.0118271685334645	-0.00555169276019249	-0.022200881356106	-0.0101703901792038
0.052372864171608	0.0534782026384118	-0.0321793594574165	-0.0306850335818569	0.0167625342920463	0.00166858007533312	0.0208582902977813	0.00529794458126361	0.00339312891878234	0.0294987818001249	-0.0391672747334569	-0.0316631682709656	-0.0117875724181619	-0.0054994008540393	-0.022215510572852	-0.0101330068866023
0.0524128598243427	0.0535235850615603	-0.0321674599474621	-0.0306096774693939	0.0168078720117059	0.00171957278633985	0.0208785940636509	0.00533626385316418	0.00333316757031292	0.0294686823822477	-0.0392172225004104	-0.0316855563370057	-0.0118429069555291	-0.00554360422266773	-0.0222389938743703	-0.0101751762464853
0.0523855278318259	0.0534971247870773	-0.0321776258002372	-0.0306059852406067	0.016797080310086	0.00170672472423014	0.0208724738766222	0.00532247701778734	0.00336216197382354	0.0294696029947225	-0.0392021532336954	-0.0316846133727864	-0.0118138454967851	-0.00552366227566151	-0.022252087805669	-0.0101532002907336
0.0523827198939288	0.0534894441688888	-0.0321739070287534	-0.0306114530360941	0.016800173232725	0.00169911116127505	0.0208710740986257	0.00531725509148897	0.00336865236161975	0.029456915585776	-0.039189516116174	-0.0316813639879363	-0.0118101714287903	-0.00552262571351239	-0.0222470726330069	-0.0101492356500609
0.0523721559007056	0.0534727781494293	-0.0321540502977729	-0.0306512084075759	0.0168035790797864	0.0016841215226497	0.0208763351404768	0.00530631111861004	0.00339966261308343	0.0294407189529501	-0.0391791141730981	-0.0316879717223909	-0.0117775742034703	-0.00551718585770558	-0.0222477571551808	-0.010140800660497
0.0524296417934766	0.053503933687232	-0.0321223583181034	-0.030705458885337	0.0168411048647588	0.00170957736561624	0.0208870388321029	0.00532448029288414	0.00338667345558684	0.0293962808910049	-0.0391775746966988	-0.0317093427840582	-0.0118083777012977	-0.00556017105626119	-0.0222247823558488	-0.0101706653850574
0.0524294518036487	0.0534925007699431	-0.0321058739065676	-0.0307883950331384	0.0168451170028886	0.00170735336704294	0.0208918332812885	0.00532632431180171	0.00342935411162425	0.0293736721014884	-0.0391561952531273	-0.031727794149106	-0.01176509354816	-0.00554840286280547	-0.0222462735581426	-0.0101575784386788
0.0524705371039256	0.0535052887617396	-0.0320659061935134	-0.0308996815748133	0.0168746464512821	0.00171126771629068	0.0209011120492055	0.00532196851560098	0.00343742588534068	0.0293447517381313	-0.0391472294096326	-0.0317383413785209	-0.011767057707704	-0.00556214639167743	-0.0222296410662998	-0.0101569944993549
0.0524793506761611	0.0534882413656403	-0.0320461626182392	-0.0310082817162015	0.0168663832907538	0.00168644191312097	0.0208953075805673	0.0053004284188662	0.00348788075749645	0.0293175566500493	-0.039093689996742	-0.0317347581144879	-0.0117353112456574	-0.00556363697363579	-0.0221844612058355	-0.0101552887818562
0.052507914808591	0.0535015392566072	-0.0320267850527805	-0.0310817085937212	0.0168738250246733	0.00168932389117168	0.0209067055732555	0.0053062161236961	0.00349974813681819	0.029292655409742	-0.0390869858703895	-0.0317510092296909	-0.011726751924515	-0.00557188616432383	-0.022174963111426	-0.0101578382777081
0.0524939924657634	0.0534881086521576	-0.0320302244274586	-0.0311110759919674	0.0168542923939875	0.00167269698726499	0.0208980358903749	0.00529137735934583	0.00351110561696954	0.0293129312359311	-0.0390713815587916	-0.0317352708076263	-0.011719194240921	-0.00555842762019368	-0.0221517145032244	-0.0101452514516117
0.052519157736052	0.0535127374805793	-0.0320271203289473	-0.0311003946520859	0.0168636326292017	0.00168621699869239	0.020903688087754	0.00530460679809532	0.00349100860473616	0.0293102462326284	-0.0390845048267549	-0.0317406380202637	-0.0117446780235682	-0.00558308438829594	-0.0221446764976891	-0.0101661978301344
0.0525143912265469	0.053516844613623	-0.0320392852658671	-0.0310808424636236	0.0168558039307063	0.00168636787296746	0.0209025425608507	0.00530578585261534	0.00348264346437376	0.0293300889937686	-0.0390973179642639	-0.0317374026052538	-0.0117445271492931	-0.00557265171157142	-0.0221583166497429	-0.0101641247058361
0.052518766580524	0.053537268520119	-0.0320496173597416	-0.0310252369113549	0.0168634426393739	0.00171061392776536	0.0209049509613157	0.00532846728530136	0.00344949023941043	0.0293367218739357	-0.0391259784885917	-0.031741342100214	-0.011767152702618	-0.00557904989842176	-0.0221854572554478	-0.0101758873113557
0.0524996125325099	0.0535357499984801	-0.0320761027799371	-0.0309601919380059	0.016846903745461	0.0017026581037233	0.020891563663371	0.00531838804553604	0.00342789985125063	0.0293790574749181	-0.039133844905656	-0.0317199053802973	-0.0117874690413438	-0.00557077835598926	-0.0221834665532072	-0.0101700744608133
0.0524830876084372	0.0535366370833382	-0.0320972768668564	-0.0308808055266208	0.0168311611324443	0.00171277645904141	0.0208825712771799	0.00532314198218488	0.00341850513365926	0.0293890640715139	-0.0391480452483052	-0.0317193535716061	-0.0117919687268995	-0.00556551032921795	-0.0222033442389481	-0.0101706402393449
0.0524288958040054	0.0535169787240897	-0.0321500158078987	-0.0307505507358075	0.016791430906675	0.00169280517537059	0.0208568779469285	0.00530489178283712	0.00339189538188521	0.0294619642860549	-0.0391622274301621	-0.0316808750435263	-0.011805346245956	-0.00553713478963194	-0.0222049200369322	-0.0101546699179315
0.0524157124657288	0.053526862386091	-0.0321682506404222	-0.0306475050029165	0.0167922621121719	0.00170324763098331	0.020857686800681	0.00531287554655975	0.00335186759851784	0.0294745525091353	-0.0391926216116693	-0.0316764228554276	-0.0118327005902172	-0.00553851640683609	-0.0222240936427228	-0.0101549562996574
0.0523860069973477	0.0535015378596232	-0.0321716928090683	-0.0306222922351709	0.0167946313970842	0.00169316699423396	0.0208668063124187	0.00530954513663591	0.00336858670337041	0.0294813697911942	-0.0391937839023809	-0.0316740312187709	-0.0118073760637493	-0.00552792167996427	-0.0222494405209351	-0.0101551127618686
0.0523896391558217	0.0535031360093517	-0.0321690664790948	-0.0306018739166109	0.0168066678114733	0.00170156007427693	0.0208804967558976	0.00531755823702314	0.00336184765241714	0.0294606385482119	-0.0392001653254229	-0.0316854417843153	-0.0118156350333256	-0.00553877345189732	-0.0222511727811304	-0.0101594154726762
0.0524007158421833	0.0535067248613208	-0.0321567157432992	-0.0306173511026622	0.0168210525560144	0.00170747350766939	0.020883705628211	0.00532224232447056	0.00336814106546534	0.0294344995800554	-0.0391970682118318	-0.0316962698075199	-0.0118124932162456	-0.00554765687333428	-0.022253507141442	-0.0101634932690553
0.0523765354456348	0.0534765765490027	-0.0321481955377097	-0.0306664089907895	0.0168071092584263	0.00167602879417286	0.0208763337434928	0.00529377039298658	0.00340871367260381	0.0294340567361184	-0.039163692866408	-0.0316882860437973	-0.011773731100408	-0.00552715613271668	-0.0222427294096624	-0.0101389245109468
0.052413461924459	0.0534965157020409	-0.032121260288657	-0.030727159635235	0.0168326363475783	0.00169295046170955	0.0208897238354056	0.00530850158956666	0.00340949738064377	0.0293898463825698	-0.039160405762989	-0.0317053166760882	-0.0117821339593391	-0.00555415564303466	-0.0222241090095471	-0.0101585926490835
0.0524205725731638	0.0534878013156714	-0.0321016997182905	-0.0308048738567381	0.0168430997579515	0.00169507667140086	0.0209026012341799	0.00531527696210467	0.00343567406736899	0.0293712078216622	-0.0391503670357605	-0.0317210718619611	-0.0117588853511376	-0.005549950721109	-0.0222328680994055	-0.0101515937591009
0.0524631372795269	0.0534975760129185	-0.0320555140293257	-0.0309303719169345	0.0168752932548872	0.00169886110113395	0.0209176732948629	0.00532223533955041	0.00345631171242138	0.0293195822768905	-0.0391283659342964	-0.0317396615284278	-0.0117513234765915	-0.00557220607366635	-0.0222122751578421	-0.0101609521551075
0.0524801846756261	0.0534914222982731	-0.0320287436243884	-0.031044730426488	0.0168817459241147	0.00169091924693218	0.0209213766995223	0.00531494168593784	0.0034929839401524	0.0292931108265353	-0.039097371049657	-0.031751403179187	-0.0117257824175993	-0.00557169896846402	-0.0221948030785982	-0.0101521525527123
0.0524846745822936	0.053490681896738	-0.0320263547816998	-0.0310877156250436	0.0168677062346287	0.00167535963882322	0.0209135284432505	0.00529889033945087	0.00350192184396646	0.0292948514686348	-0.0390727645729798	-0.0317395819003382	-0.0117307025953475	-0.00557306521884385	-0.0221473978225765	-0.0101500319309571
0.0525118529065672	0.053514932142488	-0.0320123863383992	-0.0311000998884559	0.0168789254133612	0.00169449133509294	0.0209224006888152	0.00531504925370803	0.00348611776365253	0.0292924807867385	-0.0390953412318637	-0.0317540225242403	-0.0117441597424936	-0.00558413072933325	-0.022160922024956	-0.0101651878106818
0.0525342228118149	0.0535332116785004	-0.0320095965612944	-0.0311164208528603	0.0168900300394034	0.00170928399897027	0.0209210553931958	0.00532425398147153	0.00347668113654031	0.0293001879476235	-0.0391035038095419	-0.0317582958983834	-0.0117525458376164	-0.00559468494366824	-0.0221693081200788	-0.0101845709640766
0.0525056642673211	0.053519204119647	-0.0320400773558113	-0.0310790641029554	0.0168571576082298	0.00168926382085845	0.0209031586308072	0.00530910648365098	0.00347483292667066	0.0293353989300607	-0.039094377312884	-0.0317335902358401	-0.0117516447829181	-0.00557248267650398	-0.0221589969809648	-0.0101635533393685
0.0525108345052105	0.0535419204769338	-0.0320580411734332	-0.0309917512041928	0.0168559352472049	0.0017071745530873	0.0208990752464921	0.00532095989313243	0.00342951057383544	0.0293498004384101	-0.0391212818282881	-0.0317281964805062	-0.0117892557839162	-0.0055830480667112	-0.0221662990164815	-0.0101773373807773
0.052481306453801	0.0535228083384405	-0.0320767733322708	-0.0309512512402238	0.0168401982221244	0.0016976066094764	0.0208906472418484	0.00531572818794586	0.00343444891237603	0.0293847795214986	-0.0391347836789231	-0.0317179384267853	-0.0117703699568355	-0.00556154708552922	-0.0221918261056335	-0.0101630336613099
0.0524530231151608	0.0535246775030705	-0.0321149584937046	-0.0308282803241349	0.0168141053544408	0.00169938636712865	0.020876244336515	0.00531308230019597	0.00340509269000204	0.0294087098579061	-0.0391464820231774	-0.0317002889305698	-0.0117966192867302	-0.00555795683657609	-0.0221858218682792	-0.0101639137612478
0.0524370499997795	0.0535324642920452	-0.0321427109784139	-0.0307129145890969	0.0168094422217539	0.00171222465035017	0.0208729446602398	0.00532464653398353	0.00335798359459443	0.0294495548769301	-0.0391844269033583	-0.0316890152694601	-0.0118247741028397	-0.00555262873949156	-0.0222165024315122	-0.0101733378155038
0.0524136547082549	0.0535227035646383	-0.0321601607059134	-0.0306448465423103	0.016811706732864	0.00171352803644872	0.0208835016685428	0.00532977206838394	0.0033450712712194	0.0294646045858687	-0.0392009825610796	-0.0316863260752053	-0.0118282986935435	-0.00554915723418084	-0.0222449045137947	-0.0101698663101931
0.052378707755799	0.0534965631994978	-0.0321713254022688	-0.0306139452556008	0.0167954681905172	0.00169404849115592	0.0208758461960669	0.00531105248240262	0.00336186860717757	0.0294709413054217	-0.0391900413821687	-0.031675116675361	-0.0118106296395516	-0.0055330975057897	-0.022242658163477	-0.0101476822038212
0.052365989613204	0.0534850967545923	-0.0321715489197134	-0.0305972261507483	0.0167958258184285	0.00169181331671039	0.0208773437629454	0.00531393585743735	0.0033641037816231	0.0294631852500958	-0.0391875379867897	-0.0316761672073504	-0.0118083274098727	-0.00553088468308863	-0.0222384783872638	-0.0101471234102098
0.0523915125114039	0.0535001590363871	-0.0321443943441682	-0.0306090977210221	0.0168260649347085	0.00171769384282158	0.0208922272307846	0.00533427315092362	0.00335820012711884	0.0294223234672634	-0.0391994766122969	-0.0317008239754527	-0.0118148792649662	-0.00555227809650041	-0.0222570778326187	-0.0101644264543863
0.0524128584273587	0.0535025730247883	-0.032120232108412	-0.0306873064748712	0.0168474108506633	0.00171630803466535	0.0209069793821251	0.00533130036891107	0.0033774226273504	0.0293985635629074	-0.0391841433156006	-0.031711150481391	-0.0118068326369623	-0.00556197875359402	-0.0222477348034364	-0.0101740377045021
0.0523881876894161	0.053466771118107	-0.0321147726948288	-0.0307671636698739	0.0168310326099137	0.00168649639549808	0.0208967255193562	0.00531038472403702	0.00343033479441223	0.0293848675314924	-0.0391416247097104	-0.0317096026230875	-0.0117547698361897	-0.00554000140085834	-0.0222276126454905	-0.0101392528021935
0.0524205949249083	0.0534783241760223	-0.0320885121890619	-0.0308302654384393	0.0168494700051212	0.0016864041945522	0.0209042329115251	0.00530644802304482	0.00342691218354251	0.0293658881064818	-0.0391349443320864	-0.0317117064810343	-0.0117690106913758	-0.00555522573280046	-0.0221956524448875	-0.0101529572155127
0.0524727024291697	0.0534951382757888	-0.032036136463867	-0.0309616881079004	0.0168897534365658	0.00171021439033322	0.0209258526363495	0.00532565375946805	0.00345718203347111	0.029295597458106	-0.0391252604388011	-0.0317512411290397	-0.011749335568319	-0.00557913651143152	-0.0222011230343429	-0.0101681731655506
0.0524780933905355	0.0534798091700446	-0.0320229447436863	-0.0310583552117175	0.0168790287901793	0.00169092902582037	0.020923912225534	0.00531166575839111	0.00349095971029516	0.0292863033233647	-0.0390890017183425	-0.0317489123566642	-0.0117273372608229	-0.0055707504163087	-0.022170742822676	-0.0101526568639465
0.0525193323590556	0.0535119956820602	-0.0320131993831038	-0.0310951461830909	0.0168932892031418	0.00171075502315223	0.0209309753767819	0.00532639555798716	0.00347352534962003	0.0292734510703028	-0.0390935391224669	-0.0317592165108581	-0.0117530864704354	-0.00559366095437538	-0.0221576670521697	-0.0101742039456015
0.0524759168894192	0.0534747716456379	-0.0320302844977718	-0.0311268493386327	0.0168519524457398	0.00166682546339338	0.0209081235120444	0.00529028910878767	0.00351294544493502	0.0293136534766738	-0.0390619421377113	-0.0317306817150929	-0.0117118558838196	-0.00555343619626	-0.0221410233844547	-0.0101384048328882
0.0525146720203366	0.0535184218085911	-0.0320242746724814	-0.0310936150885958	0.0168757319078722	0.00170560294605528	0.0209248621746733	0.00532450683558068	0.00346584752539962	0.0293028771418783	-0.0391026027548436	-0.0317472471517023	-0.011758953803355	-0.00558461967374321	-0.0221497433587603	-0.0101714658569057
0.0525112703642273	0.0535229103182745	-0.032036281750206	-0.0310717369217261	0.0168736713564302	0.00172128967971082	0.0209216393325197	0.00533789133955733	0.00345542742153137	0.0293218048784798	-0.0391198624925152	-0.0317511852496785	-0.0117582427384845	-0.00557376091689002	-0.0221846162710626	-0.0101702183501683
0.0524965070370146	0.0535224521075132	-0.0320642773101362	-0.0309893372157916	0.0168529624651924	0.00171128727406707	0.0209067642465847	0.00533121934383742	0.00342676130926743	0.0293638820374169	-0.0391298648981589	-0.03172906819854	-0.0117867300367928	-0.00556655247930318	-0.0221795536009435	-0.0101664520812276
0.0524430500461817	0.053488374079123	-0.0321080783473645	-0.0309207313301541	0.0168078203232968	0.00167193423398545	0.0208810010671319	0.00529253685608945	0.00343729736281006	0.0294066046029752	-0.0391119080654571	-0.0316890054905719	-0.0117706060471363	-0.00553596691098415	-0.0221561429425946	-0.0101361794373309
0.0524411305901266	0.0535135896408367	-0.0321297790972625	-0.0307820583135853	0.0168122264109226	0.00170761041210418	0.0208827696489119	0.00531962996433734	0.00338542175789735	0.0294229018186512	-0.0391650577198038	-0.0316965799379742	-0.0118087576809535	-0.00555154328290144	-0.0221903830211321	-0.010161121190175
0.0523926636262433	0.0534917212528552	-0.0321666455057735	-0.030680768589618	0.0167832278164599	0.00169090527709189	0.0208643881330655	0.00530826689624988	0.00337564566366621	0.0294713520187261	-0.0391742750204235	-0.0316728060637779	-0.0118058826878229	-0.00552336611504747	-0.0222091445166343	-0.0101452821852603
0.0524050632564799	0.0535142462233301	-0.0321666287419651	-0.0306138307029105	0.0168036740747004	0.00171559836677889	0.0208730773737225	0.00532833317483463	0.00334202305206931	0.0294599023376289	-0.0392055059953637	-0.0316816629425183	-0.0118334032731835	-0.00554330945903772	-0.0222319265321704	-0.0101656502123952
0.0523767645510154	0.0534924742272466	-0.0321761519820871	-0.0306036397044229	0.0167910215903546	0.00170042013530971	0.0208621683254443	0.00531465251024395	0.00336931313506521	0.0294610408796121	-0.0391925880840526	-0.0316782668743452	-0.0118033192221307	-0.00552415541102355	-0.0222439308159269	-0.0101458032603029
0.0523840637925641	0.0534939843669813	-0.0321591967869338	-0.030612187849693	0.0168134529628996	0.00171078156584878	0.0208717027414385	0.00532268935935966	0.00336910219047691	0.0294420321179369	-0.0391958835693757	-0.0316896089876722	-0.0118027255039186	-0.0055336423295608	-0.0222620231560794	-0.0101525409142722
0.0523805643475728	0.053481007782341	-0.0321436748973936	-0.0306496395945119	0.0168182683668456	0.00170500224292305	0.0208740147500056	0.00531950283879075	0.00338934029809717	0.029426328620473	-0.0391794229065684	-0.0316931084326635	-0.0117881870911344	-0.00553325257101686	-0.0222583476911006	-0.0101483960626597
0.0524148253808707	0.0534947275624845	-0.0321195168525895	-0.030714933231018	0.0168428957982833	0.00171691153176564	0.0208867734051375	0.00533087568576642	0.0033952816711702	0.0293906286936258	-0.0391690782398377	-0.0317087588447343	-0.011794449770534	-0.00555766486691414	-0.0222442479313014	-0.0101642699921751
0.0524127326987961	0.0534790003162921	-0.0321062538862233	-0.030786361024393	0.0168433512150766	0.00170540876527533	0.0208956554295904	0.00532393267514499	0.00342754362032337	0.0293678159444411	-0.0391449970291551	-0.0317182499542236	-0.0117644676993153	-0.00554775466221627	-0.0222359247004598	-0.0101514317089536
0.0524503129661456	0.0534864280803714	-0.0320689865432962	-0.0308883450494224	0.0168701355898542	0.00170731564847417	0.0209028149727362	0.00532814178802273	0.0034384135530488	0.0293414925743929	-0.0391362281604085	-0.0317295753037423	-0.0117621137812273	-0.0055621645524698	-0.0222237360148115	-0.010153905767668
0.0524851104413105	0.0534957892703461	-0.0320393076176116	-0.0310000185556732	0.0168825813205637	0.00170608211157705	0.0209084434213869	0.00532029213476683	0.00347079703981245	0.0292944826648513	-0.0391062363103016	-0.0317441081285904	-0.0117473434690945	-0.00557602682498418	-0.0221968734089283	-0.0101536640894311
0.0524707508424819	0.0534721984010575	-0.0320329247975856	-0.0310821486436902	0.0168633937449329	0.00168030077133188	0.0209044550319856	0.00530193157368082	0.00351110980792162	0.0292983173860094	-0.0390682257718713	-0.0317366077213416	-0.0117138479830441	-0.00556173148742098	-0.0221665295188462	-0.0101404416356017
0.0524984069352933	0.0534923890112208	-0.0320241782805834	-0.0310960891473102	0.0168723414276351	0.00168987430287889	0.020907121874496	0.00530564894818055	0.00349102257457645	0.0292956868650838	-0.0390767348015886	-0.031739573518434	-0.0117386067309805	-0.00557741542710846	-0.0221440143272596	-0.0101558797061002
0.0525383774423155	0.0535293867362305	-0.0320125274337861	-0.0311028337861995	0.0168930894344258	0.00171688079811701	0.020914928221247	0.00532565934740416	0.00346662005756736	0.0292838683802031	-0.0390979186673962	-0.0317546553580052	-0.011763523338112	-0.00560065565340587	-0.0221581797453081	-0.0101785164352973
0.0524990132263617	0.0535028300698495	-0.0320440238356917	-0.0310877491526603	0.016852697038227	0.00168424445724421	0.0208960382032142	0.00530127080023536	0.00348523626673058	0.0293301336972575	-0.0390800847692889	-0.0317277242999046	-0.0117442365766152	-0.00556679555452413	-0.02214776662636	-0.0101530829440752
0.0524687126427844	0.0534878851347131	-0.0320737432739131	-0.031018271548989	0.0168234246348947	0.00167162410353113	0.0208828367041453	0.0052914444145792	0.00347342057581789	0.0293608086725543	-0.0390841444048756	-0.0317039560136445	-0.0117457928168229	-0.00555143152417917	-0.0221397339681964	-0.0101430833323995
0.0524789623146012	0.053512574033448	-0.0320790057127483	-0.0309439394258189	0.0168359541846459	0.00169595537435476	0.0208930640242176	0.00531463574643561	0.00343087542723124	0.0293771156671185	-0.0391248567104169	-0.0317108948333138	-0.0117814536281173	-0.00556335478286205	-0.0221722878870115	-0.0101633437917642
0.052470901716757	0.0535212325404564	-0.0320981304240978	-0.0308702149907011	0.0168338167990824	0.00170682670406421	0.0208919771706435	0.00531927093944203	0.00341192952983731	0.0293818626188472	-0.0391406733635871	-0.0317105064717539	-0.0117939845748525	-0.00556620742424815	-0.0221906749907941	-0.0101674257790954
0.0524291626279548	0.0535116799636698	-0.0321407635826783	-0.0307495686560355	0.0168042817627527	0.00169747529297772	0.0208747802972532	0.00531237822024562	0.00338378030166391	0.0294422262987168	-0.039162072364935	-0.0316845644783455	-0.0118104214889314	-0.005543372323319	-0.0222071566083618	-0.0101578452626282
0.0524029188859962	0.0535062233440546	-0.0321707400659609	-0.030646060521431	0.0167924772477123	0.00169382916466345	0.0208637357415242	0.0053068098419082	0.00335818476029453	0.0294706325719515	-0.0391788389672445	-0.0316652106616152	-0.0118252434894733	-0.00553727309105076	-0.0222143343123	-0.0101571104490293
0.0523718653280276	0.0534876197077477	-0.0321794195277297	-0.0305925127266363	0.0167814955562646	0.00168488148196119	0.0208603983466802	0.00529645399930525	0.00336501740917771	0.0294803932993583	-0.0391828692661666	-0.0316660223093357	-0.0118057821049729	-0.00552268438684159	-0.0222390399748433	-0.0101397948319965
0.0524023111979438	0.0535148916299512	-0.0321657151144105	-0.0305700240777462	0.0168162106093717	0.00172426804965949	0.0208765614518894	0.0053295150233227	0.00333873455166632	0.0294448791713869	-0.0392028265799971	-0.0316920369459137	-0.0118322884799288	-0.00555518102931155	-0.022257142093884	-0.0101721573639998
0.0523991637929277	0.0535003448352629	-0.0321537750919193	-0.030626323931077	0.0168249319806614	0.00172013716788735	0.0208792925556651	0.0053316649817425	0.00336831010053278	0.0294348474290785	-0.039189321935394	-0.0316965254555971	-0.0118045234223632	-0.00554357628298716	-0.0222747287258182	-0.0101699179986022
0.052363440117352	0.0534625424474528	-0.0321500702902758	-0.0306672332113663	0.0168006076947579	0.0016803901783097	0.0208688487030683	0.00529770709397877	0.00341032579217265	0.0294359147248762	-0.0391502790257667	-0.0316793202003026	-0.011767693335437	-0.00552239241717964	-0.0222483145518082	-0.0101344737198322
0.0524029859412296	0.0534798706373418	-0.0321227732223598	-0.0307242916270246	0.0168253119603171	0.00169474558618612	0.0208825112068666	0.00530819565006442	0.00340706802541828	0.0293940331437031	-0.0391447972604391	-0.0316962348829192	-0.0117831998581528	-0.00555244992553591	-0.0222185587920021	-0.0101524165826936
0.0524273437547497	0.0534885375262544	-0.0320946156122822	-0.0307952640036063	0.0168471663784583	0.00170882159725685	0.0208956484446703	0.00532839603911591	0.00342062994636654	0.0293643444391304	-0.0391450487175642	-0.0317216767560454	-0.0117716272424611	-0.00555936220250872	-0.0222349929121128	-0.0101583006794215
0.0524589505183936	0.0534857896586704	-0.0320609301364041	-0.0309184430703155	0.0168647585983287	0.00169952466854747	0.0209044340772252	0.0053213119331076	0.00344888394834208	0.0293311758473427	-0.0391172193987333	-0.0317280679579756	-0.0117582595022928	-0.00556843561377354	-0.0222103822444835	-0.0101530913259794
0.0524782428678266	0.0534845184032045	-0.0320265727112082	-0.0310406149115401	0.0168811452209825	0.00169988509042681	0.0209156350951654	0.00531923601484132	0.00348818110906256	0.0292962428647271	-0.0390940154940206	-0.0317494110799624	-0.0117264725277093	-0.00556896926167241	-0.0222064902469802	-0.0101505404331434
0.0525062621764853	0.0534995737000792	-0.0320168818330028	-0.0310869375049397	0.0168862316398301	0.00170266927959552	0.0209193133541123	0.0053227354598326	0.00347981177774808	0.0292825538182323	-0.0390818212204362	-0.0317485938443057	-0.0117495493068754	-0.00558858152044792	-0.0221652610573484	-0.0101615249185592
0.0525026886913405	0.0534943014823558	-0.0320200082832585	-0.0311139579700181	0.0168709905440796	0.001688210494901	0.020912521217766	0.00531330581764052	0.00349157158929963	0.0292990074961194	-0.0390733024118307	-0.0317396280008111	-0.0117392423587134	-0.00557755931646339	-0.0221558258272202	-0.010153073165187
0.0525185346811753	0.0535153554286486	-0.0320244129739002	-0.0310939322039702	0.0168660717633154	0.00169656865034325	0.0209055237247674	0.00531393026950124	0.00347782386947558	0.0293028729509262	-0.0390838538321977	-0.0317418422204962	-0.0117564322471836	-0.00558424388503956	-0.0221533238288252	-0.0101586401465404
0.0524781814005293	0.0534893519679429	-0.0320558032050196	-0.0310702477367518	0.016827908953626	0.00166374790757869	0.0208844599995863	0.00528946907916296	0.00349203119704499	0.0293525077934572	-0.0390675677923939	-0.0317093735177068	-0.0117389168614348	-0.00555347391482877	-0.0221356296291208	-0.0101466456416721
0.052519208027477	0.0535369947112494	-0.0320487065261551	-0.0310017955193574	0.0168624759264262	0.00171954903761137	0.020906532347236	0.0053383858719034	0.0034327878983662	0.0293399125854567	-0.0391304544254189	-0.0317394477898714	-0.0117814187035166	-0.00558247530325953	-0.0221942023754659	-0.0101773457626815
0.0524720039371555	0.053509728376982	-0.0320851147239047	-0.0309515683555983	0.0168288169932445	0.00168953343877595	0.0208903524782184	0.00531543342431586	0.00343567406736899	0.0293909220602717	-0.0391189628348008	-0.0317066996902763	-0.0117781972583469	-0.00555392933162205	-0.0221825543226366	-0.0101554382591472
0.0524637240128188	0.0535225261476667	-0.0321111419333389	-0.0308389029906873	0.0168206711793746	0.00171044489269791	0.020889694498741	0.00533080164561291	0.00340222607877565	0.0293953826302746	-0.0391463535006468	-0.0317077600011539	-0.0118041574125478	-0.00556203044200307	-0.0221987691162549	-0.0101663556893296
0.0524307649686354	0.0535165233072964	-0.0321503818177142	-0.0307254357569439	0.0167997373737082	0.00170859947679632	0.0208746615536107	0.0053246646947759	0.003369401145059	0.0294502435900561	-0.0391728081871937	-0.0316834315242984	-0.011821939622246	-0.00554456395069527	-0.0222169983608423	-0.0101590368900045
0.052381649804163	0.0534892905006457	-0.0321806768133553	-0.0306406639721291	0.0167746950380141	0.00168360184459112	0.0208599680755994	0.00530270689981662	0.00336887867303236	0.0294882555254704	-0.0391697990835964	-0.0316586071181127	-0.0118137002104461	-0.00552137122185484	-0.0222219688300155	-0.0101422591118227
0.0523958641166525	0.0535062987811922	-0.0321679377159998	-0.03059770531627	0.0168012251616985	0.00170787444208555	0.0208733777252886	0.00532481137809889	0.00334536324088135	0.0294614543868845	-0.0391973378297493	-0.0316767804833389	-0.0118309571541497	-0.00554336673538289	-0.0222421762039871	-0.0101600077939043
0.0523647728401152	0.0534773085686336	-0.0321727209893132	-0.0306060648686963	0.0167936702720726	0.00169421752622336	0.0208721930828325	0.00531622830822805	0.00337350408715058	0.0294591968606945	-0.0391833679894648	-0.0316793062304623	-0.0117957084531436	-0.00552007621766046	-0.0222573530384723	-0.0101364937587373
0.052388916915079	0.0534910814341702	-0.032152533173118	-0.0306207681255958	0.0168174567191251	0.0017159029092971	0.020881495599478	0.00533418094997775	0.00336304766169758	0.0294273945192867	-0.0391883929410151	-0.0316948141501622	-0.0118131609746112	-0.00554235671593031	-0.0222548454521412	-0.0101526051755375
0.0523883497395634	0.0534824452789063	-0.0321403375025496	-0.0306636471533653	0.0168124638982074	0.00169825900101769	0.0208760557436711	0.00532266141967909	0.00338579335564891	0.0294127010412754	-0.0391627638720291	-0.0316948895872998	-0.011801568801143	-0.00554171689724528	-0.022233284400646	-0.0101405212636913
0.0524114823980906	0.0534872495069801	-0.0321145896899211	-0.0307494792490577	0.0168322884985552	0.00170630423203757	0.0208874760881038	0.00532621395006346	0.00341527390960144	0.029371639489727	-0.0391512541206186	-0.0317160357345385	-0.011778592604827	-0.0055475744512766	-0.022238337291877	-0.0101420649310428
0.052417830293516	0.0534814604051662	-0.0320962612594678	-0.0308212507005037	0.016834635431723	0.00169425664177616	0.0208855985415695	0.00531863670869311	0.00343219418015411	0.0293652021873238	-0.0391298858529193	-0.0317157004583717	-0.0117676178982994	-0.00554576395997572	-0.0222227581259916	-0.0101305761343928
0.052474728056011	0.0535011648648876	-0.0320411069330403	-0.0309593942601257	0.0168804243772238	0.00171702329048792	0.0209095721844819	0.00533802824399212	0.00345806772134515	0.0293025404687274	-0.039116909268279	-0.0317450357259853	-0.01175419427877	-0.00558138006778122	-0.0222172693757438	-0.0101662592974316
0.0524685687534295	0.0534764759661527	-0.0320406724710074	-0.0310438293717896	0.0168543273185882	0.00167384949908846	0.0208980261114867	0.00530527036550884	0.00349540491347371	0.0292999797970032	-0.0390661163259883	-0.0317304302579677	-0.0117346267234834	-0.00556646167534133	-0.0221548535263364	-0.0101349123728171
0.0525082151601571	0.0535046559279747	-0.0320107267213734	-0.0310805365241213	0.0168829766670438	0.00170956199879193	0.0209174665412267	0.00533541728084293	0.0034886490987121	0.0292678100487959	-0.0390922063997038	-0.0317654610294653	-0.0117409355033559	-0.00558783553097672	-0.0221793119227066	-0.0101577390918421
0.0525060135133283	0.0534988332985441	-0.0320191198014164	-0.0311109460724528	0.0168614631130055	0.00168315341271798	0.0209021220686581	0.00530996981978056	0.00349085074554095	0.029299918329706	-0.0390620203688169	-0.0317316540159767	-0.0117513402403999	-0.00558212466026839	-0.0221340608160568	-0.0101610583258937
0.0525280132178084	0.0535253257036597	-0.0320151132512228	-0.0310911144871848	0.0168769808115936	0.00170772356781048	0.0209096601944757	0.00533100839924912	0.00346729759482116	0.0292951853478176	-0.0390915861387952	-0.031748166367193	-0.0117692607515169	-0.00559593245040566	-0.0221558258272202	-0.0101741955636973
0.0525134287045513	0.0535201959783072	-0.0320436676047644	-0.0310557652033288	0.0168583059291012	0.00170261619420244	0.0208977355388088	0.00532587867389663	0.0034566022850993	0.0293262430967382	-0.0390978781548593	-0.0317316372521683	-0.0117728705582464	-0.00558123617842629	-0.0221564405001927	-0.0101615109487189
0.0524823849254709	0.0535088887895809	-0.0320673129564301	-0.0309859355596823	0.0168343700047576	0.00169370064213283	0.0208925527280632	0.00532107584280679	0.00344851374757453	0.0293598405626226	-0.0391112193523311	-0.0317174858039601	-0.0117718842875223	-0.00556189912550439	-0.0221729779971216	-0.0101526121604576
0.0524606869695409	0.0535039993454813	-0.0320847640809136	-0.0309118786423658	0.0168237808658219	0.00169475676205835	0.0208939217724111	0.00532157316912093	0.00343285076264748	0.0293793815752127	-0.0391254741773575	-0.031712965163644	-0.011780998211324	-0.00555952425265602	-0.0221833436186127	-0.0101520030754212
0.0524392809832729	0.053511985903172	-0.0321308463930603	-0.0307857184117399	0.016799580911497	0.00169554605803442	0.0208793330682019	0.00531722156387228	0.00339736317737259	0.0294186382233963	-0.0391422086490343	-0.0316908075999686	-0.0118115684128187	-0.00555162710194315	-0.0221835154476482	-0.0101626578726063
0.0524016015300574	0.0535006591566693	-0.0321611274188611	-0.0306840347382766	0.0167834932434253	0.0016913718697574	0.0208674698798323	0.00531230976802823	0.00337727454704339	0.0294608662566085	-0.0391700309829451	-0.0316751557909138	-0.0118093052986926	-0.00552810747884006	-0.0222185797467625	-0.01014870479613
0.0523942310423232	0.0535048221690741	-0.032167849706006	-0.0306234559228666	0.0167928642122882	0.00170282155085463	0.0208706047119921	0.00532188190259121	0.00335839291091477	0.0294620788387452	-0.0391905889999079	-0.0316756419413557	-0.0118197156236727	-0.00553145465257224	-0.0222432281329606	-0.0101557623594418
0.0523998525060537	0.0535118964961942	-0.0321658268731328	-0.0305888218948331	0.01680355952201	0.00171380743325441	0.020875555623389	0.00533170549427932	0.00334378604591322	0.029444298026031	-0.0391943552688486	-0.0316805257975192	-0.011838681078843	-0.00554789436061912	-0.0222428816809215	-0.0101654741924076
0.0523848321337798	0.05349421626633	-0.032173001783103	-0.0305940745547801	0.016796831646929	0.00170066460751469	0.0208675984023629	0.00531936733133999	0.00336417083685646	0.0294452144475537	-0.0391809218704309	-0.03167762007074	-0.0118180504187108	-0.00553282928485624	-0.022244625116989	-0.0101517725730565
0.0523950133533792	0.0534952109189583	-0.0321440003946722	-0.0306394374201521	0.0168200439335458	0.00171285748411506	0.0208767514417173	0.00533019675152859	0.00337993999256968	0.0294198787452136	-0.0391870797760284	-0.0317004300259566	-0.0118008060478635	-0.00554008242593199	-0.02226499873206	-0.0101530577983627
0.0523939642183738	0.0534824494698583	-0.0321323760905714	-0.0306987575529525	0.0168191736124961	0.00169381519482317	0.020875165864845	0.00531124386921452	0.00340548943346613	0.0294066702612245	-0.0391526566925832	-0.0316967852946264	-0.0117923556914754	-0.00554537839238387	-0.0222217914130439	-0.010147870796665
0.0524063400998819	0.0534810790285264	-0.0321140993485271	-0.0307539509949328	0.0168273920695355	0.00169588692213737	0.0208854183306299	0.00531552841922979	0.00342416850691062	0.0293749014474334	-0.0391415101570201	-0.0317110303407646	-0.0117769846762102	-0.00554940869130596	-0.0222150258193941	-0.01014870479613
0.0524618534512047	0.0535056128620342	-0.0320670796600973	-0.0308623876891896	0.0168721989352642	0.00171903494748889	0.0209074040652697	0.00533474253755719	0.00342514360176248	0.0293402031581346	-0.0391500345535618	-0.0317358491590141	-0.0117819998488724	-0.00557284170139929	-0.0222288028758827	-0.0101671980706987
0.0524669510459245	0.0534872187733315	-0.0320457546989029	-0.0309880030960444	0.0168660759542675	0.00169462823952773	0.0209046114941968	0.00531923182388923	0.00348370656921942	0.029305022909346	-0.039099384103642	-0.0317399604830099	-0.0117397313031234	-0.00556642535375659	-0.0221996324523845	-0.010148555318839
0.0525035198968375	0.0535057944699579	-0.0320183053597278	-0.0310720219064679	0.0168821929590038	0.00170667722677317	0.020916056984342	0.00532685516573252	0.00349074876570687	0.0292759223350492	-0.0390931689216994	-0.0317575052054233	-0.0117428367986186	-0.00558184666044673	-0.022183604854626	-0.0101584780963931
0.0525300164929052	0.0535239985688327	-0.0320124394237923	-0.0311034386802839	0.0168854213890936	0.00171392897086488	0.020912132856206	0.00533106707257832	0.00347900152701158	0.0292805812767841	-0.039089515808465	-0.0317563331358234	-0.0117613566158839	-0.00559372800960875	-0.0221663842325073	-0.010172952247912
0.0525038076755473	0.0535045623300448	-0.0320286346596342	-0.0311164599684131	0.0168498248390645	0.00168148401680398	0.0208922272307846	0.00530233250809699	0.00350520755040139	0.0293116376287207	-0.039066640194999	-0.0317324740456014	-0.0117399338658075	-0.00557181352115435	-0.0221461684766315	-0.0101489590472232
0.0525261747868269	0.0535302151477593	-0.0320260041387086	-0.0310903824675539	0.0168664028485302	0.00170577337810675	0.0209032396558809	0.00532152567166396	0.00347498100697767	0.0293148269432577	-0.0390987666367014	-0.0317423157980819	-0.01176528772894	-0.00558402455854709	-0.0221632968978044	-0.0101730612126662
0.052500844672423	0.0535192572050401	-0.0320579056659824	-0.0310388449327761	0.0168419221004155	0.00169830230752257	0.0208924828788618	0.00532062601394963	0.0034642018782141	0.0293460690940701	-0.0391007838816385	-0.0317247752666205	-0.0117675508430661	-0.00556786983524202	-0.0221656047154194	-0.0101603710097517
0.052493680938325	0.0535306007153512	-0.0320804697520101	-0.0309537183140181	0.0168306232935933	0.00170184505901873	0.0208848274063858	0.00532003369272157	0.0034276679519019	0.0293795855348808	-0.0391215598281097	-0.031708939055674	-0.0117989438681536	-0.00556969150241513	-0.0221696168535491	-0.0101659254182488
0.0524741734533517	0.0535248172014734	-0.0320995302020943	-0.0308881103561056	0.0168209058726914	0.00170907026041391	0.0208797591483306	0.00532401789117072	0.00341817404844451	0.0293906999398112	-0.0391366863711699	-0.0317077264735373	-0.0117921657016475	-0.00555911353935165	-0.0221984897194493	-0.010159795452332
0.0524310723051217	0.0535148636902706	-0.0321448888765143	-0.0307566667318841	0.016791483992068	0.00169967554282254	0.0208577803986109	0.00531500315323509	0.0033837453770632	0.0294511320718982	-0.0391519148940641	-0.0316765527749423	-0.0118202911810924	-0.00553960745136231	-0.0222012906724263	-0.0101535439488046
