0.0526264894159424	0.0537021224143651	-0.0316892751084894	-0.0309332720557776	0.0167036150936622	0.00141938047640091	0.0209172094961655	0.00508122206702495	0.00344422500660718	0.0294228752759546	-0.039263990731715	-0.0319434367946907	-0.0120564862557037	-0.00553353196782255	-0.0220077734598843	-0.00988937287203942
0.0526045190481268	0.0536966252822131	-0.0317031764965566	-0.0308629073672482	0.0167022977377233	0.00142604269323262	0.0209163615268602	0.005086967862334	0.00343240233077435	0.0294366229957787	-0.0392837482768295	-0.0319403285052274	-0.0120570660040755	-0.005528792001014	-0.0220323366300567	-0.00989348419603517
0.0525638263003619	0.0536656555432863	-0.0317206904853213	-0.0308225526896182	0.0166789722954002	0.0013990068613299	0.0209056424684098	0.0050642682688556	0.00344774540635889	0.029449060344584	-0.0392657453436548	-0.0319250748366207	-0.0120407841552239	-0.00551170548936194	-0.0220189381562398	-0.00986868633254604
0.0525859629092768	0.0536795890619861	-0.0317018172310969	-0.0308172022407892	0.0167105636922197	0.00142648553716964	0.0209242698534453	0.00509159048248416	0.00343342632006721	0.0294171280836616	-0.039287798133528	-0.0319501227602509	-0.0120509905205358	-0.0055307854972226	-0.0220433602310252	-0.00988693932586185
0.0525907419916382	0.0536769920686772	-0.0316894385556207	-0.0308460625338331	0.0167231211816515	0.00142603431132845	0.0209294512672068	0.00508805471590814	0.00344687787927721	0.029398348427367	-0.0392772075976083	-0.0319600064222522	-0.0120442891881513	-0.00553365071146497	-0.0220414868754431	-0.00988747995868086
0.052617586436729	0.0536836305367804	-0.0316619682616852	-0.0309238913080265	0.0167490492052196	0.00143423740154355	0.0209381907992888	0.00509690600671244	0.003467240318476	0.0293711910578538	-0.0392729607661618	-0.0319844815824308	-0.0120276594902765	-0.00554274787145828	-0.0220536015209379	-0.00989072096162688
0.0526057428061358	0.053660633385704	-0.0316480850344104	-0.0310076852040214	0.0167436428770295	0.00141794577380368	0.0209418592793476	0.00508729755056471	0.0035103819792428	0.0293493785492335	-0.0392374186985098	-0.031987585680942	-0.011990373986557	-0.00552987047268396	-0.0220406123634413	-0.00987525076049576
0.0526321737439542	0.0536688029483024	-0.0316207600268137	-0.0310783502441168	0.0167592332187871	0.00141319602810693	0.0209500511936904	0.00508511825548032	0.00350927556789226	0.0293341905388761	-0.0392258963742431	-0.0319878874294922	-0.0120006669648787	-0.00554465615164115	-0.0220091969866093	-0.00988462731729476
0.0526473729301838	0.0536594822708645	-0.0315916804072774	-0.0311895054692931	0.0167604625647321	0.00139504641160922	0.0209558179437599	0.0050707237320511	0.00355815883301602	0.0292930633290784	-0.0391905806180037	-0.031995241153418	-0.0119664240923731	-0.00555089228834418	-0.0219767869571491	-0.00987901702943647
0.0526898035260801	0.053678845866483	-0.0315552624306396	-0.0312676401829887	0.0167835589016746	0.00141076667288145	0.0209670455043966	0.00508579579273412	0.00356218913193811	0.0292560111216916	-0.0391873996853709	-0.0320189493693649	-0.0119695910551657	-0.00557399700719082	-0.0219654923412791	-0.00989568444587999
0.0527267775023612	0.0537040181216917	-0.0315441717744376	-0.0313203637572066	0.0167972870637223	0.00143070861988766	0.020973397590774	0.00509961336175959	0.00355725358736558	0.0292453982340274	-0.0391912176427207	-0.0320324903355527	-0.0119811874195859	-0.00558619686871134	-0.0219700255544514	-0.00990880072892317
0.0527200482302962	0.0536946960472698	-0.0315506104738248	-0.0313477013376595	0.0167775267246397	0.00141282582733939	0.0209632708535517	0.00508383163319011	0.00356715401317525	0.0292711236949114	-0.0391786350075763	-0.0320178960434074	-0.0119729186711214	-0.00557008265794309	-0.02195650414604	-0.00989612868680104
0.0527014026844684	0.0536857958620245	-0.0315729664092322	-0.0313181788741861	0.0167537179258428	0.00139449320593395	0.0209485368630036	0.00507059520952048	0.00356464642684417	0.0292996403298843	-0.0391722913031031	-0.0319965319666603	-0.0119750239260523	-0.005562420200547	-0.0219329719500806	-0.0098884438776605
0.0527129152298469	0.0537052656284291	-0.0315839397187757	-0.0312717976074574	0.0167618106543196	0.00141646636771755	0.020951354579789	0.00508584049622303	0.00353404828566888	0.0293115775584075	-0.0392050575634906	-0.0320024984854458	-0.0119923227792767	-0.00556831966409918	-0.0219542494138181	-0.00990109356803818
0.052694609151138	0.0537063161604185	-0.0316072525882426	-0.0311936782605861	0.0167455162326117	0.00141637696073973	0.0209440008558632	0.00508528170261165	0.0035067344539445	0.029347340349536	-0.0392226483863769	-0.0319902050259954	-0.0120085724974957	-0.00556031773958418	-0.0219638159604449	-0.00989968540813749
0.0526736194661104	0.0537025373186216	-0.0316272811482586	-0.0311378673516652	0.0167401727687028	0.00141758255795629	0.0209439100519013	0.00508655435506157	0.00349913346384566	0.0293622922695926	-0.0392360608300341	-0.0319872112892224	-0.0120029859583659	-0.00555093140389698	-0.0219848279972169	-0.00989863627313212
0.0526465864281757	0.0537036674787006	-0.0316677475846109	-0.031007275887701	0.0167203369924828	0.00142439006112696	0.0209351383891867	0.00508971852388603	0.00345681183270357	0.029402962665613	-0.0392597411063005	-0.0319692055620796	-0.0120360092638146	-0.00554559911586036	-0.0219934655494649	-0.00990056830204348
0.0526170248491496	0.0536966141063409	-0.0316916318205454	-0.0309073314593531	0.0167131942131453	0.00142994307264007	0.0209322424412957	0.00509156114581956	0.00343308405898023	0.029431336808215	-0.0392876263044925	-0.0319609479894874	-0.0120438896507191	-0.00553544164498945	-0.0220190261662336	-0.00989910565976568
0.0525895210275973	0.0536811802267945	-0.0317147099966955	-0.030837515785547	0.0166971121330097	0.00141348101284874	0.0209201389716731	0.00507831773722979	0.00342858018247249	0.0294529621209755	-0.0392891573989877	-0.0319436365634068	-0.0120499805010832	-0.00552521572190115	-0.022013203536803	-0.00988787390817689
0.0525702719846692	0.0536667144571798	-0.0317135518969359	-0.0308246677234373	0.0167023829537491	0.00141595786553119	0.0209238004668117	0.00508441557251401	0.00344601035219554	0.0294423408514072	-0.0392912403021741	-0.031954593109142	-0.0120255542353456	-0.00551672624996022	-0.0220423767542692	-0.00988318423279336
0.0525801137371497	0.0536756844916266	-0.0317013408595432	-0.0308307627647534	0.0167181479185102	0.00142814655117948	0.0209324128733471	0.00509486082209478	0.00344150228473571	0.0294163527575258	-0.0392987658551354	-0.0319713722843078	-0.0120301740615277	-0.00552063082031975	-0.0220563396096336	-0.0098778351809484
0.0525875121645644	0.0536688225060788	-0.0316804419784775	-0.0308861503875137	0.0167315813169278	0.00142792303373492	0.0209372408501495	0.00509591135408418	0.00346193177916786	0.0294008853503627	-0.0392840137037949	-0.0319768261099549	-0.0120134102531863	-0.00552595053550011	-0.0220569654584784	-0.00988804992816448
0.0525935499295354	0.053656509488852	-0.0316693974227485	-0.0309482854431314	0.0167312264829846	0.00140814453386003	0.0209369307196952	0.00507847978737709	0.0034867003059924	0.0293864712691571	-0.0392532996129453	-0.0319731352781517	-0.0120067466393705	-0.00553039573867866	-0.022013890852945	-0.00988286152948279
0.0526173433615081	0.0536638967403944	-0.0316450004936755	-0.0310029913376857	0.0167490296474433	0.00141595646854716	0.0209464637387054	0.0050855541144972	0.00349925081050406	0.0293474786509548	-0.03924479477418	-0.0319933077275226	-0.0119953584255705	-0.00554354974029061	-0.0220108174880824	-0.00988915354554696
0.0526440900177169	0.0536637095445346	-0.0316077038140838	-0.0311100645755308	0.0167638181203685	0.00141270708369697	0.020955284295861	0.00508174593603563	0.00351797319045343	0.0293272419403186	-0.0392303639291661	-0.031999462839152	-0.0119842803422249	-0.0055489001891196	-0.0219944420413008	-0.00989135239840775
0.0526907576661715	0.0536799341170411	-0.0315617961249406	-0.0312311691209577	0.0167951301203823	0.00142987042947059	0.0209738558015353	0.00509826108122004	0.0035488158038337	0.0292678505613328	-0.039216665103783	-0.0320350272585484	-0.0119684133976297	-0.00556977951240891	-0.0220004798062718	-0.00990114525644723
0.0527035079393992	0.0536757641197162	-0.031549247017413	-0.0313174817791559	0.0167886578933785	0.00141921842625361	0.0209712057228334	0.00508772083672534	0.00357533475164589	0.0292606854302508	-0.0391903920251598	-0.0320336093197595	-0.0119550819790461	-0.00556534408811856	-0.0219754584253381	-0.00989548048621184
0.0527185981608746	0.0536845064457663	-0.031544237432687	-0.031349687848948	0.0167880571902462	0.00142138933943383	0.0209671852027995	0.00508622606381489	0.00357151539731209	0.0292682207621003	-0.0391888916643133	-0.0320322430693797	-0.0119588119264021	-0.00556902933198563	-0.0219632068754085	-0.00989959041322356
0.052723034982149	0.0536911337379973	-0.0315527422714522	-0.0313401771816822	0.0167741432293228	0.00140933057330019	0.0209580098117006	0.00507401083547006	0.0035625858754022	0.0292834981794355	-0.0391788445551806	-0.0320181279427562	-0.0119788502653063	-0.00557590249340564	-0.0219294669171532	-0.00990163559784122
0.0527136961439188	0.0536923896266388	-0.0315699936272196	-0.0313090370107039	0.0167575624258891	0.00140917830204109	0.0209548177031955	0.00507486439271145	0.00355293411274959	0.0293053623764649	-0.0391916702655459	-0.032009920661589	-0.0119782649289983	-0.00556689054943807	-0.0219358106216265	-0.00989921741848796
0.0526949639850812	0.0536906894970762	-0.0315872729226676	-0.0312578529128853	0.0167507660985906	0.00141807289935027	0.0209582361231132	0.00508210496093094	0.00353911933769218	0.0293217671599111	-0.0392131740406959	-0.0320125819161632	-0.011974175956747	-0.00555193862938149	-0.0219659645218807	-0.0098927591613244
0.0526975693602943	0.0537067953259403	-0.0316037782889638	-0.0311837666589042	0.0167476270754787	0.00142590858276589	0.0209502020679655	0.00508638671697816	0.00349755766586157	0.0293577660413404	-0.039230014683159	-0.0319968784186993	-0.0120135024541321	-0.00556404070202001	-0.0219647002513349	-0.00991313137941139
0.0526880433262042	0.053715664777537	-0.0316240778638813	-0.0311151733461229	0.0167426160937686	0.00144376343563359	0.0209508684293471	0.00509704430813126	0.0034877410590936	0.0293631039173131	-0.0392573774093243	-0.0320050186446331	-0.0120120314299502	-0.00555836754988045	-0.0220042893817174	-0.00991250972151872
0.0526258859188421	0.0536882196293139	-0.0316785462711509	-0.030995298146641	0.0166953002447248	0.00141551362461014	0.0209211881066785	0.00507230372098729	0.00346691202722931	0.0294380074069509	-0.0392601462316687	-0.0319621005013109	-0.0120205446506196	-0.00551933861009343	-0.0220012914539923	-0.00988606481386004
0.0525891270781013	0.0536738348847729	-0.0317060514896871	-0.0309023051108188	0.0166821224943843	0.00140897434237294	0.0209115642837065	0.0050645574445495	0.00345550006470085	0.0294677003024757	-0.0392757379704103	-0.0319440528646473	-0.0120214736449985	-0.00550569426708749	-0.0220181795939123	-0.00987988595350217
0.0525781481806216	0.0536721096094977	-0.0317128729626981	-0.0308332200596595	0.0166849346232336	0.00141138413982202	0.0209153375375673	0.00507034235541133	0.0034343734752385	0.0294658856202228	-0.0392892649667579	-0.0319394302444971	-0.0120384204582477	-0.00551732136515634	-0.0220164403487969	-0.00988554513580145
0.052602758848251	0.0536925852044028	-0.0316993487603186	-0.0308228698049927	0.0167185977473674	0.00144560605756713	0.0209384059348292	0.00510295494755566	0.00341975683134876	0.0294309959441121	-0.0393165997532427	-0.031973492906063	-0.0120453928055337	-0.00553426259046943	-0.0220562027051989	-0.00990349218961504
0.0525628274567816	0.0536505080454657	-0.0317050596310269	-0.0308588002342046	0.0166970618415847	0.00140855804113246	0.0209219662267824	0.00506968437593393	0.00346921006595612	0.0294416241986006	-0.0392773165623625	-0.0319591542619949	-0.0119998511262061	-0.00550320484154878	-0.0220502236135571	-0.00986782998133659
0.0526017111102296	0.0536745054371065	-0.0316632702507997	-0.030902707442219	0.0167410193410241	0.00143572938048594	0.020946790632968	0.0050923630146519	0.00346119975953695	0.0293956382783518	-0.0392921888543294	-0.0319888010570468	-0.0120112588977824	-0.00553526562500186	-0.0220584574374208	-0.00989700738975494
0.0526047816811242	0.0536609016066374	-0.0316560646071809	-0.0309724588547598	0.0167293154088337	0.00141580000633598	0.020939668808391	0.0050725006957353	0.0034916288656448	0.029378905203659	-0.0392505615242495	-0.0319819083378504	-0.0119973700825715	-0.0055353019465866	-0.0220149078573177	-0.0098849290658449
0.0526342831898371	0.0536756956674988	-0.0316279042031353	-0.031029168024411	0.0167546594930779	0.00143365625618771	0.0209494113750054	0.00508418786411737	0.00349792926361314	0.0293516779849443	-0.0392579403938878	-0.032005402815241	-0.01199366248696	-0.00554592181917093	-0.0220271817589917	-0.00989431959248419
0.0526372336201052	0.053651846356165	-0.0316047924993685	-0.0311525049503153	0.016749362129642	0.00139547947665804	0.0209467515174152	0.00505960094521653	0.00354614197640323	0.0293358305981255	-0.0392066207886184	-0.0319929305418349	-0.0119624147482115	-0.00554247965052481	-0.0219765997612893	-0.00988390367956802
0.0526799617735996	0.0536695405558694	-0.0315592256743283	-0.0312709775778326	0.0167848483179329	0.00142090737994401	0.0209754651271361	0.0050846265171023	0.00356723364126487	0.0292804569452056	-0.0392102948566133	-0.032034222595748	-0.0119423065601059	-0.00555777662563641	-0.0219943330765466	-0.00989390329124371
0.0526956052007503	0.0536774055759496	-0.0315516959304149	-0.0313247586689602	0.016778028241906	0.00141339439983897	0.0209743223942008	0.00507505717650738	0.00357170119618788	0.0292767437616579	-0.0391873871125146	-0.0320305150001365	-0.0119499536506776	-0.00556513314353027	-0.0219567402363408	-0.00989607420442393
0.0527188314572074	0.0536993354312283	-0.0315491673893234	-0.031349588663082	0.0167770252073735	0.00141914159213204	0.0209684913828661	0.00507852449086601	0.0035614668911954	0.0292860448813194	-0.0391938439726942	-0.0320280535142784	-0.0119631607376827	-0.00556879603565288	-0.0219508812853254	-0.00990536973614928
0.0527039116677835	0.0536924175663194	-0.0315679316787936	-0.0313401003475607	0.0167574339033584	0.00140212073872932	0.0209535715934422	0.00506262122468605	0.0035701952474052	0.0293105759208591	-0.0391818299100494	-0.032012373765543	-0.0119587462681527	-0.00555763133929746	-0.0219365202895129	-0.00989771426367334
0.052717340875249	0.0537133793116664	-0.0315765859948499	-0.0313005419508269	0.016759620183363	0.00142283661488731	0.0209620610653831	0.00507575985947369	0.00353529998335838	0.0293215240846901	-0.0392079185867809	-0.0320130485088287	-0.0119828232878832	-0.0055675597047877	-0.0219476332974593	-0.00991171064665445
0.0526826565557905	0.0536977833819727	-0.0316044977357385	-0.031232408245791	0.0167325131052748	0.00140422319969215	0.0209474933159343	0.00506152738619177	0.00353353978348252	0.0293575606846882	-0.0392133891762363	-0.0319922781502936	-0.0119782579440782	-0.00554307895667302	-0.0219576859945281	-0.00989570120968833
0.0526962995018124	0.0537188024036649	-0.031613407699872	-0.0311737041829472	0.0167472736385195	0.00142877379700825	0.020949982741473	0.00507724904444802	0.00349707011843563	0.0293705330783764	-0.0392468190040373	-0.0319975671318253	-0.0120058316148319	-0.00555543108945264	-0.0219776377204225	-0.00991558588034938
0.0526373733185081	0.053688911136408	-0.0316567323655465	-0.0310840359691126	0.0167073464380022	0.00141325470143613	0.0209352236052124	0.00506186405934263	0.00350430509871901	0.0294050595386397	-0.0392399192999207	-0.0319775916572024	-0.0119859455471868	-0.00552354213503506	-0.0219968895573186	-0.00988868136494534
0.0526197517619731	0.0537024926151326	-0.0316851274629089	-0.0309425131051258	0.0166978385647045	0.00142308108709229	0.0209297390459167	0.00506911999438643	0.00344861852137667	0.0294461336630444	-0.0392822395340788	-0.0319613503208876	-0.0120345019180479	-0.00552887023211959	-0.0220011000671804	-0.00990107261327775
0.0526108725314882	0.0537024199719632	-0.0316952360393388	-0.0308823254452438	0.0167094782356296	0.00143668771152946	0.020932750943482	0.00508230193567895	0.00343061977915404	0.0294564322293022	-0.0393053121222928	-0.0319630099379134	-0.0120374132327632	-0.00552661829386572	-0.0220403106148911	-0.00991133765191885
0.0525844653423983	0.0536814666085203	-0.0316961175362608	-0.0308690582879255	0.0167107872096642	0.00143649911868562	0.0209359374640509	0.00508720954057092	0.00344799965745207	0.029449940444522	-0.0393092111047162	-0.0319672218447592	-0.012012120836928	-0.00551388757841439	-0.0220711881528721	-0.00989550004398823
0.0525587831880192	0.0536546668669184	-0.0317121660887797	-0.0308511098371279	0.0166893742384761	0.00140558665610393	0.0209251639232235	0.00506510366530462	0.00345539808486677	0.0294607139853494	-0.0392807349822801	-0.0319425231671361	-0.0120130149067062	-0.00550648915099968	-0.022026462312217	-0.00988229016301515
0.0525727334705273	0.0536599446725779	-0.0316927619806244	-0.030862551136321	0.0167078842768531	0.00141419487168728	0.0209316934265725	0.00506870509012998	0.00346065353878183	0.0294337829272488	-0.039283526156369	-0.0319594853472096	-0.0120104193103813	-0.00551933861009343	-0.0220287393961834	-0.00989277033719663
0.0526130001381636	0.0536823746481388	-0.0316582397113132	-0.0309275164815803	0.0167426524153533	0.00143418850710255	0.0209451156491179	0.0050827755132646	0.00347076770314785	0.0293951479369578	-0.0392898628759221	-0.0319883749769181	-0.0120056472129401	-0.00554060629494265	-0.0220459390635418	-0.00990983589408826
0.0525894707361723	0.0536489210716094	-0.0316656535055522	-0.030986853378189	0.0167110093301248	0.00139179423279098	0.0209312645524758	0.00504811494253456	0.00351331005776644	0.0293920927328876	-0.0392326801286852	-0.0319640492940306	-0.0119811874195859	-0.00552363433598093	-0.0219876163773377	-0.00988430321700015
0.0526517943846338	0.0536833944464796	-0.031612672886273	-0.0310653904232848	0.0167666945104831	0.00143176613679721	0.0209590771074983	0.00508397412556101	0.00349863194657945	0.029350190196954	-0.0392613727836457	-0.0320066670857867	-0.0119902999464035	-0.00555518801423168	-0.0220165325497428	-0.00991739916561832
0.0526509031088237	0.0536584973971245	-0.0315965321328082	-0.0311939101599348	0.0167553873217568	0.00139786133442656	0.0209555706775869	0.00505449496859252	0.00355891739534347	0.029322745048731	-0.03919992504417	-0.0320009645969826	-0.0119490805356599	-0.00554581983933685	-0.0219757154703993	-0.00989242947309369
0.0527068313644029	0.0536880058907575	-0.0315483375808105	-0.0312969251591772	0.0167944623620167	0.00142882269144925	0.0209752444036596	0.00507888491274535	0.0035650012607874	0.029275520003649	-0.0392097109172894	-0.0320366337901811	-0.0119468411702622	-0.00557020140158551	-0.0219872671313306	-0.00991685573883125
0.0526996718212571	0.0536803993127226	-0.0315576205396796	-0.0313311526648584	0.0167670968418833	0.00140382645622807	0.0209612675784549	0.00505659323860326	0.00357874059870727	0.0292940649666268	-0.0391799230268506	-0.0320168371295139	-0.0119449706086481	-0.00556064183987878	-0.0219460798512196	-0.00990443515383424
0.0527160766047033	0.0536966476339576	-0.0315492400324929	-0.0313384183787904	0.0167715210903014	0.00140945769884678	0.02096848579493	0.00505994460328753	0.00356642339052837	0.0292957846539658	-0.0391904744472175	-0.0320202136399107	-0.0119574889825271	-0.00556918160324473	-0.021943689611547	-0.00991563477479038
0.0527265232512681	0.0537082118677451	-0.0315536572959909	-0.0313428803457773	0.016772580004195	0.00141641747327655	0.0209708634617464	0.00506791020621779	0.0035595474351403	0.029308757047654	-0.0392024913038303	-0.0320204958306844	-0.0119618391907917	-0.00556932968355175	-0.0219545441774481	-0.00992557291916882
0.0526998338714044	0.0536974816334226	-0.0315875215858247	-0.0312931714630927	0.0167417108481182	0.00140244623600795	0.0209530924279204	0.00505331312010444	0.00355020300897396	0.0293479606104446	-0.0391991175874016	-0.0319975866896017	-0.0119685014076235	-0.00555305901057232	-0.021937848821324	-0.00990923519095602
0.0527097021665814	0.0537214762310953	-0.0315994909449805	-0.0312088495071351	0.0167475111258043	0.00142279749933451	0.0209445652374107	0.0050650142583268	0.00350850582969258	0.0293675072109708	-0.0392338410224129	-0.0319952509323062	-0.0119996932670108	-0.00555975335803668	-0.0219653749946207	-0.0099248255327136
0.0526674769273373	0.0536945842885476	-0.0316297803526855	-0.0311650875854597	0.0167230108199132	0.00140694731854765	0.0209371863677724	0.00505379088864218	0.00352113177134177	0.0294003391296076	-0.0392330838570695	-0.0319807250923783	-0.0119766514124455	-0.00553121297433531	-0.0219843097161424	-0.00990361652119357
0.0526507075310597	0.0537053745931833	-0.0316651911038388	-0.0310318767764421	0.0167112258626492	0.00142442079477558	0.0209308999396443	0.00506589994620084	0.0034728464153822	0.0294317600943756	-0.0392648289221321	-0.0319725722935882	-0.0120184994660019	-0.00553247025996092	-0.0219951559001393	-0.00991254045516735
0.0526110611243321	0.0536924832245688	-0.0317024458739097	-0.0309257674575767	0.0166886114851965	0.00141801143205302	0.0209214730914203	0.00506067522593441	0.00345128256991894	0.0294726470229205	-0.0392842246483832	-0.0319503043681746	-0.0120256017328026	-0.0055155667532166	-0.0220089189867877	-0.00990341535549347
0.0526200367467149	0.0537082761290105	-0.0316971806411064	-0.0308696743578821	0.0167143062124319	0.00144703656921227	0.0209280123736575	0.00508096083101163	0.00342572474711832	0.0294622213311161	-0.0393183431893102	-0.0319674802868045	-0.012038776689175	-0.00552780293632185	-0.0220498324580291	-0.00991748438164406
0.0525746976300714	0.0536729505938829	-0.0317176199144268	-0.0308504616365387	0.0166885025204423	0.00141913181324384	0.0209141221614626	0.00505307842678767	0.00345640391336726	0.029472918037822	-0.0392894298108732	-0.0319484687311612	-0.0120112714706387	-0.00550130354628605	-0.0220430249548584	-0.00989022503229678
0.0525747465245124	0.0536704290377115	-0.0317036682349346	-0.0308470823321739	0.0167022083307455	0.00142148293736374	0.0209307784020339	0.00506441495217859	0.00345184834845046	0.0294532526936534	-0.0392970028612915	-0.0319578522728804	-0.012008339201163	-0.00550731197459245	-0.0220531237524001	-0.00989478059721358
0.0525932048744804	0.053679387896286	-0.0316814547918981	-0.030880323567131	0.0167228571516701	0.00143173819711664	0.0209510025398138	0.00507634659276564	0.00345200061970957	0.0294227830750088	-0.0392986163778444	-0.0319747543826406	-0.0120161217991855	-0.00552155422676256	-0.022051250396818	-0.00990524540457075
0.0525805007017256	0.0536516633512572	-0.0316759646446663	-0.0309469624992564	0.0167086330602924	0.00139992328285257	0.02094031002406	0.00504976198670411	0.00349352177900335	0.0294194219314363	-0.0392552623755053	-0.0319644362586065	-0.0119871399685311	-0.00551161608238412	-0.0220141995864152	-0.00988815470196661
0.0526105861497624	0.0536654320258417	-0.0316491425513199	-0.031001925438872	0.0167317000605702	0.00141923519006195	0.0209518211724545	0.00506379888222204	0.00350407180238626	0.0293759030849818	-0.0392535859946711	-0.0319891349362296	-0.0119818649568397	-0.0055285810564257	-0.0220182452521617	-0.00990006818176129
0.0526301229714004	0.0536591749343783	-0.0316179157673318	-0.0311083630489842	0.016743860806538	0.00140591494735062	0.0209599586044203	0.00505456900874603	0.00352836954559321	0.0293611299788809	-0.0392364855131788	-0.0319906534578685	-0.0119668431875817	-0.00552960783968661	-0.0219967861805005	-0.0098964458021755
0.0527066721082237	0.0536999836318175	-0.031561863180174	-0.0312292021674457	0.016800561594285	0.00144848943260186	0.0209872444964641	0.00509455069164046	0.00353752817288377	0.0292828709336067	-0.0392411849674505	-0.0320432079970191	-0.0119718332145313	-0.00557317697756612	-0.0220098451871985	-0.00992758737013786
0.0526970762249322	0.0536793906902541	-0.031564217098262	-0.0313115976824281	0.0167742242543965	0.00141508894146549	0.0209789897178399	0.00506452531391684	0.00357625676110468	0.0292892565476008	-0.03918951471919	-0.0320284628305987	-0.0119536235277204	-0.00555934823266843	-0.0219613488866507	-0.00990669547399229
0.0526965090494167	0.0536776612240268	-0.031565790102278	-0.0313454466054376	0.0167592849071962	0.00140254123092189	0.0209703982660649	0.00505651500749767	0.00358492085604916	0.0292999546512907	-0.0391828846329909	-0.0320189270176204	-0.0119389691652619	-0.00554782311443366	-0.0219486167742153	-0.00989932778022621
0.0527143038319711	0.0536961489106594	-0.0315568689622723	-0.0313491318493047	0.0167637356983108	0.00141257995815038	0.0209701775425884	0.00506317862131341	0.00357569237955718	0.0293042266284498	-0.0391961811269738	-0.0320225228545097	-0.0119532044325119	-0.00555935382060454	-0.0219500221401479	-0.00991275838467579
0.0527179681210778	0.0537080833452145	-0.0315662580919275	-0.0313228475948092	0.0167583251791686	0.0014218098316264	0.0209668010321916	0.00506796049764282	0.00355729549688643	0.0293197373421177	-0.0392093700531864	-0.0320212502020598	-0.0119673768354806	-0.00555879642397719	-0.0219544491825341	-0.00991763246195107
0.0527125394411432	0.0537118412322511	-0.0315891881877706	-0.0312644396925795	0.0167498119584992	0.00143133446873241	0.0209626240499466	0.00507764159696002	0.00353130321205296	0.0293381803252614	-0.0392258404948819	-0.0320127984486876	-0.0119831990765869	-0.00555573144101875	-0.0219651081706712	-0.00991897077265034
0.0526812232501773	0.0536982052711493	-0.0316140894280779	-0.031200939783566	0.0167307668752392	0.00141754204541946	0.0209505080074677	0.00506472089168082	0.00351981301841891	0.0293836870799884	-0.0392369283571158	-0.0319912527640167	-0.0119860167933722	-0.00553713618661597	-0.0219742514311375	-0.0099058516956391
0.0526625609405411	0.0537009782844458	-0.0316378702871943	-0.0311110620221272	0.0167171784115944	0.00141973391336011	0.0209417922241142	0.0050642976055202	0.00349911670003732	0.0293973230410901	-0.0392451300503469	-0.0319810366198166	-0.0120037179779968	-0.00554077812397815	-0.0219740712201978	-0.00990931481904564
0.0526252363212688	0.0536933591335546	-0.0316801122902468	-0.0309857777004871	0.0166945388884293	0.00141741212590481	0.0209328766720446	0.00506463567565509	0.00346460840056639	0.0294507912077953	-0.0392753691666268	-0.0319624371744617	-0.0120226024080935	-0.00551938471056637	-0.0219944755689175	-0.00990329940581911
0.0526037046064382	0.0536874959915872	-0.0317015322463551	-0.0308964224110749	0.0166906650517184	0.00142625643178897	0.0209299863120897	0.00507019427510432	0.0034456694880926	0.0294754829004983	-0.0392999183669589	-0.0319600301709807	-0.0120277279424939	-0.00551109919829359	-0.0220321228915003	-0.00990060182966016
0.0525869240342884	0.0536798349311751	-0.0317096179899118	-0.0308437337614577	0.0166904694739544	0.00142353510690154	0.0209277343738358	0.00506505896181571	0.003438030779425	0.0294790647675472	-0.0393029973197576	-0.0319513744579404	-0.0120326844418269	-0.00551136183129094	-0.0220381075710783	-0.00990077505567969
0.0526088371257588	0.0536958695138537	-0.0316983890322911	-0.0308338682602487	0.0167166070451268	0.00145018676819644	0.020942025520447	0.00508860373063132	0.0034270197513127	0.0294466631199912	-0.0393197303944505	-0.03197275669548	-0.0120398286181484	-0.00552997245251804	-0.0220641389714645	-0.0099171281507168
0.0525923080107341	0.0536748476981935	-0.0316994060366638	-0.03086633416907	0.0167120361133857	0.00143625045552855	0.0209386839346509	0.00507884719417658	0.00345727283743296	0.0294385382608817	-0.0393002955526466	-0.0319703985864399	-0.0120075862267716	-0.00551462797994947	-0.0220691345863503	-0.0099010013670923
0.0525737015804591	0.0536522179539165	-0.0316923303125596	-0.0308973011140288	0.0166954413401117	0.0014052611588253	0.0209274759317906	0.00505100949344152	0.0034848004077137	0.029440026048872	-0.0392689681858084	-0.0319567738012104	-0.0119915698048854	-0.00550549589535545	-0.0220309452339644	-0.00988654956731791
0.0525940668136259	0.053658278070632	-0.0316685676142356	-0.0309618278063032	0.0167134596401107	0.00140660505746067	0.0209383640253084	0.00505590731944529	0.00350281870771273	0.0294041542929893	-0.0392561801940119	-0.0319698467777487	-0.0119826486648796	-0.00552310627601818	-0.0220162349921447	-0.00989524160194297
0.0526244805529094	0.0536718385945962	-0.0316390926482192	-0.0310212233762411	0.0167371008008243	0.00142340658437092	0.0209512316451945	0.00506823849746448	0.003506857388539	0.0293735701216543	-0.0392581541324442	-0.0319906855885012	-0.0119826780015442	-0.0055331268424543	-0.022024690936469	-0.00990707265967997
0.0526679309471465	0.0536837953808958	-0.0315886014544787	-0.0311562516614797	0.0167737339130025	0.00143446930089227	0.0209688434228412	0.00507570258312852	0.00353332045699006	0.0293273900206256	-0.0392470467124339	-0.0320196324945548	-0.0119646191890084	-0.00554877446055704	-0.0220308390631782	-0.00990942098983181
0.0526722141001778	0.0536657267894717	-0.0315749529205206	-0.0312622520155909	0.0167605827053586	0.00140401784303997	0.0209657952036911	0.00505589055563695	0.00357430517441692	0.0293124730251697	-0.0391951990472018	-0.0320074815274753	-0.0119478861143155	-0.00554755349651617	-0.0219725317437985	-0.00990314853154403
0.0527065603495014	0.0536851867769881	-0.0315487874096677	-0.0313267451802486	0.0167801320998528	0.00142077326947728	0.0209738558015353	0.00506665571456024	0.00358001883909331	0.0292833179684958	-0.0391975096587848	-0.0320298193020903	-0.0119448993624627	-0.00556293987860559	-0.0219736577129254	-0.00991214231471924
0.0527114833212177	0.0536857735102801	-0.0315471277926418	-0.0313634411567081	0.0167716887283848	0.00141711317132272	0.0209736155202825	0.00506525314259567	0.00358382422358683	0.0292990815362729	-0.0391938160330136	-0.0320252092547964	-0.0119437314838149	-0.0055579722034004	-0.0219680641888755	-0.00990847104069245
0.0527240617654099	0.0537027999516189	-0.0315525201509917	-0.0313459900322247	0.0167698950008923	0.00142206967065569	0.0209701454119558	0.00507079078728447	0.00356455143193023	0.0293051779745731	-0.0391958332779507	-0.0320166317728617	-0.0119695533365969	-0.0055739369368776	-0.0219528035353486	-0.00992222295146858
0.0527069920175662	0.0536997894510376	-0.0315740602477265	-0.0313144447358781	0.0167509924100032	0.00141443235897212	0.0209622845828276	0.00506460633899049	0.00355841168712517	0.0293354492214858	-0.0392015483396111	-0.0320069688343369	-0.011968428764454	-0.00555801550990528	-0.0219554787597631	-0.00991401287633334
0.0527099145081537	0.0537191851772887	-0.0315919248794824	-0.0312333805466748	0.0167441248365193	0.00142680963746424	0.0209573839628558	0.00507568721630421	0.00352018461617048	0.0293504640058236	-0.0392264761226149	-0.0319985701663578	-0.012001470230695	-0.00556387725488868	-0.0219660343710821	-0.00992202038878446
0.0526724152658779	0.053696080458442	-0.0316182482495306	-0.0311822551221854	0.0167226517950179	0.00140658829365233	0.0209431305348135	0.0050594668347498	0.00352466194998168	0.0293941462994094	-0.0392312971144971	-0.0319791171637615	-0.011988655696202	-0.00553776343244474	-0.0219795948950463	-0.00990220975827691
0.0526532584238956	0.0537031198609614	-0.0316555100045216	-0.0310653568956681	0.0167031373251244	0.00141168309440411	0.0209344566609808	0.00505807962960954	0.00349584915439476	0.0294104169723889	-0.0392433237499981	-0.0319668921565285	-0.0120104947475189	-0.00553939650677401	-0.0219788363327189	-0.00991019072803149
0.0525970801081753	0.0536786139671342	-0.0316999760061474	-0.0309443976365802	0.016670473044571	0.00139374861344678	0.0209159857381565	0.00504215680565319	0.00347742293505942	0.0294740663586934	-0.039261191175722	-0.0319373515322628	-0.0120086255828888	-0.00551025821390846	-0.0219938427351526	-0.00989390468822774
0.052614739383279	0.0537071585417877	-0.0316925985334931	-0.0308632147037345	0.0167029068227597	0.00143671006327391	0.0209346061382718	0.00507740690364324	0.00343495601757837	0.0294585779967699	-0.0393170691398763	-0.0319636134350137	-0.0120348427821508	-0.00552791469504412	-0.0220549957109983	-0.0099128128670529
0.0525973636959331	0.0536944767207774	-0.031696764339866	-0.03084306181214	0.0167045301182008	0.00143404182377956	0.0209337483900784	0.00507516334729354	0.00344221195262217	0.029460201292211	-0.0393102602397216	-0.0319589950058156	-0.0120261339837174	-0.00552508440540247	-0.0220681245668977	-0.00991331298733509
0.0525799474960503	0.0536807932622186	-0.0317028705570543	-0.0308338794361209	0.016699139156835	0.00142494047283417	0.0209283350769681	0.00506760426671556	0.00344790745650619	0.0294567102291239	-0.0392957581485222	-0.0319524277838979	-0.0120211313839115	-0.00551921008756281	-0.0220562823332885	-0.00990381768689367
0.0525921291967784	0.0536832519541087	-0.0316859726382461	-0.0308561641253429	0.0167199262791784	0.00143736804275132	0.0209374992921948	0.00507692494415342	0.00345309306121982	0.0294312515921893	-0.0392985074130902	-0.0319687222056058	-0.0120188068024882	-0.00552772610220028	-0.0220652677345595	-0.00991027734104125
0.0525720699031138	0.0536566212475742	-0.0316759911873628	-0.030908208765323	0.0167052537559275	0.00140443414428045	0.0209332650336045	0.0050513224178639	0.00348974014323832	0.0294290289906	-0.0392632237874834	-0.0319595007140339	-0.011991011011274	-0.00551434718615975	-0.0220370025567117	-0.00989245042785411
0.0526046308068491	0.0536712784040008	-0.0316486382400856	-0.0309664182958207	0.0167263482147572	0.00141868896930682	0.0209440329864959	0.00506428084171186	0.00349925639844017	0.0293830235125749	-0.0392560321137049	-0.0319812769010695	-0.0119925141660886	-0.00553746447786265	-0.0220225465659853	-0.00990664937351935
0.0526132390224325	0.0536631004594982	-0.0316262613499178	-0.0310482228865591	0.0167294131977157	0.00140416312937893	0.0209432087659191	0.00505062671981773	0.00352328731769768	0.0293753149547058	-0.0392381479241726	-0.0319809388309346	-0.0119702043311541	-0.00552890096576822	-0.0220146536062245	-0.00989502367243453
0.0526738066619702	0.0536868324241736	-0.0315800658820648	-0.031165105746252	0.0167711606684221	0.00142161425386241	0.0209597211171354	0.00507080475712475	0.00354020200031423	0.0293135738485842	-0.0392243624857798	-0.0320115439570301	-0.0119702769743236	-0.00556605515298905	-0.0220011810922541	-0.00991912444089347
0.052700354946447	0.0536912524816397	-0.0315526458795543	-0.0312739866814299	0.0167815262899132	0.00142062518917026	0.0209633365118011	0.00506869810520984	0.0035689631074921	0.0292860085597346	-0.0392002505414487	-0.0320278216149296	-0.0119514847451728	-0.00557066520028296	-0.0219886249998063	-0.00991528552878327
0.0527135913701166	0.0536976939749949	-0.0315441703774536	-0.0313352486220299	0.0167784906436194	0.00141893064754375	0.0209654641184764	0.00506662358392758	0.00358548523759666	0.0292840010936858	-0.0391906351003808	-0.0320331818426468	-0.0119404164407154	-0.00556813526220742	-0.0219847092535745	-0.00991378377095268
0.0527091615337624	0.0536953204991305	-0.0315558198272669	-0.0313454452084536	0.0167568946675235	0.00139599356678052	0.0209519371221289	0.00504735218925502	0.00358717977922317	0.0293084050076789	-0.0391748813114919	-0.0320128459461446	-0.0119433263584466	-0.0055607410257448	-0.0219554997145235	-0.00990368497341096
0.0527010352776689	0.0536937880076513	-0.0315672541415398	-0.0313355336067717	0.0167440745450943	0.00138735322056451	0.0209495105608714	0.00504302572971889	0.00358710015113355	0.0293280843216877	-0.0391742233320145	-0.0320019955711956	-0.0119420872336134	-0.00555380220607546	-0.0219515560286112	-0.00990751969456908
0.0527124206975008	0.0537117448403531	-0.0315783545766299	-0.0312874242707997	0.0167509225608018	0.00140926631203488	0.0209513517858209	0.00506205544615453	0.0035514127971426	0.0293348429304174	-0.0392025346103352	-0.0320058093375932	-0.0119683645031887	-0.00556557319349923	-0.0219581414113213	-0.0099178154668588
0.0527034436781339	0.0537209621409729	-0.03159622759029	-0.0312103247222691	0.0167424596315574	0.00141864007486583	0.0209478956473345	0.0050686128891841	0.00351874292865311	0.0293620310335792	-0.0392277389961766	-0.0319968602579069	-0.0119932112611188	-0.00556064742781489	-0.0219767967360373	-0.00992098103266728
0.0526703840511005	0.0537046663222809	-0.0316235428189984	-0.0311496634848015	0.0167205535250072	0.00140221014570715	0.0209330750437766	0.00505397109958185	0.00351657341245692	0.0293919809741653	-0.0392263545850044	-0.0319759404220808	-0.011988898771423	-0.00554473438274674	-0.0219753229178873	-0.00990895719113436
0.0526793373217389	0.0537381394565868	-0.0316403834614615	-0.0310388533146803	0.0167382910312165	0.00145311764068814	0.0209450681516609	0.00509683196655893	0.00346291944687598	0.0293980955732579	-0.0392836295331871	-0.031997698448324	-0.012021989132105	-0.00555960807169772	-0.0220323743486255	-0.00993726427850298
0.0525990428707353	0.0536894280204985	-0.0316995331622104	-0.0309317954436595	0.0166799683450125	0.00140813894592392	0.0209168756169827	0.00506157628063277	0.0034654829125682	0.0294704411851396	-0.0392695549191004	-0.0319435918599179	-0.0120128989570318	-0.00551450923630705	-0.0220206466677066	-0.00989842393155979
0.0526000347293955	0.0537011934199862	-0.0317080407949437	-0.0308468280810807	0.0166894091630768	0.00142097722914544	0.0209211308303333	0.00506719495039522	0.00343267893361198	0.0294729529624227	-0.0392963462787981	-0.0319438293472027	-0.0120392432818405	-0.00552746486618696	-0.0220304283498738	-0.00991339121844068
0.052594071004578	0.0536985154016036	-0.0316987382782982	-0.0308364973841902	0.0167071829908708	0.00143110676033577	0.0209293828149894	0.00507551399028468	0.00344327785143588	0.0294518347548645	-0.0393055510065616	-0.0319623547524041	-0.012018407265056	-0.00552667836417894	-0.0220700761535855	-0.0099125823646882
0.0525779875274584	0.0536797273634049	-0.0317016789296781	-0.0308367334744911	0.0167009342813115	0.00141772784429525	0.020928185599677	0.00506459376613424	0.00345553638628559	0.0294508610569967	-0.0392915937391333	-0.0319562205955351	-0.0120123848669094	-0.00552081242824345	-0.0220519838134329	-0.00990414597814035
0.0525774608644796	0.053672025790456	-0.0316867605372382	-0.03086289758836	0.0167054814643242	0.00141688825689414	0.0209333809832789	0.00506484941421144	0.00347219821479299	0.0294297707891191	-0.039281659785707	-0.0319678337237637	-0.0119972429570249	-0.00552189788483356	-0.0220517728688446	-0.00990199043178444
0.0526133396052825	0.0536884808653272	-0.0316577437819831	-0.0309386881628559	0.0167373592428695	0.00143316451780969	0.0209421917615463	0.00507404017213466	0.00348147837969403	0.0293978790407335	-0.039279353365076	-0.0319864485359429	-0.0119988927951625	-0.00553986449642354	-0.0220537132796601	-0.00991322916829338
0.0526013297335899	0.0536651163074513	-0.0316461949150199	-0.0310021517502846	0.0167258858130438	0.00141069402971197	0.0209395696225249	0.00505872224226263	0.00351763651730257	0.0293812200061941	-0.0392430387652563	-0.0319815828405717	-0.0119692613669349	-0.00553008141727226	-0.0220284627933458	-0.00989940042339569
0.0526419652050096	0.0536810754529924	-0.0316092027779463	-0.0310862390129255	0.016752797313368	0.00141742190479301	0.0209509243087082	0.00506453369582101	0.0035173235928802	0.0293542861541255	-0.0392408706460441	-0.0319949938872449	-0.0119765033321385	-0.00555250021696093	-0.0220123248338491	-0.0099076929205886
0.0526683793790197	0.0536800416848113	-0.0315720150631088	-0.0312130460471566	0.0167684602982951	0.00141542701160038	0.0209605299708879	0.0050664280061636	0.00356396609562231	0.0293008598969412	-0.0392104331580321	-0.0320189828969816	-0.0119421319371023	-0.00555753494739949	-0.0220036579449365	-0.00990629034862403
0.0527119331500749	0.0537011096009445	-0.0315463203358734	-0.0313016134375767	0.0167866895428824	0.00143021408754159	0.0209718301746941	0.00507868933498136	0.00356943249412566	0.0292741844869178	-0.0392028433438055	-0.0320368293679451	-0.0119478190590822	-0.0055788459387536	-0.0219916201335633	-0.00991819125556246
0.0526937374331042	0.0536856631485418	-0.0315602692213975	-0.031340998608291	0.0167559321455279	0.00140066368438765	0.0209520474838671	0.00505434688828551	0.00359312394626426	0.0293008710728134	-0.0391737651212531	-0.0320180105960978	-0.0119329788977479	-0.00555803786164974	-0.0219543611725403	-0.00989796432381443
0.052709781794671	0.0537027133386091	-0.0315494104645443	-0.0313460989969789	0.0167636616581573	0.00140942137726204	0.0209587264645072	0.00506301517418208	0.00358140744121759	0.0293023420969954	-0.0391855039780443	-0.0320232674469969	-0.011945209492917	-0.0055708048986858	-0.0219554605989707	-0.00991531346846384
0.0527102637541609	0.0537124489203035	-0.0315663405139852	-0.0313082449207598	0.0167482068238505	0.00140811519719543	0.0209492171942255	0.00505641163067956	0.00356018585684131	0.0293227618125393	-0.0391900958645458	-0.0320063122518435	-0.0119657828767041	-0.00557266987236379	-0.0219407182265184	-0.00991744666307529
0.0527229176354906	0.0537307130894915	-0.0315768206881667	-0.0312644774111482	0.0167601454493577	0.00143809168047806	0.0209574230784086	0.0050820295237934	0.00353068434812836	0.0293264973478314	-0.0392263252483398	-0.0320199663737376	-0.0119796158125539	-0.00557496930807463	-0.0219792721917358	-0.00992705511922301
0.0526713577489683	0.0537015943544023	-0.0316176517373504	-0.0311854360548182	0.0167218401472974	0.00140387674765309	0.0209378708899463	0.00505574946025007	0.00352606312496222	0.0293844833608846	-0.0392163731341211	-0.0319833933318726	-0.0119834323729196	-0.00554635348723572	-0.0219650508943261	-0.0099051448217207
0.0526945225381282	0.0537360691262566	-0.0316174421897462	-0.0311173666110476	0.0167506822795489	0.00144264305444277	0.0209541066383251	0.00508526214483525	0.00348458666915735	0.029369136094348	-0.039258833066682	-0.0320033003542781	-0.0120126824245074	-0.00557191550098842	-0.0219976984110711	-0.00993776998672128
0.052619547802305	0.0536994052804298	-0.0316775530155066	-0.0309970318038203	0.0167008309044934	0.00140533100802672	0.0209239918536236	0.00505387331069986	0.00347894704463447	0.0294436274736974	-0.0392579236300795	-0.0319628059782453	-0.0120060956448133	-0.00552891772957656	-0.0219935479715226	-0.0099016789043461
0.0526255157180745	0.0537209970655736	-0.031690874655202	-0.0308922691775583	0.0167133702331329	0.00143353890952932	0.0209243718332794	0.00507095004346371	0.00343037670393308	0.0294564350232702	-0.0392986708602215	-0.0319664716643359	-0.012039958537663	-0.00554290992160558	-0.0220246168963154	-0.0099197838173549
0.0525732908671547	0.0536795010519923	-0.0317101753865391	-0.0308650335769395	0.0166927060453839	0.00141245003863574	0.0209225948695952	0.0050642780477438	0.00345515361266179	0.0294759145685631	-0.0392920435679905	-0.0319545693604135	-0.012001122381672	-0.00550756063774951	-0.022053707691724	-0.00989167649870235
0.0526008282163236	0.0537043114883377	-0.0316974125404552	-0.0308322659195681	0.0167250937230997	0.00144720700126374	0.0209399845267814	0.00510026435631685	0.00342475524020257	0.0294389671349784	-0.0393132106699897	-0.0319750435583345	-0.0120428083850811	-0.0055468773562464	-0.022055473479536	-0.00991831977809307
0.0525565242648452	0.0536609239583819	-0.0317074512676837	-0.0308581967371043	0.0166997664026638	0.00141016736673324	0.0209261907064844	0.00507247834399084	0.00346934417642285	0.0294483967771705	-0.0392804458065862	-0.031960338904451	-0.011994889038937	-0.00551134087653051	-0.0220489495641231	-0.0098821798012769
0.0525885026262406	0.053680519453349	-0.0316745341330211	-0.0308808013356687	0.0167316777088258	0.00142862292273318	0.0209405335415046	0.00508512244643241	0.00345956947917574	0.0294124258354218	-0.039291136925356	-0.0319789872442469	-0.0120089552711195	-0.00554096392285394	-0.0220469895955312	-0.00990460558588572
0.0526101083812247	0.0536791029115442	-0.0316464687238894	-0.0309681826866487	0.0167496624812081	0.00143382249728709	0.0209515222178724	0.00508806449479634	0.00348575734177319	0.0293764087932001	-0.0392740462227519	-0.0319984192920827	-0.011986544853335	-0.00555076236882953	-0.0220454557070679	-0.00990456926430098
0.0526127668418308	0.0536712337005119	-0.0316415750888377	-0.0310249351628047	0.0167398263166638	0.0014141515651824	0.0209446588353406	0.00507000288829242	0.00350911351774496	0.0293685842856567	-0.03924351513681	-0.0319923857180638	-0.011977806718237	-0.00554153249535352	-0.0220157069321819	-0.00989288069893488
0.0526166239147334	0.0536513755725474	-0.0316055985591529	-0.0311468290042077	0.0167489136977689	0.00139156652439434	0.0209549532106463	0.0050576996499538	0.00355628827140192	0.0293476085704694	-0.0392163451944405	-0.0319992798342442	-0.0119330683047257	-0.00553552965498324	-0.022005300798154	-0.0098830780620072
0.0526632035531942	0.0536727647950071	-0.031568786633019	-0.0312366397104132	0.016772828667352	0.0014047750083834	0.020971089773159	0.00506695187517427	0.00356272417682101	0.029297069879272	-0.0392034496348738	-0.0320215435687057	-0.0119458101960492	-0.00556606353489322	-0.0219740768081339	-0.00989503764227482
0.052687001176119	0.0536773175659558	-0.0315480735508291	-0.0313161071468719	0.016781024772647	0.00141069123574391	0.0209751731574742	0.00507266693683469	0.00358589595090103	0.0292815954871888	-0.0391961252476126	-0.032037263829978	-0.0119285616342499	-0.00556897624659255	-0.0219733461854871	-0.00990291244124323
0.0527256599151385	0.053705605095548	-0.0315380697482013	-0.0313416649696726	0.0167933755084426	0.00142717704426373	0.0209782255675764	0.00508504002437473	0.0035604945903116	0.029279842272233	-0.039203064067282	-0.0320384135478334	-0.0119593944687419	-0.00558657684836708	-0.0219668069032499	-0.00992142946454042
0.0526864842920285	0.0536746996178865	-0.0315592298652804	-0.0313541749616474	0.016756479763267	0.00139311997063398	0.0209583842034202	0.0050552744856804	0.00359599614542677	0.0293120804726577	-0.0391759891198264	-0.0320186923243037	-0.0119223059397705	-0.00555237169443032	-0.0219555122873798	-0.00989424275836262
0.0527108951909417	0.0537061289645587	-0.0315732639668302	-0.0313026961001988	0.016759522394481	0.00140968540724342	0.0209564647473651	0.00506763779433224	0.00355395530807439	0.0293191240661292	-0.0391998579889367	-0.0320133251116663	-0.0119649279224787	-0.00557371481641708	-0.0219401314932265	-0.00991549647337156
0.0526613595342767	0.0536778498168707	-0.0316097462047334	-0.0312391766334089	0.0167243812612452	0.00138357437876753	0.0209464246231526	0.00504952869037135	0.00355918142532485	0.0293594424221745	-0.0391967776391539	-0.0319906199302518	-0.0119484141742783	-0.00554003492847501	-0.0219446283848141	-0.00989234425706795
0.0526935683980368	0.05371768062549	-0.0315950387568818	-0.0311733730977324	0.0167596746657401	0.00142937310315646	0.0209620484925268	0.00508260927216521	0.00350640895666587	0.029358190724485	-0.0392514276543471	-0.032007808421738	-0.0119921788899218	-0.00557331667596897	-0.0219854873736784	-0.00993092336799781
0.0526492560646541	0.0537017550075656	-0.0316516892532038	-0.0310637713187958	0.0167111825561443	0.00140318803452706	0.0209383891710209	0.00505957579950402	0.00349790411790062	0.0293943893746304	-0.0392348985393224	-0.031971632123337	-0.0120077915834238	-0.00555774868595585	-0.0219571341858368	-0.00991097443607145
0.0526322100655389	0.0537087818372288	-0.0316729597320211	-0.0309597826216856	0.016713917850872	0.00142666574810931	0.0209416385558711	0.00508169005667449	0.00346176972902056	0.0294347426552764	-0.0392882214196886	-0.0319773681397579	-0.0120222224284378	-0.0055447762922676	-0.0220193083570073	-0.00991677750772566
0.0525906092781555	0.0536884152070779	-0.0317039434407882	-0.0308700669103941	0.016689125575319	0.0014097189348601	0.0209293409054686	0.00507173933943979	0.00344862271232876	0.029469875406608	-0.039289812584497	-0.0319513325484195	-0.012028909790982	-0.0055294695382678	-0.0220184855334145	-0.00990542701249445
0.0525918050964838	0.0536952883684979	-0.0317020100148928	-0.0308194290333306	0.0167003796786522	0.00142260471553859	0.0209318107732309	0.00508028888169395	0.00343278650138217	0.0294550450241619	-0.0393056934989325	-0.031960731456963	-0.0120379734233586	-0.00553853317064442	-0.0220368027879957	-0.00990883565352388
0.052606492986559	0.0537028907555808	-0.031690384313808	-0.0308283445854002	0.0167282774497005	0.00144797673946342	0.020949046762174	0.00510749374866411	0.00342941418193748	0.0294282257247836	-0.0393200628766492	-0.0319832592214059	-0.0120334332252661	-0.00555115911229362	-0.0220677795118427	-0.00992539550219721
0.0525635524914923	0.0536598832052807	-0.0317007359654589	-0.03085946100765	0.0167046041583543	0.001408143136876	0.0209406844157796	0.00507532679442487	0.00347270671697935	0.0294383929745427	-0.0392832746992439	-0.0319671911111106	-0.0119932475827035	-0.00552089764426919	-0.022051398477125	-0.00988708740616887
0.0526039686364196	0.0536893693471693	-0.031662599698466	-0.0309017686689518	0.0167409746375352	0.00143076729321686	0.020958570002296	0.00509600634899811	0.0034590763438137	0.029397024086508	-0.0392947816566863	-0.0319918408942927	-0.012010990676849	-0.00555037540425365	-0.0220509472512838	-0.00991245244517356
0.052593040030365	0.0536677789590095	-0.0316547975426671	-0.03097718205776	0.0167310295082366	0.00141067447193557	0.0209528493526994	0.00507329837361555	0.00350033906106222	0.0293812898553955	-0.0392529377940819	-0.03198768207284	-0.0119781769190045	-0.00553830406526376	-0.0220285270546111	-0.00989269210609104
0.0526331153111893	0.0536890340710025	-0.0316223218549576	-0.0310422493828534	0.01676232055349	0.00142815213911559	0.0209633532756094	0.00508400346222561	0.0034934309750415	0.0293543546063429	-0.0392554425864449	-0.0320054978101549	-0.011991946990573	-0.00555788559039063	-0.0220224264253588	-0.00990999375328347
0.0526490185773693	0.0536767070839354	-0.0315934992804824	-0.0311705819236436	0.0167667797265088	0.00140987958802338	0.0209658678468606	0.00507093886759149	0.00354225836080412	0.0293210169794878	-0.0392164946717315	-0.0320123933233194	-0.0119536696281933	-0.0055580755802185	-0.0219979847927969	-0.00989976783019517
0.0526673092892539	0.0536757305920995	-0.0315606799347019	-0.0312769915940752	0.016780533034269	0.00141013244213253	0.0209781459394867	0.00507318102695716	0.00357290958737249	0.0292918772896382	-0.0391992544918364	-0.0320295748298853	-0.0119368764831873	-0.0055622483715115	-0.0219875842467051	-0.00989660924930683
0.0527032886129068	0.0536961307498671	-0.0315447054223365	-0.0313200927423051	0.0167913442936652	0.00142615165798684	0.0209833469110247	0.00508461813519813	0.00355861983774541	0.0292755758830101	-0.039197026302311	-0.0320367790765201	-0.0119600398753631	-0.00558132139445202	-0.0219634066441246	-0.0099157046239918
0.0527138609880341	0.0537022998313367	-0.0315454877333924	-0.0313424668385049	0.016784459956373	0.00142009433523945	0.0209768649051326	0.00507670561766095	0.00355897746565669	0.0292893445575946	-0.0391928018226089	-0.0320290900764275	-0.0119641749480873	-0.0055774321909168	-0.0219567458242769	-0.0099144082228134
0.0527048071345457	0.0536998173907181	-0.0315618729590622	-0.0313307782731388	0.0167677394545364	0.00141175573757359	0.0209637877376423	0.00506503661007125	0.00355962426926187	0.0293106890765654	-0.0391926914608707	-0.0320202848860961	-0.0119620305776036	-0.00556460368658348	-0.0219503099188578	-0.00990068564870187
0.052695492045044	0.0536971184175752	-0.0315805087260018	-0.0313007989958881	0.0167584467167791	0.00141243187784337	0.0209638156773228	0.00507143479692159	0.00355133736000506	0.0293343875136241	-0.0392046440562182	-0.0320118079870114	-0.0119626508385123	-0.00556173707535709	-0.0219569875025138	-0.00990532922361246
0.0526827278019759	0.0537060577183733	-0.0316080251204103	-0.0312183001040876	0.0167392898747969	0.00141117878316984	0.0209531524982336	0.00506785712082471	0.00352531853247506	0.0293640021780434	-0.039217251837075	-0.0319987559652336	-0.0119860321601966	-0.00555440710015978	-0.0219642085129569	-0.00990260370777294
0.0526602014345171	0.0536958471621093	-0.0316192415051748	-0.0311714243050127	0.0167365448011809	0.00141145119505539	0.0209507203490401	0.00507132583216737	0.00352071826406935	0.0293853075814614	-0.0392350843381982	-0.0319925603410674	-0.011977020216229	-0.00554423286548053	-0.0219951838398199	-0.00989736920861831
0.0526503680639408	0.0537140205273355	-0.0316584674197098	-0.0310332220720615	0.0167253256224484	0.00143069744401544	0.0209479277779672	0.00508737578167031	0.00346638257028253	0.0294043303129769	-0.0392610109647824	-0.0319801313741662	-0.0120279807966031	-0.00555922948902601	-0.0219863311520316	-0.00992005483225642
0.0525958745109587	0.0536881819107451	-0.0316985217457738	-0.0309363049081033	0.0166951284156893	0.00141426891184079	0.0209290405539025	0.00507476939779751	0.00346030289579068	0.0294582650723475	-0.0392792946917468	-0.0319571537808661	-0.0120141450667852	-0.00552270673858604	-0.0220131308936335	-0.00989457384357737
0.0525705611603631	0.0536794088510464	-0.0317097982008515	-0.0308589343446713	0.0166900210420812	0.00141155317488947	0.0209274424041739	0.00507288067539104	0.00344498077496657	0.0294726931233934	-0.0392900347049576	-0.0319499453432793	-0.0120214205596054	-0.0055190522283676	-0.0220272236685125	-0.00989313215606
0.0525799097774815	0.0536850917820742	-0.0317021483163116	-0.0308321737186222	0.0167156193774187	0.00143458105961455	0.0209415072393724	0.00508868894665706	0.0034378785081659	0.0294419203592146	-0.0393039319020727	-0.0319697210491861	-0.0120256841548603	-0.00553330705339397	-0.0220560071274349	-0.0099022237281172
0.0525815149121302	0.0536817795329427	-0.0316923847949367	-0.030851065133639	0.0167269475209054	0.00143491214482929	0.0209479403508234	0.00508879651442725	0.00344357401204991	0.0294260017262103	-0.0392972752731771	-0.0319752014175298	-0.0120217097352993	-0.00553657459903653	-0.0220568159811873	-0.00990043977951286
0.0525780950952286	0.0536672956025357	-0.0316742798819279	-0.0308979814452507	0.0167311720006075	0.00142581498483598	0.0209506449119025	0.00508564491845905	0.00346947968387361	0.0294088355864686	-0.03928504886896	-0.0319809011123659	-0.0119987544937437	-0.00553036081407795	-0.0220545361032529	-0.00989512006433249
0.0525828364590211	0.0536571730562655	-0.0316571556517071	-0.0309769697161877	0.0167344605010105	0.00141455249959856	0.0209537322466054	0.0050748965233441	0.00349853974563357	0.0293872689470373	-0.0392558994002222	-0.031984541652744	-0.0119787245367437	-0.00553134149686593	-0.0220284041200166	-0.00989042340402882
0.0525994968905445	0.0536613612143828	-0.0316470666330536	-0.0310136181951902	0.0167327477985916	0.00140524020406487	0.020953517111065	0.00506793116097822	0.00349993393569397	0.029373262785168	-0.0392375402361202	-0.0319774477678475	-0.0119916131113902	-0.00554680052212483	-0.0219867544381922	-0.00989265019657018
0.0526448164494117	0.0536732872670337	-0.0315935439839714	-0.0311466432053319	0.0167751616306796	0.00142063077710638	0.0209742050475425	0.0050836346584421	0.00353340706999982	0.0293154737468629	-0.0392355830614964	-0.0320153437535875	-0.0119621632910864	-0.00556019899594176	-0.0220054279237006	-0.00990171243196278
0.0526682354896647	0.0536738181209645	-0.0315634194203817	-0.0312607320969679	0.0167839849818033	0.00141651246819049	0.020979876802698	0.00507871168672582	0.00356482803476787	0.0292854721178677	-0.0392072019339743	-0.0320286709812189	-0.0119439298555469	-0.00556726773512575	-0.0219839087817262	-0.00989630889774071
0.0526874998994172	0.0536796938357882	-0.0315573872433468	-0.0313121439031832	0.0167762484842537	0.0014083736392407	0.0209754707150722	0.00506958938102	0.00357407886300431	0.0292796131668524	-0.0391877140067773	-0.0320256562896855	-0.0119471289489721	-0.00557495952918643	-0.0219475452874655	-0.00989803277603183
0.0526939497746765	0.0536792146702665	-0.0315515855686767	-0.0313411438946299	0.0167724165570636	0.00140619574114034	0.020977472593185	0.00507266414286663	0.00357518667133887	0.0292894158037801	-0.0391896683874331	-0.0320231179697058	-0.011946043492382	-0.00557025308999456	-0.0219485832465986	-0.00989612030489687
0.0527186288945233	0.0537040279005799	-0.0315464418734839	-0.0313279982749222	0.016782008249403	0.00142501870393976	0.0209806269831213	0.0050847145270961	0.00355172013362886	0.0292828695366227	-0.0392043506895722	-0.0320289713327851	-0.0119709405417371	-0.005590009238125	-0.0219469264235409	-0.0099139765547486
0.0527004555292971	0.0536968292418813	-0.0315704713957574	-0.031299612956448	0.0167633431457988	0.00142141867609843	0.0209663651731748	0.00508006396726536	0.00354617550401991	0.0293104948957854	-0.0392037932929448	-0.0320162098836851	-0.0119685503020645	-0.00557440911747922	-0.0219507276170823	-0.00990137156785984
0.0526989928870193	0.0537103199166441	-0.0315903295237219	-0.0312314499147475	0.0167649650442559	0.00143475288865005	0.0209670706501091	0.00509500750541777	0.00351429213753845	0.0293269136490719	-0.0392319439181023	-0.0320168231596736	-0.0119918058951862	-0.00557298838472228	-0.0219700716549244	-0.0099069022276285
0.0526449379870222	0.0536760910139788	-0.0316286711473669	-0.0311673311418094	0.0167233377141759	0.00139524897429335	0.0209423412388374	0.0050596386637853	0.00351975993302583	0.0293839469190177	-0.0392172448521548	-0.0319774030643586	-0.0119814654194075	-0.00554376068487891	-0.0219494270249518	-0.00987999910920848
0.052643311897613	0.0537000353202266	-0.0316511737660973	-0.0310398088517557	0.0167221586596559	0.00142328364977641	0.0209451631465749	0.00508029726359811	0.00347837009023071	0.0293837513412537	-0.0392573159420271	-0.0319866063951381	-0.0120143615993096	-0.00555877546921676	-0.0219730025274161	-0.00989532681796871
0.0526200535105233	0.0537010956311042	-0.0316788130951003	-0.0309442006618322	0.0167225707699443	0.00144177832132916	0.0209401437829606	0.00509215346704763	0.00345108838913898	0.0294250894956397	-0.0392974945996695	-0.0319819251016587	-0.0120192692042016	-0.00554296300699866	-0.022029207385833	-0.00990010031239394
0.0525586686353288	0.0536627107009543	-0.0317218471880969	-0.0308685022882822	0.0166794696217143	0.00140377337083499	0.0209177403500963	0.00505721070554384	0.00345707167173286	0.0294739434240989	-0.0392806260175259	-0.0319406260628255	-0.0120103801948285	-0.00551183401189256	-0.0220121376379892	-0.00986463507886351
0.0525693988696514	0.0536768160486896	-0.031715274378243	-0.0308225680564425	0.0166977100421739	0.00141828104997051	0.0209263024652067	0.0050754511260034	0.00343843171384117	0.0294540964720066	-0.0392969637457387	-0.031948112500234	-0.0120298471672651	-0.00553246327504078	-0.0220173665492078	-0.00989389211537148
0.0525540082966099	0.0536616713448371	-0.0317113530440751	-0.0308265815915563	0.016705274710688	0.00142202357018275	0.0209293744330853	0.00508238994567274	0.00345294777488086	0.0294450537943904	-0.0393014913709749	-0.0319586974482176	-0.0120109501643121	-0.00552170230706958	-0.0220389709072078	-0.00988299703693355
0.0525845589403282	0.0536824766279729	-0.0316860997637927	-0.0308528267304989	0.0167383287497853	0.00144763447837645	0.0209470281202529	0.00510773263293298	0.00344192417391231	0.0294102032338325	-0.0393086257684083	-0.0319854790290271	-0.0120250583060155	-0.00554506407097746	-0.022054934243701	-0.00990179904497255
0.0525740256807537	0.0536623321182826	-0.0316679333834867	-0.0309142996156871	0.0167349033449475	0.00142304197153949	0.0209436250671595	0.00508845984127639	0.00347745785966013	0.0293999158434469	-0.0392794846815747	-0.0319809472128388	-0.0119982194488608	-0.00553834178383253	-0.0220395841831963	-0.00988495141758936
0.052604477138606	0.0536722870264694	-0.0316422428472034	-0.0309823746473938	0.0167571964160736	0.00143791426350644	0.0209590338009934	0.00509765479015169	0.00349190546848243	0.0293541478527067	-0.0392711390989887	-0.0320021282846783	-0.0119940759942324	-0.00555708651552636	-0.022027885838942	-0.00989768353002471
0.0525982871023759	0.0536519706877435	-0.0316336136768596	-0.0310571845391017	0.0167511404903102	0.00140935013107659	0.0209578282037769	0.00507483505604685	0.00351899717974629	0.0293575243631034	-0.0392391076522002	-0.0319941473149237	-0.0119726616260602	-0.00554282470557984	-0.0219979107526434	-0.00988248294681108
0.0526742970033642	0.0536917707627142	-0.0315667679910979	-0.0311805074951658	0.0168097383823679	0.00145120656653721	0.0209871006071091	0.00511101414841582	0.00352705777759049	0.0292726911109914	-0.0392454639295297	-0.0320443130113856	-0.0119737428916982	-0.00558977175084016	-0.0220105925736538	-0.00991371671571931
0.0526744227319268	0.053674775055024	-0.0315608084572325	-0.031279779974196	0.0167911333490769	0.0014245102017534	0.0209806772745463	0.00508476481852112	0.0035695177101514	0.0292688829325298	-0.0392013723196235	-0.0320377946839088	-0.0119467503663004	-0.00557489387093709	-0.0219786379609869	-0.00988864644034463
0.0526841904442537	0.0536798936045043	-0.0315566733845083	-0.0313237235037951	0.0167817456164057	0.00141485424814871	0.0209760057599551	0.00507575706550563	0.00357557503289879	0.029277287188445	-0.0391868436857276	-0.0320298151111382	-0.0119488067267903	-0.00557377628371433	-0.0219519052746183	-0.00989376498982489
0.052677626016304	0.0536768607521785	-0.0315651600624812	-0.0313271586875211	0.0167605854993266	0.00139166012232424	0.0209628475673911	0.00505772619265034	0.00357500087246309	0.0293035798248446	-0.03917380563379	-0.0320101832945863	-0.0119509678610823	-0.00556804725221363	-0.0219199576468715	-0.00989060640893655
0.0526984285054718	0.0536969926890126	-0.0315658823032239	-0.0313063114948644	0.016768312217988	0.00141096504461348	0.0209642040388827	0.00507265017302634	0.00355899003851295	0.0293057409591366	-0.039200858229501	-0.0320189074598441	-0.0119648776310536	-0.00557730785933827	-0.0219380024895671	-0.00990413619925215
0.0526998701929891	0.053706436301045	-0.0315808244443923	-0.0312647260743053	0.0167666470130261	0.00142259912760247	0.0209670315345563	0.00508457482869325	0.00353515190305136	0.0293205713415827	-0.0392186166904708	-0.0320161693711483	-0.011984088955413	-0.00557839191894435	-0.0219524975958464	-0.00990756719202604
0.0526814663253982	0.0537075902098525	-0.0316076549196428	-0.0311916889553295	0.016749114863469	0.00141910387356327	0.0209559143356579	0.00507698920541873	0.00351214357610268	0.0293571751170963	-0.0392322819882371	-0.0319996151104111	-0.0119977766049238	-0.00556514571638652	-0.0219611113993658	-0.00990422281226192
0.0526747160985727	0.0537111441372209	-0.0316203060070045	-0.0311393411698152	0.016748623125091	0.0014284916062345	0.0209506616757109	0.00508626517936768	0.00349989482014117	0.0293712567161032	-0.0392501186803125	-0.0320010232703117	-0.0120024704712594	-0.00556344698380792	-0.0219851395246553	-0.00990920725127545
0.0526335553611583	0.0537001582548211	-0.0316660041485434	-0.0310224303704417	0.0167222815942504	0.00142573116579427	0.0209383793921327	0.00508690220408466	0.00347773306551374	0.0294128868401512	-0.0392655525598589	-0.0319809402279187	-0.0120168538188164	-0.00554752136588351	-0.0220007075146684	-0.00989761787177538
0.0526209992687105	0.0537093951132172	-0.0316903172585746	-0.0309136164904972	0.016721527222875	0.0014413829748491	0.0209372003376127	0.00509935771368238	0.00343714788551901	0.0294402509633006	-0.0392989181263945	-0.0319742738201349	-0.0120450337806384	-0.00555044385647105	-0.0220258029357556	-0.00990885521130028
