0.0525547319343367	0.0535693893738853	-0.0319234850687963	-0.0310681061602361	0.0167806755266399	0.00158265158774275	0.0209148541810935	0.00523550777709577	0.00348485209612275	0.0293439875878677	-0.0391309615306212	-0.0318049984714387	-0.011850165684541	-0.00556286583845208	-0.022061806008137	-0.0100642613025619
0.052558723117706	0.0535785438102238	-0.0319287475076315	-0.0310253347002369	0.0167972507421375	0.00160345128294245	0.020924008617432	0.00525776033568505	0.00346850319203772	0.0293512644776719	-0.03916644352796	-0.0318206991749345	-0.0118542658326645	-0.00556824003600956	-0.0221039711770679	-0.0100718036193316
0.0525254581340203	0.0535790970158991	-0.0319777034159247	-0.030906831339071	0.0167632928543738	0.00159434853501303	0.0209090050089663	0.00524593067493209	0.00344324013286711	0.0293863958320195	-0.0391650633077399	-0.0317941732422022	-0.0118842898134041	-0.00556243417038729	-0.0220897163520415	-0.0100665565473207
0.0524911216635849	0.0535692580573866	-0.0320087541799252	-0.0308022517177167	0.0167437308870233	0.00159517135860578	0.0208962826754192	0.00524476419326832	0.00342032540384834	0.0294383147434371	-0.0391976339903634	-0.0317796711510028	-0.0118846069287785	-0.00553943841629487	-0.022126265645178	-0.0100603469533142
0.052474482186822	0.0535675942494088	-0.032022979668287	-0.0307258632340566	0.0167424023552123	0.00159786614079668	0.0208944177017412	0.00524511204229141	0.00340310478172955	0.0294498608164323	-0.0392128206037367	-0.0317700473280307	-0.0118971113328172	-0.00553435199744726	-0.0221482695406103	-0.0100633965694483
0.0524326439121537	0.0535374012336017	-0.032040163968821	-0.0306844189088844	0.016718087848197	0.0015681425116232	0.0208857941193335	0.00522254097134363	0.00342143740313499	0.0294632537023131	-0.0391942868166312	-0.0317545310264267	-0.0118800751125902	-0.00551559469289717	-0.0221340496401846	-0.0100461815352656
0.052462209682132	0.0535590768377873	-0.0320077818790414	-0.0306861232293991	0.0167620704933489	0.00161098521780791	0.0209105542642539	0.00526274617168261	0.00340466800685739	0.0294194163435002	-0.0392332514951529	-0.0317895841496687	-0.0118825840959053	-0.00553944959216709	-0.0221830279002223	-0.0100699246758133
0.0524499832779149	0.0535433859131796	-0.0320070219197299	-0.0307145099448574	0.0167569742956131	0.00159522723796692	0.0209065309502519	0.00524631763950796	0.00342127535298769	0.0294145213114645	-0.0392040601168943	-0.0317829903850544	-0.0118727716800894	-0.00553471102234257	-0.022161413763334	-0.0100567371465847
0.0524766726577786	0.0535538702783132	-0.0319800196154439	-0.0307658952083761	0.0167784333672742	0.0015998554460532	0.0209136849054617	0.00524833069349297	0.0034281834390084	0.0293854430889121	-0.0391955427052728	-0.031796176517299	-0.0118761677482626	-0.00555288159360071	-0.0221484707063104	-0.010069319781729
0.0524767075823793	0.0535385272027287	-0.0319695464261826	-0.0308358659474094	0.0167822457366879	0.00159005560309358	0.0209197100975764	0.00524078837672333	0.00346643984662769	0.0293585888649331	-0.039169780922804	-0.0318057081393252	-0.011843834552924	-0.00554837632010893	-0.0221418196653509	-0.0100581313366451
0.0525128657199878	0.0535539652732271	-0.0319402279223773	-0.0309203178228817	0.016803361150278	0.00159447426357558	0.0209249781243477	0.00524319538020436	0.00346679048961883	0.0293394040832703	-0.0391655187245332	-0.0318137841039937	-0.0118513293722367	-0.00555553586325477	-0.0221249510832073	-0.0100673695920252
0.052536930166862	0.053549687708132	-0.0319006960683401	-0.0310551072238514	0.0168220835302274	0.00159752807066179	0.0209344021786037	0.00524886434139184	0.00351461484084902	0.0292901771600756	-0.0391352404927004	-0.0318371500588536	-0.0118119092769217	-0.00556457434991889	-0.0221228136976437	-0.0100667968285736
0.0525760331468026	0.0535655672255835	-0.0318732159955163	-0.0311455773065182	0.0168411816988804	0.00161074773052308	0.0209446043529635	0.00525613843722801	0.00351719507034958	0.0292620013892056	-0.0391245018764737	-0.031850372512683	-0.0118220248382717	-0.00558144013809445	-0.0220998263254555	-0.0100765100585234
0.0525570998222649	0.0535440858021779	-0.0318846614856615	-0.0311845154423434	0.0168112066125818	0.00157873863547905	0.0209317730546621	0.00523295828124383	0.00354084181899927	0.0292825188936316	-0.03909260733412	-0.0318306820228019	-0.0118052847786587	-0.00556570590698194	-0.0220610027423206	-0.0100547632081524
0.0525852001559973	0.0535659723509517	-0.0318690557770796	-0.03120015747251	0.0168286898676979	0.0015952607655836	0.0209432213387753	0.00524568061479099	0.00352329989055394	0.0292776727560368	-0.0391116691811883	-0.0318446253203899	-0.0118174846401792	-0.00558130323365966	-0.0220692016415836	-0.0100715004737974
0.052583565684684	0.0535692552634186	-0.0318798321118751	-0.0311830835337142	0.0168202381143258	0.00159454271579298	0.0209387258441717	0.00524496256500036	0.00351379760519237	0.0292948584535549	-0.0391169469868478	-0.031836380320654	-0.0118274563121744	-0.00557837794910407	-0.0220650023075941	-0.0100728667241772
0.0525612097492766	0.0535582987176834	-0.0319137438991659	-0.0311246155611712	0.01678981319917	0.00157799823394397	0.020924304778046	0.00522814986221789	0.00350172347223442	0.0293317346409541	-0.039112883160309	-0.031809629473493	-0.0118406703840995	-0.00556170773869249	-0.0220471251029819	-0.0100628573336133
0.0525525959457571	0.053570159112085	-0.031926515127154	-0.031047331610749	0.0167890225062099	0.00159001509055675	0.0209194013641061	0.00523708217809584	0.00347498240396171	0.0293551732389835	-0.0391461509379626	-0.031807469736185	-0.0118545815510549	-0.00555892215253975	-0.022075944883489	-0.0100715158406217
0.0525539915328016	0.0535811212457563	-0.0319334120373025	-0.0309943034940128	0.016797078913102	0.00160862152083176	0.0209234791604852	0.00525269347461384	0.00345599320006289	0.029360301567352	-0.0391709068919309	-0.0318144113498224	-0.0118633113042487	-0.00556619904234398	-0.0221084792445277	-0.0100822572508165
0.0525227619548454	0.0535820111245824	-0.03197874556601	-0.0308651816572466	0.016768017454358	0.00160841616417958	0.0209074040652697	0.00525110230980543	0.00342051679066024	0.0294034585949431	-0.0391863337865572	-0.0317943436742537	-0.0118900928850583	-0.00555567556165762	-0.022115367772772	-0.0100779475550887
0.052496331017027	0.0535780213381972	-0.0320134242975324	-0.0307746682680748	0.0167560033917133	0.00160800265690716	0.0208990780404601	0.00524755955830926	0.00339370587318609	0.029438897285777	-0.0392060144975501	-0.0317796921057632	-0.0118972789709007	-0.00553816296987689	-0.0221364119401767	-0.0100719461117025
0.0524684625826433	0.0535630498603642	-0.0320249983102081	-0.0307231209544088	0.0167503749430627	0.00160118956580037	0.0208967352982444	0.00524658027250531	0.0033971522327843	0.0294498761832566	-0.0392180131933705	-0.0317751058071978	-0.0118878646955329	-0.00552816754915328	-0.0221545126622334	-0.0100616377665565
0.0524381480292258	0.0535404913622727	-0.0320309941656583	-0.0306955668414315	0.0167390370206877	0.00158743765502425	0.0208914323468724	0.00523316363789602	0.00341277051422244	0.029448127159253	-0.039205322990456	-0.0317644719647732	-0.0118717770274612	-0.00552088646839696	-0.0221494220524337	-0.0100521662148435
0.0524570771628114	0.053553318469622	-0.0320163342152636	-0.0306908757690639	0.0167647610845877	0.0016053833118538	0.0209013984309314	0.00524786829177955	0.00340058601952624	0.0294197376498267	-0.0392175298368966	-0.0317812385670827	-0.0118818604581786	-0.00554046939050787	-0.0221585890616285	-0.010063233122317
0.0524556536360864	0.0535421719340589	-0.0320007257127137	-0.0307323089183639	0.0167714065376111	0.00159855066297062	0.0209048699362421	0.00524146032604102	0.00342578342044752	0.0294037854892058	-0.0392041341570478	-0.0317884288438772	-0.0118627203800047	-0.0055365732020525	-0.0221625830389658	-0.0100562076896379
0.0524493881627188	0.0535225624692515	-0.031986159360249	-0.0308029697675073	0.016769633764879	0.00157719776209566	0.0209034994949102	0.00522692470722493	0.00346203096503388	0.0293939884402142	-0.0391738992317199	-0.0317882346630972	-0.0118384757221908	-0.00553483675090513	-0.0221373325526515	-0.0100433177180073
0.0524880455047542	0.0535450371483013	-0.0319620977073428	-0.0308510595457029	0.0167931366241737	0.00159741491495548	0.0209158041302328	0.00524385615364982	0.00345895760017128	0.0293474632841305	-0.0391713399569798	-0.0318094576444575	-0.0118504450813466	-0.00555760200263286	-0.0221290959348197	-0.010058617487087
0.0524953866558238	0.0535291771886262	-0.0319292085123609	-0.0309705645444172	0.0168041881648228	0.0015793644843238	0.0209237487784027	0.00523593106325639	0.00349754648998934	0.02933408436809	-0.0391482855295581	-0.0318139629179493	-0.0118182487904428	-0.00555166901146401	-0.0221202572168716	-0.010047230670271
0.0525436957605118	0.0535484960807557	-0.0318954280415688	-0.0310656865838989	0.0168294973244664	0.00159206726009455	0.0209421959524984	0.00524722567912646	0.00350638241396932	0.0292759097621929	-0.0391270667391499	-0.0318344748344391	-0.0118283447940165	-0.00558174747458071	-0.0220876166850468	-0.0100651050809151
0.0525568288073634	0.0535456029268328	-0.0318776234801261	-0.0311493812940277	0.0168292863798781	0.0015880341672044	0.0209472600196016	0.0052484452461833	0.00353437937088363	0.0292599408377636	-0.0391136654713649	-0.0318478733082561	-0.011803924116215	-0.00557894093366754	-0.0220806527196649	-0.0100577164323886
0.0525710752504856	0.0535561613321199	-0.0318782632988111	-0.0311807100578499	0.0168232597907793	0.00158987539215391	0.0209362713432337	0.00523394734593598	0.00353324781382058	0.0292680181994162	-0.0391091643888252	-0.0318461885455178	-0.0118121858797593	-0.00557070710980381	-0.022067993250399	-0.010046643936979
0.0525747535094325	0.0535593478526888	-0.0318799718102779	-0.0311946673252782	0.0168152257356317	0.00158215426142862	0.0209334005410553	0.00523360229088095	0.00353455678785524	0.0292859792230701	-0.0391017086850654	-0.0318308426759652	-0.0118151907924045	-0.00557652834225039	-0.0220538767267915	-0.0100662338440101
0.0525766520107272	0.0535683765604647	-0.031886701082343	-0.0311627057276911	0.0168084964635666	0.00158698084124694	0.0209291746643692	0.00523934529222194	0.0035155564080842	0.0293051556228287	-0.0391196361811025	-0.0318309111281826	-0.011825965730216	-0.00557568037294512	-0.0220624611936463	-0.0100656764473827
0.0525842180762253	0.0535871184981905	-0.0318969940606647	-0.0311169852344078	0.0168166883779095	0.00161414938663237	0.0209372101165009	0.00526295991023897	0.00348738203419828	0.0293089442435138	-0.0391494198805892	-0.0318364878884242	-0.0118441935778193	-0.00557949134537475	-0.0220944130123452	-0.0100806856437845
0.0525570718825843	0.053578457197214	-0.0319319857166094	-0.0310492929763249	0.0167926043732589	0.00160218002747655	0.0209186693444752	0.00524897889408217	0.00346893066915043	0.0293590009752215	-0.0391533649634856	-0.0318098334331612	-0.011859985085277	-0.00556416922455064	-0.0220878974788365	-0.0100693644852179
0.0525326512047829	0.0535706438655429	-0.0319555793798661	-0.0309756565512009	0.0167768561723061	0.00160210039938693	0.020912867669805	0.00524956981832621	0.00346058089561234	0.0293716841932159	-0.0391639946149581	-0.0318021570059248	-0.0118576060214765	-0.00555584459672506	-0.0221033998106003	-0.0100627162382264
0.0524876319974818	0.0535582358534021	-0.032002163209279	-0.0308397607388807	0.0167476620000794	0.00158770308198966	0.0209009290442978	0.00524210154171009	0.00341958500231326	0.0294305111906542	-0.039182102321935	-0.0317714037995224	-0.0118845650192577	-0.00553722838756185	-0.0221015250580341	-0.0100556111774577
0.052486559113748	0.0535722727489201	-0.0320111933140389	-0.0307351769265743	0.0167603130874411	0.00160831139037745	0.0209041923989883	0.00525687604479504	0.00338114000185013	0.0294371720105019	-0.0392220448892766	-0.0317774611222698	-0.0119110965399261	-0.00555298636740284	-0.0221288835932474	-0.010067994043886
0.0524675824827054	0.0535606274900588	-0.0320170047675973	-0.0307004199639463	0.0167602236804633	0.0016068361752434	0.0208997444018417	0.00525537847791653	0.00339032656882126	0.0294389154465694	-0.0392260682032786	-0.0317779752123922	-0.0118965232025413	-0.00554308454460914	-0.0221572703087056	-0.0100612885205494
0.05243246230423	0.0535322351866645	-0.0320362775592539	-0.0306769338684599	0.0167394086184393	0.00158264599980664	0.0208884064794667	0.00523483163682599	0.00341041519915046	0.0294434696145021	-0.0392027162182589	-0.0317581995064854	-0.0118817542873924	-0.00552784624282673	-0.0221363546638316	-0.010043792692577
0.0524701529333178	0.0535609851179701	-0.0320032360930128	-0.0306940944202655	0.0167826201284075	0.00162299648648458	0.0209127084136258	0.00526952713215674	0.00339562393225716	0.0293942119576588	-0.0392334442789488	-0.0317999469771918	-0.0118899741414159	-0.00555117587610196	-0.0221770963060375	-0.0100598580089042
0.0524466416921188	0.0535287566964336	-0.0320049096798789	-0.0307374987140296	0.0167637133465664	0.00158480014917852	0.0209031223092225	0.00524360190255664	0.00342969078477511	0.0293980816034176	-0.0391874862983807	-0.0317779500666797	-0.0118690948181265	-0.00554044424479536	-0.0221358768952938	-0.0100451477670846
0.0524791089979242	0.0535375311531164	-0.031963233455358	-0.0308257531800274	0.0167983487715839	0.00160977962059135	0.0209243913910557	0.00526350752797812	0.00345247978523132	0.0293485403588164	-0.039194670987239	-0.0318177683024428	-0.0118452776374254	-0.00555699431458048	-0.0221556232645361	-0.0100543664646884
0.0524840641002731	0.053530148092526	-0.0319519528093282	-0.0308827124098197	0.0167920385947273	0.00159499813258625	0.0209248090892803	0.00525122943535202	0.0034675155243296	0.0293433477691827	-0.0391660230357674	-0.0318120979442713	-0.0118430941513889	-0.00555637545065588	-0.0221295010601879	-0.010046393876838
0.0525455425733975	0.0535585683356009	-0.0319055394119667	-0.0309988856016261	0.0168327970007416	0.0016136059598453	0.0209420087566386	0.00526494223057535	0.00347566273518356	0.0292901170897623	-0.0391612509383262	-0.0318359584314774	-0.0118480897662747	-0.00558750025480989	-0.0221167046864873	-0.0100693155907769
0.0525492697267854	0.0535426930091015	-0.0318872612729384	-0.0311179812840201	0.0168306009418489	0.00159636717693414	0.0209480828431943	0.0052542525087896	0.00352487568853804	0.0292700619870498	-0.0391231020984771	-0.0318438541852062	-0.011811237327604	-0.005576754653663	-0.0221024498614609	-0.010053563198872
0.0525571179830573	0.0535409076635131	-0.0318802623829558	-0.0311680463976319	0.0168188020147445	0.00158286951725119	0.020944777578983	0.00524352646541911	0.00353723899718988	0.0292678296065723	-0.0391016863333209	-0.0318377493650018	-0.0118095581528018	-0.00557724359807296	-0.0220658349100751	-0.0100526886868702
0.0525682226090995	0.053547184312753	-0.0318770479227064	-0.0311915199202621	0.0168189766377481	0.00158230653268773	0.0209431417106857	0.00524104123083248	0.00353575959110374	0.0292779954593474	-0.0391046409545411	-0.0318375970937427	-0.0118097411577095	-0.00557572787040208	-0.0220619498974919	-0.0100564032674018
0.0525923219805744	0.0535755305156744	-0.0318779601532769	-0.0311851901856291	0.0168266698287928	0.00160081796804881	0.0209494714453186	0.00525523877951369	0.00351582602600169	0.029273752818853	-0.0391202829847077	-0.0318441196121716	-0.0118319993042349	-0.00559058758951278	-0.0220665278141532	-0.0100729617190911
0.0525757230163482	0.0535692580573866	-0.0319005717367615	-0.0311573762336226	0.0168074780622098	0.0015954619312837	0.0209367840363722	0.00525616358294053	0.00351004530609194	0.0293050312912501	-0.0391249014139058	-0.0318310131080166	-0.0118320132740752	-0.00557582705626811	-0.0220711685950957	-0.0100630738661377
0.0525867731600133	0.0535938757099361	-0.0319031561572142	-0.0310889268101963	0.0168245408251334	0.00163670928170791	0.0209458672265252	0.00528735264835985	0.00347017817588784	0.0293019551324195	-0.0391702447215014	-0.0318547199269795	-0.0118554742238491	-0.0055817865901335	-0.0221235303504503	-0.0100694133796589
0.0525098719832149	0.0535389686496816	-0.031963628801838	-0.0310253696248376	0.0167547698548162	0.00156175270667704	0.0209047511925997	0.00522596358221335	0.00348219223853257	0.0293876628965334	-0.03912157379795	-0.031775114189102	-0.0118502550915188	-0.00554234693704211	-0.0220454445311957	-0.0100422001307845
0.0525207544887965	0.0535720687892519	-0.0319725499418437	-0.0309050753301472	0.0167667699476206	0.00160611812545277	0.0209179359278603	0.00526040482645092	0.00343612249924213	0.0293710751081795	-0.0391765618832781	-0.0318011567653605	-0.0118775717172112	-0.0055645897167432	-0.0220916260292084	-0.0100621183290623
0.0524735098859382	0.0535539261576743	-0.0320164864865227	-0.0307941142857509	0.016741161833395	0.00159260230497746	0.0209057165085633	0.00524937004961015	0.00341283896643984	0.0294311635821955	-0.0391934975206551	-0.031772561899282	-0.0118884947353297	-0.00553977229547767	-0.0221076005415738	-0.0100477615242018
0.0524540247527092	0.0535513836467425	-0.0320322165266832	-0.0307097755659849	0.0167380605288518	0.00159638533772651	0.0209052974133548	0.00525574588471602	0.00339154334191004	0.0294455636935608	-0.0392134073370287	-0.031769963508989	-0.0118973851416868	-0.00553701744297355	-0.0221281138550477	-0.010050125221178
0.052457005916626	0.0535577846275609	-0.0320204064237066	-0.0306816933930449	0.0167580066668101	0.00161315752797216	0.0209099326063612	0.00526605842081409	0.00338726018887879	0.0294276012729229	-0.0392332026007119	-0.0317838579121361	-0.0118960133033709	-0.0055446533576731	-0.0221602249299258	-0.010056755307377
0.0524376199692631	0.0535375046104198	-0.0320295776238534	-0.0306823709302987	0.0167520541178649	0.00160177350512427	0.0209062599353504	0.00525773658695657	0.00339912198026442	0.029429471834537	-0.0392205137947814	-0.0317765558766193	-0.0118817151718396	-0.0055327245110541	-0.0221545322200098	-0.0100435524113241
0.0524551996162772	0.0535449812689401	-0.0320159989390968	-0.0306963519464555	0.0167676444596224	0.00160866901828873	0.0209137812973596	0.00526063113786353	0.0033985073072919	0.0294043820013859	-0.0392151158484955	-0.0317862006543518	-0.0118908235077052	-0.00554802428013376	-0.0221486201836014	-0.0100526607471896
0.0524478808169521	0.0535254137136535	-0.0320011671596667	-0.0307531351562602	0.016762270262065	0.00158628514320077	0.0209076694922351	0.00524077300989902	0.00343488616837694	0.0293966385189162	-0.0391879906096149	-0.0317835282239054	-0.0118646593938362	-0.00553672407632758	-0.0221343471977827	-0.0100402653079051
0.052466383870409	0.0535265941651576	-0.0319724493589937	-0.0308283753190488	0.0167849754434795	0.0015972780105207	0.0209182153246659	0.00525346460979755	0.00345683139047996	0.0293544565861769	-0.0391786741231291	-0.0318061076767573	-0.0118444352560562	-0.00554873115405216	-0.0221365865631803	-0.0100428399494696
0.0525142417492559	0.0535528155553717	-0.0319476361286802	-0.0308890351595325	0.0168122026621941	0.00161134005175114	0.0209282093484055	0.00526327981958149	0.00344357959998602	0.0293280172664544	-0.0391779560733385	-0.0318196723916736	-0.0118702710786785	-0.00557049895918357	-0.0221210716585602	-0.0100575446033531
0.0525157910045434	0.0535251063771673	-0.0319106370066866	-0.0310550792841708	0.0168182222663727	0.00159129752189487	0.020937313493319	0.00525246856018526	0.00352318114691152	0.0292930661230464	-0.03913335735823	-0.0318359151249725	-0.0117963245231002	-0.0055554045467561	-0.0221261608713759	-0.0100435677781484
0.0525594900619376	0.0535476159808178	-0.0318767727168528	-0.0311346500974476	0.0168420059194572	0.00160739217488672	0.0209526705387438	0.00526760208816553	0.00351408538390223	0.0292548683887563	-0.0391250634640531	-0.0318522081496964	-0.0118206418240836	-0.00558575681874238	-0.0220903072762856	-0.0100603301895058
0.0525733607163561	0.0535534400072324	-0.0318823704318548	-0.0311682545482522	0.0168272663409729	0.00159415016328098	0.0209445023731294	0.00525377893120395	0.00351584139282601	0.0292559091418575	-0.0391051801903761	-0.031840259745301	-0.0118293464315649	-0.00558637009473087	-0.0220505533017878	-0.0100559143229919
0.0525788927731088	0.0535547699360275	-0.0318693952441985	-0.031206241337954	0.0168322396041142	0.00159807289443289	0.0209465699094915	0.00525068321459689	0.00353306341192882	0.0292674985213576	-0.0391158978518424	-0.0318472223136988	-0.0118076317118265	-0.00557871462225493	-0.0220809181466303	-0.0100557690366529
0.0525944314264573	0.0535724990603327	-0.0318756942451828	-0.0311858747078031	0.0168299639171319	0.0016059672511777	0.0209420143445747	0.00525645415561845	0.00350653608221245	0.02927959500606	-0.0391202522510591	-0.0318418984075664	-0.0118365730299441	-0.00559010982097505	-0.0220677264264496	-0.0100693323545852
0.0525805579780707	0.0535718354929191	-0.0319080972897228	-0.0311356433530919	0.0168041993406951	0.00159526775050375	0.0209271350676876	0.00524874978870151	0.00349183561928101	0.0293111179506621	-0.0391189265132161	-0.0318191596985352	-0.0118524804870761	-0.0055829502778292	-0.0220500615634098	-0.01006337980564
0.0525719721142318	0.0535816004112781	-0.0319222710896756	-0.0310627347566467	0.0167966416571011	0.00160487620665148	0.0209248300440407	0.00525480431748084	0.00346849760410161	0.0293344727296499	-0.0391518310750223	-0.0318148709575678	-0.0118638603189719	-0.00557423589145969	-0.0220812897443819	-0.0100666012508096
0.0525351965096827	0.0535616333185593	-0.0319502624586537	-0.0310089187409185	0.0167709301660574	0.00158678666046699	0.0209120602130366	0.00524196743124335	0.00347345270645055	0.0293659370009228	-0.0391477253389627	-0.0317947837242226	-0.0118510150508303	-0.00555307577438066	-0.0220898350956839	-0.0100523478227672
0.0525470094066273	0.0535987930937163	-0.0319696525969687	-0.0308903092089664	0.0167879286677156	0.00163029433104924	0.0209256612495376	0.0052772273081216	0.00341311417229344	0.0293758499995887	-0.0392024088817726	-0.0318122069090255	-0.0118992389394926	-0.00557056601441694	-0.0221281348098081	-0.010083360868199
0.0524764686981104	0.0535578460948582	-0.032020032031987	-0.0307850981508312	0.0167429583548556	0.00159553876540527	0.0209011874863431	0.00524631624252394	0.0034172506420017	0.029438257467092	-0.0391982724120644	-0.0317740287325118	-0.0118820043475335	-0.00552988444252425	-0.0221364482617615	-0.0100500553719765
0.0524375710748221	0.0535395120764687	-0.0320458315330245	-0.030703251650572	0.0167151471968171	0.00156533597071003	0.0208858262499662	0.00522454005548835	0.00340821494930564	0.0294698795975601	-0.0391920865667864	-0.0317387632676975	-0.0118879778512392	-0.00552001055941112	-0.0221143703261757	-0.0100437354162318
0.0524604033817832	0.0535623220316854	-0.0320295482871888	-0.0306678129597381	0.0167508094050955	0.00160166873132214	0.0209026459376688	0.00525682715035404	0.00338703667143424	0.0294292105985237	-0.0392230772604736	-0.0317692845747512	-0.0119022494400739	-0.00554590505536259	-0.0221474397320974	-0.0100656065981813
0.0524712467718121	0.0535661469739553	-0.0320167155919034	-0.0306766614565744	0.0167713758039624	0.00161854709235395	0.0209089295718288	0.0052719844270628	0.00338484899444568	0.0294080909939815	-0.0392293106032086	-0.0317853526850465	-0.0119053088350962	-0.00555428416556528	-0.0221656536098604	-0.0100678836821477
0.052468348029953	0.053553122891858	-0.0319990507288636	-0.0307282422978571	0.0167821786814545	0.00161707886214004	0.0209145468446072	0.00527114204569364	0.0034110745756119	0.0293879367054029	-0.0392173454350049	-0.0317979744357436	-0.0118817878150091	-0.00554665523578587	-0.0221769566076346	-0.0100574160808225
0.0524529867935761	0.0535259375826642	-0.0319948765405865	-0.030786608290566	0.0167591507967294	0.00158034935806386	0.0209030748117655	0.00523827939340822	0.00344636239217071	0.0293896298500454	-0.0391706805805183	-0.0317782657850702	-0.0118617438881688	-0.00554006705910767	-0.0221224686425887	-0.0100410601918173
0.0524742460965211	0.0535346128534809	-0.0319714491184293	-0.0308461952473158	0.0167779737595288	0.00159257855624897	0.0209140076087722	0.00525059799857116	0.00346154202062392	0.0293526628586844	-0.0391696049028164	-0.0318004582733462	-0.0118455360794706	-0.00554820030012135	-0.0221294172411462	-0.0100473605897856
0.0525138589756321	0.0535488341508906	-0.0319264718206491	-0.0309552214688327	0.0168125574961373	0.00160418469955739	0.0209321181097171	0.00525994661568959	0.00346742611735178	0.0293229629782394	-0.0391668276985678	-0.0318210386420534	-0.0118424235990552	-0.00555981761930199	-0.0221327867666229	-0.0100573015281321
0.0525349366706534	0.0535462637002782	-0.0319019743087261	-0.0310712717260446	0.0168204700136745	0.00159088541160648	0.0209417070080885	0.00524970951672906	0.00350640755968184	0.0292814781405304	-0.0391245381980584	-0.0318308957613582	-0.0118229552296347	-0.00556869126185075	-0.022099214446451	-0.0100523170891186
0.052574041047578	0.0535673972746607	-0.0318778456005866	-0.0311476364609762	0.016836596797299	0.00160102192771696	0.0209435733787505	0.00525374400660324	0.00351339247982412	0.0292552707201565	-0.0391144016819479	-0.0318438485972701	-0.011827190885209	-0.00558497450768644	-0.0220832664767821	-0.0100658734221308
0.0525758613177671	0.0535645683820031	-0.0318787075397322	-0.0311859822755733	0.0168252742417484	0.00159133104951156	0.0209357376953349	0.00524939519532265	0.00352538279374037	0.0292683339178066	-0.0391048700599218	-0.0318369097776007	-0.0118193803475059	-0.00557716396998334	-0.0220763947123462	-0.0100564759105713
0.05258474334222	0.0535718634325997	-0.0318810460909958	-0.0311928358792169	0.0168210804956949	0.00158863487033663	0.0209357013737501	0.0052436144754129	0.00351890916975249	0.0292764112794591	-0.0391042134774284	-0.0318322298811054	-0.0118309501692295	-0.00557829552704639	-0.0220623494349241	-0.0100590379792795
0.0525971946608656	0.0535893885972367	-0.0318890466185268	-0.0311610503016174	0.0168199866572007	0.00159934275291476	0.0209356580672453	0.00525340593646835	0.00349383190945767	0.0292901813510276	-0.0391206629643635	-0.0318275793212747	-0.0118543957521791	-0.00559154871452435	-0.022059352904183	-0.0100753533557479
0.0525531715031769	0.0535631574281344	-0.0319205527993206	-0.0311196003885091	0.0167870276130173	0.00157796191235923	0.020920133383737	0.00523776949423784	0.00350714097629677	0.0293303348629576	-0.0391187085837076	-0.0318102916439225	-0.0118257757403881	-0.0055567596212637	-0.022076486913292	-0.0100485214835133
0.0525804001188755	0.0536035959248061	-0.0319248401433039	-0.031033832554082	0.0168058743245452	0.00161272306593931	0.0209326098480952	0.00526459577853629	0.00344328623334005	0.029341403167415	-0.0391635643438774	-0.0318124779239271	-0.0118923126926795	-0.00558382339284699	-0.0220894243823796	-0.0100842130284563
0.0525196396955418	0.0535660589639615	-0.0319625112146153	-0.0309781850922924	0.0167638893665539	0.00158381387845443	0.0209209338555853	0.00524342029463295	0.00346690364532514	0.0293739836289267	-0.0391502063825973	-0.0317911627416209	-0.0118564241729884	-0.00554815839060049	-0.0221004074708113	-0.0100515878634558
0.0525149737688868	0.0535895562353201	-0.0319872937112801	-0.0308404480550227	0.0167686335243146	0.00161035098705899	0.0209202241876989	0.00526213429267815	0.00339878111616148	0.0294064215980675	-0.0391990170045515	-0.0317858821419933	-0.011909079294989	-0.00555906045395857	-0.0221188644237953	-0.010071430624596
0.0524694712051119	0.053567947686368	-0.0320262472139296	-0.0307408207420493	0.0167362290827905	0.00158943534218494	0.020895441691034	0.00524327500829399	0.00339525512847365	0.0294480014306905	-0.0392013807015277	-0.0317588085915218	-0.011905788000618	-0.00553527260992201	-0.0221222115975275	-0.0100545271178516
0.0524405564296909	0.0535481524226847	-0.0320330114105953	-0.030698098176491	0.0167307389355587	0.00158394519495311	0.0208941760235043	0.00523791897152888	0.00340427126339331	0.029454804742909	-0.0392068037935262	-0.0317584202299619	-0.0118833608190251	-0.00552151790517783	-0.0221513275386486	-0.0100420241107969
0.0524690549038714	0.053573745170086	-0.0320243389337467	-0.0306682585976432	0.0167605785144065	0.00161403064298995	0.0209085034917001	0.00526333290497457	0.00337586219619062	0.0294219253268153	-0.0392267415495803	-0.0317776650819379	-0.0119146085577737	-0.00555198333287041	-0.0221590165387412	-0.0100644205587412
0.0524272669206282	0.0535344829339663	-0.0320300064979501	-0.0306857055311746	0.0167396447087401	0.0015793058109946	0.0208992596483838	0.00524175089871894	0.0034158368941649	0.0294248855359716	-0.0391970710057999	-0.0317633948900872	-0.0118745891563105	-0.00552273747223467	-0.0221548940388732	-0.0100340347591382
0.0524563800677812	0.0535551024182263	-0.0320007145368415	-0.030705363890423	0.0167638628238574	0.00159411384169624	0.0209101561238058	0.00524795350780529	0.00340909784321163	0.0293918831852833	-0.0392024018968525	-0.0317835002842248	-0.0118870502538443	-0.00554579329664032	-0.0221542793659007	-0.0100494462869401
0.0524833250957221	0.0535567229196993	-0.0319736577501783	-0.0308103612100019	0.0167873209796632	0.001601612851961	0.0209199797154939	0.00525330675060233	0.00344357540903394	0.0293599537183289	-0.0391849563603051	-0.0318025774981174	-0.0118582500311136	-0.00555628744066208	-0.0221546705214287	-0.0100650366286977
0.0524769297028398	0.0535387269714447	-0.0319634457969303	-0.0308758322634795	0.0167815961391146	0.00158598618861868	0.0209180993749916	0.00524362565128513	0.00347325573170253	0.0293518148893791	-0.0391602828283945	-0.0318001663036843	-0.0118422266243072	-0.00554406383041309	-0.0221396752948672	-0.0100443417073002
0.0525383271508905	0.053567312058635	-0.0319097149972278	-0.0309917065007039	0.0168292472643253	0.00160983270598444	0.0209389060551114	0.00526246537789289	0.00347559987090228	0.0292963574174175	-0.039156575232783	-0.0318267900252986	-0.0118590155783612	-0.00557723661315282	-0.0221296421555748	-0.0100673667980572
0.052545027086291	0.0535505650141019	-0.0318911015820326	-0.0310998498283148	0.0168197868884846	0.00158336265261324	0.0209304068042823	0.0052429467170473	0.0035220412079443	0.0292800797595179	-0.039111609110875	-0.031827153241146	-0.0118292933461718	-0.0055710060643859	-0.0220926109029485	-0.0100515920544078
0.0525806054755277	0.0535710559758313	-0.0318702753441364	-0.0311671341670613	0.0168353828181783	0.00159779629159525	0.0209356091728043	0.00525141244025975	0.00352903171602269	0.0292553754939586	-0.0391108547394997	-0.0318441238031237	-0.011827488442807	-0.00558571910017361	-0.0220872520722153	-0.0100634217151608
0.0525917366442664	0.0535774932782344	-0.0318671684516571	-0.0312084848943037	0.0168335946786218	0.00160056790790771	0.0209363914838602	0.00525282060016043	0.00352907641951161	0.0292651432062856	-0.0391115923470667	-0.0318468060124583	-0.0118209617334261	-0.00557997470184859	-0.0220890402117718	-0.0100627958663161
0.0525733369676276	0.0535654191452764	-0.0318885632620529	-0.0311979837653618	0.0168015827896098	0.00157190878056392	0.020918662359555	0.005226731923429	0.00353392255710632	0.0292959844226819	-0.0390890659796078	-0.031816992976307	-0.0118262185843252	-0.00556609845949393	-0.0220542650883514	-0.01004836083035
0.0525917757598192	0.0535889094317149	-0.03189254326955	-0.0311609930252723	0.0168116843811195	0.00159665076469192	0.0209231089597176	0.00524783057321078	0.00350410393301891	0.0293011686304115	-0.0391194433973066	-0.0318239234140722	-0.0118501363478764	-0.00557828155720611	-0.0220698680029652	-0.0100700434194557
0.0525689113222255	0.0535813112355842	-0.0319193639659123	-0.0310952551478452	0.0167893340336483	0.00159296412384082	0.0209141696589195	0.00524479213294889	0.00349176716706361	0.0293287297283089	-0.0391294108783497	-0.0318091698657477	-0.0118514090003263	-0.0055640644507485	-0.0220826741555541	-0.010060631938056
0.0525564711794521	0.0535852102180076	-0.0319389119634225	-0.0310348509554387	0.0167848287601565	0.00159766776906464	0.0209148276383969	0.00524348315891423	0.0034624738089709	0.0293580202924335	-0.0391500541113382	-0.0318032815780677	-0.011871180515281	-0.0055573044450348	-0.0220940414145936	-0.0100533578422198
0.0525262194903158	0.0535781372878715	-0.0319686272106918	-0.0309347249191672	0.0167601873588785	0.00159631688550912	0.0209098110687507	0.00524678143820541	0.00344871770724269	0.0293785964701887	-0.0391571940967076	-0.0317898132550494	-0.0118749230354933	-0.005554810828544	-0.0221029024842861	-0.0100617718770232
0.0525013601595295	0.0535782672073862	-0.0320032989572941	-0.0308102075417587	0.0167465039003198	0.00160040306379235	0.0208984298398709	0.00524641961934204	0.00340418884133563	0.0294256650530595	-0.0391878201775635	-0.031767063370146	-0.0119061526134494	-0.00554529317635813	-0.0221194469661351	-0.0100619548819309
0.0524623689383112	0.0535628570765683	-0.0320297955533618	-0.0307200950870031	0.0167313172869464	0.00158830099115383	0.0208959613690926	0.00524050897991764	0.00339188560299701	0.0294516950564617	-0.0392011292444026	-0.0317528350878161	-0.0119074140900271	-0.00552990260331662	-0.022132890143441	-0.0100508334920804
0.0524574753032595	0.0535625902526188	-0.0320250779382977	-0.0306837050500459	0.0167423604456914	0.001597734824298	0.0209029141586023	0.0052507474758622	0.00338918243890195	0.0294397159184177	-0.0392160811644591	-0.0317633390107261	-0.0119042387453304	-0.00553727728200284	-0.0221569392234909	-0.0100560624032989
0.0524463790591215	0.0535522539677923	-0.032034073118457	-0.0306697896921384	0.0167331864515765	0.00159229357150716	0.0208950365656658	0.00524514976086017	0.00339596759032816	0.0294384320900955	-0.0392066585071872	-0.0317592137168901	-0.0118991076229939	-0.00553169912477722	-0.0221508246243983	-0.0100473326501051
0.0524608923261931	0.0535589888277935	-0.0320147989298164	-0.0306936320185521	0.0167601943437987	0.00160425873971089	0.0209040960070903	0.00525698081859717	0.00340261304335153	0.0294074819089451	-0.0392101160426576	-0.0317768869618341	-0.0118958372833833	-0.0055435832679073	-0.02216366989254	-0.0100569816187896
0.05245337655212	0.0535387996146142	-0.0319976830814997	-0.030741984429745	0.0167560536831383	0.00158612588702153	0.0209053421168437	0.00524193250664264	0.00342911662433941	0.0293944452539915	-0.0391816455081577	-0.0317772501776815	-0.0118779614757552	-0.00554088429476432	-0.0221416813639321	-0.010046101907176
0.0525003473461088	0.0535670619984939	-0.0319683478138861	-0.0308089628289894	0.0167940167241116	0.00161523763719053	0.0209251108378304	0.00526681977710959	0.00342988636253909	0.0293365863664849	-0.0391851226014045	-0.0318071470328745	-0.0118847242754369	-0.00557131759182425	-0.0221367542012637	-0.0100726907041896
0.0525047436548464	0.0535549850715679	-0.0319470088828515	-0.030905752867401	0.0168045374108299	0.00160812279753361	0.02093373162627	0.00526567285322223	0.00346269173847934	0.0293305667623063	-0.0391711597460401	-0.031817726392922	-0.0118547575710425	-0.00555798058530457	-0.022151938020669	-0.0100587278488252
0.05252760110752	0.0535475335587601	-0.0319169541684633	-0.0310230185007177	0.0168152131627754	0.0015906800549543	0.020942619238659	0.00525115818916657	0.00349536160696883	0.0292894535223488	-0.0391297279937241	-0.0318190311760046	-0.0118381586068164	-0.00557157882783757	-0.0221060135677175	-0.0100551375998721
0.052547534672622	0.0535491163416644	-0.031893377269015	-0.0311213703672731	0.0168186511404694	0.00158689841918926	0.0209448055186636	0.00524319677718839	0.00352334180007479	0.0292626495897948	-0.0391078721785989	-0.03183510627122	-0.0118155875358686	-0.00557035367284461	-0.022090036261384	-0.0100424907034624
0.0525785994064628	0.0535661441799872	-0.0318767294103479	-0.031175756352485	0.0168293981386004	0.00159885241152077	0.0209486905312467	0.00525427905148614	0.00352577394926833	0.02925475523305	-0.0391058870642945	-0.0318423971308645	-0.0118217831600348	-0.00558517707037057	-0.0220832678737662	-0.010065494839459
0.0525969446007245	0.0535797731561688	-0.0318771596814286	-0.0311939786121522	0.0168226870273277	0.00159473410260488	0.0209422699926519	0.00524928902453649	0.00351396664025981	0.0292656572964081	-0.0391033222016182	-0.0318325232477514	-0.0118412124139026	-0.00558934008277537	-0.0220622851736588	-0.0100655004273952
0.0525784555171079	0.0535704929912678	-0.0318851657968957	-0.0311929993263482	0.0168101882112251	0.0015880243883162	0.0209349791330074	0.00524365219398167	0.00352786523435893	0.029288138960378	-0.0391064109333051	-0.0318304487264691	-0.0118215917732229	-0.00557092643629628	-0.0220768403502512	-0.0100574132868544
0.052577136764185	0.0535790537093942	-0.0319111832274417	-0.0311352647704202	0.0167958160395403	0.00158909727205006	0.0209256137520807	0.00524342867653712	0.00349453878337607	0.029312435306601	-0.0391128929391972	-0.0318094380866811	-0.0118561475701508	-0.00557926363697811	-0.0220496159255047	-0.0100633141473906
0.0525842180762253	0.0536005071931192	-0.0319129308544613	-0.0310695101291847	0.0168095358196838	0.00162047493031322	0.0209319798082983	0.00526805610797478	0.00346116343795221	0.029322355290187	-0.0391591428894273	-0.0318246191121184	-0.0118687804967201	-0.00558148065063127	-0.0221042254281611	-0.0100776011030497
0.0525655096661162	0.0535960144924837	-0.0319372942559176	-0.0310139883959578	0.0167957447933548	0.00161262946800941	0.0209205133633928	0.00525987536950414	0.0034493170133909	0.0293523066277571	-0.0391588076132605	-0.0318078776555214	-0.0118824821160712	-0.00557562449358398	-0.0221031078409383	-0.0100727284227584
0.0525067790605758	0.0535728455123717	-0.0319905263323219	-0.0308960731650678	0.0167447255396516	0.00159292500828803	0.020897254976303	0.00524084146211641	0.00344268832417587	0.0294047535991375	-0.0391613906367291	-0.0317767318966069	-0.0118800583487819	-0.00554338349919123	-0.0221029192480945	-0.0100517303558267
0.0524972390566455	0.0535838467615958	-0.0320110633945243	-0.0307904346298199	0.0167503623702064	0.00161291165878315	0.0208997402108896	0.00526004580155561	0.0034030628722087	0.0294309316828467	-0.0392060005277098	-0.0317781135138111	-0.0119028529371742	-0.00554402750882835	-0.0221442434326403	-0.0100614044702237
0.0524453955823655	0.0535525221887257	-0.0320434832028727	-0.0306942425005725	0.016716959085102	0.00157912839402299	0.0208803291178142	0.00523549380725548	0.00339806865430696	0.0294624825671294	-0.039192018114569	-0.0317436792544936	-0.011906573105642	-0.00552738523809734	-0.022121745004862	-0.0100412529756132
0.052461329582194	0.0535659974966642	-0.0320327348077577	-0.030673257006497	0.0167420573001572	0.00159897394913124	0.0208880376756832	0.00524684569947072	0.00339100270909103	0.029438898682761	-0.0392105505046905	-0.0317598200079584	-0.0119079617077663	-0.00554296719795075	-0.0221450606682969	-0.0100607911942352
0.0524516373070046	0.0535553440964632	-0.0320261103094948	-0.0306820775636527	0.0167475865629419	0.00159833413044621	0.0208905718047108	0.00524598236334113	0.00340466800685739	0.0294253619075253	-0.0392051553523726	-0.0317670535912578	-0.0118921282907877	-0.00553775085958849	-0.0221558034754757	-0.0100534067366608
0.0524572825194636	0.0535482264628382	-0.0320096021492305	-0.0307136033022229	0.0167609431272379	0.00159792202015781	0.0209044201073849	0.00525176168626686	0.00341547647228556	0.0294029780324373	-0.0391985937183909	-0.0317802061958857	-0.0118837561655052	-0.00554524847286922	-0.0221582495945096	-0.0100497508294583
0.0524907598447215	0.0535626601018202	-0.0319742025739494	-0.0307854697485828	0.0167920288158391	0.00161441201962972	0.0209182278975222	0.00526456364790364	0.00342470215480949	0.0293661814731278	-0.0391959618004813	-0.0318033234875886	-0.0118841193813526	-0.0055670246599048	-0.0221569364295228	-0.0100664978739915
0.0524966090168487	0.0535540923987737	-0.0319643077360759	-0.0308526660773356	0.0167944358193202	0.00160702895903932	0.0209236747382491	0.0052627014681937	0.00345019851031286	0.029342973377463	-0.0391705995554447	-0.031809678367934	-0.0118659320462861	-0.00556631638900237	-0.0221425488910137	-0.0100596652251083
0.0524973186847351	0.0535324950256938	-0.0319393017219665	-0.0309471971925732	0.0167926644435721	0.00158160943765753	0.0209185058973439	0.00524501565039344	0.00348146301286972	0.0293394809173919	-0.0391427995732784	-0.0318033360604448	-0.0118407248664766	-0.00555228508142055	-0.0221206274176392	-0.0100422811558582
0.0525307652763444	0.0535406617943241	-0.0318985908134092	-0.0310518396782088	0.0168158515844764	0.00158716105218661	0.0209346969422337	0.00524951673293313	0.00350829348812026	0.029280525397423	-0.0391223169934532	-0.0318276016730191	-0.0118271042721992	-0.00557509783060525	-0.0220939310528554	-0.0100509899542916
0.0525774832162241	0.0535688501380503	-0.0318718553330726	-0.031128726885167	0.0168393237101225	0.00160631929115287	0.0209464567537852	0.00526545632069782	0.00350717869486554	0.029245525359574	-0.0391197884523616	-0.0318485648153502	-0.0118409595597934	-0.00559483162699123	-0.0220814559854813	-0.0100704108262552
0.0525913636495308	0.0535759356410427	-0.0318682567022153	-0.031173005690933	0.0168369544252103	0.00160842035513167	0.0209436180822394	0.00526339996020793	0.00351187256120116	0.0292511356474323	-0.0391134182051919	-0.0318495035886173	-0.0118407583940933	-0.00559020481588898	-0.0220773432645015	-0.0100702096605551
0.052581207575644	0.0535670536165897	-0.0318793515493693	-0.0311813736252634	0.0168156671825847	0.00158845186542891	0.0209385805578328	0.00525185807816482	0.00351959788287852	0.0292745071902284	-0.0390993449880892	-0.0318366820692041	-0.0118366987585066	-0.00557990904359926	-0.0220629124194875	-0.0100606514958324
0.052579440390848	0.0535705167399963	-0.0318868184290014	-0.0311796762896688	0.0168146599571001	0.00159055153242368	0.0209403449486607	0.00525069439046912	0.00351467910211433	0.0292942200318539	-0.0391105446090453	-0.0318339342016201	-0.0118330121176555	-0.00557521657424767	-0.0220713627758757	-0.0100645420963516
0.052570558366395	0.0535739281749938	-0.031910609067006	-0.0311189996853768	0.0168019334326009	0.00159228658658702	0.0209330722498086	0.00525419523244443	0.00348910032455329	0.0293144623304263	-0.0391214606422437	-0.0318184975281057	-0.0118548358021481	-0.00557708015094163	-0.0220636821576872	-0.0100643716643002
0.0525679879157827	0.0535892391199457	-0.0319295409945596	-0.0310357617890253	0.0167900423045507	0.00159751689478956	0.0209233939444594	0.00525079776728722	0.00345420925145855	0.0293421114383175	-0.0391458463954444	-0.0318060252546996	-0.0118847871397182	-0.00557705779919718	-0.0220697394804346	-0.0100665397835123
0.0525220746387034	0.0535587485465406	-0.0319668264982792	-0.0309709221723285	0.0167544778851542	0.00157697284766708	0.0209058673828384	0.00523365118532195	0.0034668575448522	0.0293730434586756	-0.0391336674886844	-0.031784346856546	-0.0118650533433322	-0.00555055142424124	-0.0220730726843265	-0.0100472530220155
0.0525289478001234	0.053590141571628	-0.0319868201336944	-0.0308510832944314	0.0167710964071568	0.00161851356473727	0.0209150874774262	0.00526819580637762	0.0034054684787057	0.0293945793644582	-0.0391972693775319	-0.0317969420645466	-0.0119047165138682	-0.00556171612059667	-0.0221233752852232	-0.010070107680721
0.0524840124118641	0.0535680943696909	-0.0320242676875612	-0.0307633610793485	0.0167480210249747	0.00160382008672596	0.0209061160459955	0.00526103486624776	0.00339323369258447	0.0294350499917626	-0.0392052126287177	-0.0317743081293175	-0.011906378924862	-0.0055388363161786	-0.0221375993766009	-0.0100494183472596
0.0524397377970502	0.0535374990224837	-0.0320418543194955	-0.0307076339894693	0.0167252264365824	0.00157610811455346	0.0208995935275666	0.00524074367323442	0.00340309500284135	0.0294564448021584	-0.0391959771673056	-0.0317557519904675	-0.0118898120912686	-0.00552083897094	-0.0221358293978369	-0.0100307504496873
0.0524621859334035	0.0535588742751031	-0.0320273634041683	-0.0306735629459993	0.0167520778665933	0.00160521707075442	0.0209114692887925	0.00526037548978632	0.00338045967062827	0.0294243099785519	-0.0392178748919517	-0.0317740734360008	-0.0119088487926243	-0.00554964338462274	-0.0221480041136449	-0.0100555986046015
0.0524639950277203	0.0535578223461297	-0.0320137749405235	-0.0306886964739795	0.0167670744901388	0.00161134005175114	0.0209185086913119	0.00526690080218324	0.00338504038125758	0.0294019344853681	-0.0392167587017129	-0.0317854965744014	-0.011901518817427	-0.00555328811595299	-0.0221557839176993	-0.0100572987341641
0.052492107934309	0.0535727700752342	-0.0319891712578143	-0.0307180051988966	0.0167906276408586	0.00162228681859813	0.020925678013346	0.00527373484805045	0.00338416307528771	0.0293704352894944	-0.03920954467619	-0.0318008801625228	-0.0119122979461906	-0.00557497489601075	-0.0221543813457348	-0.0100725482118187
0.0524452628688828	0.0535148608963026	-0.0319876247964948	-0.0308149181719027	0.0167592723343399	0.00157141843916993	0.0209096560035236	0.00523129307628191	0.00346449943581217	0.0293796036956732	-0.039158243231713	-0.0317844697911405	-0.0118398517514589	-0.00553071425103716	-0.0221342605847729	-0.0100257841714661
0.0525004088134061	0.0535553440964632	-0.0319562387563275	-0.0308434795103645	0.0167941228948978	0.00160016697349154	0.0209274745348066	0.00525521363380118	0.00344074372240826	0.0293325798162913	-0.0391655704129422	-0.0318058562196322	-0.0118840593110394	-0.00557700052285201	-0.0221099823993424	-0.0100638673530659
0.0525369483276544	0.0535600994300961	-0.0319083892593848	-0.0309899784314607	0.0168354456824596	0.00161191840313892	0.0209444562726565	0.00526980373499438	0.00347341638486581	0.0292908211697127	-0.0391600998234868	-0.0318366625114277	-0.0118470951136464	-0.00558129764572354	-0.0221353795689797	-0.0100640070514687
0.0525574825958887	0.0535583043056195	-0.0318834964009817	-0.031098681949667	0.0168407137092309	0.00160321658962567	0.0209523394535291	0.00526134779067013	0.00350170670842608	0.0292559454634423	-0.0391224217672553	-0.0318441573307404	-0.0118363956129725	-0.00558700432547979	-0.0220995790592824	-0.0100593201700533
0.0525765234881966	0.0535608049070305	-0.0318739102965784	-0.0311681316136577	0.0168387663134952	0.00159632945836537	0.0209499226711598	0.00525528767395468	0.00351529377508685	0.0292497065327712	-0.0391041184825144	-0.0318443165869196	-0.0118289329242924	-0.00559201391020583	-0.0220718433383815	-0.0100593676675102
0.0525782725122002	0.0535574353815538	-0.0318783527057889	-0.0311978091423582	0.0168201752500445	0.00158623205780769	0.0209375677444122	0.00524351389256285	0.00352222840380411	0.029266587687771	-0.0390950827898184	-0.0318305199726546	-0.0118226017926755	-0.00558244177564285	-0.0220539340031366	-0.0100512707480813
0.0525848564979263	0.0535657628033474	-0.0318792789061998	-0.0311964778165791	0.0168137952239865	0.00158660225857523	0.0209326629334882	0.00524147010492922	0.00351725653764683	0.0292770161735435	-0.03909761831583	-0.0318269981759188	-0.0118264784233544	-0.00558493259816559	-0.0220533179331801	-0.0100543203642154
0.0525769495683252	0.0535702610919191	-0.0318909632806138	-0.0311681525684181	0.0168052624455407	0.00158721134361164	0.0209283769864889	0.00523993342249792	0.00350570627369955	0.0293000217065241	-0.0391095709111775	-0.0318203988233684	-0.0118310549430317	-0.00557721565839239	-0.0220614036767368	-0.0100549629768685
0.0525429749167532	0.0535660142604726	-0.0319332527811233	-0.0310578243577867	0.0167756016806485	0.00157829299757397	0.0209172011142613	0.00523441254161746	0.0034766266541632	0.0293501343175929	-0.0391300227573541	-0.0317957224974898	-0.0118496515944185	-0.00556188236169605	-0.0220659187291168	-0.010046983404098
0.0525597652677912	0.0535898677627585	-0.0319407364245637	-0.0309815560147531	0.0167896204153741	0.00160862850575191	0.0209225920756271	0.00525875778228137	0.00343525776612851	0.029345623456165	-0.0391640155697186	-0.0318028261612745	-0.0118851643254059	-0.0055822182581983	-0.0220883556895978	-0.0100652405883659
0.0524891868407055	0.0535540462983008	-0.0319964732933311	-0.0308777461315985	0.0167390244478314	0.00157821616345241	0.0208946831287066	0.00523245816096165	0.00344208343009155	0.0294133576237688	-0.0391591345075231	-0.0317695807353652	-0.0118731307049848	-0.00553428773618194	-0.0220954775141749	-0.0100372254706592
0.0525056894130337	0.053588519673171	-0.032005697578871	-0.0307525246742397	0.0167571363457604	0.00161528234067945	0.0208956288868939	0.00526199180030725	0.00337637628631309	0.0294229088035713	-0.0392079660842378	-0.0317740217475917	-0.0119298077440033	-0.00556201926613084	-0.022120370372578	-0.0100711260820778
0.0524581137249605	0.0535574395725059	-0.0320289098654878	-0.0307081229338792	0.0167393555330462	0.00159835089425455	0.0208852912050833	0.00524742963879462	0.0033956993693947	0.0294504796803569	-0.0392051385885642	-0.0317627229407695	-0.0118995323061386	-0.00553297317421117	-0.0221536632959441	-0.010041096513402
0.0524779983956216	0.0535751561239548	-0.0320133167297622	-0.0306823821061709	0.0167692984887121	0.00163356886161194	0.0209099144455689	0.00527636676596007	0.00337170756568999	0.0294173907166589	-0.039229867999836	-0.0317880334973971	-0.0119195007958413	-0.00555564622499302	-0.0221782138932602	-0.0100644401165176
0.0524598515730919	0.0535555340862911	-0.0320199747556418	-0.0306862685157381	0.0167628863320215	0.00161372330650369	0.0209091796319699	0.00526751826912382	0.0033797346359175	0.0294165888478266	-0.0392105309469141	-0.0317742173253557	-0.0119169499030054	-0.00554759680302105	-0.0221595250409275	-0.0100499533921425
0.0524625728979794	0.0535490688442074	-0.0320089832853059	-0.0307145937638991	0.0167683345697325	0.00160569344230812	0.0209179135761158	0.00526076245436221	0.00339360948128813	0.029396042006736	-0.0392011711539234	-0.0317795873319611	-0.0119056455082471	-0.00554874232992439	-0.0221493158816476	-0.0100459580178211
0.0524557849525851	0.0535254053317494	-0.0319878539018755	-0.0307915885386274	0.0167687438860528	0.00158538269151839	0.0209172276569578	0.00524717957865352	0.00344008574293085	0.0293791063693591	-0.0391730009709896	-0.0317860176494441	-0.0118669476536748	-0.00554238744957894	-0.0221360990157543	-0.0100350210298623
0.0524854177777967	0.0535395036945645	-0.0319577740417748	-0.0308474064324685	0.0167927440716617	0.0016027667607685	0.0209321977378068	0.00525890865655644	0.00344924437022142	0.0293357831006686	-0.0391701008321465	-0.0318099843074363	-0.0118640922183206	-0.0055611237993686	-0.0221353893478679	-0.0100506951906616
0.0525213943074816	0.0535480322820583	-0.0319228256923349	-0.0309535646457749	0.0168163600866628	0.00160414279003653	0.0209383793921327	0.00525842949103468	0.00345922582110474	0.0293142485918699	-0.0391560737155168	-0.0318160067055829	-0.0118645937355869	-0.00557277883711801	-0.0221180765248032	-0.0100562929056636
0.0525570970282968	0.0535545883281038	-0.0318875029511753	-0.0310737206390465	0.0168378023945156	0.00161215169947167	0.0209507021882477	0.00526862887142645	0.00349671668147643	0.0292629806750096	-0.0391325303436852	-0.0318472698111558	-0.0118385022648874	-0.00558546764304849	-0.0221147167782148	-0.0100609574353346
0.0525544567284831	0.0535399227897731	-0.0318822977886853	-0.0311657455649371	0.0168227792282735	0.00158932777441475	0.0209430327459315	0.00525293515285076	0.00353138144315856	0.0292625084944079	-0.0390959209802355	-0.0318386001282752	-0.0118114370963201	-0.0055724393699991	-0.0220846117724015	-0.0100452916564395
0.0525748554892666	0.0535565441057437	-0.0318786181327543	-0.0311785838481586	0.0168234190469586	0.00159184513963403	0.0209431137710051	0.00525840294833814	0.00351393870057925	0.0292632377200708	-0.0390974269290181	-0.031832305318243	-0.0118382228680817	-0.00558914450501138	-0.0220510031306449	-0.0100600521896842
0.0525812131635801	0.0535631923527351	-0.0318730427694968	-0.0311900181624315	0.016820053712434	0.00159158669758876	0.0209408660237033	0.00526008910806049	0.00351520017715694	0.0292699530222956	-0.0391032062519439	-0.0318364529638234	-0.01183568734207	-0.00558727953133339	-0.0220557319215813	-0.0100607353148741
0.0525736401131618	0.0535669292850112	-0.0318984748637348	-0.0311514348605496	0.0167984214147534	0.0015846618477597	0.0209309907436062	0.00524576583081672	0.00350013929234615	0.0293020990217744	-0.0391048560900815	-0.0318175615488066	-0.011854145692038	-0.00558374376475737	-0.0220369075617978	-0.0100555231674639
0.0525670142179148	0.0535726192009591	-0.0319181988812326	-0.0310976663422783	0.0167949024119857	0.0015960067550548	0.020927203519905	0.00525465204622174	0.00348155521381559	0.0293186295337831	-0.0391275752413363	-0.0318162749265164	-0.0118585811163284	-0.00557322587200712	-0.0220622195154094	-0.0100588410045315
0.0525358111826552	0.0535609068868645	-0.0319396789076542	-0.0310356402514148	0.0167803737780897	0.00158771425786189	0.0209199392029571	0.00524492903738368	0.00347299449568921	0.0293601814267256	-0.0391406063083537	-0.0318047637781219	-0.0118558542035048	-0.00555512095899832	-0.0220815984778522	-0.010049587382327
0.0525479286221181	0.0535864130212561	-0.0319510978551028	-0.0309538747762292	0.016787797351217	0.00161630493298828	0.0209229147789377	0.00526936228804139	0.00343446288221632	0.0293538139735238	-0.0391710465903338	-0.0318103712720122	-0.0118862050785071	-0.0055727536914055	-0.0221033662829836	-0.0100702823037246
0.05250482467992	0.053574869742229	-0.0319940453350896	-0.0308493007428111	0.0167638488540171	0.00161260711626495	0.0209058729707745	0.00526727379691884	0.00341342011179567	0.0294107340877633	-0.0391916870293542	-0.0317905103500796	-0.0118932109534098	-0.00554303565016814	-0.0221343108761979	-0.0100573504225731
0.0524714674952885	0.0535625902526188	-0.0320180818422832	-0.0307585833939711	0.0167509435155622	0.0016090895104813	0.0209022436062686	0.0052648514266135	0.00339421158140439	0.0294407217469182	-0.0392089956614668	-0.0317760124498323	-0.0119022270883294	-0.00553240460171159	-0.0221485796710646	-0.0100512344264966
0.0524500936396532	0.0535509617575659	-0.0320353206251944	-0.0306864375508055	0.0167377727501419	0.00159249892815935	0.020892000919372	0.00525168066119321	0.00337862682758293	0.0294506626852647	-0.0392040838656227	-0.0317514981741009	-0.0119189294293737	-0.00553180669254741	-0.0221277087296794	-0.0100485131016091
0.0524635032893423	0.05356294089561	-0.0320249061092622	-0.0306742795988059	0.0167569491499006	0.00161531866226419	0.0208968051474458	0.00526884540395086	0.00337670318057575	0.029426230831591	-0.0392196644284921	-0.0317740077777514	-0.0119134993524551	-0.00554253692686998	-0.0221607460049684	-0.0100576563620754
0.0524518286938165	0.0535457007157148	-0.032017581722001	-0.0307002816625275	0.0167589761737259	0.00160795795341825	0.0208949429677359	0.00525737197412514	0.00340443471052464	0.029413908035476	-0.0392028405498374	-0.0317786639255183	-0.0118864383748398	-0.00553344675179682	-0.0221686208039368	-0.0100472474340793
0.0524451427282563	0.0535316833779732	-0.0320015583151946	-0.0307356672679683	0.01675662644659	0.00159291243543177	0.0208958118918016	0.0052460591974627	0.00342517433541111	0.0294012318024018	-0.0391833749743849	-0.0317784655537862	-0.0118713537413006	-0.00553032030154113	-0.022155078440765	-0.0100388236203878
0.0524709073046931	0.0535367055355555	-0.031981694599294	-0.0308012766228648	0.0167704775432321	0.00159668289532457	0.0208998282208834	0.00525005317480006	0.00343768432738594	0.0293695970990774	-0.0391650758805962	-0.0317871673672995	-0.0118701090285312	-0.00554874512389245	-0.02212862096025	-0.0100492465182241
0.0524927784866427	0.0535423493510305	-0.0319545484056531	-0.0308744227065948	0.0167913876001701	0.00161088742892592	0.0209100988474606	0.00526119551941103	0.00345606863720043	0.0293408862833245	-0.0391665846233469	-0.0318088150318044	-0.0118538034309511	-0.00555181848875505	-0.0221460217933085	-0.010049637673752
0.0525315839089851	0.0535500858485801	-0.0319114961518641	-0.0309983603356314	0.0168227275398645	0.00161314774908396	0.0209285194788598	0.00526557925529232	0.00347372930928818	0.0292978843209606	-0.0391449453407461	-0.0318262465985115	-0.0118491514741363	-0.00557266987236379	-0.0221254330426971	-0.0100549545949643
0.0525469241906016	0.0535411297839737	-0.0318910596725118	-0.0310973492269038	0.0168289259579987	0.00159241231514958	0.020935746077239	0.00524953768769356	0.00350563223354605	0.0292699069218227	-0.0391062698379183	-0.0318272454420919	-0.0118317548320299	-0.00557831787879084	-0.0220857740631132	-0.0100524442146652
0.0525810245707362	0.0535618861726685	-0.0318734995832741	-0.031154846295547	0.0168434462099905	0.00160391508163989	0.0209430020122828	0.00525753123030439	0.00350953540692155	0.0292474573884854	-0.0391071052343673	-0.0318459175306162	-0.0118324337662678	-0.00559392777832482	-0.0220752994768679	-0.0100647684077642
0.0525932118594005	0.053568194952541	-0.0318681072249242	-0.0311944256470413	0.0168369027368012	0.00160083612884118	0.0209342457163925	0.00525355820772746	0.00351425721293774	0.0292604046364611	-0.0391038809952296	-0.0318422015531005	-0.0118282484021185	-0.0055856743966847	-0.0220739527842644	-0.0100651204477394
0.0525761253477484	0.0535592444758707	-0.0318822880097971	-0.0311911273677501	0.0168143623995021	0.00158553775674555	0.0209270163240452	0.00524000327169934	0.00352363516672077	0.0292833948026174	-0.0390944583379577	-0.031830342555683	-0.0118202115530028	-0.00557216137017744	-0.0220648430514149	-0.0100538872991666
0.0525987006096483	0.0535892852204186	-0.0318947826349476	-0.0311384890095578	0.0168195033007268	0.00160683896921146	0.02092764217289	0.00525446485036192	0.00347843993943214	0.0292906367678209	-0.0391208110446705	-0.0318281967882153	-0.0118647138762133	-0.00559084742854207	-0.0220588974873897	-0.0100687735609738
0.0525773239600449	0.0535816325419107	-0.0319168074851403	-0.0310846296873247	0.0168029322761813	0.00160969161059756	0.020919296590304	0.00525497055858022	0.00347069785394643	0.029318523362997	-0.0391352810052372	-0.0318195326932708	-0.0118574132376806	-0.00557080629566983	-0.0220879854888303	-0.0100626128614083
0.0525490392244207	0.0535672058878488	-0.0319384314009167	-0.0310328728260544	0.0167856669505736	0.00159850595948171	0.0209114860526009	0.00524805409065534	0.00346145680459818	0.0293568691775941	-0.03914474557203	-0.0318025327946285	-0.0118572889061021	-0.00555371699004972	-0.0220961760061891	-0.0100525196518027
0.0525283219512787	0.0535737577429423	-0.0319728726451543	-0.0309223183040104	0.0167637650349754	0.00160896936985485	0.0209028387214647	0.00525507533238236	0.00343526335406462	0.0293714229572025	-0.0391586455631132	-0.0317974338029246	-0.0118765086123656	-0.00555096493151366	-0.0221043539506917	-0.0100563166543921
0.052504921071818	0.0535758155004162	-0.0320007438735061	-0.0308058419666698	0.0167578432196788	0.00161943138324396	0.0208979003829241	0.00526294454341466	0.00339335523019495	0.0294159043256526	-0.0391967538904254	-0.0317796180656097	-0.0119053409657289	-0.00554452623212651	-0.0221321804755545	-0.0100631101877225
0.0524607428489021	0.0535539219667222	-0.0320274206805135	-0.0307220117490902	0.016738609543575	0.00160274580600808	0.0208879873842582	0.00524715303595698	0.00338804669088682	0.0294481020135405	-0.0392004084006439	-0.0317588644708829	-0.0119042122026339	-0.00552580664614519	-0.0221384948433632	-0.0100500902965773
0.052455191234373	0.0535590097825539	-0.0320322793909644	-0.0306709240431695	0.016743026807073	0.00160186570607015	0.0208868390633868	0.00524665291567479	0.00337279441926413	0.0294418351431888	-0.0392081281343851	-0.0317578893760311	-0.0119133177445314	-0.00552990539728468	-0.0221426382979916	-0.0100521326872269
0.0524591866086944	0.0535558973021385	-0.0320181810281493	-0.0306832901457894	0.0167680775246713	0.00161884744392007	0.0209052736646263	0.00526291939770214	0.00338088016282083	0.0294205506945313	-0.0392219247486502	-0.0317861252172143	-0.0118945031636361	-0.00552783227298645	-0.0221834134678141	-0.010056362754865
0.0524543767926844	0.0535451419221034	-0.0320190569371351	-0.0306978900258708	0.016764921737751	0.00160350995627164	0.0209028107817841	0.00524561495654165	0.00339676806217647	0.0294111364191635	-0.0391982584422241	-0.0317765181580506	-0.0118919816074647	-0.00553185977794049	-0.0221579366700872	-0.0100507790097033
0.0524621663756271	0.0535406603973401	-0.031992246019661	-0.0307566862896605	0.016776019378873	0.00159728499544084	0.0209028219576564	0.00524064169340034	0.00342246139242785	0.0293889523127916	-0.0391884572022804	-0.0317888674968621	-0.0118665117946579	-0.00553104393926787	-0.0221577019767704	-0.0100494937843971
0.052486807776905	0.0535485156385321	-0.0319700409585286	-0.0308195519679251	0.0167905354399127	0.00160364266975434	0.0209083079139361	0.00524326662638981	0.00343425054064399	0.0293495783179496	-0.0391705883795724	-0.0317994971483346	-0.0118662337948363	-0.00554721682336531	-0.0221383579389284	-0.010053417912533
0.0525122482530473	0.0535513808527745	-0.0319479532440547	-0.0308945155278761	0.0168049118025496	0.00160286454965049	0.0209170739887147	0.00525102687266789	0.00344330718810048	0.0293375796221292	-0.0391596094820928	-0.0318053938179188	-0.0118643967608388	-0.00555872378080771	-0.0221238027623359	-0.0100659977537093
0.0525297776086363	0.0535378636353151	-0.0319192703679824	-0.0310257370316371	0.0168126510940672	0.00158943673916897	0.0209186441987627	0.00524209176282188	0.00349563820980647	0.0292947816194334	-0.0391238187512837	-0.0318178381516443	-0.0118212970095929	-0.00555739943994873	-0.0221047087846349	-0.010050815331288
0.0525628288537656	0.053547087920855	-0.0318824416780402	-0.0311329653347093	0.016835174667558	0.00159908570785352	0.0209297236790924	0.00525122664138396	0.00351626188501857	0.0292610235003857	-0.0391139239134102	-0.0318411580060313	-0.0118051660350163	-0.00556797879999624	-0.0221018323945203	-0.0100569466941889
0.0525646519179227	0.0535419595924866	-0.0318819150150615	-0.0311856134717898	0.0168246148652869	0.00158689422823718	0.0209354135950403	0.00524109152225751	0.00352841145511406	0.0292677415965785	-0.0390940629914776	-0.031834663427283	-0.0118015101278138	-0.00556407702360476	-0.0220767635161297	-0.0100521731997637
0.0525928626133934	0.0535651858489437	-0.031872368026211	-0.0311906845238131	0.0168348324064711	0.00159827406013299	0.0209454746740132	0.00525240429891995	0.00350107806561327	0.0292666044515794	-0.0391054819389262	-0.0318336995083034	-0.0118336267906281	-0.00558635891885864	-0.0220637520068886	-0.010070744705438
0.0525665462282653	0.0535503135569767	-0.0318942811176814	-0.031176834824155	0.0168025481055734	0.00157640567215152	0.0209370396844494	0.00523554270169648	0.00351199968674775	0.0292986037677352	-0.0390940015241804	-0.0318182851865334	-0.0118212970095929	-0.00556680952436442	-0.0220502152316529	-0.0100572749854356
0.0526012808391489	0.0535881327085951	-0.0318972315479495	-0.0311363781666908	0.0168262409546961	0.0016137777888808	0.0209411077019403	0.00526444350727719	0.00346908433739356	0.0292958097996783	-0.0391355310653783	-0.0318325903029848	-0.0118551599024427	-0.00558475797516203	-0.0220783337261777	-0.0100798949508244
0.05252740692674	0.0535390468807872	-0.0319417129163996	-0.0310753369495674	0.0167730200541639	0.00156786590878557	0.0209128536999647	0.00522698058658607	0.00349174760928721	0.0293622601389599	-0.0391190592266988	-0.0317934537954275	-0.0118187726594535	-0.00553350682211004	-0.0220807938150518	-0.0100385456205661
