0.052593925718239	0.0536268892364966	-0.031786211830224	-0.0310741970106002	0.0167725506675304	0.00151424407383729	0.0209735833896498	0.0051681507951797	0.00346510432989649	0.0293648752930612	-0.0392016265707167	-0.0319114039509182	-0.0119499326959172	-0.00553992177276871	-0.0220405830267767	-0.00997544664596875
0.0525669583385537	0.0536231453193003	-0.0318209129134909	-0.030975167606791	0.0167549039652829	0.0015249170318147	0.0209632010043503	0.00517761675895652	0.00344578124681488	0.0293952177861593	-0.0392193179764531	-0.0319050895831096	-0.0119608068195947	-0.00552772889616834	-0.0220643988104938	-0.00997831884513126
0.0525242413609316	0.0536091503333033	-0.0318590701352442	-0.0308672561785288	0.016729084906469	0.00151628646448689	0.0209488930939309	0.00516572283693824	0.0034229349700135	0.0294475404259611	-0.0392357493025958	-0.0318772197517419	-0.0119735724596468	-0.00550696691953742	-0.0220755551249451	-0.00996846451979453
0.0524695983306585	0.0535740650794286	-0.0318892827088276	-0.0307820890472339	0.0166973524142626	0.00148544804205871	0.0209292305437303	0.00513828187966727	0.00342627236485748	0.0294825949461871	-0.0392291485530613	-0.0318456074001619	-0.011963127210066	-0.00548221655350525	-0.0220681944160991	-0.00994317771189543
0.0524936627775327	0.0536004317559817	-0.0318752541952138	-0.0307341976407704	0.0167290164542516	0.00151474279713545	0.0209435943335109	0.00515964176546237	0.00339680438376121	0.0294487907266665	-0.0392533191707217	-0.0318644583026419	-0.011993221040007	-0.00551132690669023	-0.0220865312284566	-0.00996837650980073
0.0525078617231979	0.0536069193498098	-0.031860585862915	-0.030741590480249	0.0167515078971097	0.00153882121384993	0.0209519594738733	0.00517761815594055	0.00339323369258448	0.0294240976369795	-0.0392630365916236	-0.0318842563602932	-0.0119927013619484	-0.00551909972582456	-0.0221157840740125	-0.00997496468647894
0.0524725976553676	0.0535687719069447	-0.0318639763431521	-0.0307806766963812	0.0167295207654859	0.00150512176813147	0.0209424446156555	0.00515370877429351	0.0034447614484741	0.0294279714736904	-0.0392308877981767	-0.0318728276339564	-0.0119484826264957	-0.00549450582200358	-0.0221081327924887	-0.00994540869538888
0.0525164308232285	0.0535951930658749	-0.0318274298439836	-0.0308319949046665	0.0167615298605299	0.00152405509266914	0.0209535771813783	0.00516877524704042	0.0034374761767657	0.0293912042510455	-0.0392331215756382	-0.0318972119901731	-0.0119642168576082	-0.00552640036435728	-0.022093222781953	-0.00997464338015239
0.0525207405189562	0.0535846612032844	-0.0318092620666936	-0.0309065421633771	0.0167681194341921	0.00151908881444798	0.0209620890050637	0.00516515007348657	0.00347167015483024	0.0293581641817885	-0.039209298807001	-0.0319106942830317	-0.011936370774969	-0.00552356588376354	-0.0220869014292242	-0.00996704797798967
0.0525463165025492	0.0535881313116111	-0.0317892516674699	-0.0309807443670326	0.0167791667838891	0.00150449871325477	0.0209650226715234	0.00515397978919504	0.00347628020212414	0.0293472174149415	-0.0391891542973106	-0.0319065536223714	-0.0119451717743482	-0.00553241158663173	-0.0220486073030361	-0.00996871877088771
0.0525812746308773	0.0535953956285591	-0.0317391614081456	-0.0311133572668859	0.0168121132552163	0.0015210390041517	0.0209830158258099	0.00516642971085664	0.00352424704572523	0.0292807656786759	-0.0391764138029711	-0.0319503183380149	-0.0118997306778706	-0.00554575557807154	-0.0220735742015927	-0.0099659695063197
0.0526006270506235	0.0535931115596725	-0.0317211947965556	-0.0312216333079795	0.0168153947706991	0.00151312229566244	0.0209923993675291	0.00516595613327099	0.00355075202369714	0.0292675516067507	-0.0391452149586636	-0.0319515071714231	-0.0118908835780184	-0.00555351582434962	-0.02204094484564	-0.0099740203252757
0.0526184944763475	0.0536091908458401	-0.031717140748905	-0.031255823095092	0.016813570309558	0.00151994795962548	0.0209929665430446	0.00517036780883286	0.0035387128153399	0.0292642742822199	-0.0391454524459484	-0.0319559244349211	-0.0119050238503544	-0.0055549826575795	-0.0220263854780955	-0.00996679232991246
0.0526109926721147	0.0536027395735967	-0.0317207533496026	-0.0312715279895399	0.0167965243104427	0.00149999623373106	0.0209862694016122	0.00515980381560967	0.00354891359271569	0.0292840863097115	-0.0391319212586488	-0.0319370511806966	-0.0119023779626045	-0.00555305202565217	-0.022001521956357	-0.00997112018643262
0.0526288740676789	0.0536223644052284	-0.0317235920211485	-0.0312451976345715	0.0168062920227697	0.0015212303909636	0.0209897786254917	0.00517871339141886	0.00351992338015716	0.0292904789086257	-0.0391594586078177	-0.0319447848842782	-0.0119239473960039	-0.00556360204903508	-0.0220151565204747	-0.00998191607900454
0.0525965548421806	0.0536082171479722	-0.0317638908194173	-0.031180420882156	0.0167691224687245	0.00149921531965915	0.0209654836762528	0.00515368083461295	0.00351100643110352	0.0293253713787045	-0.0391514329345742	-0.031912865196212	-0.0119326855311019	-0.0055393713610615	-0.0219958208645369	-0.00995216451015049
0.0525814338870566	0.0536123410448242	-0.0317810010797979	-0.0310958083535204	0.0167620928450933	0.00150012056530959	0.0209632596776795	0.0051571788826202	0.00348614011539699	0.0293603630346493	-0.0391770815613367	-0.0319035333429019	-0.0119474041548257	-0.00553790732179968	-0.0220090419213822	-0.00997115231706528
0.0525963620583847	0.0536407696698033	-0.0317890728535143	-0.0310112768499585	0.0167727965367194	0.0015344947543138	0.0209634133459226	0.00517872317030706	0.00344885461167748	0.0293484244091421	-0.0392146576377341	-0.0319214845876675	-0.011977023010197	-0.0055491306914843	-0.0220422594076108	-0.00997893351810378
0.0525477400292742	0.0536221436817519	-0.0318418523070934	-0.0309171159354885	0.0167391054729051	0.00152375893205511	0.0209427980526147	0.00516787558932609	0.00343948224583056	0.0294131927796534	-0.0392238958931143	-0.031894848293197	-0.0119731631433264	-0.00551426895505416	-0.022066763904454	-0.00996418835168342
0.0525113681531093	0.0536075871081754	-0.0318690599680316	-0.0308389574730644	0.0167282145854192	0.00151700311729349	0.0209374727494982	0.00516856290546809	0.00342438923038712	0.0294556331544379	-0.0392368654928345	-0.0318695740581541	-0.0119814835801999	-0.0055066078946421	-0.0220766713151838	-0.0099710112216784
0.0524708304705716	0.0535854002078355	-0.0318876035340254	-0.0307715138781385	0.0167161530253176	0.00150456157753606	0.0209312896981883	0.00515773069131144	0.00342178245819002	0.0294672197399699	-0.0392421097708773	-0.0318585015627446	-0.0119716851342243	-0.00549003687009655	-0.0220844413403501	-0.00994907577846358
0.0525028563294239	0.053611592261385	-0.0318724308904923	-0.0307476911095013	0.0167480671254476	0.00153687800906634	0.0209526984784244	0.00518638143675106	0.00339654314774789	0.0294321456619675	-0.039267326729575	-0.0318815504022301	-0.0119948233806876	-0.00551777957591767	-0.0221092112641586	-0.00997634909765114
0.0524654297303176	0.0535718857843442	-0.0318829012857856	-0.030773204228813	0.0167318076283404	0.00150472642165141	0.0209588130775169	0.00516705975065348	0.00343430781698916	0.0294350863133474	-0.0392415425953618	-0.0318732453321809	-0.0119530353974444	-0.00549197308995999	-0.0221100480575917	-0.0099431665360232
0.0524865884504126	0.0535802146031218	-0.0318556405394543	-0.0308003699802303	0.016753681604258	0.00151466456602985	0.020975702614421	0.00517599206653143	0.00343450060078509	0.0294028467159387	-0.039244255538345	-0.0318898610602154	-0.0119582964392956	-0.00551491436167531	-0.0221031050469703	-0.00995774825531224
0.0525018071944186	0.0535782448556417	-0.0318393042082255	-0.0308668692139529	0.0167594008568705	0.00150813506268085	0.0209700895325946	0.00516778618234827	0.00345602253672749	0.029380380418793	-0.0392168550936109	-0.0318926354704959	-0.0119494479424593	-0.00552515425460389	-0.0220735141312795	-0.00995808632544712
0.0525270031983558	0.0535856265192481	-0.031811984788565	-0.030931035484348	0.0167785618898048	0.00152103760716767	0.0209782982107458	0.00518118046521312	0.0034741330376724	0.0293447573260674	-0.0392131614678397	-0.0319173285601829	-0.0119369477293727	-0.00553004369870349	-0.0220865843138497	-0.00996351221141365
0.0525592567656048	0.0535861853128595	-0.0317677953897769	-0.0310551770730528	0.0168046240238397	0.00152043411006738	0.0209878200538838	0.00518001817450144	0.00349699887225018	0.0293169964594539	-0.0391973364327653	-0.0319293985021887	-0.0119199604035867	-0.0055382914924075	-0.0220810187294804	-0.00996335574920246
0.0525577354499978	0.0535647932964317	-0.0317560844726663	-0.0311485640583711	0.0167870541557138	0.00149072724470225	0.0209846000056982	0.0051557651347834	0.0035367835803966	0.0292974372860715	-0.0391465770180913	-0.0319217556025691	-0.0118962689514481	-0.00553681767425748	-0.0220215421344688	-0.00994728624192312
0.0526219799514985	0.0536094129663006	-0.0317205172593018	-0.0312137808607555	0.01682604118598	0.00152832846681219	0.0210022858234985	0.00518789017950179	0.00351946656637985	0.0292541698967421	-0.0391637152181524	-0.0319515895934808	-0.0119244265615257	-0.0055708537931268	-0.0220245763837786	-0.00998011536659186
0.0526209629471258	0.0536041267787369	-0.0317171756735057	-0.0312643293308412	0.0168202856117827	0.00151796843325715	0.0210014476330814	0.00517989943085902	0.0035376720622387	0.0292670109739317	-0.0391531316671528	-0.0319520031007532	-0.0119067575075337	-0.00555571048625833	-0.0220322989114879	-0.0099679671934804
0.0526171715324726	0.0536025481867848	-0.0317280525911513	-0.0312499711289967	0.0167994398161101	0.00149926840505223	0.0209882014305236	0.00516178054800994	0.00353575819411971	0.0292875159055014	-0.0391371641397076	-0.0319328392738508	-0.0119200707653249	-0.00555675263634356	-0.0219998805001236	-0.00996695298307574
0.0526067751773328	0.053600891363727	-0.0317476355132622	-0.0312162004370928	0.0167840143184679	0.0014949517244043	0.020977961537595	0.00515583219001677	0.00352232200173402	0.0293146034258131	-0.0391455711895908	-0.0319151171344658	-0.011927293172752	-0.0055478594360184	-0.0219931107155217	-0.00996456414038708
0.0526150942172222	0.0536215262148114	-0.0317581366422041	-0.0311509068005868	0.0167871254018993	0.00152146508428038	0.0209822125599936	0.00517753992483496	0.00348897738995878	0.0293219389889466	-0.0391830285223458	-0.0319243889174627	-0.0119482102146101	-0.00555585716958132	-0.022020420356294	-0.00997493115886225
0.0525852127288536	0.0536069556713945	-0.0317858500113607	-0.0310974609856261	0.0167658716868903	0.00150544167747398	0.0209661444496983	0.00516553983203051	0.00348766143100398	0.0293670028997365	-0.0391875407807578	-0.0319041130912737	-0.0119457710804964	-0.00553303324452439	-0.0220355720450666	-0.00996048913797607
0.0525575706058825	0.0536144728424517	-0.0318342792566752	-0.0309368120133057	0.0167408000145316	0.001515015209021	0.0209531874228343	0.00516950307571925	0.00346366264237912	0.0293742742016046	-0.0392020400779891	-0.0318985405219842	-0.0119670206045533	-0.00553736249802858	-0.0220449080893288	-0.00996752295255935
0.0524992521106305	0.0535856810016252	-0.0318733528999511	-0.0308302193379664	0.0167087448190146	0.00149447116189851	0.0209348561984129	0.00515351878446564	0.0034330826619962	0.0294564587719987	-0.0392245287268792	-0.0318594724666443	-0.0119738406805802	-0.00549876382932232	-0.0220611606015158	-0.00994472696718299
0.0525270255501003	0.0536213446068877	-0.0318598398734438	-0.0307663031277124	0.0167522762383254	0.00154479751152366	0.0209554323761681	0.00519383155257482	0.0033892634639756	0.0294340972486552	-0.0392758581110368	-0.0318899253214807	-0.0120044723493722	-0.00552982018125894	-0.0221128699653292	-0.00997897961857672
0.0524702591041039	0.0535785703529203	-0.0318915947173947	-0.030740904561091	0.0167110442547255	0.00149797759180994	0.0209302265933426	0.00515443241202026	0.00342304393476772	0.0294604792920326	-0.0392373390704202	-0.0318582012111785	-0.0119775091606389	-0.00549543621336654	-0.0220811905585159	-0.00994385804311729
0.0525090128380374	0.0536081598716271	-0.0318616252190322	-0.0307452896939563	0.0167543800962722	0.00154184987522362	0.0209489084607552	0.00518730763716193	0.00340140325518289	0.0294176268069597	-0.0392686804070986	-0.0318918894810247	-0.0119921760959537	-0.00552110020695331	-0.0221185892179417	-0.00996929851925952
0.0524724789117252	0.0535696589918028	-0.0318660173368177	-0.0307894232133833	0.0167332465218897	0.0015018737802653	0.0209408283051346	0.00515754628941969	0.00344768254207761	0.0294263551631695	-0.0392246586463939	-0.0318738851508659	-0.0119539881405518	-0.00549773145812529	-0.0221034235593287	-0.00994054300001776
0.05252416452681	0.0535986128827766	-0.031824010027082	-0.0308462776693735	0.0167773101921153	0.00153145352008385	0.0209662506204844	0.00518167220359113	0.00343951018551113	0.0293727417101254	-0.0392386871600076	-0.0319094383943902	-0.0119686425030103	-0.00553771034705166	-0.0221021187762462	-0.00996483096433651
0.0524867658673842	0.0535537263889583	-0.0318269422965577	-0.0309187685675941	0.0167480252159268	0.00148607528788749	0.0209568586968611	0.00514869918956747	0.00349563122488632	0.0293712623040393	-0.0391820296787655	-0.0318871355443758	-0.0119204339811723	-0.00550899254637868	-0.0220648849609357	-0.00993785659973104
0.0525853789699529	0.0536182530812327	-0.0317560230053691	-0.0310118440254741	0.01682839929502	0.00154791977082726	0.0209950997376561	0.00519979248342424	0.00345818925895563	0.0293042936836831	-0.0392257748366326	-0.0319417660017927	-0.0119614969297048	-0.0055665287305747	-0.0220870606854034	-0.00998683206580067
0.0525794320089438	0.0535931953787143	-0.0317411604922903	-0.0311465370345458	0.0168143386507736	0.00151528482693849	0.0209850177039227	0.00516970563840337	0.00352837233956127	0.0292818287835215	-0.0391646889160203	-0.0319412756603987	-0.0119104916458418	-0.00554905106339467	-0.0220541603145492	-0.00995981020373824
0.0525821659066875	0.0535869885786758	-0.0317365937515013	-0.0312116406812239	0.0167969336267631	0.00149278360519214	0.0209770674678168	0.00514975251552493	0.00354831708053554	0.0292788182829402	-0.0391280474219379	-0.0319295116578951	-0.0119039579515407	-0.00554815000869632	-0.0220006432534031	-0.00995428233793763
0.0526272675360462	0.0536207802253402	-0.0317169731108216	-0.0312430490731357	0.016819907029111	0.00152069674306473	0.0209924189253055	0.00517522931325189	0.00353054325274148	0.0292620279319022	-0.0391530185114465	-0.0319543933404259	-0.0119209718200233	-0.00557072946154826	-0.0220122479997275	-0.00997748763963433
0.0526317001663685	0.0536236035300617	-0.0317204977015254	-0.0312604764488907	0.0168107721505489	0.00151176303020275	0.0209848710205997	0.00516609443468981	0.00353423827549675	0.0292747307076729	-0.0391470659625013	-0.0319445068844565	-0.0119189755298466	-0.00556504513353647	-0.0220090223636058	-0.00997218329127828
0.0526091095376443	0.0536129710846211	-0.0317427307023383	-0.0312390788445269	0.0167892097020697	0.00149127346545738	0.0209796924008062	0.00515125986129163	0.00353518403368402	0.0293078406261314	-0.0391446673409244	-0.0319256573789605	-0.0119160628181473	-0.00555008483157573	-0.0219965207535351	-0.00996173804169751
0.0526205606157256	0.053635106296552	-0.0317608062786825	-0.0311762411059429	0.0167945140504258	0.00151200051748759	0.0209837226997283	0.00516617545976346	0.00349515904428471	0.0293164083291779	-0.0391707001382947	-0.0319242645858842	-0.0119465883161531	-0.00556156664330562	-0.0220052980041859	-0.00997818194069647
0.0525701546380108	0.0536085943336599	-0.0317994552388138	-0.0311042712827648	0.0167479972762462	0.00147674902251351	0.0209576577717254	0.00514035640094953	0.0034981290323292	0.0293757941202276	-0.0391618516414585	-0.0318904938939803	-0.0119386562408395	-0.00552558312870063	-0.0220000257864625	-0.0099550953826422
0.0525813794046795	0.053635353562725	-0.0318018426845184	-0.0310152624453917	0.0167642511854173	0.0015127618737831	0.0209664461982484	0.00516653448465878	0.0034634209641422	0.0293622755057842	-0.0392056345178943	-0.0319076781945143	-0.0119652059223003	-0.00554589667345842	-0.0220340409505714	-0.00997686179078958
0.0525520790616666	0.0536359822055378	-0.0318378261991234	-0.0309078818710604	0.0167510217466678	0.00152137008936645	0.0209561448380226	0.00517221462171848	0.00342692335941474	0.0294129497044325	-0.0392320514858724	-0.0318897716532375	-0.0119874207623208	-0.00553089585896085	-0.0220608378982053	-0.00998199989804624
0.0525292998400986	0.0536328054638571	-0.0318596442956798	-0.0308230374430761	0.0167451180921636	0.00152805046699053	0.0209516046399301	0.00517793387433098	0.0034065581262479	0.0294350974892196	-0.0392564623847857	-0.0318832253860802	-0.0119939502656699	-0.00552153327200213	-0.0220928483902333	-0.00997576655531127
0.0524946797819054	0.0536088024842802	-0.0318772546763426	-0.0307836285236333	0.0167358896156716	0.00151298818519571	0.0209502886809753	0.00516740899666059	0.00341670861219866	0.0294495842135947	-0.0392530174221715	-0.0318743265978189	-0.0119779212709273	-0.00550273266094716	-0.0221078883202837	-0.00995958109835757
0.0524563633039729	0.0535760739424615	-0.0318954098807764	-0.0307622434921257	0.016718382611827	0.00148875330627004	0.020942370575502	0.0051460351410252	0.00343556789658283	0.0294554571344503	-0.0392315206319416	-0.0318587530198697	-0.011956647998142	-0.00548769552486486	-0.0220844692800306	-0.00994226408434082
0.0524685841202538	0.0535853443284743	-0.0318701132939891	-0.0307633219637957	0.0167409299340463	0.00150477391910838	0.0209566030487839	0.00515812184683941	0.0034308684423111	0.0294254108019663	-0.0392434620514169	-0.0318768858725591	-0.0119610568797358	-0.00550301205775286	-0.0220977518041732	-0.00995503251836092
0.0524978383627937	0.0536033556435532	-0.0318411272723827	-0.0307976584342311	0.0167671219875958	0.00152019243183046	0.0209666794945812	0.00517007583917091	0.00342592451583439	0.0293940918170323	-0.0392465954865927	-0.0318932962439413	-0.0119714099283707	-0.00552270813557007	-0.0221003264457377	-0.00997215814556577
0.0524845781903956	0.053573644587236	-0.0318387412236621	-0.0308824441888862	0.0167559181756876	0.00149101781738017	0.020962695296132	0.00515127243414789	0.0034776185128234	0.0293826421359351	-0.0392061667688092	-0.0318897255527646	-0.0119288354431195	-0.00550928032508854	-0.0220757451147729	-0.0099484485326348
0.0525081969993647	0.0535861322274664	-0.0318085733535675	-0.0309367435610883	0.0167749101735544	0.00150596414950063	0.0209743112183286	0.00516270954238886	0.00348125486224948	0.0293503145285326	-0.0392021504397274	-0.0319085303547717	-0.0119307199745738	-0.00552146901073683	-0.0220728240211694	-0.00996278298575079
0.0525598141622322	0.0536044005876065	-0.0317662545163935	-0.031049836403112	0.0168081542024796	0.00151692348920387	0.0209880868778332	0.00517239483265815	0.0034885708676065	0.0293075179228208	-0.0391909228790907	-0.0319252424747041	-0.0119354739112227	-0.00554841822962978	-0.0220558967656966	-0.00997381776259157
0.0525834860565944	0.0536002445601218	-0.0317419567731865	-0.0311605431964151	0.016811217788454	0.00150782772619459	0.0209915751469523	0.0051659365754946	0.00352985593659948	0.0292762492293119	-0.0391578856038017	-0.0319402390982496	-0.0119071305022693	-0.00555033908266891	-0.0220437583714734	-0.00996454039165859
0.0526034307975687	0.0536042078038106	-0.0317318915032615	-0.0312300277850065	0.0168093695785844	0.00150320790001248	0.0209926103121174	0.00516015445860081	0.00354313985772608	0.0292651250454933	-0.0391419418250849	-0.0319415955697412	-0.0119066094272267	-0.00555010858030422	-0.0220121907233823	-0.00996688033990626
0.0526198411689509	0.0536150078873346	-0.0317209349575263	-0.0312622995130479	0.0168129276969049	0.00151130342245739	0.020994357939137	0.00516567953043336	0.0035371761329086	0.0292693313644029	-0.0391495372272476	-0.0319428654282231	-0.0119096227217761	-0.00555283130217568	-0.0220147346312981	-0.00997279936123483
0.0526234439907603	0.0536196388893889	-0.0317224506851972	-0.0312576014557602	0.0168051087772976	0.00150831247965246	0.020991121127143	0.00516002873003825	0.00353293349241417	0.0292824336776058	-0.0391511870653852	-0.0319401566761919	-0.0119145806180931	-0.00555293886994587	-0.0220090530972544	-0.00997505269647273
0.0526014708289767	0.0536083945649439	-0.0317526492889404	-0.0312213930267266	0.0167839626300588	0.00149588351275128	0.0209779769044193	0.00514996904804934	0.00352551131627098	0.029314350571704	-0.0391485286047791	-0.0319172251833648	-0.0119177336110453	-0.00553709288011109	-0.0219976998080551	-0.00996519697415197
0.0526023341651063	0.0536236524245027	-0.0317653758134396	-0.0311474618379726	0.0167860106086446	0.00151201309034384	0.0209806730835942	0.00516511514888586	0.00349338347758454	0.0293239534399156	-0.0391774154405195	-0.0319196028501812	-0.011938976150182	-0.00554139279695067	-0.0220191211611475	-0.00997778938818447
0.052605069459834	0.0536356413414349	-0.0317812371700987	-0.0310847344611269	0.0167870248190492	0.0015208280595634	0.0209705114217712	0.00516970563840337	0.00346306054226286	0.0293493310517765	-0.0392016139978604	-0.0319098044042056	-0.0119635323354342	-0.00554440190054797	-0.0220317191631161	-0.00998412890170561
0.0525225230705766	0.0535859967200156	-0.0318351956781978	-0.0309899421098759	0.0167217786800001	0.00147958769405934	0.0209429950273627	0.00513566253461391	0.00348892011361362	0.0294012080536733	-0.0391762685166321	-0.0318729924780718	-0.0119341411884595	-0.00549873868360981	-0.0220244562431522	-0.00994693699591601
0.0525424440628224	0.0536263919101825	-0.0318469471078452	-0.0308591117616429	0.0167438901432026	0.00152595079999576	0.020954400004971	0.00517098387878941	0.003411521610501	0.0294213972668525	-0.0392447039702182	-0.0318800053378946	-0.0119927418744852	-0.00552378940120809	-0.02206676250747	-0.00998291771655294
0.0525192457460458	0.0536195327186027	-0.0318644457297857	-0.0307995415687015	0.0167427529982034	0.00152957457656557	0.0209503347814482	0.00517849685889445	0.00340873043641215	0.0294417177965305	-0.0392615543915694	-0.0318818577387163	-0.0119859888536917	-0.00550972735997765	-0.0221123796239352	-0.00997489064632543
0.0524900403979469	0.0536011456148202	-0.0318842409934689	-0.0307508287356292	0.0167259975717661	0.00151033810649372	0.0209384967387911	0.00516328370282456	0.00340757652760464	0.0294526338297288	-0.0392472408932139	-0.0318617327868024	-0.0119899367305561	-0.00550211938495867	-0.0220924558377213	-0.0099609571276256
0.0524796761734398	0.0535924354194028	-0.0318746898136663	-0.0307475583960185	0.0167362863591357	0.00151700591126155	0.020946639758693	0.00516738105698002	0.0034183794050967	0.0294321889684724	-0.0392581639113324	-0.0318768579328785	-0.0119705954866821	-0.00549341757144542	-0.0221207461612816	-0.00994796377917693
0.0525006532856111	0.053602214307602	-0.031857981884686	-0.0307735646506923	0.0167594986457525	0.00153112103788507	0.0209610007545055	0.00517787520100179	0.0034147025431338	0.0294084625917331	-0.0392495696655893	-0.0318864133036331	-0.0119854258691282	-0.00551654045108443	-0.02211291187485	-0.00997312066756137
0.0524920492609798	0.0535830155560989	-0.0318456423247626	-0.0308275203648234	0.0167534874234781	0.00150789897238004	0.0209572694101655	0.0051603304785884	0.00344747159748931	0.0294008420438578	-0.0392207121665135	-0.0318886470810946	-0.0119581329921643	-0.00550949825459698	-0.0220985159544368	-0.00995369560464568
0.0525061168901464	0.0535775924641004	-0.0318238186402701	-0.0309023903268445	0.0167647834363322	0.00150629802868343	0.0209636703909839	0.00515832720349159	0.00347613491578518	0.0293670322364011	-0.0392019730227557	-0.0318990993155955	-0.0119333588774036	-0.00551572600939584	-0.0220859458921487	-0.0099576434815101
0.052545618010535	0.053595635909812	-0.0317869773774716	-0.030976100792122	0.0167976907921065	0.00152498967498418	0.0209765058802373	0.00517207911426772	0.00347493350952071	0.0293417580013583	-0.0392075106674445	-0.0319212219546702	-0.0119384941906922	-0.00553646284031425	-0.0220891589554142	-0.0099732841146927
0.0525558145969587	0.0535789209959115	-0.0317593017268838	-0.0310979583119402	0.016797225596425	0.00150264212148096	0.0209792593357574	0.00515612415967872	0.00352435740746348	0.0293051500348926	-0.03916349589166	-0.0319256881126092	-0.0119024142841893	-0.00553563163481732	-0.0220526990692555	-0.00996230521721306
0.0525941171050509	0.0535937318205812	-0.0317304540066962	-0.0311891394594776	0.0168134669327398	0.00150969689082466	0.0209847271312448	0.00516011674003205	0.00353704481640992	0.0292719940159612	-0.0391471651483673	-0.0319381687679194	-0.0119026014800491	-0.00555712004314304	-0.0220267347241026	-0.00997351182308934
0.0525985651021975	0.0535904684658907	-0.0317266765618833	-0.031249198596829	0.0168080578105817	0.00150464539657776	0.0209877222650018	0.00515788156558651	0.00355725079339752	0.0292709211322273	-0.0391379562296517	-0.0319430414482107	-0.0118817473024723	-0.00554641355754895	-0.0220239631077901	-0.00996651572707483
0.0526056715599503	0.0535926351881188	-0.031726812069334	-0.0312638403864313	0.0167979310733594	0.00149219407793213	0.0209781543213909	0.00514876065686472	0.00355530479464588	0.0292868341772955	-0.0391304474404988	-0.031929900019455	-0.0118894824030378	-0.00554587851266605	-0.0220055690190874	-0.00996555599904728
0.0526112119986072	0.0536030706588114	-0.0317367166860958	-0.0312431678167782	0.0167869088693749	0.0014910289932524	0.0209732564953871	0.0051463885779844	0.00354269561680503	0.0293028352323574	-0.0391346747141689	-0.0319240466563757	-0.0119037903134573	-0.00554650715547885	-0.0219967205222512	-0.00997177257797391
0.0526357430381469	0.0536347095530879	-0.031744483917294	-0.031197603785706	0.0167994370221421	0.00152427721312966	0.0209764639707165	0.00516754450411135	0.00350446295791423	0.0293031816843965	-0.0391676100096238	-0.0319321044602519	-0.0119412853647811	-0.00555908001173496	-0.0220164682884775	-0.00998718410577585
0.0525856248391419	0.0536079936305277	-0.0317786206190134	-0.031137416125824	0.0167650768029781	0.00150525029066208	0.0209679647198873	0.00515667596836996	0.00350550790196751	0.0293509641261058	-0.0391689119987383	-0.0319064725972977	-0.0119300256735117	-0.00552616148008841	-0.02202749328643	-0.00996995649873692
0.0525703767584713	0.0536055307476855	-0.0317941369206175	-0.0310723990921556	0.016758098867756	0.00150491082354317	0.0209629760899217	0.0051553083210061	0.00348409073982724	0.0293739375284538	-0.0391859482189653	-0.0318955914887001	-0.0119429715245034	-0.00552388579310606	-0.0220288609337939	-0.00997143590482305
0.0525574937717609	0.0536231131886677	-0.0318269353116376	-0.0309401298503733	0.0167494403607476	0.00152372261047037	0.0209570668474814	0.0051690686136864	0.00343899888935672	0.0293932634055034	-0.0392150809238948	-0.0318926494403362	-0.0119786979940472	-0.00552943740763514	-0.0220427944524937	-0.00998644230725674
0.0525286488455413	0.0536190786987935	-0.0318628657408495	-0.0308267953301126	0.0167334923910788	0.00152114098398578	0.0209447175086698	0.00516268719064441	0.00341218797188258	0.0294384921604088	-0.0392392096320343	-0.0318722758252652	-0.0119948471294161	-0.00551561285368954	-0.0220637939164095	-0.00998504532322828
0.0524993946030014	0.0536044648488718	-0.0318789995093941	-0.0307611887691842	0.0167229465586479	0.00151260680855594	0.0209388431908301	0.00515831043968325	0.00341165572096774	0.0294551036974911	-0.0392475873452529	-0.0318645826342204	-0.0119885844500166	-0.00550494688063227	-0.0220853815106012	-0.00997205476874766
0.052500406019438	0.0536055880240307	-0.0318713272731098	-0.0307419159775276	0.016742241702049	0.0015328407252241	0.0209480576974818	0.00517409635920481	0.00340918026526931	0.0294344115700616	-0.0392606351760787	-0.0318823243313818	-0.0119816051178104	-0.00551426197013402	-0.022113941452079	-0.00998081106463803
0.0524710595759522	0.0535736040746992	-0.0318797524837855	-0.0307492236009805	0.0167240487790464	0.00150472362768336	0.0209349386204706	0.00515364591001223	0.00343426031953219	0.0294407161589821	-0.0392366727090386	-0.0318660508644344	-0.011956793284481	-0.00549126062810548	-0.0220999702148104	-0.00995727328074256
0.0524862126617089	0.0535784306545175	-0.0318617830782274	-0.0307761141465442	0.0167411017630818	0.00151308178312561	0.0209441237904577	0.00516256285906587	0.00344085268716248	0.029413959723885	-0.0392367188095115	-0.031880267970892	-0.0119521678703627	-0.00550326491186201	-0.0221075935566537	-0.00996241557895131
0.0525047394638943	0.0535791654681165	-0.0318350308340825	-0.0308466590460132	0.0167568793006992	0.0015122072711238	0.0209568614908292	0.00516285063777574	0.00346172642251568	0.0293905770052167	-0.0392244281440292	-0.031894553529567	-0.0119406148124474	-0.00551334834257941	-0.0221018743040412	-0.00996849804741121
0.0525278721224215	0.0535848190624796	-0.0318122558034665	-0.0309054455309147	0.0167775979708252	0.00152092305447734	0.0209678795038616	0.00516740899666059	0.00347182801402545	0.0293471014652671	-0.0392118902123738	-0.031915073827961	-0.0119367940611296	-0.00552463737051337	-0.0220925773753318	-0.00996675600832772
0.0525564711794521	0.0535907981541214	-0.031783902615625	-0.031005704280669	0.0167939482718942	0.00151344639595704	0.0209745962030704	0.00516326274806413	0.00348276919293632	0.0293334333735327	-0.039195897539216	-0.0319126039601986	-0.0119338548067337	-0.005533946872079	-0.0220682698532367	-0.0099745455912704
0.0525523556645043	0.0535683989122091	-0.0317598325808147	-0.03112376898885	0.0167858094429445	0.00149100245055585	0.0209724923451236	0.00514598205563212	0.0035433172746977	0.0293002158873041	-0.0391494981116948	-0.0319228662048717	-0.0118840132105664	-0.00552395843627554	-0.0220435963213261	-0.00995204017857196
0.0526054662032981	0.0536001635350482	-0.0317269950742418	-0.0311972140271621	0.0168116508535028	0.00151769322740355	0.0209858614822759	0.00516891773941132	0.00353160775457117	0.029264768814566	-0.0391512611055387	-0.0319422870768353	-0.0119089773151549	-0.00555998665436943	-0.0220194759950907	-0.00997993236168413
0.0526199976311621	0.0536085035296981	-0.0317207784953151	-0.0312383160912473	0.016812838289927	0.00151812070451626	0.020982086831431	0.00516976989966868	0.00353185641772823	0.0292684372946247	-0.0391439045876449	-0.031943893608468	-0.0119115896752882	-0.00555949212202336	-0.0220131476574418	-0.00998048836132745
0.0526114173552593	0.0536020019660296	-0.0317238825938264	-0.0312525513584973	0.0167976642494099	0.00150580768728944	0.0209727018927278	0.00515448410042931	0.00353849767979952	0.029285338007401	-0.0391385150232631	-0.0319305468230601	-0.0119019309277154	-0.00554668177848241	-0.022005545270359	-0.00996825916314234
0.0526223571371862	0.0536186190910481	-0.0317266220795062	-0.0312350848671895	0.0168027925777784	0.0015229389024304	0.0209786125321522	0.00517309053070432	0.00351349585664223	0.0292967248242169	-0.0391590688492738	-0.0319364155529637	-0.0119205848554474	-0.00555136586592983	-0.0220195723869887	-0.00997991699485981
0.0525955755563766	0.0536086236703245	-0.0317588574859628	-0.031185132909284	0.0167764803836024	0.00151292112996234	0.0209698241056292	0.00516157519135775	0.0035023604969514	0.0293322822586932	-0.0391598106477929	-0.0319144479791162	-0.0119254170232018	-0.00553232637060599	-0.0220166037959282	-0.00996704658100564
0.052599468950864	0.0536276715475525	-0.0317708785335277	-0.0311080151999611	0.0167769092576992	0.00152711867864355	0.0209721081745157	0.00517937137089626	0.00346188567869492	0.0293546158423562	-0.0391900707188333	-0.0319111133782403	-0.0119650871786579	-0.00554130758092494	-0.0220325363987728	-0.00998014051230437
0.0525467607434703	0.0535935599915457	-0.0318120085372935	-0.0310362018389942	0.0167328064719208	0.00149651634651617	0.0209495077669034	0.00514863492830216	0.00347578566977807	0.0293908228744057	-0.0391759025068167	-0.0318809636689381	-0.0119444369607493	-0.00551243192105674	-0.0220205363059683	-0.00995191305302537
0.0525411672194203	0.0536163308312095	-0.0318386127011314	-0.0309025886985765	0.0167378523782316	0.00153263117761984	0.0209537043069249	0.00517974296864783	0.0034186937265031	0.0294145771908256	-0.0392337544094031	-0.0318878088906776	-0.0119822840520482	-0.00551574556717224	-0.022064999513626	-0.00996890596674752
0.0525066966385182	0.0535993840179603	-0.0318772407065023	-0.0308099225570169	0.016712590716045	0.00151825481498299	0.0209347458366747	0.00516755707696761	0.00340185867197617	0.0294604834829847	-0.0392378489695905	-0.0318575935231261	-0.011990960719849	-0.00550072938585036	-0.0220611145010429	-0.0099661608931316
0.0525011506119252	0.0535989788925921	-0.0318780034597818	-0.0307668535394196	0.0167230261867376	0.00153626752704591	0.0209372687898301	0.00518190410293986	0.00339783256400616	0.0294567255959482	-0.0392618128336147	-0.0318720131922678	-0.011982715720113	-0.00549670886581646	-0.0221112522578242	-0.0099637944021874
0.052476398848909	0.053579680955223	-0.0318875113330795	-0.0307445101768685	0.0167119983948169	0.00152063527576748	0.0209330135764794	0.00517056338659684	0.00340886594386291	0.0294556219785657	-0.0392452138693886	-0.0318626338415007	-0.0119765550205475	-0.00549050346276206	-0.0220986766076	-0.00995117404847432
0.0524714674952886	0.0535692510724665	-0.0318757906370808	-0.0307493521235111	0.0167249707885052	0.00152359408793975	0.0209362629613296	0.0051715775970015	0.00341899966600533	0.0294346644241708	-0.0392435291066502	-0.0318690851137442	-0.0119669800920165	-0.00549179148203629	-0.0221053066937991	-0.00994895284386907
0.0524870592340302	0.0535745833605031	-0.031843502145231	-0.0307837165336271	0.0167505537570183	0.00153272617253377	0.020950468891915	0.00518222960021849	0.00342654477674303	0.0293996294617211	-0.0392447235279946	-0.0318916030992989	-0.0119616254522354	-0.00550650870877608	-0.0221140113012804	-0.00995810448623949
0.0525015361795171	0.0535696366400584	-0.0318304780631337	-0.0308547573624262	0.016757855792535	0.00152572309159912	0.0209522276948068	0.00517518181579492	0.00344607321647682	0.0293774718980458	-0.0392172825707236	-0.0318907160144408	-0.0119565362394197	-0.00551825035953526	-0.0220786354747278	-0.00995905024442676
0.0525243922352066	0.0535779864135964	-0.0318048503911317	-0.0309181566885897	0.0167808906621803	0.00153914671112856	0.0209671712329592	0.00518444801085568	0.0034560770191046	0.0293432863018854	-0.0392156383205221	-0.0319145974564072	-0.0119492146461266	-0.00552543504839361	-0.0220834732304184	-0.00996203280532751
0.0525166012552799	0.0535472178403697	-0.0317904460888143	-0.0310264634633319	0.0167689869612738	0.00149219547491616	0.0209587320524433	0.00514894086780439	0.00350150554272598	0.0293403009470166	-0.0391660747241765	-0.0318935099824977	-0.0119163254511446	-0.00551268477516589	-0.022029260471226	-0.00993971598547292
0.0525806138574319	0.0535799827037731	-0.0317333848791879	-0.0311428741424232	0.0168200131998972	0.00152710610578729	0.0210089312765218	0.0051879642196553	0.00351518201636458	0.0292626034893219	-0.0391764263758274	-0.0319455923410466	-0.0119135119253113	-0.00555274189519786	-0.0220482398962366	-0.00996962541352217
0.0526098918487003	0.053592742755889	-0.0317213400828946	-0.0312125026203695	0.0168249054379648	0.00153143955024356	0.021013801162845	0.00518800612917615	0.00352599746671289	0.0292438252300114	-0.0391582795532977	-0.0319564357310755	-0.011918208585615	-0.00556622279107246	-0.0220275673265835	-0.00997005289063488
0.0525977827911416	0.053577325640151	-0.0317288893845844	-0.0312650012801589	0.0168013075837562	0.00150860165534635	0.020996864128484	0.00516548115870132	0.00354835479910431	0.0292757714607741	-0.0391358551656729	-0.0319378334917526	-0.0118918502909661	-0.00553876926094523	-0.0220127872355625	-0.00996050310781635
0.0526286547411865	0.0536082422936848	-0.0317273429232649	-0.0312453499058306	0.0168032787282203	0.00151953584933708	0.0209920403426338	0.00517172148635643	0.00351907820481994	0.0292757085964928	-0.0391442328788916	-0.0319360411612441	-0.0119294864376767	-0.00556355315459408	-0.0219891348989767	-0.00998311888225304
0.0526047551384276	0.0535959432462982	-0.0317506837324123	-0.0312185557521648	0.0167803626022175	0.00150605215949442	0.0209796071847805	0.0051602718052592	0.00352472760823102	0.0293094317909398	-0.0391481723738518	-0.0319215628187731	-0.0119184726155964	-0.00554091642539697	-0.0219960471759495	-0.00996674064150341
0.0525897166053613	0.0535968415070285	-0.0317697902829695	-0.0311552514209153	0.0167694367901309	0.00151247130110518	0.0209764597797644	0.00516944021143797	0.0035070292175745	0.0293289490548014	-0.0391683518081429	-0.0319146072352954	-0.0119255315758922	-0.00553206094364058	-0.0220177912323524	-0.00996695996799588
0.0526024431298605	0.0536175476042983	-0.0317729782005225	-0.0310996989540397	0.0167834150123197	0.00153981586647819	0.020981251434982	0.00519410256747634	0.00346865965424891	0.0293441789746796	-0.039204933231912	-0.0319226901848841	-0.0119536863920017	-0.00554472600084257	-0.0220494999758303	-0.00998320130431072
0.0525390270398887	0.0535841946106189	-0.0318275206479455	-0.031003590643834	0.0167338346521657	0.00150690990768789	0.0209606165838977	0.00516767861457808	0.00347095769297572	0.0293844079237471	-0.03918499966681	-0.031886551605052	-0.0119469180043838	-0.00551232016233446	-0.0220305275357398	-0.0099551987594603
0.052529566664048	0.0536019586595248	-0.0318517331751267	-0.0308722797330951	0.0167347007822634	0.00152952428514055	0.0209583534697716	0.0051823581227491	0.00341531861309035	0.029422646170574	-0.0392349390518593	-0.0318807457394297	-0.0119867991044282	-0.005516617285206	-0.0220557905949105	-0.00997552208310629
0.0525157043915337	0.0536029602970732	-0.0318713174942216	-0.0307958633097545	0.0167355236058561	0.00153861725418177	0.0209520460868831	0.00518749483302174	0.00339640484632907	0.029440858651353	-0.039257607911689	-0.0318780677210471	-0.0119901113535597	-0.00550832897896516	-0.0220946644694703	-0.00997364872752413
0.052471734319238	0.0535703225592163	-0.0318862750022143	-0.030761915200879	0.0167163639699058	0.00151561311818518	0.0209457163522501	0.005168312845327	0.00341504201025272	0.0294558301291859	-0.039245676271102	-0.0318634762228699	-0.0119651262942107	-0.00548638375686214	-0.0220976861459239	-0.00995239640949922
0.0524725040574377	0.0535711817043938	-0.0318794479412672	-0.0307420123694256	0.0167328469844576	0.00152887748153537	0.0209537727591423	0.00518421471452292	0.00340888270767125	0.0294348292682861	-0.0392528861056728	-0.0318775927464775	-0.0119715091142367	-0.00549835451300198	-0.0221068182305179	-0.00995848865684732
0.0524866052142209	0.0535753586866389	-0.0318616810983933	-0.0307682114078953	0.0167480657284636	0.00153524493473708	0.0209562957122976	0.0051820438013427	0.00341480312598385	0.0294162968781646	-0.0392526877339408	-0.0318877655841727	-0.0119656110476686	-0.00550258178667209	-0.0221108219867435	-0.00996535343636315
0.0525104838622193	0.0535836805204964	-0.0318348743718713	-0.0308141149060863	0.0167687257252605	0.00153701770746919	0.0209642599182439	0.00518488945780867	0.00341954868072852	0.02939044289475	-0.0392417283942376	-0.0318973698493683	-0.0119707896674621	-0.00552014327289382	-0.0221025448563748	-0.00997748344868224
0.052493140305506	0.0535528365101321	-0.0318352082510541	-0.0308853708704258	0.0167471576888451	0.00150349148777026	0.0209547841755789	0.00515820287191306	0.00347230019462707	0.0293763179892383	-0.0391934248774856	-0.0318887853825135	-0.0119322315112926	-0.00550682023621443	-0.022065685432784	-0.00995070466184076
0.052530446763986	0.0535716357242031	-0.0318079824293235	-0.0309391924740902	0.016778473879811	0.00151896029191736	0.02096721314248	0.00516716731842367	0.00346642308281935	0.0293492961271758	-0.0392005313352384	-0.0319062854014379	-0.0119400979283569	-0.00552474493828356	-0.0220614372043535	-0.00996934461973245
0.052560445599013	0.0535698280268703	-0.0317683052889473	-0.0310661028851393	0.0167951287233983	0.0015115199549818	0.0209770730557529	0.00516694659494717	0.00350817893542992	0.0293028519961658	-0.0391693702094996	-0.0319236722646561	-0.0119117978259084	-0.00553721441772156	-0.0220477774945232	-0.00996773250016362
0.0525971317965843	0.0535817708433295	-0.0317353071292111	-0.031172467852082	0.0168154087405394	0.00152200990805148	0.0209932180001698	0.00517678834742765	0.00352698373743698	0.0292651739399342	-0.0391604448785418	-0.0319452570648798	-0.0119051300211406	-0.00555090905215252	-0.0220364828786532	-0.00997248643681245
0.0526029977325198	0.0535808194972062	-0.0317290835653643	-0.0312318019547226	0.0168073271879348	0.00151377189323567	0.0209894279825006	0.00516913147796768	0.00353852701646411	0.0292653625327781	-0.0391401173639437	-0.0319424756696791	-0.0118979900357711	-0.00554819471218523	-0.0220102992070078	-0.0099674028119329
0.0526009762966307	0.0535795803723729	-0.0317264781901512	-0.0312548563821443	0.0168005895339655	0.00150475436133198	0.0209832491221427	0.00516190208562041	0.00354316640042262	0.0292831223907319	-0.0391377131544308	-0.0319367634019868	-0.01189243423029	-0.00553879440665775	-0.0220054139538603	-0.00996488684369765
0.0526419903507221	0.0536189627491191	-0.031719595249843	-0.0312418267121108	0.0168194977127907	0.00154042634849862	0.0209972622689321	0.00519303666866263	0.00350561407275368	0.0292723474529204	-0.039168850531441	-0.0319508240462332	-0.0119306124068037	-0.00556579671094378	-0.02201708296145	-0.00999454900557387
0.0525929967238601	0.0535830895962524	-0.0317616821876684	-0.0312165678438923	0.0167754661731978	0.00150381558806486	0.0209757612877502	0.00516599245485573	0.00352684962697025	0.0293249201528633	-0.039149112544103	-0.0319195525587562	-0.0119075216577973	-0.00552761853443009	-0.0220066656515498	-0.00996017062561758
0.052588967821922	0.0536019041771476	-0.0317780716042902	-0.0311297145528751	0.0167706549602038	0.00151798100611341	0.0209776108946038	0.00517468169551273	0.00348763907925952	0.0293421477599022	-0.0391825786934887	-0.03191718886178	-0.0119348410774578	-0.00552847348865551	-0.0220257819809952	-0.00996493713512267
0.0525758906544317	0.0536011875243411	-0.0317949709200824	-0.0310756247282773	0.0167635904119719	0.00151451508873881	0.0209689593725156	0.00516971821125963	0.00347277377221272	0.029371740072577	-0.0391892185585759	-0.0319008064300783	-0.0119431573233792	-0.00552954776937339	-0.0220294490640699	-0.00997560031421188
0.052572128576443	0.05362214647572	-0.0318194530651811	-0.0309628671624204	0.0167639634067075	0.00154387829603294	0.0209687959253843	0.00518687736608116	0.00343655696127498	0.0293819254831285	-0.0392245636514799	-0.0319121010459484	-0.0119741438261144	-0.00553208050141698	-0.0220658223372188	-0.00998524090099226
0.0525183153546828	0.0536004527107421	-0.0318705840776067	-0.0308531997252345	0.0167266234206108	0.00151512137980716	0.0209467445324951	0.00516341781329129	0.00341812655098755	0.0294484093500268	-0.0392281077999601	-0.0318712546299404	-0.011980750163585	-0.00550381811753728	-0.0220629291832959	-0.00996656741548388
0.052486561907716	0.0535834067116269	-0.0318855513644876	-0.0307867396070647	0.0167208650524455	0.00151428039542203	0.020943109580053	0.00516742715745296	0.00341429043284541	0.0294650250780612	-0.0392491547613328	-0.0318680723003235	-0.011965140264051	-0.0054913598139715	-0.0220927380284951	-0.0099562101758969
0.0524877842687409	0.0535884512209536	-0.0318757459335918	-0.0307552976875362	0.0167394100154233	0.00152922672754249	0.0209519538859372	0.0051799818529167	0.00340418045943146	0.0294432474940416	-0.0392595553074247	-0.0318770199830258	-0.0119738420775642	-0.0055054931013874	-0.0221085253450007	-0.00996875648945647
0.0524680323115626	0.0535697497957647	-0.0318871830418328	-0.0307435336850326	0.0167282411281158	0.00150831247965246	0.0209432436905198	0.00515877703234876	0.00341272581073353	0.0294467189993523	-0.0392402587670396	-0.0318636913584103	-0.0119658108163847	-0.00549475727912871	-0.0220866360022588	-0.00995393029796246
0.0525011338481169	0.0535864675036332	-0.0318494099906874	-0.0307880374052271	0.0167722950194532	0.00154284452785189	0.0209688350409371	0.00518532950777763	0.00341813353590769	0.0293998012907566	-0.0392642212340797	-0.0319030318256357	-0.0119536081608961	-0.00551438350774449	-0.0221279657747407	-0.009974182375423
0.0524818079710672	0.0535571727485565	-0.0318534472745296	-0.0308324195878112	0.016746710653956	0.00149575778418872	0.0209515431726328	0.00514841280784164	0.00344981433970503	0.0294055540709858	-0.0392066571102032	-0.0318744802660621	-0.0119474754010112	-0.00550599322166958	-0.0220616397670376	-0.00995466092060935
0.0525182762391301	0.0535725856733424	-0.0318069654249508	-0.0309147955450172	0.016789370355233	0.00153575762787552	0.0209790483911691	0.00518445639275985	0.00346768595638108	0.0293438981808899	-0.0392262693689787	-0.0319250720426526	-0.0119205513278307	-0.00552180568388768	-0.0221070906424034	-0.00996852878105984
0.0525355373737857	0.053570110217644	-0.0317925206100965	-0.030990092984151	0.0167908511583032	0.00151908881444798	0.0209740024848583	0.00516973218109991	0.00347061962284084	0.0293400592687797	-0.0391947031178717	-0.0319132870853886	-0.0119338003243566	-0.00552727627334312	-0.0220588276381883	-0.00995949308836378
0.0525497111737384	0.053555137342827	-0.0317607112837686	-0.0311159081597219	0.0167968442197852	0.00150534528557602	0.0209800849533182	0.0051622694924199	0.00353012276054892	0.0292965655680377	-0.0391568141170519	-0.0319261141927378	-0.0118930279485021	-0.00552937454335386	-0.022036182527087	-0.0099579480240283
0.052581552630699	0.0535673763199003	-0.0317338095623326	-0.031200988678007	0.0168110054468817	0.00150962704162324	0.0209962131339268	0.00516972519617977	0.00354186999924421	0.0292643022219005	-0.0391441728085783	-0.031942418393334	-0.0118931941896014	-0.00554585755790562	-0.0220177744685441	-0.00996345633205251
0.0525977241178124	0.0535782057400889	-0.0317322561160929	-0.0312296994937598	0.0168022547389274	0.00150257506624759	0.0209890046963399	0.00516651772085043	0.0035366508669139	0.0292687613949193	-0.0391341033477012	-0.0319336453336353	-0.0119071528540138	-0.00554915444021278	-0.0219896447981471	-0.0099660379585371
0.0526063477002201	0.0535821578079054	-0.0317274770337316	-0.0312565928332916	0.0168024517136755	0.00150532013986351	0.0209881064356096	0.00517013451250011	0.00354750962376709	0.0292761779831264	-0.0391426235532908	-0.0319429254985363	-0.0118910414372136	-0.00554696816020825	-0.0220069939427965	-0.0099635834575991
0.0525951285214875	0.0535798569752105	-0.031746496971279	-0.0312336808982409	0.0167818224505272	0.00149193284191881	0.020977423698744	0.00515442263313206	0.00353859267471345	0.0293047449095243	-0.039136251909137	-0.0319235004356206	-0.0119008971595344	-0.00553961303929842	-0.0219853784089242	-0.00995810588322352
0.0526070894987392	0.0536007586502443	-0.0317507857122464	-0.0311943390340315	0.0167974267621251	0.00152358570603558	0.0209890493998288	0.00518010758147926	0.00350902411076714	0.0293088827762166	-0.0391720342580419	-0.0319339135545687	-0.011921055639065	-0.00554707572797844	-0.0220226583247075	-0.00997406223479655
0.0525939271152231	0.0536042483163474	-0.0317734922906449	-0.0311233023961845	0.0167847114134981	0.00152276148545879	0.0209789715570476	0.00517742816611268	0.00348347886082278	0.0293425249455899	-0.0391868730223922	-0.0319221760947616	-0.0119399624209061	-0.0055379087187837	-0.0220300986616431	-0.00997423825478414
0.0525689588196825	0.0535955744425147	-0.0317971194815182	-0.0310597130801932	0.0167670968418833	0.00151516049535996	0.0209631451249892	0.00516962601031375	0.00347965531553689	0.0293657246593505	-0.0391921270793232	-0.0319080511892499	-0.0119388909341563	-0.00552595193248414	-0.0220364032505635	-0.00996668476214227
0.0525251745462626	0.0535870388701008	-0.0318450164759179	-0.030928729063717	0.0167367236151366	0.00150635670201262	0.0209467193867826	0.00515818471112069	0.00345147255974681	0.0294178740731328	-0.0392100280326638	-0.0318812263019355	-0.0119535285328065	-0.00550764305980719	-0.0220442235671548	-0.00995914943029278
0.0525193868414327	0.0536028429504148	-0.0318669868437334	-0.0308102634211199	0.0167388484278439	0.00152544648876148	0.020947033708189	0.00517135128558889	0.00340605521199765	0.0294338122639134	-0.0392463482204197	-0.031878945027017	-0.0119865853658718	-0.00551597886350499	-0.0220708430978171	-0.0099688263386579
0.0524881391026842	0.053580960592593	-0.0318790120822504	-0.0307692926735333	0.0167318299800849	0.00151167781417701	0.0209434797808206	0.00516413167212983	0.00341841572668144	0.0294467315722086	-0.0392468399587977	-0.0318683726518896	-0.0119674299208736	-0.00549968444179707	-0.0220911384817825	-0.00996359603045536
0.0524679848141056	0.0535676906413067	-0.0318935113794817	-0.0307291196038269	0.0167207057962663	0.00149822904893506	0.0209428162134071	0.0051522698807442	0.00341777451101238	0.0294428270018491	-0.0392340254243047	-0.0318575697743976	-0.0119732343895119	-0.00549802342778724	-0.0220695844152074	-0.00995522949310893
0.0525003291853165	0.0535885238641231	-0.0318527404006112	-0.0307540404019106	0.0167683387606846	0.00154304569355198	0.0209730818723836	0.0051879446618789	0.00341075746023744	0.0293983931308559	-0.0392667469812032	-0.031901377796546	-0.011971176632038	-0.00552144665899237	-0.0221229589839827	-0.00997992677374801
0.0524916343567234	0.0535727658842821	-0.0318528521593335	-0.0307824271173688	0.0167579675512573	0.00151486014379384	0.0209610119303777	0.00516373772263381	0.00342877296626842	0.0293975661163111	-0.0392304030447189	-0.0318866927004388	-0.0119684497192144	-0.00551681984789012	-0.0220839328381637	-0.00996673924451938
0.0525280118208244	0.0535867245486944	-0.0318155359219654	-0.0308703477041838	0.0167947473467585	0.00153610547689861	0.0209821902082491	0.00518440191038274	0.00344588322664895	0.0293538796317732	-0.0392328058572478	-0.031918465705182	-0.0119526805635012	-0.00553627704143847	-0.0221035017904343	-0.00998232958627696
0.0525086300644136	0.053558670315435	-0.0318157175298891	-0.0309382550978071	0.0167753208868588	0.00150856533376161	0.0209780299898124	0.00516142152311462	0.00348711940120094	0.0293488476953027	-0.0391921061245628	-0.0319103324641684	-0.0119171664355298	-0.00551620796888566	-0.0220791635346906	-0.00995765605436636
0.0525449223124888	0.053566575848052	-0.0317724515375437	-0.0310419741769998	0.0168064945854538	0.00151155348259848	0.020992149307388	0.00516344854693991	0.00349612016929628	0.0293174365094228	-0.0391867039873247	-0.0319221635219054	-0.0119163017024161	-0.00553186117492451	-0.0220569528856221	-0.00997029177490375
0.0525652302693105	0.053562699217373	-0.0317450804294742	-0.0311537426781646	0.0168123409636129	0.0015052852152628	0.0209976157058913	0.00515916958486075	0.00353109087048064	0.0292775959219153	-0.0391526720594075	-0.0319343773532662	-0.0118931550740486	-0.00553824120098248	-0.0220293806118525	-0.00996437834151129
0.0525987648709136	0.0535809899292576	-0.0317189442552858	-0.0312277646708804	0.0168285976667521	0.00152022316547908	0.0210061834089379	0.00517316876180992	0.00353583642522531	0.0292536418367793	-0.0391497816994526	-0.0319545763453336	-0.011895919705441	-0.00555383573369214	-0.0220189130105273	-0.00997767064454206
0.0525793034864132	0.0535629367046579	-0.0317354105060292	-0.0312357819622197	0.016791925439021	0.00148511555985994	0.0209869008383931	0.0051408998277366	0.0035451193840944	0.0292836895662474	-0.0391221926618746	-0.0319276131566004	-0.01189430339492	-0.00553536620785191	-0.0219692404494274	-0.00995598246750027
0.0526339129890696	0.0536130982101677	-0.0317058349571627	-0.0312451655039389	0.016832766267093	0.0015355452863032	0.0210062169365545	0.00518359585059832	0.00351476990607618	0.0292596209284211	-0.0391642097504985	-0.0319580073381075	-0.0119199590066026	-0.00557474579063008	-0.022007658907194	-0.0100039451201493
0.0525976277259144	0.0535870500459731	-0.0317424554964847	-0.0312229115483655	0.0167915636201577	0.0015034397993612	0.0209813757665605	0.00515439609043552	0.00352169056495315	0.029307579390118	-0.0391408382077024	-0.0319209565277048	-0.011911384318636	-0.00554118185236238	-0.0219901658731897	-0.00997482917902818
0.0526076175587019	0.0536063158527095	-0.0317501458935614	-0.0311694922761014	0.0168011064180561	0.00153354620215847	0.0209861352911455	0.00518249083623181	0.003491246092021	0.0293118024728361	-0.0391802457301612	-0.0319342572126397	-0.0119251990936934	-0.00554520656334836	-0.0220282546427255	-0.00998745931162945
0.0525643962698455	0.0535827640989738	-0.0317840912084688	-0.0311115048660642	0.0167665799577928	0.00150281953845257	0.0209665397961783	0.00515683801851726	0.00348801207399512	0.0293696557724065	-0.0391729073730597	-0.031901281404648	-0.0119247003703952	-0.00551495766818019	-0.022021206858302	-0.00996695577704379
0.0525633513257922	0.0535988852946622	-0.0318054091847431	-0.0310119222565797	0.0167650432753614	0.00152160059173114	0.0209666794945812	0.00516746068506964	0.00345583114991559	0.0293697731190649	-0.0391941582941006	-0.03190196872079	-0.011949527570549	-0.00553102298450744	-0.0220337629507498	-0.00998085297415888
0.0525284742225378	0.0535960605929566	-0.0318497634276466	-0.0308877890497791	0.0167361117361321	0.00151490903823483	0.0209497731938688	0.00516050091063987	0.00342334568331786	0.0294272757756443	-0.0392190665193279	-0.0318754679337702	-0.011970345426541	-0.00551151829350213	-0.0220487246496945	-0.00997377585307072
0.0525010779687557	0.0535885573917398	-0.0318702976958809	-0.0307945529387358	0.0167246746278911	0.001512904366154	0.020943007600219	0.00515956912229289	0.0034081534820084	0.0294511097201538	-0.0392405842643183	-0.0318647991667449	-0.0119741382381783	-0.00550228003812194	-0.0220733269354197	-0.00996907500181496
0.0525011813455738	0.0535946733878164	-0.0318702166708072	-0.0307498578317294	0.016737384388582	0.00152418361519976	0.0209451002822936	0.0051691719905045	0.00339390703888619	0.0294408418875446	-0.0392538025271955	-0.0318696802289403	-0.0119852777888212	-0.00550859161196251	-0.0220940777361784	-0.00997493954076642
0.0524633691788756	0.053560191631042	-0.0318825925523153	-0.0307473474514303	0.0167182135767595	0.00150360464347656	0.02093520544442	0.00515348805081702	0.00342779926840058	0.0294474426370791	-0.0392340813036658	-0.0318612913398494	-0.0119496644749837	-0.00548549527502004	-0.0220967753123373	-0.0099520667212685
0.0524970923733225	0.0535836553747839	-0.0318526691544258	-0.0307553549638814	0.0167578823352316	0.00153638906465638	0.0209616866736635	0.00518441727720705	0.00341270625295714	0.0294012359933538	-0.039256036304657	-0.0318941539921348	-0.0119661432985834	-0.00551592158715982	-0.0221175903743613	-0.00997719566997238
0.0524697254562051	0.0535506334663193	-0.0318520293357407	-0.0307954623753384	0.016733309386171	0.00148827972868439	0.0209450932973735	0.00514726029601816	0.00345027115348234	0.0294089836667757	-0.0392109388662504	-0.031869128420249	-0.0119431740871875	-0.0054986744223445	-0.0220729176190993	-0.00995123132481949
0.0525164825116375	0.0535735188586734	-0.0318187727339593	-0.0308714163969656	0.016772533903722	0.00151644013273002	0.0209667493437826	0.00516569769122573	0.0034575103247178	0.029354755540759	-0.0392150767329427	-0.0319009153948325	-0.0119409640584545	-0.00552860620213821	-0.022074619145646	-0.00997331764230939
0.0525228932713441	0.0535643281007502	-0.0317962687182449	-0.0309550161121805	0.0167870359949214	0.0015196545929795	0.0209813631937043	0.00517275665152152	0.00348137779684398	0.0293377416722765	-0.0392031003888667	-0.0319163199377143	-0.0119164707374836	-0.00552192722149816	-0.0220881461419935	-0.00996990201635981
0.052530694030159	0.053548950100565	-0.0317682396306979	-0.0310633997210443	0.0167864101460767	0.00149151374671027	0.0209814749524265	0.00514939907856573	0.00351515128271595	0.0293098690469407	-0.0391606320744016	-0.0319076027573768	-0.0118981646587747	-0.00552452002385498	-0.0220320879668996	-0.00995881555110998
0.0526019150698978	0.0535903539132004	-0.0317226113383605	-0.0311600849856538	0.016828350400579	0.00152900600406599	0.0210052655904312	0.00517614014683844	0.00351216453086311	0.0292551156549294	-0.0391702349426132	-0.0319463746521026	-0.0119130648904222	-0.00556414128487006	-0.0220272739599376	-0.00999452525684539
0.0526126327313641	0.053591169751873	-0.0317167216536965	-0.0312320464269276	0.0168228406955708	0.00152260222927954	0.0209986159464557	0.0051728879680202	0.00353490743084638	0.0292528022493782	-0.0391502189554535	-0.0319506550111657	-0.0118982121562317	-0.00555447415539314	-0.0220224795107519	-0.00998365113316788
0.052627699204111	0.0536025034832959	-0.0317215705852593	-0.0312565201901222	0.0168172988599299	0.00152090489368497	0.0209933646834927	0.00516935778938029	0.00352607988877057	0.0292686286814366	-0.0391448978432891	-0.0319433445937448	-0.011910548922187	-0.00555559034563188	-0.0220098046746617	-0.00998356032920603
0.0526088133770303	0.0535936535894756	-0.0317321862668915	-0.031244828830788	0.0167932274281356	0.00150673528468433	0.0209792621297255	0.00515386942745679	0.00353716775100443	0.0292890372211083	-0.0391381015159907	-0.0319350954030568	-0.011898522286686	-0.00553924982345102	-0.0220097138706999	-0.00996406821105697
0.0526124357566161	0.0536073789575552	-0.0317426007828237	-0.0312169101049793	0.0167958439792209	0.00152086298416412	0.0209803364104434	0.00516732657460291	0.00351481740353315	0.029307970545646	-0.0391575237849383	-0.0319272261920245	-0.0119140777038428	-0.00554396464454706	-0.0220190331511537	-0.00998563624747232
0.0525694463671084	0.0535880377136812	-0.0317793093321394	-0.0311347073737928	0.0167598283339832	0.00150096294667875	0.0209657560881384	0.00515466850232106	0.00349860540388291	0.0293499624885574	-0.0391576425285807	-0.0318995840690534	-0.0119221089650224	-0.00552206691990101	-0.022007461932446	-0.00996438672341546
0.0525786427129677	0.0536093487050353	-0.0317844851579649	-0.0310667929952494	0.0167705893019544	0.00152102224034336	0.0209680904484499	0.00516607767088147	0.00346008077533016	0.0293618857472403	-0.0391925908780206	-0.0318991943105095	-0.0119529892969715	-0.00553368004812957	-0.0220231877816543	-0.00998281713370289
0.0525561442851894	0.0536102078502128	-0.031819545266127	-0.030968837872158	0.0167548411010016	0.00153366075484881	0.0209601206545676	0.0051767268801304	0.00344681361801191	0.0293810062676378	-0.0392140164220651	-0.0319009950229222	-0.0119542759192617	-0.00552423783308123	-0.02205625858456	-0.0099813544914251
0.0525167758782835	0.0535982203302646	-0.0318591818939664	-0.0308583378324911	0.0167274308773793	0.00152464601691318	0.0209439533584062	0.0051678462526615	0.00341922458043391	0.0294359622223332	-0.0392332682589612	-0.0318710059667833	-0.0119727454451019	-0.00550499996602535	-0.0220658544678515	-0.00996866568549462
0.0524807881727264	0.0535822150842506	-0.0318914815616884	-0.0307651101033521	0.0167053012533845	0.00150439393945264	0.0209294680310152	0.00515108104733599	0.0034072650001663	0.0294669850466532	-0.0392327555658228	-0.0318441629186765	-0.0119814640224235	-0.00549661945883864	-0.0220584797891652	-0.00995742415501763
0.0524686120599344	0.0535744422651162	-0.0318838316771485	-0.0307355331575016	0.0167159239199369	0.00151090388502525	0.0209357097556543	0.00515667457138593	0.00341480312598385	0.0294538031053606	-0.0392457586931597	-0.0318582612814917	-0.0119680473878142	-0.00549361873714551	-0.0220864362335427	-0.00995938552059359
0.0524865814654924	0.0535849908915151	-0.0318747135623948	-0.0307233975572464	0.0167391459854419	0.00152876153186101	0.0209477783006761	0.00517071006991983	0.00339928961834784	0.029428343071442	-0.0392554383954928	-0.0318715172629377	-0.0119838961716171	-0.00551056275642666	-0.0220919138079183	-0.00997416142066257
0.052492500486821	0.0535801140202718	-0.0318493485233901	-0.030771882681922	0.0167631028645459	0.00153767568694659	0.0209636662000318	0.00518344637330727	0.0034190667212387	0.0294010026970211	-0.0392552414207448	-0.0318950354890568	-0.0119598498855352	-0.00550987404330064	-0.0221258255952091	-0.00997351741102545
0.0524729021978858	0.0535536984492777	-0.0318404706898893	-0.0308337928231112	0.01675338404666	0.00150493457227165	0.0209613458095605	0.00515537677322349	0.00345613010449768	0.0293982129199163	-0.039216076973507	-0.0318843248125106	-0.0119343423541596	-0.0055007950440997	-0.022091802049196	-0.00995438012681963
0.0525062328398207	0.0535686336055259	-0.0318071400479543	-0.0308955465020891	0.0167827137263374	0.00152337895239937	0.0209776220704761	0.0051742234847514	0.00346049288561855	0.0293424271567079	-0.039210574253419	-0.0319068064764805	-0.0119329523550513	-0.00552890934767239	-0.0220811807796277	-0.00997261495934307
0.0525288877298102	0.053569719062116	-0.0317804618439629	-0.0309782577354619	0.0167991101278794	0.00152258686245523	0.0209857036230807	0.00517345374655172	0.00347107783360217	0.0293303921393027	-0.0392021127211586	-0.0319162486915289	-0.0119290952821488	-0.00553258481265126	-0.0220699699827993	-0.00997220005508662
0.0525488198979282	0.053565444290989	-0.031752192475163	-0.0310933748073429	0.0168010714934554	0.00150315760858746	0.0209907048259026	0.00515344334732811	0.00351416640897589	0.0292842525508109	-0.0391600746777743	-0.0319200540760224	-0.0119060785732959	-0.00553833479891238	-0.0220266131864921	-0.00996433782897447
0.0526092338692229	0.0535985220788148	-0.0317110457075889	-0.0311886630879239	0.016840474824962	0.00153272617253377	0.0210126514449896	0.00518178256532938	0.00351756108016504	0.0292387863086207	-0.0391674535474126	-0.0319550149983186	-0.0119127421871116	-0.00556963003511787	-0.0220337908904303	-0.00999339789073442
0.052604087380062	0.0535872735634176	-0.0317137111531152	-0.0312439892433869	0.0168261641205745	0.00151595677625618	0.0210027216825153	0.0051676059714086	0.00353673328897158	0.0292534434650473	-0.0391445709490265	-0.0319461245919615	-0.0118990014522077	-0.00555472700950229	-0.0220130987630008	-0.00997876308605231
0.0526321122766569	0.0536130185820781	-0.0317036347073179	-0.0312530235390989	0.0168318372727141	0.00152665907089818	0.0210060479014871	0.0051732120683148	0.00351636665882071	0.0292524781490836	-0.039153873465672	-0.0319470899079251	-0.0119217820707598	-0.00557026566285082	-0.0220055033608381	-0.00999655926559082
0.0525962139780776	0.053586262146981	-0.0317364708169068	-0.0312323048689729	0.0167849195641183	0.00148903968799587	0.0209784868035897	0.00513796197032475	0.00353288320098915	0.0292991248427778	-0.0391325289467012	-0.0319139213161375	-0.0119066960402365	-0.00554188034437661	-0.0219752628475741	-0.0099658270139488
0.0526247152462262	0.0536204184064768	-0.0317468839358549	-0.031177964984234	0.0167983110530151	0.00151872559860058	0.0209859103767169	0.00516713379080698	0.00348941185199163	0.029300312279202	-0.0391690041996842	-0.0319229039234405	-0.0119413831536631	-0.00556360344601911	-0.0219903251293689	-0.00999286983077166
0.0526018438237123	0.0536163448010498	-0.0317608593640756	-0.0311289979000685	0.0167920246248871	0.00152658782471273	0.0209839154835243	0.00518147802281118	0.00348638877855405	0.0293282016683461	-0.0391960553984112	-0.0319281398195791	-0.0119307046077495	-0.00554338070522317	-0.0220436396278309	-0.00998500760465951
0.0525524073529133	0.0535877178043387	-0.0317983152998466	-0.0310644404741455	0.0167510371134921	0.00149809493846833	0.0209668443386965	0.00516022710177029	0.00348800369209095	0.0293706979224918	-0.0391809847347122	-0.0318939584143708	-0.0119322636419253	-0.00552109042806511	-0.0220214834611396	-0.0099624938100569
