0.052484353275967	0.053514344012212	-0.0320746876351163	-0.0310782692190432	0.016861729936955	0.0017119857660813	0.0208912800756133	0.00531890912057866	0.00348702720025506	0.0293312987819372	-0.0390860275393459	-0.0317136846104186	-0.0117128966369208	-0.00555771795230722	-0.0221853594665658	-0.0101922851098818
0.052463831580589	0.0535123966164764	-0.0320985397404182	-0.0309974257533164	0.0168482266893359	0.00171193826862433	0.0208893103281331	0.00532254966095682	0.00346259394959735	0.029361627305195	-0.0391004472084877	-0.0317001198955023	-0.0117346476782438	-0.00555235632760601	-0.0221917548594481	-0.0101971829358855
0.0524541281295273	0.0535093092817735	-0.0321093384269581	-0.0309449242995589	0.0168468827907005	0.00171975858521563	0.0208947390080677	0.00533273926246038	0.00344520149844306	0.0293772260288568	-0.0391241652033228	-0.0316982004394472	-0.0117418030304376	-0.00555110742388457	-0.0222122542030816	-0.0101981915583541
0.0524340897906232	0.0535173223821607	-0.0321490239492385	-0.0308228502472163	0.0168253915884067	0.00172614000825762	0.0208843789745127	0.00533744430466822	0.00341244501694381	0.0294051545335537	-0.0391433318241932	-0.0316880639233367	-0.0117693292037343	-0.00554805641076642	-0.0222200884895132	-0.010201622551128
0.0523961924078992	0.0535051742090493	-0.03218394854995	-0.0307257207416857	0.016807141389059	0.00172577120447412	0.02087207433919	0.00533365568398305	0.00339220551233953	0.0294542948437387	-0.0391686451747889	-0.031670551331556	-0.0117706591325294	-0.00552361477820454	-0.0222526214535679	-0.0101907484274505
0.0523405030365888	0.0534713224920717	-0.0322143133947925	-0.0306500042073434	0.0167736249482483	0.00169241122587457	0.0208528406630863	0.00530907994095444	0.00339715642373638	0.0294891523892167	-0.0391592462662454	-0.0316409240942805	-0.0117568792820727	-0.00549597684618555	-0.0222433119520023	-0.0101654350768548
0.0523552216603126	0.0534864881506846	-0.0322052944659048	-0.0306031437750928	0.0167963231447426	0.00171329893106805	0.0208626195512855	0.00532386561991162	0.0033783697825217	0.0294645319426992	-0.039179351660383	-0.0316570955813939	-0.0117791527954224	-0.00551529992926716	-0.0222564883053587	-0.0101848922704032
0.0523600971345719	0.053485820392319	-0.032193914634009	-0.0306086842137497	0.0168172471715208	0.00172501403913069	0.020874379362837	0.00533502193436288	0.00338101008233548	0.029440908942778	-0.03918980948282	-0.031669766226532	-0.0117681305914379	-0.0055205497952461	-0.0222799771948132	-0.0101886669212481
0.0523626773640725	0.0534779847089034	-0.0321793091659914	-0.0306479688016139	0.0168245436191015	0.00172466619010761	0.0208755290806924	0.00533174600681615	0.00340140465216692	0.029423774933669	-0.039173706447924	-0.0316829663286169	-0.0117516475768861	-0.00551933302215732	-0.0222824931630484	-0.0101849020492914
0.052381212548162	0.053479733732907	-0.0321549178248546	-0.0306987910805692	0.016837334404866	0.00172259306580938	0.0208764734418957	0.00532965053077346	0.00341450836235384	0.0294038651172954	-0.0391568923481575	-0.0316876099035275	-0.0117589286576424	-0.00553405723381725	-0.0222609851969463	-0.0101931889585482
0.0523821638942854	0.0534682128056243	-0.0321456739815383	-0.0307532497089505	0.016834731823621	0.00171008866177066	0.0208779165263971	0.00531804019651296	0.00344315351985735	0.0293737698903704	-0.0391315776005778	-0.0316923806039847	-0.0117327645437735	-0.00552901551845855	-0.0222432700424814	-0.0101801453186745
0.0524191029459659	0.0534803637727039	-0.0321052480577228	-0.0308453472780105	0.0168690557212002	0.0017261288323854	0.020895834243546	0.00533363333223859	0.00345000712350096	0.0293454865517302	-0.0391342681918166	-0.0317128855355544	-0.0117279449488753	-0.00554840286280547	-0.0222486204913104	-0.0101968951571757
0.052442181122116	0.0534747423089733	-0.0320713292855119	-0.0309865320718625	0.0168810697838449	0.00171407006625176	0.0209050319863894	0.00532926356619758	0.00349677814877369	0.0292981343811017	-0.0390927945299798	-0.031723424383065	-0.0116984294703221	-0.00555529837596994	-0.0222194626406685	-0.0101940006062687
0.0524722539972966	0.05348753728569	-0.0320443409510661	-0.0310703860381706	0.016895116458251	0.00172257350803297	0.0209161729340163	0.00533544242655544	0.00350870140745656	0.0292706738660543	-0.0390817876928196	-0.0317404689851962	-0.0116974362146778	-0.00557171712925639	-0.0222055500767291	-0.0101967847954374
0.0524725850825113	0.0534835991877138	-0.03205493986889	-0.0311038731423167	0.0168753086217116	0.00170417383139417	0.020903048269069	0.00531983671797355	0.00351602858868582	0.0292889086985777	-0.0390595071945497	-0.0317264362806304	-0.0116951158242066	-0.00556132775903675	-0.0221748206190551	-0.0101874683089517
0.0524851160292466	0.0534944761053593	-0.0320534283321712	-0.0311115258208246	0.016869734655438	0.00170400898727881	0.0208970272679063	0.00531607324300089	0.00351277920383563	0.0292980645319002	-0.0390666234311907	-0.0317239859706445	-0.011699996886402	-0.00556533710319843	-0.0221666929659775	-0.0101896895135569
0.0524967976096925	0.0535124385259972	-0.0320530567344197	-0.0310940104350758	0.0168746213055696	0.00171879746020406	0.0208957448365682	0.00532748660251338	0.00349703519383492	0.029310573126891	-0.0390857202028597	-0.0317323762567194	-0.0117118069893786	-0.00556948055782683	-0.0221856332754354	-0.0102014102095557
0.0524978956391389	0.0535260088288496	-0.0320753162779291	-0.0310506676086089	0.0168727242012589	0.00173534054506904	0.0208909643572228	0.00533967109720958	0.00346950063863404	0.029326624473378	-0.0391034870457336	-0.031727545485949	-0.0117337536084656	-0.00556650498184622	-0.0221980580513845	-0.0102033967208441
0.0524407715652313	0.0534940975226876	-0.032116548261529	-0.0309756481692968	0.0168246078803668	0.00169625432893685	0.0208650209668304	0.00530574813404657	0.00346879236773161	0.0293889034183506	-0.0390921477263746	-0.031685718387153	-0.0117259458647306	-0.00553019876393065	-0.0221824942523234	-0.0101754947588438
0.0524452642658668	0.053511151903707	-0.0321223820668318	-0.0308976852846367	0.0168332356537265	0.0017177343553584	0.0208711676965556	0.00532340601216626	0.00343756698072755	0.0293846342351597	-0.0391235295755899	-0.0316907475296554	-0.0117494151964087	-0.00554633672342739	-0.0222020743804663	-0.0101919903462518
0.0524197120310023	0.0535183002709806	-0.0321600265954467	-0.0307748219363179	0.0168190828085342	0.00172667086218844	0.0208574395345079	0.00532440764971466	0.00339925189977907	0.0294278806697286	-0.0391558767407688	-0.0316821462989922	-0.0117733581056724	-0.00552888420195988	-0.0222315828740994	-0.0101860489731787
0.0523865783638153	0.0535076077552268	-0.0321882875823423	-0.0306823835031549	0.016805372807279	0.0017238461604829	0.0208509938502006	0.00532598624166682	0.00338330672407826	0.029462852767897	-0.0391730289106702	-0.0316625298492646	-0.0117794014585795	-0.00552053303143776	-0.0222519089917134	-0.0101884713434841
0.0523568016492488	0.0534898339274328	-0.0322006969914671	-0.030621121562555	0.016795556200511	0.00171320253917009	0.0208581422174742	0.00532220460590179	0.00337463005627752	0.0294730856759054	-0.0391799397906589	-0.0316509334848444	-0.0117807914576878	-0.00551597746652097	-0.0222528296041882	-0.0101811665139993
0.0523639821471551	0.0534972155910391	-0.032198433877341	-0.0305928186661385	0.0168145831229786	0.00172400401967811	0.0208743751718849	0.00533224612709833	0.00336493498712003	0.0294492196007633	-0.0391895678045831	-0.0316628190249585	-0.011791604114068	-0.00553438971601602	-0.0222604236093669	-0.0101905039552455
0.0524006571688541	0.0535199207724536	-0.0321678385301338	-0.0306238247266501	0.0168593718279149	0.00175949439892106	0.020892051210797	0.00536062865160449	0.003363902615923	0.0294065235779015	-0.039211163780679	-0.0316998377047286	-0.0117892837235968	-0.00555357170371076	-0.0223076346846085	-0.0102093953702623
0.0523571690560483	0.0534707106130672	-0.0321739992296993	-0.0306738842523258	0.0168245785437022	0.0017115582889686	0.0208740664384146	0.00532505305633581	0.00341498473390755	0.0294197418407788	-0.0391586958545382	-0.0316790645522254	-0.0117446612597598	-0.00552057214699055	-0.0222770938197784	-0.0101698914559056
0.0523820102260423	0.0534770892421412	-0.0321522426004401	-0.0307309845775049	0.0168382885449575	0.0017123489819287	0.0208779863755985	0.00532488262428434	0.00342438084848295	0.0293933528124813	-0.0391430412515153	-0.031684197071546	-0.0117480056395239	-0.00554284845430833	-0.0222455247747034	-0.0101834952863747
0.0523956266293677	0.0534805579534838	-0.0321293055196769	-0.0307893854948146	0.0168483733726589	0.0017151471409377	0.020883265578242	0.00532861955656046	0.0034438087053667	0.0293645009013415	-0.0391333140517252	-0.031700152026135	-0.0117326234483866	-0.00554458769942376	-0.0222445147552508	-0.0101860168425461
0.0524214596580219	0.0534790324469247	-0.0320922072118172	-0.0308941760607572	0.0168661374215647	0.00170644672440847	0.0208907031212095	0.005318533331875	0.00346546195780777	0.029336689743303	-0.0391113031713728	-0.0317040021141174	-0.0117213414053728	-0.00555619384273218	-0.0222193746306747	-0.010185865968271
0.0524542035666649	0.0534866529948	-0.0320608714630749	-0.0310002811886705	0.0168824751497775	0.00171069215887095	0.0209000224016633	0.00532369518786015	0.00349581422979405	0.0292877156742174	-0.039088438733779	-0.0317259976276454	-0.011701472101536	-0.00556837694044435	-0.022204467414107	-0.010191365894391
0.0524642534697656	0.0534832247959941	-0.0320475582052837	-0.031064170856228	0.0168838078725407	0.00170205600360703	0.020906093694251	0.00531488021864059	0.0035129496358871	0.029274832687507	-0.03907031985093	-0.031733046809053	-0.0116903716664459	-0.00556896646770436	-0.0221846274469349	-0.0101830370756134
0.0525089499737561	0.0535146890672671	-0.0320254146114486	-0.0311171738272517	0.0169112488298117	0.00173497313826956	0.0209198106804264	0.00534491397826838	0.0034994198455715	0.0292646109553708	-0.0390921421384385	-0.0317519186662935	-0.0117045943608396	-0.00559246513604703	-0.0222007053361184	-0.0102142023923042
0.0524982015786411	0.053508500428021	-0.0320420862188442	-0.0311191156350512	0.0168834907571662	0.00171336179534933	0.0209026696863973	0.00532459903652656	0.00350668695648753	0.0292914134909407	-0.0390707040215378	-0.031730592308115	-0.0117077431628398	-0.00557838074307213	-0.0221796024953845	-0.0102006991446852
0.0524698511847676	0.0534949692407214	-0.03206603331906	-0.0310882115543737	0.0168568614476158	0.00169663430859259	0.0208914854322655	0.00531345948588365	0.00350828790018414	0.0293278608042432	-0.0390698183336637	-0.0317147309514559	-0.0116963074515828	-0.00555985952882285	-0.0221773980545876	-0.0101870506107271
0.0524896981368599	0.053522639303373	-0.0320737013643922	-0.0310228340988259	0.0168712992775499	0.00172747831895689	0.0208985248347848	0.00533829087698947	0.00346228661311109	0.0293309886514829	-0.0391104328503231	-0.0317212367060765	-0.0117333456891293	-0.00557380841434699	-0.0221951467366692	-0.0102107001533449
0.0524669398700523	0.0535165554379291	-0.0320994994684457	-0.0309639414431383	0.0168498374119207	0.00171891340987842	0.0208871212541606	0.00533015065105565	0.00344775378826305	0.0293713740627616	-0.039119265980335	-0.0317002973124739	-0.0117406141970294	-0.00555973100629223	-0.0222052092126261	-0.0102000872656807
0.052421955587352	0.0534991308561421	-0.0321398569400438	-0.0308709707590605	0.0168127432950131	0.00170408163044829	0.020869763727607	0.00531400011870266	0.00344778591889571	0.0293964624989286	-0.0391155011083783	-0.0316801039083426	-0.0117357540895944	-0.00553817414574911	-0.0222007067331024	-0.0101848559488184
0.052405165236314	0.0535083355839056	-0.0321745063349016	-0.0307348081227908	0.0168032843161564	0.00171169938435547	0.0208559014550926	0.00532000854700905	0.0033937799133396	0.0294468614917232	-0.0391534362096711	-0.0316622937589638	-0.0117738456530983	-0.00553563023783329	-0.0222165359591289	-0.0101939796515083
0.0524055452159697	0.0535224842381459	-0.0321776579308698	-0.0306616061596997	0.0168184611506416	0.00173838736723511	0.0208594106789721	0.0053401921722522	0.00337042234038381	0.0294531423319152	-0.0391903389397668	-0.0316740954800362	-0.011783747475892	-0.00553976531055753	-0.0222740917011013	-0.0102067424975923
0.0523747542909985	0.0535008128249124	-0.0321917744544774	-0.0306248948164159	0.016809351417792	0.00172000166043659	0.0208614991700946	0.00533012131439105	0.00337702588388632	0.0294604611312403	-0.0391810308351852	-0.0316608758201749	-0.0117785744440346	-0.00552815497629702	-0.0222747748262912	-0.0101939475208756
0.0523579737188487	0.0534886814156093	-0.0322004189916455	-0.0305961672368547	0.0168082170667609	0.0017155592512261	0.0208656174790105	0.00532742234124807	0.00338031717825736	0.0294497825853267	-0.0391763984361468	-0.031661272563639	-0.0117727126990512	-0.00553007163838407	-0.0222673261074515	-0.010189203363115
0.0523580463620181	0.0534842837098877	-0.032180073316255	-0.0306280575882563	0.0168246288351272	0.0017214209962095	0.0208708980786381	0.00532999837979655	0.00339739949895734	0.0294293363270862	-0.0391745153016764	-0.0316736274903867	-0.0117546021981063	-0.00552968607079221	-0.0222831679063342	-0.0101922823159137
0.0523630782984887	0.0534788103264642	-0.0321666594756138	-0.0306648010621728	0.0168233128761724	0.00170660458360369	0.0208678833871047	0.00531536078114638	0.00341311556927747	0.0294119271121236	-0.0391574357749445	-0.0316738258621187	-0.0117500843517583	-0.0055296609250797	-0.0222633167632898	-0.0101743087194036
0.0523920405713666	0.0534840126949862	-0.0321411617231264	-0.0307406684707902	0.0168434238582461	0.00171493619634941	0.0208747844882053	0.00532306654504735	0.00343322655135114	0.029376158733059	-0.0391410798859394	-0.0316891423950067	-0.0117384670325776	-0.0055496266208144	-0.022248749013841	-0.0101927544965153
0.0523978604068292	0.0534755721174862	-0.0321306033178393	-0.0308020379791603	0.0168424934668831	0.0016994771710905	0.0208751057945318	0.00531326251113564	0.00345435733176557	0.0293702439026825	-0.0391207761200698	-0.0316904974695143	-0.0117269922057679	-0.00554512553827471	-0.022231909768362	-0.0101804303034163
0.0524466109584702	0.0534878446221762	-0.0320801540336196	-0.0309330625081733	0.0168819233410863	0.00171642119037165	0.0208952684650145	0.00532524444314771	0.00347910210986162	0.0293109014181377	-0.0391091071124801	-0.0317205815205671	-0.0117081706399525	-0.00556575480142293	-0.0222338753248901	-0.0101926106071604
0.052471439555608	0.0534901650126475	-0.032048999892801	-0.0310473288167809	0.0168946372927293	0.00171800397327589	0.0209017015764656	0.00532774364757462	0.00351128443092518	0.029281214110549	-0.039087161890377	-0.0317398305634952	-0.0116881253161282	-0.00557130222499994	-0.0222228377540812	-0.0101906031411115
0.0524668797997391	0.0534805984660206	-0.0320526655788917	-0.0310933287068699	0.0168694915802171	0.00169431112415327	0.0208919785676275	0.00530709063569791	0.00352565660260994	0.0292919876513764	-0.0390551765440615	-0.0317204739527969	-0.0116870747841388	-0.00556388144584077	-0.0221741556546576	-0.0101812377601847
0.0525089751194686	0.0535157423932245	-0.0320342854600293	-0.031114488823949	0.0168924314549484	0.00172198956870908	0.0209007697881186	0.00532616365863843	0.00350230601457429	0.0292826069036254	-0.0390769625099853	-0.03173613554074	-0.0117103583169411	-0.00558327577510784	-0.02219086777459	-0.0102046106999648
0.0525008907728959	0.0535081274332854	-0.0320432862281246	-0.0311187957257087	0.0168806590705406	0.00171750385299371	0.0208917913717677	0.00532342137899057	0.00351078431064299	0.0292989306619979	-0.039074005094797	-0.0317341839540522	-0.0116983037417595	-0.00557077416503718	-0.0221944594205272	-0.0101983005231083
0.0524962751376659	0.0535108655219812	-0.0320646880234406	-0.0310679119794562	0.0168696955398852	0.00172200772950145	0.02088748866096	0.00532962398807692	0.00348281110245718	0.0293218747276812	-0.039085147439408	-0.0317205829175512	-0.0117227453743214	-0.00557076298916495	-0.0221889720672634	-0.0101998316176035
0.0524637002640903	0.053499122474238	-0.0320907808911241	-0.0310024744535952	0.0168531245153397	0.00170896828057984	0.0208941410989035	0.00532570405089307	0.00346849760410161	0.0293560421630492	-0.0390974939842515	-0.0317043415812363	-0.0117272241051166	-0.00555389580400537	-0.0221971835393826	-0.0101959060924835
0.0524580326998869	0.0535069106601966	-0.0321113794206237	-0.0309352306273855	0.0168476134133474	0.00171510243744879	0.0208929438835912	0.00532897718447175	0.00343891367333098	0.0293763026224139	-0.0391188301213181	-0.0316962628225997	-0.0117478673381051	-0.00555779758039684	-0.0221952291587268	-0.0102021995055317
0.0524160309780873	0.0534943238341002	-0.0321555492616355	-0.0308227370915099	0.0168138147817629	0.0017118139370458	0.0208734056649692	0.00532157596308898	0.00343276414963771	0.0294097603898955	-0.0391340991567492	-0.0316828098664057	-0.0117450985157607	-0.00553553803688742	-0.0222148791360711	-0.0101827786335681
0.0523967777442071	0.0534980034900312	-0.0321757412687828	-0.0307204415390422	0.0168096042719012	0.00172210970933553	0.0208671387946175	0.0053263732062427	0.00339840113650574	0.0294501639619665	-0.0391707196960711	-0.0316726482045827	-0.0117626083135734	-0.00552727627334312	-0.0222531090009939	-0.0101860280184183
0.0523710858109398	0.0534898800279057	-0.032199220379349	-0.0306380627878681	0.0167977033649627	0.00171496972396609	0.0208622339836936	0.00532377062499769	0.00337785010446311	0.0294683485030649	-0.0391754456930394	-0.0316522731925277	-0.0117780184443913	-0.00552281570334026	-0.0222552645473498	-0.0101847413961281
0.0523379954502577	0.0534654397923279	-0.0322131999985218	-0.0305944196098351	0.0167819803097225	0.00169347991865634	0.0208565692134582	0.00531148973840352	0.00338678102335703	0.0294742619364574	-0.0391628043845659	-0.0316400565671988	-0.0117689534150306	-0.00551258838326793	-0.0222447466545995	-0.0101712283696208
0.0523804274431381	0.0534978135002033	-0.0321836873139366	-0.0305997085913668	0.0168321907096732	0.00174476320234098	0.0208822373979971	0.00535249121963873	0.00336754455328519	0.0294308632306294	-0.039206895994472	-0.0316836787904714	-0.0117780421931198	-0.00553922328075449	-0.0222999694332444	-0.0101971256595404
0.0523629316151657	0.0534746403291393	-0.0321865651010352	-0.0306294755270452	0.0168154548410123	0.00171718673761925	0.0208700165817161	0.00532842397879648	0.00339633918807973	0.0294320981645105	-0.0391677077985058	-0.0316699492314397	-0.0117663242910891	-0.00552797476535735	-0.0222687831617931	-0.0101803115597739
0.0523898668642183	0.0534850799907839	-0.0321495715669777	-0.0306940930232815	0.0168423677383206	0.00173111327139893	0.0208794280631158	0.00533826014334084	0.0034116291782712	0.0293978343372445	-0.0391676393462884	-0.031694557105101	-0.0117554375945553	-0.00554500539764827	-0.0222789071050474	-0.0101903684477947
0.052396772156271	0.0534802059135086	-0.0321358489928662	-0.0307501525953594	0.016844109777404	0.00172357933653347	0.0208802536806767	0.00533159792650913	0.00343158788908576	0.0293686639137463	-0.039140326911548	-0.0316979783189867	-0.0117475264740022	-0.00554987947492355	-0.0222479736877052	-0.0101870841383438
0.0524272669206282	0.0534890194857442	-0.0321026943709188	-0.0308458557801969	0.0168718329254488	0.0017281907808114	0.0208912130203799	0.00533426476901945	0.00344332953984493	0.0293483978664455	-0.0391388223597494	-0.0317145116249635	-0.0117377517767551	-0.00555322525167171	-0.022251788851087	-0.0101888652929801
0.0524444484271942	0.0534793565472193	-0.0320819812887289	-0.0309541122635141	0.0168696131178275	0.00170849190902613	0.0208912507389487	0.00532060086823712	0.00348784722987976	0.0293083812589504	-0.0390896555068678	-0.0317140715749945	-0.0117187821306327	-0.00556487749545306	-0.0222013479487715	-0.0101851618883207
0.0524819309056617	0.0534922297550416	-0.0320495503045082	-0.0310491532779221	0.0168906894158649	0.00172422614013864	0.0209051297752714	0.00532947311380185	0.00350436377204821	0.0292741369894608	-0.0390857006450833	-0.0317400233472912	-0.0117072053239888	-0.00557364077626357	-0.0222044115347459	-0.010192494657486
0.0524890261875422	0.0534911442984515	-0.0320501663744648	-0.0310904271710428	0.0168808644271927	0.00171645751195639	0.0209022338273804	0.0053263536484663	0.00351007324577251	0.0292788629864291	-0.0390688376508758	-0.0317333303968108	-0.0117074190625452	-0.00557582146833199	-0.0221813794590687	-0.010187634550051
0.0525073462360914	0.0535017529951636	-0.0320358249364287	-0.0311189116753831	0.0168916966413494	0.00173095541220371	0.0209095344659131	0.00533580005446673	0.00350713678534469	0.0292751889184342	-0.0390836652393538	-0.0317425253456861	-0.011706622781649	-0.00557889203922654	-0.0221970787655805	-0.0101958907256592
0.052483470382061	0.053486996652871	-0.0320529058601446	-0.0311017944300824	0.0168654738541512	0.00171257808730937	0.0208965886149214	0.00532182602323008	0.00350787020195963	0.0293113274982664	-0.0390764051133579	-0.0317229941119843	-0.0117030059899993	-0.0055630041398709	-0.0221819284737919	-0.0101840931955389
0.0525084442655378	0.0535152115392937	-0.0320625101253402	-0.0310544911538948	0.0168829151997465	0.00174345283132229	0.0209058268703016	0.00534840923230758	0.00346587825904825	0.0293142849134546	-0.0391115797742104	-0.031729558539934	-0.0117350067031392	-0.00557953744584769	-0.0222059943176501	-0.010205745050996
0.0524439706586564	0.0534778729501811	-0.0321032908830989	-0.0309884529249016	0.0168328808197833	0.00170148743110745	0.0208791724150386	0.00531107064319499	0.00347695354842585	0.029379496127903	-0.0390975540545647	-0.031690431811265	-0.0117160859514577	-0.00553444280140911	-0.0222015798481202	-0.0101710663194735
0.052420142302083	0.0534895168120583	-0.032145022986981	-0.0308416704160476	0.0168144392336236	0.00171225957495088	0.0208713702592397	0.00531781947303646	0.00344809604935003	0.0293853508879663	-0.0391159732889799	-0.0316857840454023	-0.0117388414242973	-0.005549263404967	-0.0222005977683482	-0.010181841257285
0.0524238624705508	0.0535180474168715	-0.0321641239496021	-0.0307114393739628	0.016826138974862	0.001747316889145	0.0208729670119842	0.00535026163312931	0.00337412155409116	0.029426085545252	-0.03918107414169	-0.031686310708381	-0.0117893465878781	-0.00554811368711158	-0.022257339068632	-0.0102010539786284
0.0523682247876495	0.0534806934609346	-0.0322050765363963	-0.030657642916011	0.0167900814201035	0.00170757129655138	0.0208534050446338	0.00531384645045953	0.00339526211339379	0.0294768645177024	-0.0391633086958002	-0.0316512450122827	-0.0117703741477876	-0.00551003050551183	-0.0222556445270055	-0.0101726267506333
0.0523603583705852	0.0534768280061278	-0.0321968944009417	-0.0306237115709438	0.0168057066864618	0.00172230249313146	0.0208632412091781	0.00532808590866159	0.0033905249405533	0.0294623819842794	-0.039181367508336	-0.0316592455398137	-0.0117705515647592	-0.0055203779662106	-0.0222759608657313	-0.0101813201822424
0.0523636873835251	0.0534812075510571	-0.0321943476990578	-0.0306009812438168	0.0168113379290805	0.00173135355265183	0.020861518727871	0.00533125845939022	0.00338062172077557	0.029449796555167	-0.0391791113791301	-0.0316638513961555	-0.0117850592438947	-0.005528448342943	-0.0222693461463566	-0.0101896364281638
0.0523620277664993	0.0534757704892183	-0.0321808304815984	-0.0306285912361552	0.0168189766377481	0.00172788344432514	0.0208628095411133	0.00532814597897481	0.00339903397027063	0.0294331836211006	-0.0391712268012734	-0.0316696237341611	-0.0117658423315993	-0.00552490000351072	-0.0222850426589003	-0.0101817742020517
0.0523648496742367	0.053467707097406	-0.0321616247451752	-0.0306738255789966	0.0168223349873525	0.00171253338382046	0.0208640444749945	0.00531889794470643	0.0034209666195174	0.0294171183047734	-0.0391505458497162	-0.031674133198605	-0.0117502352260334	-0.00552923065399893	-0.022270396678346	-0.0101784605559362
0.0523729088750969	0.0534623999550819	-0.0321457424337557	-0.0307401306319392	0.0168307294643795	0.00170917084326396	0.0208707849229318	0.00531884346232932	0.00344418030311826	0.0293860843045812	-0.0391278015527489	-0.0316822119572415	-0.0117371468826707	-0.00553639299111283	-0.0222493287622128	-0.0101763469191011
0.0524374928437165	0.0535008994379222	-0.032099218674656	-0.0308199836359899	0.0168866856596393	0.001752274785462	0.0209042105597807	0.00535622535794679	0.00342355942187422	0.0293402506555916	-0.0391544350532514	-0.0317195519433381	-0.0117605840837162	-0.00557071549170798	-0.0222703519748571	-0.0102067578644166
0.0524242033346538	0.05346132427738	-0.0320868930845729	-0.0309497480854092	0.0168671153103847	0.00170190373234793	0.0208935362048192	0.00531591258983762	0.00349321723648515	0.029319897995281	-0.0390837043549066	-0.0317043206264759	-0.0117108193216705	-0.00555228787538861	-0.0222152004423977	-0.0101741368903681
0.0524566776253793	0.0534723408934284	-0.0320587103287828	-0.0310387555257983	0.016876656711299	0.00170366672619184	0.0209013118179216	0.00531778734240381	0.00351295103287113	0.0292891615526869	-0.0390684185556672	-0.0317218471880969	-0.0117017473073897	-0.00556263952703948	-0.0221956901634562	-0.0101827451059514
0.0524735280467305	0.0534766296343958	-0.0320414799277759	-0.0310920672302922	0.0168882768244477	0.00171526448759609	0.0209085286374126	0.00533083796719765	0.00352396764891954	0.0292789216597583	-0.0390701200822139	-0.0317387031973843	-0.0116899930837742	-0.00556798438793235	-0.0222057735941736	-0.0101898334029118
0.0524963757205159	0.0534950069592901	-0.0320327809082307	-0.0311212767693432	0.0168982722451713	0.00172192949839586	0.0209135396191227	0.00533533485878525	0.00350510696755135	0.0292854749118358	-0.0390747650541085	-0.0317343180645189	-0.0117130335413556	-0.00557864197908545	-0.0221938782751713	-0.0102023461888547
0.052491665090372	0.0534949678437373	-0.0320474604164017	-0.0311005064108081	0.0168795694229984	0.00171453665891726	0.0209046715645101	0.00532841140594022	0.00349668594782781	0.0293060664564152	-0.0390734183615051	-0.0317205661537428	-0.0117235779768023	-0.00557611064402588	-0.0221733537858252	-0.0102015806416071
0.0524777581143687	0.0534929072922954	-0.0320678941017859	-0.031069374621734	0.0168656177435062	0.00171518066855438	0.0208942738123862	0.00532829545626586	0.00349040091668378	0.0293306044808751	-0.0390834584857176	-0.031713507193447	-0.0117208999584198	-0.00556353080284963	-0.0221842432763271	-0.0101921300446546
0.0524485429873816	0.0534867368138417	-0.0320973327462176	-0.030983366506054	0.0168431081398556	0.00170527744877665	0.0208843482408641	0.00531850399521041	0.00347144524040165	0.0293694727674988	-0.0390949933828406	-0.0316919391570317	-0.0117337536084656	-0.0055489588624488	-0.0221918889699148	-0.0101852024008575
0.0524613072304496	0.0535084417546918	-0.0321064285092269	-0.0309181874222383	0.0168571464323576	0.00173136333154002	0.0208901610914065	0.0053375267267259	0.00343304634041146	0.0293700553098387	-0.0391251891926157	-0.0316971010130168	-0.0117646199705744	-0.00556531894240606	-0.0222087631399945	-0.010203440027349
0.0524172309873677	0.0534943839044134	-0.0321479119499519	-0.030819056038595	0.0168328067796298	0.00172964364420099	0.0208794560027964	0.0053378410481323	0.00342564930998078	0.0294059983119069	-0.0391423092318844	-0.0316896341333847	-0.0117576224775758	-0.00553626027763013	-0.0222429152085382	-0.0101873006708682
0.052388522965583	0.0534901286910628	-0.0321792351258379	-0.030705361096455	0.016815095816117	0.00172518726515022	0.0208736138155894	0.00533280352372569	0.00338882760495872	0.0294516321921804	-0.0391635070675322	-0.031665837907444	-0.0117827542202478	-0.00553363115368857	-0.0222487573957452	-0.0101867279074166
0.0523757251948983	0.0534902725804177	-0.0321963020797136	-0.0306276790055846	0.016813965656038	0.00172457119519367	0.0208670074781188	0.00532881234035639	0.00337024073246011	0.02946143203514	-0.0391786741231291	-0.031655233401684	-0.0117965354676885	-0.00553297317421117	-0.0222533744279593	-0.0101912555326528
0.0523680250189334	0.0534837123434201	-0.0321940333776514	-0.0306061878032908	0.0168189165674349	0.00173050558334656	0.0208694102906478	0.00533479143199818	0.0033793714200701	0.0294493956207509	-0.0391805851972801	-0.03166534756605	-0.0117829344311874	-0.00553206792856073	-0.0222820628919676	-0.0101909090806137
0.0523495163775404	0.0534595263589354	-0.032199756821216	-0.0305988354763491	0.0168098850656909	0.0017175625263229	0.0208711746814757	0.00533671228503731	0.00338878010750175	0.0294436498254418	-0.039168650762725	-0.0316599398408758	-0.0117722293425774	-0.00552440267719659	-0.022273391812103	-0.0101796004949034
0.0523702504144907	0.0534707609044922	-0.0321778828452984	-0.0306371323965052	0.016833748346865	0.00172924410676886	0.0208828115584328	0.00534459406892586	0.00339724303674615	0.0294108737861662	-0.0391701343597632	-0.0316806906416345	-0.0117701813639917	-0.00553491637899475	-0.0222796586824547	-0.0101889295542454
0.0523979665776153	0.0534782710906292	-0.0321467245135277	-0.0307076074467727	0.0168563236087648	0.0017369778103504	0.0208877289422129	0.00534749979570505	0.00341239751948685	0.0293840293410753	-0.0391607913305809	-0.0316980579470763	-0.0117644369656666	-0.00555138961465831	-0.0222757918306639	-0.0101963950368935
0.0523839143152731	0.0534527747351259	-0.0321389167697926	-0.0307815623842552	0.0168464511226357	0.00171686822526076	0.0208808292380964	0.00532703258270413	0.00346052781021926	0.0293686136223213	-0.0391259603277994	-0.0316998391017126	-0.0117217157970924	-0.00553229423997334	-0.0222639384211824	-0.0101727846098285
0.0524178247055798	0.0534663897414672	-0.0321023465218957	-0.0308642610447718	0.0168719572570273	0.00172064846404177	0.0208911808897472	0.00532951642030673	0.00345974829313139	0.0293469352241677	-0.0391182014785053	-0.0317046419328024	-0.0117309219218399	-0.00555529139104979	-0.0222394604670358	-0.0101890762375684
0.0524524531456772	0.0534728326318064	-0.0320668016602757	-0.0309799704378808	0.0168953427696637	0.00172568319448032	0.0209062739051907	0.005334193522834	0.00349388499485075	0.0292877980962751	-0.0390932736955015	-0.0317296926504007	-0.0117096598249268	-0.00557095437597685	-0.0222245015620591	-0.0101936080537567
0.0524593430709056	0.0534633387283491	-0.0320528038803105	-0.0310627333596627	0.0168838148574608	0.00171037783746455	0.0209047819262483	0.00532132450596386	0.00352156204242254	0.0292781924340954	-0.0390623109414948	-0.0317281000886083	-0.0116941644780832	-0.00556768543335026	-0.0221929576626966	-0.0101819795587038
0.0524931319236019	0.0534880974762854	-0.0320350188766442	-0.0310984807839669	0.0169036785733615	0.00173265554176635	0.0209115698716426	0.0053427304922319	0.00350575237417249	0.0292656908240248	-0.039078567644634	-0.03174507204757	-0.0117099964980777	-0.00558400919172278	-0.0221935457929725	-0.0101986162414987
0.0524846424516609	0.053480323260167	-0.0320442683078967	-0.0311101889071094	0.0168810180954359	0.00171459952319854	0.0209017839985232	0.00533281050864583	0.00351626188501857	0.0292842916663637	-0.0390647947790974	-0.0317308968506332	-0.0117048961093898	-0.00557423728844372	-0.0221778506774128	-0.0101885984690307
0.0524913549599177	0.0534928472219821	-0.032054006683559	-0.0310892159858902	0.0168777393739211	0.00172600589779089	0.0208968735996632	0.00534218287449275	0.00350113673894247	0.0293014871427699	-0.0390819315821745	-0.0317326780052695	-0.0117153273891303	-0.00557355975118992	-0.0221884831228534	-0.0101944252894134
0.0524740672825655	0.0534887247221142	-0.0320842583726953	-0.031035648633319	0.0168548414087106	0.00171669779320929	0.0208870737567036	0.00533495348214548	0.00348418433775715	0.0293327921578636	-0.0390838189075969	-0.0317108724815693	-0.0117257754326791	-0.00556138782934998	-0.022182524985972	-0.0101890482978878
0.0524503255390019	0.0534863735979943	-0.0321029262702675	-0.0309651107187701	0.0168426778687749	0.00171316202663326	0.0208791793999588	0.00532757321552315	0.00346558349541825	0.0293689307376958	-0.0391073594854605	-0.0317023830096284	-0.0117295794201886	-0.00554371179043792	-0.0222095971394595	-0.0101731380467877
0.052443164598872	0.0534912155446369	-0.0321177538587456	-0.0309010813528098	0.0168377297513461	0.00172649763616891	0.0208776510994316	0.00533858424363544	0.00345258874998554	0.0293776171843847	-0.0391217176873049	-0.0316964458275075	-0.0117406519155981	-0.00555406903002489	-0.0222231953819925	-0.0101901337544779
0.0524161986161707	0.0534953184867285	-0.0321633164928337	-0.0307644772695872	0.0168175139954703	0.00172820894160377	0.0208664207448269	0.00533928972056981	0.00340092408966113	0.0294265800775981	-0.0391494659810622	-0.0316717569287726	-0.0117837782095406	-0.00554305939889663	-0.0222250156521816	-0.0101895847397548
0.0523881541617994	0.0534883517273786	-0.0321885893308925	-0.0306751750655681	0.0168100107942534	0.00173208277831468	0.0208613091802668	0.00534019077526817	0.00338403315577306	0.0294562031239215	-0.0391710731330303	-0.0316670784292613	-0.0117825865821644	-0.005528792001014	-0.0222645712549473	-0.0101824699000978
0.0523580491559862	0.0534726412449945	-0.0322043445167654	-0.0306130791255032	0.0167974072043487	0.00172175906634438	0.0208534218084421	0.00532617902546275	0.00337721866768225	0.029470511034341	-0.0391704221384731	-0.0316503565304406	-0.0117855118667199	-0.00551709924469582	-0.0222643225917903	-0.0101720511932136
0.0523521413105299	0.053468834463517	-0.0321987412138273	-0.0305941765346142	0.0168082184637449	0.00173388907866348	0.0208619531899039	0.00534255586922834	0.00337897747057407	0.0294480405462433	-0.0391817167543431	-0.0316651603701902	-0.0117763769881579	-0.00551911788661694	-0.0222838426496199	-0.0101754779950354
0.0523432774468693	0.0534558131753878	-0.0321932999610364	-0.0305951278807375	0.0168086529257778	0.0017234829446355	0.020859258407713	0.00533098744448869	0.0033862739181547	0.02943826026106	-0.0391700617165937	-0.031662155457545	-0.0117701757760555	-0.00551966690134012	-0.0222670914141347	-0.0101684274166438
0.0523739831558148	0.053474136017905	-0.0321637788945471	-0.0306287728440789	0.0168364529079441	0.00173939179875156	0.0208747872821733	0.00534361059216983	0.00338881642908649	0.0294042576698074	-0.0391772422145	-0.0316826128916577	-0.0117740482157824	-0.00554135368139788	-0.0222782728742984	-0.0101893542373901
0.0523812153421301	0.0534621010004998	-0.0321479859901054	-0.0307168037926321	0.0168488036437397	0.00173111187441491	0.0208812818609216	0.00533524126085535	0.0034244129791156	0.0293810914836635	-0.0391481723738518	-0.0316950278887186	-0.0117466771077129	-0.0055437550969428	-0.0222659891937362	-0.0101808480016408
0.0523843725260344	0.0534522494691312	-0.032135888108419	-0.0307758291618024	0.0168502620950654	0.00172237793026899	0.0208916363065405	0.00533500097960245	0.00344399869519457	0.0293583429957441	-0.0391275584775279	-0.0316992467804845	-0.0117323887550698	-0.00554415184040688	-0.0222499350532812	-0.0101732428205899
0.052435211568798	0.0534690691568338	-0.0320866136877672	-0.0308900130483524	0.016890595817935	0.00174024814996101	0.0209063325785199	0.00534844555389232	0.00345438108049406	0.0293102532175485	-0.0391242392434763	-0.0317289410729934	-0.0117287118931069	-0.00556309494383275	-0.0222528072524437	-0.0101801159820099
0.0524531684014998	0.0534670882334814	-0.0320580844799381	-0.0310019645544248	0.0168938004992962	0.00173026530209366	0.0209049998557567	0.00533987086592565	0.00349533785824035	0.0292751246571689	-0.0390876410558988	-0.0317375381127045	-0.0117059494353473	-0.00556460648055154	-0.0222280331376831	-0.0101758384169148
0.0524767816225328	0.0534721271548721	-0.0320346947763496	-0.0310780848171514	0.0169026392172443	0.00173619829326252	0.0209125198207819	0.00534801667979558	0.00350699289598976	0.0292591752905161	-0.0390727003117145	-0.0317443679676197	-0.0117025645430463	-0.00557778423089197	-0.0222068339050512	-0.0101974204231704
0.0524853926320842	0.053479486466734	-0.032040455938483	-0.0311104445551866	0.0168867303631282	0.00172301635197	0.0209013942399793	0.00533137021811249	0.00350351161179085	0.0292784927856615	-0.0390633069911071	-0.0317314877748773	-0.0117121031499926	-0.00556371939569347	-0.0221835825028816	-0.010184294361239
0.0524700132349149	0.0534699185231231	-0.0320491298123157	-0.0311124352574271	0.0168671488380013	0.00170772636177854	0.0208944414504697	0.00532215990241288	0.0035213245551377	0.0293005749121994	-0.0390550829461316	-0.0317217661630233	-0.0116983135206477	-0.00555773052516348	-0.0221767219143178	-0.0101821276390109
0.0524696849436682	0.0534787767988475	-0.0320658195805037	-0.0310609745567709	0.016855398805338	0.00171068377696678	0.0208878546707755	0.00532212218384411	0.00349408476356682	0.0293233136212306	-0.0390702080922077	-0.0317072305442072	-0.011721842922639	-0.00556230564785667	-0.0221681765630158	-0.0101853616570367
0.0524972753782303	0.0535161796492254	-0.032071577948669	-0.0310021140317159	0.0168756355159742	0.00174927126980081	0.0208966472882506	0.00535324419403007	0.00345234008682848	0.0293209527182225	-0.0391138303154803	-0.0317228013281883	-0.0117541998667061	-0.00557803289404904	-0.022207708417053	-0.0102112812987007
0.0524555558472044	0.0534901286910628	-0.0321093188691817	-0.030957153497744	0.0168471929211548	0.00171642538132374	0.0208725185801111	0.00532562861375553	0.00346135901571619	0.0293766197377884	-0.039105616049393	-0.0316952304514027	-0.0117399059261269	-0.00554389060439356	-0.0222100888778375	-0.0101842245120376
0.0524139578537891	0.0534745034247045	-0.0321462453480059	-0.0308584048877245	0.0168139544801658	0.00170216357137722	0.0208625259533555	0.00531078565845318	0.00345713313903011	0.0294052509254516	-0.0391081431935004	-0.0316790268336566	-0.011736375747487	-0.00553099504482688	-0.0222063128300086	-0.010174771121117
0.0524096383791731	0.0534974307265795	-0.0321688932530753	-0.0307238976775286	0.0168176369300648	0.00172629786745284	0.0208606875223741	0.00532886263178141	0.00339351448637419	0.0294347943436854	-0.0391570543983048	-0.0316698011511327	-0.0117865610017253	-0.00553998603403402	-0.0222290277903113	-0.0101936415813734
0.0523730667342921	0.0534856471662995	-0.0321898857320709	-0.0306290634167568	0.0168035958435948	0.0017241702607775	0.020855430671475	0.00532409751926035	0.00338018865572675	0.0294560913651992	-0.0391752752609879	-0.0316588753390462	-0.0117880851113004	-0.00552331582362245	-0.0222585362839444	-0.0101792512488963
0.0523742220400836	0.053488568259903	-0.0321950559699602	-0.0305878984883903	0.0168108531756226	0.00172550438052468	0.020855624852255	0.00532820325531998	0.00336786585961173	0.0294525081011663	-0.0391732705889071	-0.0316527132424966	-0.011801614901616	-0.00553908078838358	-0.0222579397717643	-0.0101957761729689
0.0523734872264847	0.0534849724230137	-0.032181887998508	-0.0306080569679209	0.0168363146065253	0.00174654016602518	0.020867161146362	0.00534794263964208	0.00338604062182195	0.0294268063890107	-0.0391938761033268	-0.0316856569198557	-0.011771079624722	-0.00552935498557747	-0.022312810510434	-0.0101865421085408
0.0523557860418601	0.0534636949592763	-0.0321868933922819	-0.0306170186204634	0.0168162888404773	0.00171922773128482	0.0208538409036506	0.00532333476598081	0.00339788844336729	0.02942843946334	-0.0391548932640127	-0.031661225066182	-0.011771771131816	-0.00552781131822602	-0.0222661610227717	-0.0101727273334834
0.0523474250924498	0.0534456780562613	-0.0321715838443141	-0.0306533639539318	0.0168133146614807	0.00169834980497954	0.0208504196897649	0.00530690483682213	0.00342636316881932	0.0294185585953067	-0.0391359850851876	-0.0316600641724544	-0.011747029147688	-0.00552144246804029	-0.0222508291230594	-0.0101667161112089
0.0523923493048369	0.0534701057189829	-0.0321402941960447	-0.0307182091585647	0.016842927928916	0.00171832947055452	0.0208668230762271	0.005320693069183	0.0034325965115543	0.0293678843966585	-0.0391344456087882	-0.0316884089783918	-0.0117475013282897	-0.00555179893097865	-0.0222447522425356	-0.0101862990333198
0.0524079005310417	0.0534666132589118	-0.032121211394216	-0.0307966693695389	0.0168507901550281	0.00171371942326062	0.0208684938691251	0.00532003928065768	0.00345496501981795	0.0293557641632276	-0.0391199896180617	-0.0316979587612103	-0.0117322183230184	-0.00554570249267847	-0.0222426791182374	-0.0101818566241093
0.0524592997644007	0.0534820261836977	-0.0320679122625783	-0.0309370481036065	0.0168948803679502	0.00173588257487209	0.0208877065904685	0.00534139776946875	0.00348369958429928	0.0292958740609436	-0.0391094940770559	-0.0317344018835606	-0.0117132291191195	-0.00557000861778958	-0.0222543341559868	-0.0101943386764036
0.0524619037426297	0.0534682910367299	-0.0320564569935449	-0.0310382903301168	0.016882106345994	0.0017071941108637	0.0208878071733185	0.0053187442764633	0.00351942884781108	0.0292834800186431	-0.0390620077959606	-0.0317265452453846	-0.0116964764866503	-0.00556362719474759	-0.0222051714940574	-0.0101803800119913
0.0524889549413568	0.0534857980405746	-0.0320411404606569	-0.0310927782951627	0.0168948524282697	0.00171779442567162	0.0208930207177127	0.00532833876277074	0.00352126727879253	0.0292681746616274	-0.0390658690598153	-0.0317393025035325	-0.0116966050091809	-0.00557587036277299	-0.0221974322025397	-0.010189203363115
0.052478900847304	0.0534761239261775	-0.0320452713424291	-0.0311146564620324	0.0168764387817906	0.0017034487966834	0.0208887333737294	0.00531520012798311	0.00353264850767237	0.0292887424574783	-0.0390580864617928	-0.0317288376961753	-0.011684240303545	-0.00556030935768001	-0.0221926223865297	-0.0101762128086344
0.0524907724175778	0.0534910800371861	-0.0320502306357301	-0.0311160841797095	0.0168769780176256	0.00171024652096587	0.0208887808711864	0.00532101437550954	0.00351758622587755	0.0293015975045082	-0.0390664208685065	-0.0317214364747925	-0.011699213178362	-0.00556587214808132	-0.022185712903525	-0.0101930855817301
0.0524832538495366	0.0534958102251065	-0.0320745353638572	-0.0310672316482343	0.0168603399378466	0.00170865116520538	0.0208807705647672	0.00531702738309233	0.00349321444251709	0.0293296629136399	-0.0390714583929132	-0.0317049492692887	-0.0117234508512558	-0.00556474059101827	-0.0221706338579218	-0.0101917305072225
0.0524905209604527	0.0535184329844633	-0.0320840097095382	-0.0309924622690633	0.016869685760997	0.00173650423276474	0.0208832544023698	0.00533614091856967	0.00345682859651191	0.0293400816205241	-0.0391101241168528	-0.0317137754143805	-0.011748303197122	-0.00556905168373009	-0.0222092101748836	-0.0102045129110829
0.0524414868210538	0.0534838604237271	-0.0321197445609861	-0.0309271225320843	0.0168278265315683	0.00170018823596099	0.0208592765685054	0.00530851975035903	0.0034577953094596	0.029390199819529	-0.0390943381973312	-0.0316750789567922	-0.011742262638183	-0.00554045821463564	-0.0221871657669146	-0.0101829825932363
0.0524464391294347	0.0535132208370532	-0.0321398262063952	-0.0308049800275242	0.016837875037685	0.00174052335581461	0.0208692356676442	0.00534290930618754	0.00340972927999249	0.0293900559301741	-0.0391461146163779	-0.0316922325236777	-0.0117772305453993	-0.00555515308963098	-0.0222286827352563	-0.0102057687997244
0.0523625222988453	0.0534643068382808	-0.0321926294087028	-0.0307038691175126	0.0167859435534112	0.00169903013620139	0.0208399688522481	0.00530861334828893	0.00341875100284826	0.0294661328863958	-0.0391397974546012	-0.0316479173963269	-0.0117511767932685	-0.00550643466862258	-0.0222353519370081	-0.010168092140477
0.0523880996794223	0.0535007695184075	-0.0321860063074239	-0.0306175620472505	0.0168165947799796	0.00173918085416327	0.0208497435494952	0.00534087390045808	0.00336319155105251	0.0294511642025309	-0.0391836222405579	-0.0316637577982256	-0.0117965662013371	-0.00553716133232848	-0.0222667044495588	-0.010198237658827
0.0523517655218262	0.0534729960789378	-0.0322052413805117	-0.0305877126895145	0.0168023441459053	0.0017176211996521	0.0208505132876948	0.00532637739719479	0.00337674648708063	0.029457454821611	-0.0391649040515607	-0.031650180510453	-0.0117843076664874	-0.0055228911404778	-0.0222607491066455	-0.0101798323942521
0.0523633856349749	0.0534773518751385	-0.0321944929853967	-0.030590978838173	0.0168244919306924	0.00173565626345948	0.0208708505811811	0.00534883810640431	0.00337196041979914	0.0294308758034856	-0.0391820729852704	-0.0316696963773306	-0.011784779847089	-0.00553368982701777	-0.0222835283282135	-0.0101841714266445
0.0523667719242599	0.0534739655858535	-0.0321757286959265	-0.0306207625376597	0.0168326614932908	0.00173785791028832	0.0208691406727303	0.00534831284040961	0.00338708137492315	0.0294098986913143	-0.0391722493935823	-0.0316782682713292	-0.0117731457641	-0.00553756785468076	-0.0222842994633972	-0.0101836685123943
0.0523627611831142	0.0534573708125795	-0.0321644061403759	-0.0306928119889274	0.0168285389934229	0.0017093049537307	0.0208631629780725	0.00532186094783079	0.00342178385517405	0.0294053962117906	-0.0391370551749534	-0.0316671021779897	-0.0117498426735214	-0.00553049213057663	-0.022251251012236	-0.0101772186371349
0.0523910249639779	0.0534673508664788	-0.032137215243246	-0.0307557433254413	0.0168498737335055	0.00172236954836482	0.0208779263052852	0.00533830065587767	0.00343603309226431	0.0293602345121186	-0.0391353899699914	-0.031690627389029	-0.011740890799867	-0.00554903290260231	-0.0222521115543975	-0.0101821024932984
0.0524116374633178	0.0534658351388079	-0.0321115065461703	-0.0308461295890665	0.0168683181136332	0.0017181269078704	0.020888368760898	0.00533307453862721	0.00345047651013452	0.0293434748947292	-0.0391175714387085	-0.0316957640993016	-0.0117347175274453	-0.00555376728147475	-0.0222382269301387	-0.0101816289157127
0.052459562397398	0.0534805230288831	-0.0320666885045694	-0.0309682790785467	0.0169003286056612	0.0017282103385878	0.0209035483893512	0.00533940287627612	0.00348208467076238	0.0292823233158676	-0.0390975414817085	-0.0317264949539596	-0.0117165651169795	-0.00558081009829761	-0.0222256624557868	-0.0101939419329395
0.0524931053809053	0.053491267233046	-0.0320371241315751	-0.0310744121461406	0.0169143361645146	0.00173627233341602	0.0209116997911572	0.00534621317341484	0.00350726810184337	0.0292549577957341	-0.0390867302223122	-0.031748607814146	-0.0116985789476131	-0.00558481804547525	-0.0222271893593299	-0.0101976593074392
0.0524890499362707	0.0534827190877758	-0.0320536742013603	-0.0311031215649094	0.0168860067254015	0.00170975338560383	0.0208940991893827	0.00531915778373572	0.00351358386663602	0.0292785514589907	-0.0390507983961163	-0.0317176380752192	-0.011714771389487	-0.00557465778063629	-0.0221725267712804	-0.0101857332547883
0.052494561038263	0.0534900630328134	-0.0320454138348	-0.0311180399573493	0.0168834935511343	0.00171115176661631	0.0208929941750162	0.00532151728975979	0.00351435639880376	0.0292846213545944	-0.0390581395471859	-0.0317192571797081	-0.0117078297758496	-0.00557426522812429	-0.0221794879426942	-0.0101903251412898
0.0524749683372639	0.0534803498028636	-0.0320637771898541	-0.0311019369224533	0.0168665830594698	0.00169855516163172	0.0208882653840799	0.00531493330403367	0.00351412030850295	0.02931366604953	-0.0390585768031868	-0.031706976293114	-0.0117014497497916	-0.00556214080374132	-0.0221748290009593	-0.0101817546442753
0.0524831658395428	0.0534988514593365	-0.0320774620453968	-0.031045616114362	0.0168682538523679	0.00171944845476132	0.020890874950245	0.00533377023667338	0.00348052004865051	0.0293250151477772	-0.0390879525833371	-0.0317080994682729	-0.0117282774310741	-0.00556894132199184	-0.0221873292140459	-0.010196221810874
0.052469872139528	0.0535024556781299	-0.0321000987745939	-0.0309630655341525	0.0168546472279307	0.00172021400200891	0.0208825880409882	0.00533610040603285	0.00345318945311778	0.029358436593674	-0.0391053366525873	-0.0316959568830975	-0.0117463767561468	-0.00556647704216565	-0.0222025228123394	-0.0101976690863274
0.052445127361432	0.0534957264060648	-0.0321312808550931	-0.0309019349100512	0.0168346186679147	0.00170563926764002	0.0208662698705518	0.00531866464837368	0.00344920944562071	0.0293851678830585	-0.0391064779885385	-0.0316791050647622	-0.011743003039718	-0.00555190510176481	-0.0221987914679994	-0.010187925122729
0.0524160617117359	0.0534971932392947	-0.0321626040309792	-0.0307901622179344	0.0168250213876392	0.00171810315914191	0.020863825148502	0.00532925099334132	0.00341824389764593	0.0294202070364603	-0.0391442831703166	-0.0316730114204301	-0.0117525556165046	-0.00553675900092829	-0.022241581088791	-0.0101869500278771
0.0523486879660115	0.0534616260259302	-0.0322095482822714	-0.0306715470980462	0.0167791053165919	0.00168284887019978	0.0208426301068223	0.0053030938643925	0.00340538605664802	0.0294754549608177	-0.0391374938279383	-0.0316287382026003	-0.0117598478731332	-0.00551130595192981	-0.0222189667113384	-0.0101613852201563
0.0523673600545359	0.053489059998281	-0.032196173557183	-0.0306038352821869	0.0168112778587673	0.00172494558691329	0.0208561612941219	0.00533548992401241	0.00336480367062135	0.029454407999445	-0.039184312350668	-0.0316520650419074	-0.0117879579857538	-0.00553630917207112	-0.0222579844752532	-0.0101848685216747
0.0523535871889993	0.0534768964583452	-0.0322036432307831	-0.030583320571729	0.0168118101096821	0.001724047326183	0.0208540783909355	0.00533702800342774	0.00337108031986121	0.0294448596136105	-0.0391762922653606	-0.0316527174334487	-0.0117848552842266	-0.00553034544725364	-0.0222610955586845	-0.0101811176195583
0.0523601390440928	0.0534711995574772	-0.0321892459133859	-0.030611793900197	0.0168352151800949	0.00173236496908843	0.0208639830076972	0.00534744671031197	0.00338194606163454	0.029424857596291	-0.0391816538900618	-0.0316701266484114	-0.0117692062691398	-0.00552812983058451	-0.0222899935702972	-0.0101770021046105
0.0523482339462023	0.0534519854391498	-0.032183604891879	-0.030633980800537	0.0168214995909035	0.0017075182111583	0.0208540895668077	0.0053253715686943	0.0034021157170374	0.0294229660799165	-0.0391514035979096	-0.031658182434968	-0.0117621347359878	-0.0055230923061779	-0.022253261272253	-0.0101681200801575
0.0524045184327088	0.053481693701499	-0.0321383621671334	-0.0307140643069523	0.0168702291877841	0.00174985520912471	0.0208795286459659	0.00536073482239065	0.00340520305174029	0.0293667989400684	-0.0391690586820613	-0.031702167874088	-0.0117652835379879	-0.00555722062599309	-0.0222765713477518	-0.0101958334493141
0.0523745168037137	0.0534461264881344	-0.03214408980165	-0.0307754924886516	0.0168398252273888	0.00170872241139083	0.0208755891510056	0.00533057673118433	0.00344574352824611	0.0293703919829895	-0.0391170741123944	-0.0316848955635602	-0.0117341531458978	-0.00553214755665035	-0.0222399871300146	-0.0101636525252345
0.052409386922048	0.0534539062921889	-0.0321104266775163	-0.0308713353718919	0.0168628712729062	0.00170458873565062	0.020883905396927	0.00532563839264373	0.00345837366084738	0.0293424089959155	-0.0391044439797931	-0.0316905938614123	-0.0117347328942696	-0.00554944640987473	-0.0222099226367381	-0.0101701778376314
0.052467512633504	0.0534805383957074	-0.0320583359370632	-0.0309945046597129	0.0169093293737566	0.00173707699621641	0.0209152090150367	0.00534842599611592	0.00347751792997335	0.0292715204383755	-0.0391046339696209	-0.0317393988954304	-0.0117214671339353	-0.0055723904755581	-0.0222314138390319	-0.0101849858683331
0.0524590594831478	0.0534621834225575	-0.0320601282675717	-0.0310723599766028	0.0168862134790377	0.00170946840086202	0.0209057276844356	0.00532801466247614	0.00350914145742553	0.0292796299306607	-0.0390596440989845	-0.0317205829175512	-0.0117041263711901	-0.00556689613737418	-0.0221805678113482	-0.0101751329399804
0.052483368402227	0.0534779986787437	-0.0320460117439642	-0.0311075290495192	0.0168955243775874	0.00172014275582346	0.0209078413212706	0.00533739261625917	0.00350490719883528	0.0292789943029278	-0.0390737801803685	-0.031731768568667	-0.0117066171937129	-0.0055694987186192	-0.0221898982676742	-0.0101810659311492
0.0524740463278051	0.0534726328630904	-0.032053612734063	-0.0311105032285158	0.0168769933844499	0.00170310932956449	0.0208971781421814	0.0053237566551574	0.00351002435133151	0.0292977907230306	-0.0390597446818345	-0.0317160343375545	-0.0117076467709418	-0.00556297340622228	-0.0221710124405935	-0.0101740041768854
0.0524972208958531	0.0535022447335416	-0.032058668419262	-0.0310818524830762	0.0168886568041035	0.0017296143075364	0.0209073663467009	0.00534485251097113	0.00348049350595396	0.0293016310321249	-0.0390892978789565	-0.0317237051768548	-0.0117337130959288	-0.00557933907411565	-0.0221877133846537	-0.0101977906239379
0.0524599493619739	0.0534805970690366	-0.0320836911971797	-0.0310376295566713	0.0168648857238752	0.00172327758798332	0.0209001355573697	0.00533983454434091	0.0034794541498368	0.0293343875136241	-0.0390925053542859	-0.0317103053060538	-0.011721251998395	-0.00555091883104072	-0.0222064553223795	-0.0101797639420347
0.052483470382061	0.0535162103828741	-0.0320957765060099	-0.030951456596876	0.0168811424270144	0.00174887732030479	0.0208960074695656	0.0053562700614357	0.00342163717185106	0.0293532370191201	-0.0391294905064393	-0.031703101059419	-0.0117837181392274	-0.00557762218074467	-0.0222063142269926	-0.0102093730185179
0.0524264301271951	0.0534845617097094	-0.0321388692723357	-0.030873648777443	0.0168367532595102	0.00172232484487591	0.0208742606191946	0.00533219862964137	0.003440436385922	0.029388330654899	-0.0391182461819942	-0.0316834524790588	-0.011754391253518	-0.00554386964963313	-0.0222131971673008	-0.0101796214496638
0.0523869345947426	0.0534771632822947	-0.0321835504095018	-0.030739627717689	0.0168051031893615	0.00170895850169164	0.0208564686306082	0.00531617242886691	0.00339819158890147	0.0294519437196188	-0.0391395250427157	-0.031648114371075	-0.0117784640822964	-0.00552502712905731	-0.022211096103322	-0.0101755310804285
0.0523901546429282	0.0534939061358757	-0.0321858735939412	-0.0306587353575212	0.0168264057988114	0.00174353804734803	0.0208659695189857	0.00534838268961104	0.00336736993028163	0.0294510957503135	-0.0391858588119875	-0.0316687883377121	-0.0117917396215188	-0.00553342998798848	-0.0222734113698794	-0.0101889854336066
0.0523721181821368	0.0534872467130121	-0.0321994173540971	-0.0306146116169824	0.0168201934108369	0.00173524694713914	0.0208604500350893	0.00533982336846868	0.00335912353356165	0.0294556121996775	-0.0391843821998694	-0.0316583933795563	-0.0118018859165175	-0.00552616427405647	-0.0222718229990391	-0.0101731366498037
0.0523416024630192	0.0534585638369398	-0.032215270328852	-0.0305944335796754	0.0167994677557907	0.00171642119037165	0.0208517943220489	0.00532951362633867	0.00337876512900175	0.029462312135078	-0.0391659923021188	-0.0316422833597402	-0.0117855523792568	-0.00551812323398868	-0.0222482474965748	-0.010168537778382
0.0523789759767325	0.0534846720714476	-0.0321815848529738	-0.0306227071394273	0.0168433456271405	0.00175345942791813	0.0208760250100225	0.00535971223008182	0.00337396090092789	0.0294125138454156	-0.0391909801554358	-0.0316802575765857	-0.01178443339505	-0.0055387524971369	-0.0222927260710569	-0.0101912234020201
0.0523557860418601	0.0534565647527951	-0.0321783773776445	-0.0306726521124127	0.0168261683115266	0.00171415388529347	0.0208718117061927	0.00532997323408404	0.00341127713829602	0.029417442405068	-0.0391486571273097	-0.0316683105691744	-0.0117589412304987	-0.00552334096933496	-0.022265043435549	-0.0101678546531921
0.0523635602579785	0.0534511737914293	-0.0321638082312117	-0.030728088629614	0.0168284216467645	0.00170418081631431	0.0208705111140622	0.00531646858948094	0.00343507755518884	0.0293920019289257	-0.0391242085098277	-0.0316706169898053	-0.0117449308776773	-0.00553192823015788	-0.0222312517888846	-0.0101665624429658
0.0524014646256226	0.0534696991966306	-0.0321287201833689	-0.0307995960510786	0.0168632861771627	0.00173010464893039	0.0208932833507101	0.00533861497728407	0.0034380014427604	0.0293567490369676	-0.0391374449334973	-0.0317005725183275	-0.0117402188505493	-0.00554802567711779	-0.0222531383376584	-0.0101834869044706
0.0524221623409882	0.0534624572314271	-0.0320939855724854	-0.0309304431631199	0.0168818828285495	0.00171481605572295	0.0208997877083466	0.00533068010800243	0.0034738089373778	0.0293189075336048	-0.0390969659242887	-0.0317067192480527	-0.0117202587427507	-0.00555553586325477	-0.0222240587181221	-0.010176535511945
0.0524711252342016	0.0534856038597946	-0.0320526669758757	-0.0310335615391805	0.0169116902767647	0.00173706861431224	0.0209182404703785	0.00535181507936896	0.00348363392604994	0.0292705062279709	-0.039093198258364	-0.0317378426552227	-0.0117211625914171	-0.00558026667151054	-0.022215954813773	-0.0101950301834977
0.0524760496029019	0.0534804252400011	-0.0320515647554773	-0.0310959606247795	0.0168985544359451	0.00172142937811367	0.0209124136499958	0.00533834396238255	0.00350460684726916	0.0292721448902362	-0.0390678220434871	-0.031730884277777	-0.0117087950918132	-0.00557402354988737	-0.0221884998866618	-0.0101864177769623
0.0524878443390541	0.0534864532260839	-0.0320521752374977	-0.0311169111942543	0.0168948147097009	0.00171751083791385	0.0209071987086175	0.00533071503260315	0.00350151532161418	0.0292847889926778	-0.0390657279644284	-0.031724699829483	-0.0117125348180574	-0.00557239885746227	-0.0221780909586657	-0.0101883023084166
0.0524928245871156	0.0534956803055919	-0.032058572027364	-0.0311092487368582	0.0168872779808674	0.00172497212960983	0.0209056745990425	0.00533598585334251	0.00349744311317123	0.0292916914907624	-0.0390738234868733	-0.0317303143082934	-0.0117149753491551	-0.00557282773155901	-0.0221893827805677	-0.0101824056388325
0.0524806498713076	0.0534909710724319	-0.032078748667687	-0.0310871805801607	0.0168711693580352	0.00171889944003813	0.0208968079414139	0.00533398118126168	0.0034905881125436	0.0293229462144311	-0.039074643516498	-0.0317101460498746	-0.0117203104311598	-0.0055645506011904	-0.0221833408246447	-0.010187092520248
0.052455974942413	0.0534892737368374	-0.0321110455414409	-0.0309953135134654	0.0168382689871811	0.00170267347054761	0.020877028044555	0.00531744228734878	0.00346729899180519	0.0293578833879987	-0.0390814817533173	-0.031684149574089	-0.011739710348363	-0.00554917120402112	-0.0221687660902758	-0.0101762058237142
0.0524489020122769	0.0534914320771613	-0.0321153915587534	-0.0309527655709106	0.0168450764903517	0.00171616414531042	0.0208771076726446	0.00532865308417714	0.00346002489596902	0.0293741009755851	-0.0391151979628441	-0.0316910660420139	-0.0117299300631797	-0.00554330247411758	-0.0222124958813186	-0.0101813118003382
0.0524140416728308	0.0534875289037858	-0.0321532470319566	-0.0308331530044261	0.016817547523087	0.0017145632016138	0.0208661413480212	0.00532349821311214	0.00343604985607264	0.0294029431078366	-0.0391185199908638	-0.031673153912801	-0.011751692280375	-0.00553790732179968	-0.022212420444181	-0.0101822198399567
0.052404529608581	0.0535002568252691	-0.0321737785062228	-0.0307198869363829	0.0168209100636435	0.00173363901852238	0.0208652570571312	0.00533861777125213	0.00338751164600392	0.0294350499917626	-0.0391649124334648	-0.031669321985611	-0.0117833996268689	-0.00553787519116702	-0.0222445971773085	-0.01019200012514
0.0523812041662579	0.0534950362959547	-0.0322009484485922	-0.030632951223308	0.0168077546650475	0.00172741266070755	0.0208544038882141	0.00533116206749225	0.00336628726765957	0.0294588420267513	-0.0391693730034677	-0.0316510061280139	-0.0118023441272788	-0.00553317154594321	-0.022241972244319	-0.0101903363171621
0.052368349119228	0.0534839470367369	-0.0321956538791244	-0.0306212864066704	0.0168193971299406	0.00173089673887452	0.0208642358618064	0.00533618841602664	0.0033826459506328	0.029450971418735	-0.0391822951057309	-0.0316654705006445	-0.0117773576709458	-0.0055270052584416	-0.0222816940881841	-0.0101858687622391
0.0523485063580878	0.0534672335198204	-0.0322070700326049	-0.0306050981557486	0.0168107525927726	0.00171525610569192	0.0208602851909739	0.00532072659679968	0.0033849090647589	0.0294489206461812	-0.0391625976309297	-0.0316495728224007	-0.0117788049463993	-0.00552518917920461	-0.0222511783690665	-0.010177078938732
0.0523495764478536	0.0534607040164714	-0.0321871350705189	-0.0306395002844334	0.0168270889240013	0.00171976836410384	0.0208768226879028	0.00533426895997154	0.00340508989603399	0.0294217828344444	-0.0391659978900549	-0.0316716367881461	-0.0117548466703113	-0.00552508021445039	-0.0222747399016905	-0.0101761653111774
0.0523679900943327	0.0534639184767209	-0.0321649663309713	-0.0306834480049846	0.0168416804221786	0.00171793133010642	0.0208851556976325	0.00533366127191916	0.00341290881564126	0.0293956047507351	-0.0391519651854891	-0.031681743967592	-0.0117607293700551	-0.00553914365266486	-0.022256996807545	-0.0101798575399646
0.05237551425031	0.0534568245918244	-0.0321489038086121	-0.0307628944866829	0.0168486457845444	0.00171316202663327	0.0208855943506174	0.00532889196844601	0.00344034837592821	0.0293686848685068	-0.0391238774246129	-0.0316865356228096	-0.0117358155568916	-0.00553955436596923	-0.0222425659625311	-0.010177518988701
0.0524011698619926	0.0534632577032754	-0.032122734106807	-0.0308384252221495	0.0168666123961344	0.0017100956466908	0.0208909545783346	0.00532575853327018	0.00344821199902439	0.0293526097732913	-0.0391168855195505	-0.0316940499998987	-0.01173494802981	-0.0055481192750477	-0.0222239958538408	-0.0101795124849096
0.0524457601951969	0.0534748121581748	-0.0320754839160125	-0.0309624788008605	0.0168939248308748	0.00172764036910419	0.0209052806495465	0.00533856468585904	0.00347907836113314	0.0292921245558112	-0.0390996537215595	-0.0317243603623641	-0.0117159727957514	-0.00557069593393159	-0.0222190351635558	-0.0101895051116651
0.0524647088865589	0.053475119494661	-0.0320559987827836	-0.0310530983608184	0.0168960203069175	0.00172088455434257	0.0209085384163008	0.00533985549910134	0.00349858584610651	0.0292716447699541	-0.0390717643324154	-0.0317271599183571	-0.0117116197935188	-0.00557588712658133	-0.0221926209895457	-0.0101872084699224
0.0524759657838602	0.0534787320953586	-0.0320448312924601	-0.0311018558973796	0.0168994540936594	0.00172440774806234	0.0209088653105635	0.00534505507365525	0.00350653468522843	0.0292676354257924	-0.0390701857404632	-0.0317349243555873	-0.0117055037974422	-0.00557477792126274	-0.0221882037260477	-0.0101863674855372
0.0524662721116867	0.0534727935162536	-0.032055329627434	-0.031107861531718	0.016873465999778	0.00170494636356191	0.0208928013912203	0.00532304559028692	0.00350998383879469	0.0292912458528573	-0.039051716214623	-0.0317128785506342	-0.0117064579375336	-0.00556562907286037	-0.0221581112930907	-0.0101765704365457
0.0524928022353711	0.0535024081806729	-0.032055331024418	-0.0310934907570172	0.0168878814779677	0.00173033654827911	0.0208985667443057	0.00534360779820177	0.00348479202580953	0.0292919820634403	-0.039079992568343	-0.0317280120786145	-0.0117253242068379	-0.0055790862200065	-0.0221778045769399	-0.0101933356418712
0.0524498324036398	0.0534717988636254	-0.0320951045566922	-0.0310552343493979	0.0168479291317378	0.00170272236498861	0.0208861517472448	0.00532573897549378	0.00349227008131385	0.0293392462240751	-0.0390697205447818	-0.0316970199879432	-0.011711878235564	-0.00555017284156953	-0.0221684936783902	-0.0101680655977804
