0.0524936823353091	0.053575216194268	-0.0319345338154774	-0.0307308029695812	0.0167351156865198	0.00154350669828137	0.0209143331060509	0.00519933566964694	0.00340618932246439	0.0294473574210533	-0.0392364911011149	-0.0318346215177621	-0.0119581315951802	-0.00551595651176054	-0.0221089304703689	-0.00999526845234852
0.0525056600763691	0.0535826341794591	-0.0319229360540731	-0.0307292634931819	0.0167606385847197	0.0015695660383482	0.0209275625448003	0.0052219304893232	0.00340066564761586	0.0294226112459733	-0.0392523636336462	-0.0318541150328952	-0.011963029421184	-0.00552682225353388	-0.022134414253016	-0.0100083246650785
0.0524846019391241	0.0535579550596124	-0.0319250175602755	-0.0307418950227672	0.0167419050288981	0.00153945544459885	0.0209197142885285	0.00519968770962211	0.00342053355446858	0.029419702725226	-0.0392166036364858	-0.0318396115447118	-0.0119527951161915	-0.00551654324505249	-0.0221009788372789	-0.00999011078731546
0.0525152126531556	0.0535721372414693	-0.0318907411601533	-0.0307947680742762	0.0167686488911389	0.00154968136768715	0.0209300743220835	0.00520537622858598	0.00343156414035727	0.0293842193309032	-0.039219364076926	-0.0318619968167838	-0.0119462348791939	-0.00553532988626717	-0.0221075390742766	-0.0100009402075041
0.0525212601970148	0.0535590740438192	-0.0318770046162015	-0.0308752441332035	0.0167721706878746	0.00154493301897442	0.0209308692059957	0.00520094080429563	0.00347015582414338	0.0293566945545905	-0.0391903612915112	-0.0318727130812661	-0.0119143934222333	-0.00553039992963075	-0.0221039725740519	-0.00999200928861014
0.0525375574126908	0.0535602391284989	-0.0318483021823528	-0.0309538747762292	0.0167882667378505	0.00154229830709676	0.020938985683201	0.00520295525526467	0.0034792334263603	0.0293424145838516	-0.0391844799887514	-0.0318765771390888	-0.0119111719770637	-0.0055352921676984	-0.0220889717595544	-0.00999328054407603
0.0525876029685262	0.0535757735908954	-0.0318041127835647	-0.0310763176323554	0.0168205203050995	0.00155490469096954	0.0209573141136544	0.00521951789790605	0.00350373093828331	0.0292792485540209	-0.0391649892675864	-0.031904472116169	-0.0119032147560376	-0.00556452824944595	-0.0220752477884588	-0.0100057304657376
0.0525938963815744	0.053564610291524	-0.031789549225068	-0.0311764855781478	0.0168123744912296	0.00153473363858266	0.0209595171574673	0.00520079970890876	0.00353635470629987	0.0292655818592706	-0.0391280963163789	-0.0319034984183012	-0.0118825491713046	-0.00555506088868509	-0.0220459320786216	-0.00998669655834991
0.0526143887402879	0.0535763631181554	-0.0317822220438388	-0.0312103973654386	0.0168129290938889	0.00153653993893146	0.0209670678561411	0.00520251660227973	0.00353563525952521	0.0292657788340186	-0.0391242113037957	-0.0319059389493989	-0.0118931927926174	-0.00557055483854471	-0.0220204105774058	-0.0100042915721883
0.0526256777682218	0.0535849699367547	-0.0317834276410553	-0.0312286573436746	0.0168057779326472	0.0015298805160678	0.0209582403140653	0.00519565601371598	0.00353548019429805	0.0292772243241637	-0.0391246122382119	-0.0318970415581216	-0.011893906651456	-0.00556606074092516	-0.0220158941280418	-0.0100033066984483
0.0526280247013896	0.0535944917798927	-0.0317899990539252	-0.0312236282011721	0.0168003017552557	0.00153783773709389	0.0209525182674847	0.00520019341784041	0.00353228389484094	0.029289607190592	-0.0391380456366295	-0.0319013554448015	-0.0118872234798638	-0.00555794705768789	-0.0220318532735829	-0.010005206596727
0.0526185587376128	0.0535952852668208	-0.031813211340542	-0.031184054437614	0.0167906569775232	0.00154278864849074	0.020949243736922	0.00520655248913795	0.00351376547455972	0.0293123277388308	-0.0391455222951498	-0.0318897660653014	-0.0119043784437333	-0.00555579011434795	-0.0220327585192333	-0.0100036978539762
0.0526101293359851	0.0536062124758914	-0.0318248593933713	-0.0311123528353694	0.0167906988870441	0.0015525312151052	0.0209524819459	0.00521555744818538	0.0034821349621874	0.0293344978753624	-0.0391754317231991	-0.0318870419464459	-0.0119241401797998	-0.00555212722222534	-0.022058957557703	-0.010009333287547
0.0525904807556249	0.0536036853317839	-0.0318466984446881	-0.0310531444612914	0.0167789181207321	0.00154948998087525	0.0209496418773701	0.00520885052786476	0.00346619677140674	0.0293597986531018	-0.0391803058004744	-0.0318730735031454	-0.0119355186147116	-0.00554928994766354	-0.0220618870332106	-0.0100071442135744
0.0525335340986889	0.0535801098293197	-0.0319019463690455	-0.0309198777729127	0.016731247437745	0.00152776967320081	0.0209246358632607	0.0051893877463803	0.00344872329517881	0.0294172035207991	-0.0391847482096849	-0.031841440196805	-0.0119430232129125	-0.00552299870824799	-0.0220471739974229	-0.00999140299754179
0.0525069648594516	0.0535779933985166	-0.0319325836257736	-0.0308046475453255	0.0167182233556477	0.00152797782382105	0.0209152327637652	0.00518838890279995	0.00342036591638516	0.0294504922532132	-0.0392135973268565	-0.031827642185556	-0.0119526051263637	-0.00551532507497967	-0.0220681105970574	-0.00999112779168818
0.0525110650075752	0.0535884861455543	-0.0319331996957302	-0.030749741882055	0.0167405178237579	0.00155288744603246	0.020920182278178	0.00520940932147614	0.00340139906423081	0.0294440200262094	-0.0392439635686831	-0.0318437703661645	-0.011962094838869	-0.00552249020606163	-0.0221078645715552	-0.0100048419838955
0.0524868203497613	0.0535730480750558	-0.0319368583969007	-0.030719403579909	0.0167346686516307	0.0015476417710056	0.0209199657456536	0.00520523653018314	0.00340925151145476	0.0294370085633705	-0.0392370275429818	-0.0318426457940216	-0.0119549352957231	-0.00551693998851657	-0.0221138031506602	-0.00999202744940251
0.052500893566864	0.0535791193676435	-0.0319242827466765	-0.0307383885928558	0.0167555815025367	0.00155997155204076	0.0209312673464438	0.00521524172979495	0.00340834905977238	0.0294165036318008	-0.0392398298929429	-0.0318503655277628	-0.011955569526472	-0.00552821364962622	-0.0221204276489231	-0.0100098501716376
0.0524892427200666	0.0535592877823756	-0.0319149900089192	-0.0307760345184546	0.0167517314145543	0.00153949176618359	0.0209301441712849	0.00519943345852893	0.00343813834719519	0.0294067750350267	-0.0392181766405018	-0.0318505722813991	-0.0119307199745739	-0.00551807154557962	-0.0221148453007454	-0.00999083442504221
0.0524961312483109	0.0535528323191801	-0.0318901753816218	-0.030838548156744	0.0167637384922789	0.00153109170122048	0.0209355798361397	0.00519516846629005	0.00345825910815705	0.0293872661530693	-0.0391994640394406	-0.0318577206486727	-0.0119182211584712	-0.00552649396228719	-0.022096266810151	-0.00999317716725793
0.0525560842148762	0.0535913276110682	-0.0318582515026035	-0.0308890798630214	0.0168007362172885	0.00156643539714043	0.0209562831394414	0.00522233142373936	0.00344702176863214	0.0293288442809992	-0.039209740253954	-0.0318886498750627	-0.0119424225097802	-0.0055647322091141	-0.0220948977658031	-0.0100212900738466
0.0525447644532936	0.0535582819538751	-0.0318414527696613	-0.0310170310271717	0.0167917633888737	0.00153164630387977	0.0209469526831153	0.00519704182187221	0.00350454537997191	0.0293347130109028	-0.0391636607357753	-0.0318837646219152	-0.0118918502909661	-0.00553505887136566	-0.0220842234108416	-0.00999266726808754
0.0525802981390414	0.0535662112352206	-0.03180339333679	-0.0311193852529687	0.0168087004232348	0.00153374177992246	0.020954792557483	0.00519641038509135	0.00352785266150268	0.0292850641985314	-0.0391385653146881	-0.0318980753263027	-0.0118840774718317	-0.00555471164267798	-0.0220538976815519	-0.0100009653532166
0.0526225331571738	0.0535882402763653	-0.0317786597345662	-0.0311905406344581	0.0168259685428105	0.00154580194304012	0.0209626282408986	0.00520697298133051	0.00352920633902625	0.029255393654751	-0.0391339482824741	-0.0319143124716654	-0.0118935420386245	-0.00557633555845446	-0.0220333662072857	-0.0100160402078676
0.0526327493013739	0.0535970706124092	-0.0317713493171453	-0.0312351756711514	0.016825008814783	0.00154819497668087	0.0209582039924805	0.00520509683178029	0.00353703084656964	0.0292613182640157	-0.039131734062789	-0.0319163674351713	-0.0118888467753049	-0.00556889103056682	-0.022037455179537	-0.0100148541684275
0.0526299902579177	0.053597552571899	-0.0317750247821241	-0.0312485070897349	0.0168142478468118	0.00153944566571065	0.0209511757658334	0.00519847093653332	0.00354243018983963	0.0292782734591691	-0.0391255747602075	-0.0319104763535233	-0.0118855037925248	-0.00556087653319556	-0.0220329052025563	-0.010012718179848
0.0526062331475297	0.053586357141895	-0.0317990948169345	-0.0312048736905901	0.0167868921055665	0.00152536686067186	0.0209460823620656	0.00518796841060739	0.00353219588484715	0.0293081605354739	-0.0391264436842732	-0.0318905134517567	-0.0118903960305924	-0.00554837911407699	-0.0220212795014715	-0.00999827615896179
0.0526249331757347	0.0536147801789379	-0.0318159787659024	-0.031148265103789	0.0167977243197232	0.00154672674646696	0.0209523548203534	0.0052093729998914	0.00348652288902079	0.0293144776972506	-0.039153877656624	-0.0318853809324361	-0.0119271283286367	-0.00556671592643451	-0.0220254229560999	-0.0100241231574563
0.0525791176875374	0.0535899976822731	-0.0318464162539144	-0.0310822771662208	0.0167602236804633	0.00152013375850126	0.0209342554952807	0.00518597631138281	0.00349189289562617	0.0293691556521244	-0.0391532238680987	-0.031858866175576	-0.0119155668888172	-0.00554004470736321	-0.0220315417461445	-0.0100028163570543
0.0525808611236049	0.0536059344760697	-0.0318567427598527	-0.031002414383282	0.0167654092851769	0.00154465362216873	0.0209437102831853	0.00520472942498081	0.00346303679353437	0.0293662946288341	-0.0391848292347585	-0.0318676280594025	-0.0119372927844277	-0.00554927597782326	-0.0220588332261244	-0.0100176132118837
0.0525491426012388	0.0536024909104396	-0.0318987207329238	-0.0308837056654639	0.0167503204606855	0.00154813909731973	0.0209338741186409	0.00520517506288589	0.00342456804434276	0.0294189762935312	-0.039210624544844	-0.0318498151160556	-0.0119600706090117	-0.00553092659260948	-0.0220833321350315	-0.0100154911931445
0.0525283722427037	0.0536038040754264	-0.0319221733007936	-0.0307890963191207	0.016746023337814	0.00155410142515319	0.0209271630073682	0.00520724818718412	0.0033969804037488	0.0294427529616955	-0.0392364240458815	-0.0318380860381527	-0.0119751636244552	-0.00552746766015502	-0.022104124845311	-0.0100139098072243
0.0525030281584594	0.0535893676424763	-0.0319343745592981	-0.03073790803035	0.0167357890328215	0.00154380006492735	0.0209209967198666	0.00519730445486956	0.00339633499712765	0.0294514505842567	-0.0392351024989906	-0.031829656636525	-0.0119706234263627	-0.00551403146776932	-0.0221098217461791	-0.0100065532893304
0.0524990090354096	0.0535834262694033	-0.0319344374235794	-0.030726079766581	0.0167430575407216	0.00155276730540601	0.0209311262510569	0.00521181492797314	0.00340168125500455	0.0294325675511441	-0.0392397698226297	-0.0318411188904785	-0.0119632208079959	-0.00551791648035246	-0.0221284812618472	-0.0100044256826551
0.0524871612138642	0.053567801003045	-0.0319346176345191	-0.0307379052363819	0.0167393904576469	0.00153562212042476	0.0209252463452812	0.00519748606279326	0.0034173931343726	0.0294252794854676	-0.0392202804984487	-0.0318315984443246	-0.0119528286438082	-0.00551255345866722	-0.0221108918359449	-0.00999470407080103
0.052484156301219	0.0535561012618066	-0.0319105322328844	-0.0307776117134227	0.0167447674491724	0.0015273421960881	0.0209260412291934	0.00518956376636788	0.00344288669590791	0.0294078129941598	-0.0392075274312529	-0.0318413759355397	-0.0119309113613857	-0.00551057393229889	-0.0221115945189112	-0.00998854476821956
0.0525262446360284	0.0535769777911279	-0.0318696732440201	-0.0308508807317472	0.0167856487897812	0.00155791938250296	0.0209427826857904	0.00521770461263711	0.00344883225993302	0.0293555322638789	-0.0392118413179328	-0.0318758199737453	-0.0119310678235969	-0.00553898299950159	-0.0221228821498611	-0.0100104941812747
0.0525321720392611	0.0535702764587434	-0.0318639470064875	-0.0309152495648264	0.0167776287044738	0.00154308201513672	0.0209365507400394	0.00520087794001435	0.00346738839878301	0.0293527201350296	-0.0391802094085764	-0.0318660704222107	-0.0119245816267528	-0.00553835295970476	-0.0220875398509252	-0.0100047455919976
0.0525622379295216	0.0535689604997886	-0.0318244263283225	-0.0310383601793182	0.0167992679870746	0.00153682632065729	0.0209436166852554	0.00519332584435652	0.0035045844955247	0.0293135403209675	-0.0391579889806198	-0.0318794116196825	-0.0118986284574721	-0.00554474276465091	-0.0220767635161297	-0.0100020382369504
0.0526074988150595	0.0535856111524238	-0.0317883073062667	-0.0311464546124881	0.0168228253287465	0.00154650322902241	0.0209551934918992	0.00519982880500898	0.00352449850285036	0.0292693048217064	-0.0391407571826288	-0.0319028376448557	-0.0118931536770646	-0.00556394431012205	-0.0220640244187742	-0.010011784994517
0.052637958654816	0.053599910680939	-0.0317720408242394	-0.0312166893815028	0.0168318945490592	0.00155465602781248	0.0209580489272534	0.00521030618522241	0.00353175723186222	0.0292538318266072	-0.0391316432588271	-0.0319177965498324	-0.0118936957068677	-0.00557436581097434	-0.0220540611286832	-0.010018071422645
0.0526304694234394	0.0535890686878942	-0.0317718410555233	-0.0312625118546202	0.0168176997943461	0.00154148945334428	0.020956460556413	0.00520630382598088	0.00354827377403066	0.0292753775112781	-0.0391235309725739	-0.0319095725048569	-0.0118751898594427	-0.00555706695774996	-0.0220572811768688	-0.0100081486450909
0.0526207226658729	0.0535874356135649	-0.0317933001271844	-0.0312364287658249	0.0167893116819038	0.0015189574979493	0.0209445680313788	0.00518569412060906	0.00353745413273026	0.0293013488413511	-0.0391069473751721	-0.0318803154683489	-0.0118959783787702	-0.00555704600298953	-0.0220102992070078	-0.0100051772600624
0.0526282552037543	0.0536033053521282	-0.0318044536476676	-0.0311952792042827	0.016789468144115	0.00152767467828687	0.0209463561709352	0.00518956097239983	0.003516577603409	0.0293110942019336	-0.0391303943551057	-0.0318793096398484	-0.0119094564806767	-0.00555887884603487	-0.0220188375733897	-0.0100156825799564
0.0526086848544997	0.0536019069711157	-0.0318308412789811	-0.0311263142937498	0.0167731611495508	0.00152871263742001	0.0209371123276189	0.00518941428907684	0.00350011414663364	0.0293382837020795	-0.0391459413903584	-0.0318672969741877	-0.011913201794857	-0.00554798376759693	-0.02203632921041	-0.010009481367854
0.0525994605689598	0.0536060490287601	-0.0318445135616676	-0.0310684609941794	0.0167692565791913	0.00153551455265457	0.0209440930568091	0.00519787023340109	0.00347772468360957	0.0293608212454106	-0.0391677273562822	-0.0318642725037661	-0.0119293104176891	-0.0055475744512766	-0.0220544047867542	-0.0100145258771808
0.052567853805316	0.0536021807799853	-0.031874868627622	-0.0309657561253913	0.0167504573651203	0.00154487853659731	0.0209372967295106	0.00520233918530812	0.00346196530678455	0.0293769354561788	-0.0391814080208728	-0.0318610552495486	-0.0119337598118198	-0.00553845633652286	-0.0220774061287828	-0.010011196864241
0.0525380519450369	0.0536019502776206	-0.0319141476275501	-0.0308515903996337	0.016737285202716	0.00154194347315353	0.0209187154449481	0.00519522434565119	0.00342543557142443	0.0294315784864519	-0.0392105840323071	-0.0318374587923239	-0.0119602089104305	-0.0055218112718238	-0.0220894383522199	-0.0100049453607136
0.0525261147165137	0.0536034017440262	-0.0319250566758283	-0.030768197438055	0.0167361885702537	0.00155226858210785	0.0209136625537172	0.0052044542191272	0.00340120488345085	0.0294438258454294	-0.0392309925719789	-0.031829950003171	-0.0119771752814561	-0.00552491956128711	-0.0221077681796572	-0.0100170614031924
0.0525120764240118	0.0535940796696043	-0.0319311377473042	-0.0307301114624872	0.01673453314418	0.00154658984203218	0.0209121859415991	0.00519700969123956	0.00340252223938969	0.0294437126897231	-0.0392295187538289	-0.031825682216964	-0.0119749862074836	-0.00552201523149195	-0.0221192360215468	-0.0100100220006731
0.0524976106543971	0.0535785633680002	-0.0319308737173228	-0.0307310544267064	0.0167393122265413	0.00154942432262591	0.0209131652274031	0.00520024650323349	0.00341577263289959	0.0294343207660998	-0.0392298582209478	-0.0318317437306635	-0.0119545832557479	-0.00551312342815083	-0.0221330088870834	-0.0100041700345779
0.0524983356891079	0.0535714876438961	-0.0319170058568723	-0.030752390563773	0.0167458934182994	0.00154581311891235	0.0209161254365594	0.00519851284605418	0.00342941697590553	0.0294137445883446	-0.0392174655756313	-0.0318390429722122	-0.0119411177266977	-0.00551684639058667	-0.0221321273901614	-0.0100033332411448
0.0524616257428081	0.0535345541801517	-0.0319161648724872	-0.0307876029431943	0.0167153078499803	0.00149354635847167	0.0208948158421893	0.00515887482123075	0.00347227923986664	0.0294231462908562	-0.0391720105093134	-0.0318158949468607	-0.0119101018872979	-0.00549495006292463	-0.0220818666987856	-0.00997555840469103
0.0525609932167522	0.0536007740170686	-0.0318544377362058	-0.0308577287474547	0.0167999902278173	0.00157235022751692	0.0209402932602517	0.00522160778601262	0.00344325829365948	0.0293332615444972	-0.0392162082900057	-0.0318835173557421	-0.0119364406241704	-0.00556120901539434	-0.0221242316364326	-0.0100387551681704
0.0525341836962621	0.053559458214427	-0.0318572414831509	-0.0309556838705461	0.0167732254108161	0.00152493239863901	0.0209221785683547	0.00517866030602578	0.00350064779453252	0.0293535695013189	-0.0391617021641674	-0.0318641928756765	-0.0118906516786697	-0.00552275144207495	-0.0220998556621201	-0.00999477671397051
0.052582684187762	0.0535751910485555	-0.0318071987212835	-0.0310754696630501	0.0168067055300421	0.00153572549724287	0.020939721893784	0.00519054864010795	0.00352310850374204	0.0292912723955539	-0.0391457011091055	-0.0318876873530671	-0.0118820714027669	-0.00555400197479152	-0.0220824464471574	-0.0100103810255684
0.0526176143764096	0.0535856907805134	-0.0317816339135628	-0.0311687937840872	0.0168245813376702	0.00153826800817466	0.0209494840181749	0.00519396286907349	0.00353763154970188	0.02925937086828	-0.0391240702084089	-0.0319044567493447	-0.0118823899151254	-0.00557092783328031	-0.022056993398159	-0.0100173380060301
0.0526068268657418	0.0535731374820337	-0.031785179459027	-0.03121753455684	0.0168016791815077	0.00151442707874502	0.0209379588999401	0.00517132893384444	0.00356240566446253	0.0292732373317465	-0.0391011065849491	-0.0318892715329554	-0.0118674729196695	-0.00555285924185625	-0.0220258266844841	-0.0100017504582406
0.05266456840659	0.0536190102465761	-0.0317604067412504	-0.0312351854500396	0.0168342303063548	0.00155352726471749	0.0209589541729038	0.0052065846197706	0.00352857210827733	0.0292559217147138	-0.0391340013678672	-0.0319140079291472	-0.0119020440834217	-0.00558977733877627	-0.0220466962288852	-0.0100392497005164
0.0526315674528858	0.0535928936301641	-0.0317891161600192	-0.0312300096242141	0.0167991506404162	0.00152318616860344	0.0209416217920627	0.0051832172679266	0.00354402973655221	0.0292950274886224	-0.039110675925544	-0.0318866368210777	-0.0118881287255143	-0.00556249563768454	-0.0220272823418417	-0.0100163489413379
0.0526515708671893	0.0536188649602371	-0.0317990864350303	-0.031181597142708	0.0168075311476029	0.00154967158879895	0.0209467165928145	0.00520304186827443	0.00350549393212723	0.029301932780675	-0.0391434896833884	-0.0318920920437088	-0.011919534323458	-0.00557604219180849	-0.022035397422063	-0.0100375844955545
0.0526230961417372	0.0536102832873503	-0.031822196741813	-0.0311203519659164	0.0167891817623892	0.00154138048859006	0.0209333516466143	0.00519492958202119	0.00349934859938605	0.0293405132885889	-0.0391559158563216	-0.0318820994169533	-0.0119145931909493	-0.00555263851837975	-0.0220611228829471	-0.0100231662233968
0.0526081232669202	0.0536074250580281	-0.0318486137097912	-0.0310569372729286	0.0167720631201044	0.00153566123597756	0.0209238773009333	0.00518496349796218	0.00348149234953431	0.0293663994026362	-0.0391590870100662	-0.0318592531401519	-0.0119287837547104	-0.00554805361679836	-0.0220568062022991	-0.0100224705253506
0.0525623329244355	0.0535927259920807	-0.0318935993894755	-0.0309366765058549	0.0167387897545147	0.00152842765267821	0.0209107652088422	0.00517987568213054	0.00346616743474214	0.0294106418868174	-0.0391744342766028	-0.0318429279847953	-0.0119353020821872	-0.0055247323654273	-0.0220721087653469	-0.0100099451665515
0.0525341264199169	0.0535911851186973	-0.0319175143590587	-0.0308218318458595	0.0167317727037397	0.00153359230263141	0.0209067209400798	0.00518481681463919	0.00343114364816471	0.0294421145399945	-0.0392061947084897	-0.0318292696719491	-0.0119516398104	-0.00551840542476242	-0.0220938556157178	-0.0100167610516263
0.0525216499555588	0.0535915832591454	-0.0319310860588951	-0.0307461530300859	0.0167325284720991	0.00153734320474782	0.0209026487316369	0.00518508084462057	0.00340798304995692	0.0294533756282479	-0.0392194311321594	-0.0318227248017758	-0.0119683184027157	-0.00551928133374826	-0.0221068014667096	-0.0100183969199237
0.0525213454130406	0.0535944750160843	-0.0319319940985136	-0.0307193002030909	0.016740672888985	0.00154577819431164	0.0209056969507869	0.00519644391270803	0.00340428104228151	0.0294411129024461	-0.0392282740410595	-0.0318312994897425	-0.0119712604510797	-0.00552834776009295	-0.0221170972389993	-0.0100222330380658
0.0524937493905424	0.0535695612029208	-0.0319335279869769	-0.0307281207602466	0.0167342216167416	0.00152944745101898	0.0209041630623237	0.00518266126828328	0.00342947984018682	0.0294339240226357	-0.0392187661677618	-0.0318320063636609	-0.0119386185222707	-0.00550627820641139	-0.0221278176944337	-0.00999207215289142
0.0525244634813921	0.0535871548197752	-0.0319064572304734	-0.0307550071148583	0.0167640639895575	0.00154889626266316	0.0209190744698434	0.00520059016130449	0.00341987138403909	0.0294007344760876	-0.0392186963185604	-0.0318481862326784	-0.0119546195773327	-0.00553598088082443	-0.0221234339585524	-0.0100224677313826
0.0525295247545272	0.053577374534592	-0.0318897059949882	-0.0308265229182271	0.0167694158353705	0.00153697021001222	0.020919397173154	0.00518922290226494	0.00345052540457551	0.0293860591588687	-0.0391957089463721	-0.0318525797474479	-0.0119335097516787	-0.00553389238970189	-0.0221107730923025	-0.0100157971326467
0.0525324891546356	0.0535670396467495	-0.0318735317139067	-0.0308972522195878	0.0167703909302224	0.00152967515941562	0.0209248202651525	0.00518338071505793	0.00348248001724243	0.0293586475382623	-0.0391743267088326	-0.031861662937601	-0.0119046843832355	-0.00552802226281432	-0.0221015278520021	-0.0100079153487581
0.0525493870734438	0.0535578083762894	-0.0318428427687696	-0.0310005396307158	0.0167836231629399	0.0015251824587801	0.0209351691228353	0.00518610762788148	0.0035057034797315	0.0293439847938996	-0.0391603345168036	-0.0318699554347939	-0.0118875852987272	-0.00553233614949419	-0.022091849546653	-0.0100015227498439
0.0526068701722467	0.0535876200154567	-0.0317926016351702	-0.0311154108334077	0.0168288798575258	0.00155521761539192	0.0209567329682985	0.00521158302862442	0.00351781253729016	0.0292737947283738	-0.0391529193255805	-0.03190648377317	-0.0118917930146209	-0.00556741162448068	-0.0220888152973432	-0.010023075419435
0.0526046336008172	0.0535717488799094	-0.0317894067326971	-0.0311891506353498	0.0168046044660633	0.0015213533255581	0.0209481261496992	0.00518469248306066	0.00354557200691962	0.029274687401168	-0.0391065855563087	-0.0318891625682011	-0.0118788527515653	-0.00556057338766138	-0.0220327138157444	-0.0100089728656677
0.0526347106669498	0.0535939357802493	-0.0317891245419234	-0.0312095214564528	0.0168076135696606	0.00152588234777836	0.0209440273985597	0.00518454999068975	0.00353615354059977	0.0292758189582311	-0.0391124053917712	-0.0318878074936935	-0.0118958037557666	-0.00557448455461676	-0.0220144608224286	-0.0100190842360657
0.0526465640764313	0.0536002236053614	-0.0317726443213397	-0.0312442937859051	0.0168209198425317	0.00154187082998405	0.0209518351422948	0.00519843740891664	0.00354434126399055	0.0292717132221715	-0.0391268152820248	-0.0319065759741159	-0.0118795694043719	-0.00557382936910741	-0.0220503730908481	-0.0100218041639691
0.0526226365339919	0.0535913834904293	-0.031801869227215	-0.0312048764845582	0.0167889456720883	0.00151758565963336	0.020939329341272	0.00518161772121402	0.00353042730306712	0.0293061907879938	-0.0391104426292113	-0.0318753394112396	-0.0118985795630311	-0.00556286583845208	-0.0220091005947114	-0.0100150427612713
0.0526268093252849	0.0536094590667735	-0.0318160472181198	-0.0311464336577277	0.016791285620336	0.00153946103253496	0.0209359248911947	0.0051937030300442	0.00350364292828952	0.0293177620067015	-0.0391453406872261	-0.0318818507537962	-0.011911483504502	-0.00556291752686114	-0.0220384554201013	-0.010015519132825
0.0526160595331859	0.0536141543300932	-0.0318303732893316	-0.0310943750479072	0.0167891859533412	0.00154303870863184	0.0209325064712771	0.00520083463350947	0.00348533824656466	0.0293507992819904	-0.0391669981306193	-0.0318738250805527	-0.0119210486541448	-0.00555690351061863	-0.0220644938054077	-0.0100238996400117
0.0525930176786205	0.053607272786769	-0.0318554044491535	-0.0310182645640689	0.0167686698458993	0.00154127571478792	0.0209244849889857	0.00519826697686517	0.00347052183395884	0.0293644142883318	-0.0391724491622983	-0.031858913673033	-0.0119304559445925	-0.00555196098112595	-0.0220630157963056	-0.0100174595436406
0.0525614975279865	0.0536061957120831	-0.0318958429458252	-0.0308908191081368	0.0167476997186482	0.00154473604422641	0.0209126343734723	0.00520626471042808	0.00343162560765452	0.0294139862665816	-0.0392026952634985	-0.0318445233405558	-0.0119544435573451	-0.00553772711086	-0.0220839859235568	-0.0100146027113024
0.052533391606318	0.0536012909011592	-0.0319230995012044	-0.0307963927667013	0.0167386821867445	0.00154620148047226	0.0209094953503603	0.00520813247807413	0.00340886175291082	0.0294402844909173	-0.0392240062548526	-0.0318330666745385	-0.0119651598218274	-0.00552711981113193	-0.0221071744614451	-0.0100103209552551
0.0525021690132819	0.053581400642562	-0.031933289102708	-0.030749741882055	0.0167340581696103	0.00153748709410275	0.0209095428478173	0.00520071449288302	0.00341004918933501	0.0294504796803569	-0.0392285632167534	-0.0318271630200342	-0.0119533329550425	-0.00551457768852445	-0.0221178558013267	-0.010001377463505
0.0524956283340607	0.0535783244837313	-0.0319363205580497	-0.0307197374590918	0.0167386039556389	0.00153680257192881	0.0209097300436771	0.00519844299685275	0.00340755417586019	0.0294359147248763	-0.0392263643638926	-0.0318275569695302	-0.0119603206691528	-0.00551997842877846	-0.022106872712895	-0.0100038501252353
0.0524993107839597	0.0535773130672947	-0.031925530253414	-0.0307336234803347	0.0167485225422409	0.00154410600442958	0.0209125631272868	0.00520062787987326	0.00341930560550757	0.0294150326076189	-0.0392263699518287	-0.031838246691316	-0.011948301018572	-0.00551799471145805	-0.0221227703911388	-0.0100039451201493
0.0525135949456507	0.0535795272869798	-0.0319027077253411	-0.0307737211129035	0.0167615550062424	0.00154283335197965	0.0209211028906528	0.00520378087282549	0.00342978997064113	0.0293940680683038	-0.0392172266913625	-0.0318504269950601	-0.0119452821360865	-0.00552291069825419	-0.022124937113367	-0.0100090399209011
0.0525338735658078	0.0535803598894608	-0.0318785399016488	-0.0308608873283431	0.0167798219693985	0.00154713047485119	0.0209321949438387	0.00520899441721969	0.00345520949202293	0.0293595849145454	-0.0392014407718409	-0.0318681239887326	-0.0119279539461975	-0.0055343492034792	-0.0221172872288272	-0.0100085872980758
0.0525189286306713	0.0535593799833214	-0.031872809473164	-0.0309172947494441	0.0167666875255629	0.00152442948438877	0.0209318009943427	0.00518640518547954	0.00349138299645579	0.029353133642302	-0.0391711457761998	-0.0318631311678149	-0.0118990000552237	-0.00552383550168103	-0.0220972963873799	-0.00998763533161704
0.052573402625877	0.0535810639694111	-0.0318245716146614	-0.0310282013114633	0.0168078622328177	0.00153746334537427	0.0209516074338981	0.0052001095987987	0.00349303981951354	0.0293056389793025	-0.0391610399937379	-0.0318800709961439	-0.0119112013137283	-0.00555903670523008	-0.0220688398227203	-0.0100172262473078
0.0526030997123539	0.0535855706398869	-0.0317912982490716	-0.0311379120551541	0.0168224942435317	0.00153919839953761	0.0209620596683991	0.00520340927507392	0.00352244633331255	0.0292611729776767	-0.0391400153841097	-0.0318995924509576	-0.0118921213058676	-0.0055674716947939	-0.022058566402175	-0.010012473707643
0.052601730668006	0.0535713716942217	-0.0317813349589807	-0.031213265373649	0.0168139279374692	0.00152368070094951	0.0209603776996288	0.00519191489048778	0.00355254854515774	0.0292593792501842	-0.0391165292886232	-0.0318972287539814	-0.0118673611609472	-0.00555715077679167	-0.0220397071177908	-0.0100023539553409
0.0526352149781841	0.0536022408502985	-0.0317747397973823	-0.031221020031991	0.0168250828549365	0.00153295807188249	0.0209601108756794	0.00519587254624039	0.0035238726540056	0.0292609005657912	-0.0391236133946316	-0.0318963109354748	-0.0119016920434465	-0.0055805740079968	-0.0220169963484402	-0.0100213068376549
0.0526392438801222	0.0536078567260929	-0.0317826020234945	-0.0312241883917676	0.0168116326927105	0.00153032615397288	0.0209508404896665	0.00519348649751979	0.00352872857048852	0.0292742724969116	-0.0391241442485624	-0.0318919467573699	-0.0118985348595422	-0.00557524870488032	-0.0220202988186835	-0.0100194237031846
0.0526381388657557	0.0536155135955529	-0.0317967828083674	-0.0312026957924897	0.016806258495153	0.00154055347404521	0.0209496237165777	0.00519901995125651	0.00351716293971693	0.0292951615990891	-0.0391396661381025	-0.0318915318531134	-0.0119053395687448	-0.00556855296043193	-0.022036178336135	-0.0100206851797623
0.052591420925876	0.0535879063971825	-0.031830000294596	-0.0311406501438499	0.0167712752211124	0.00151804247341066	0.0209376403875816	0.00518502496525943	0.00351387443931394	0.029336196607941	-0.0391377690337919	-0.0318649584229241	-0.0118943676561853	-0.00553916321044126	-0.0220362258335919	-0.00999824682229719
0.0526184148482579	0.0536262773574921	-0.0318311248667389	-0.0310692433052353	0.0167950951957816	0.00155636873023137	0.0209465293969547	0.00521523753884286	0.00345597643625455	0.0293429174981019	-0.039182546562856	-0.0318742190300487	-0.0119462530399863	-0.00556610404743004	-0.0220568411268999	-0.0100304850227219
0.0525596744638293	0.0535962589646887	-0.031878845841151	-0.0309765059174902	0.016747642442303	0.00153070892759668	0.020922143643754	0.00519319871880993	0.0034654535759036	0.0293818989404319	-0.0391688225917605	-0.0318464134599463	-0.0119304503566564	-0.0055370691313826	-0.0220580034176115	-0.0100008689613186
0.0525547235524325	0.0536160961378927	-0.031897699537599	-0.0308546106791032	0.0167548508798898	0.00155736338285963	0.0209252170086166	0.00521683568857141	0.00341123941972726	0.0294130460963304	-0.039223684948526	-0.0318478551474637	-0.0119655984748123	-0.00554103656602342	-0.0221026063236721	-0.0100162804891205
0.0525316705219949	0.0536079517210068	-0.0319228536320154	-0.0307837193275952	0.0167463264833482	0.00155420340498726	0.0209148374172851	0.00521387687639914	0.00339663534869377	0.0294392339589279	-0.0392307788334225	-0.0318321949565047	-0.0119736534847204	-0.00553027140710013	-0.022115757531316	-0.0100155065599688
0.0524831895882713	0.0535728818339565	-0.0319447359898372	-0.0307383229346064	0.0167140952678436	0.00152034051213747	0.0209036615450575	0.0051852442917519	0.00341476261344702	0.0294595740463822	-0.0392111987052797	-0.0318090161975045	-0.0119531345833104	-0.005507830255667	-0.0221031287956987	-0.00998638223694351
0.0525079203965271	0.0535928517206433	-0.0319266212979402	-0.0307288807195581	0.0167524829919616	0.00155626954436535	0.020923519673022	0.00521533951867694	0.00339917087470542	0.0294238657376308	-0.0392394191796385	-0.0318379295759415	-0.0119672734586624	-0.0055277805845774	-0.0221357078602264	-0.010007807780988
0.0524984167141815	0.0535763295905387	-0.031923518596413	-0.0307487332595865	0.0167474273067626	0.00154301076895127	0.0209171675866446	0.00520402534503047	0.00341961852992994	0.029413467985507	-0.0392170939778798	-0.0318346704122031	-0.0119553641698199	-0.00552029694113695	-0.0221225915771832	-0.00999719489332377
0.0524982602519703	0.053565444290989	-0.0319005857066018	-0.0308013045625454	0.016752210580076	0.00152986794321155	0.0209215485285578	0.00519488348154825	0.00344829581806609	0.0293981123370662	-0.0392018500881612	-0.0318442816623189	-0.0119306431404523	-0.00551850880158053	-0.0221196411469151	-0.00999180812291004
0.052542182826809	0.0535875292114948	-0.0318707670825144	-0.0308654526721481	0.0167845549512869	0.00155302574745127	0.0209337986815034	0.00521214042525177	0.00344802899411666	0.0293467270735475	-0.0391980712463643	-0.0318690012947025	-0.0119391801098502	-0.00554975514334502	-0.0221062287032579	-0.0100095316592791
0.0525371872119233	0.0535685190528356	-0.0318545061884232	-0.0309483888199495	0.0167787546736008	0.00153542374869272	0.0209341004300535	0.00519668419396093	0.00348237244947224	0.0293459782901082	-0.0391749260149808	-0.0318695042089527	-0.0119083682301185	-0.00553338249053151	-0.0220959804284251	-0.00999396366926595
0.052573892967271	0.0535744688078128	-0.0318178004330755	-0.0310603668687185	0.0168042398532319	0.0015372831344346	0.0209457945833557	0.00519722482677994	0.0035045942744129	0.0292960263322027	-0.0391497314080276	-0.031881793477451	-0.0119020831989745	-0.00555724996265769	-0.0220626274347457	-0.010001871995851
0.0526214784342323	0.0535970426727286	-0.0317789544981962	-0.031161375798896	0.0168339215728845	0.00156061695866191	0.0209634063610025	0.00521814466260608	0.00351337711299981	0.0292502709143187	-0.0391456647875207	-0.0319126626335278	-0.0119011681744359	-0.00558074304306424	-0.0220600136776285	-0.010017676076165
0.052621806725479	0.0535906654406387	-0.0317809954918618	-0.0312064439006381	0.0168181789598678	0.0015464389677571	0.0209580349574131	0.00520973342177074	0.00352843520384254	0.0292534602288556	-0.0391217554058737	-0.0319060087986003	-0.0118977776941988	-0.00557268104823602	-0.0220324609616352	-0.0100086306045807
0.0526096655372877	0.0535802676885149	-0.0317880628340617	-0.0312227425132981	0.0167970747221499	0.00151959033171419	0.0209471231151668	0.00518554464331801	0.00353826578045079	0.0292783782329712	-0.0391082144396859	-0.0318865669718763	-0.0118885953181798	-0.00556005650357086	-0.0220082358615978	-0.00999343560930319
0.0526419316773929	0.0536111703722084	-0.0317817470692691	-0.0312061672978005	0.0168163321469822	0.001546335590939	0.0209581550980395	0.00521544149851101	0.00351011515529336	0.0292739875121698	-0.0391345545735424	-0.0319017312335052	-0.0119193834491829	-0.00558657545138305	-0.0220210755418033	-0.0100222344350498
0.0526240558697648	0.0536094548758215	-0.0318003828362087	-0.0311817983084081	0.0168068382435248	0.00155213028068903	0.0209515445696169	0.0052172128742591	0.00350571744957178	0.0292982223910954	-0.0391467530380789	-0.0318994234158902	-0.0119143487187444	-0.00556363697363579	-0.0220488308204807	-0.0100100024428967
0.0525945906826366	0.0535988992645024	-0.0318339607443167	-0.0311063667588075	0.0167725897830832	0.0015316281430874	0.0209356021878841	0.00519597312909044	0.00348704815501549	0.0293458930740825	-0.0391430705881799	-0.0318643591167759	-0.0119313863359554	-0.00555065619804337	-0.0220296809634186	-0.0100027437138848
0.0526025255519182	0.0536146572443434	-0.0318395486804305	-0.0310493251069576	0.0167812399081874	0.00155313052125341	0.0209330540890162	0.00521338513802113	0.00346015900643575	0.0293521292107855	-0.0391743630304173	-0.0318708634744124	-0.0119476807576633	-0.00556033450339252	-0.022052725611952	-0.0100154395047354
0.0525809770732793	0.0536197296933508	-0.0318746423162094	-0.0309421945927673	0.0167676933540634	0.0015683730139879	0.0209309069245645	0.00522176564520784	0.00343536952485079	0.0293753289245461	-0.0392002030439917	-0.0318681603103173	-0.0119614284774874	-0.00554869064151533	-0.0220885345035535	-0.0100162902680087
0.0525149905326951	0.0535841415252258	-0.0319248261734636	-0.030823622779384	0.0167213539968555	0.00153195783131812	0.0209075004571677	0.00519317357309742	0.00342137314186968	0.029443363443716	-0.0391990449442321	-0.0318224998873472	-0.0119675123429313	-0.00551740239022999	-0.0220710149268526	-0.00999193105750454
0.0525211037348036	0.0536013411925842	-0.0319272289859926	-0.0307456487188516	0.0167409453008706	0.00155653357434673	0.0209169440692	0.00521247430443457	0.00338888488130389	0.0294405135962979	-0.0392353777048442	-0.0318299318423786	-0.011988556510336	-0.00553212101395381	-0.0221112592427444	-0.0100086166347404
0.0524947035306339	0.0535816912152399	-0.0319336690823637	-0.0307255572945544	0.0167342146318215	0.00154334325115004	0.0209140355484528	0.00520491662084062	0.0034058023578885	0.0294391473459181	-0.0392254563242741	-0.0318306051886803	-0.0119668557604379	-0.00551661169726988	-0.0221230861095293	-0.00999601304483569
0.0525082333209495	0.0535878896333742	-0.0319228215013828	-0.0307311158940036	0.0167605072682211	0.00155886234672217	0.0209275653387684	0.00521853581813405	0.0034005790346061	0.0294171378625498	-0.0392363569906482	-0.0318452832998673	-0.0119712073656866	-0.00553173684334599	-0.0221361548951155	-0.0100046338332753
0.0525020963701125	0.0535775282028351	-0.0319177378765032	-0.0307613927288524	0.0167587065558084	0.00154487993358134	0.020921853071076	0.00520115593983602	0.00342287350271624	0.0294063070453771	-0.0392162753452391	-0.0318445582651565	-0.0119569371738359	-0.00552473096844328	-0.0221245669125994	-0.00998920135071294
0.0525229212110247	0.0535768283138369	-0.0318844184104405	-0.0308329252960295	0.0167746587164293	0.00154838217254068	0.0209297139002042	0.00520602163520713	0.00344403361979527	0.0293814225688782	-0.0392037430015198	-0.0318595632706062	-0.0119401132951812	-0.00553774666863641	-0.0221200588451396	-0.0100054133503632
0.052518519314351	0.0535639998095035	-0.031878650263387	-0.0308840646903592	0.0167645571249195	0.00152949634545998	0.0209246414511968	0.00519118147387284	0.00347081240663676	0.0293613073958525	-0.0391692528628412	-0.0318548680072866	-0.0119267679067573	-0.00553434780649517	-0.0220792655145246	-0.00999729827014187
0.0525409283351515	0.0535659122806385	-0.0318458700331593	-0.0309653454120869	0.0167823840381067	0.00152376451999122	0.0209341982189355	0.00518612020073774	0.00348157616857602	0.0293440420702448	-0.0391609701445365	-0.0318622315101005	-0.0119190663338085	-0.00554043725987521	-0.0220641431624166	-0.0100008619763985
0.0526240991762697	0.0536110851561827	-0.0317850956399853	-0.0310915210095371	0.0168453489022373	0.00157448062816031	0.020963188431494	0.00522881203264737	0.00349065097682487	0.0292553279965017	-0.0391680556475289	-0.0319191166997393	-0.0119210109355761	-0.00558768884765373	-0.0220892665231844	-0.0100312379971132
0.0525910716798689	0.053564758371831	-0.0317955478744862	-0.0311925201608265	0.016803313652821	0.00152093423034957	0.0209481540893798	0.00519189533271138	0.00355205960074778	0.0292721001867473	-0.0391082563492067	-0.0318908333610992	-0.0118767460996504	-0.00555122477054295	-0.0220390337714891	-0.00999012475715575
0.0525993264584931	0.0535685651533085	-0.0317878071859845	-0.0312226656791765	0.0168030971202966	0.00152074004956961	0.0209697081559549	0.00520167002995849	0.00354334940533035	0.029268352078599	-0.0391123844370108	-0.0318936650477249	-0.0118828411409666	-0.00555953263456018	-0.022018507885159	-0.00999740444092804
0.052639482764391	0.0536007195346915	-0.0317686168163856	-0.0312366676500938	0.0168280318882205	0.00154822291636144	0.0209769179905257	0.00522039101292384	0.00352297718724336	0.0292568758548052	-0.0391326448963755	-0.0319115785739218	-0.0119039286148761	-0.00558334702129329	-0.0220347897340107	-0.010022045842206
0.0526306719861236	0.0535996424600056	-0.0317891399087477	-0.0312131354541344	0.0168100345429819	0.00153769105377091	0.0209636592151116	0.0052081604177547	0.00351186417929699	0.029280922140887	-0.0391264800058579	-0.0318926284855757	-0.0119166285966788	-0.00557557280517492	-0.0220146326514641	-0.0100144280882988
0.0526579215565826	0.0536327928910009	-0.0317966920044055	-0.0311776604417158	0.0168296398168373	0.00157774817380287	0.020970747512072	0.00523690755509228	0.00347782526645962	0.0292829142401116	-0.0391665091862093	-0.0319085624854043	-0.011940005727411	-0.00558614238633423	-0.0220552876806602	-0.0100356370998188
0.0525787502807379	0.0535835058974929	-0.0318490411869039	-0.0311162392449366	0.0167665170935115	0.00152072747671336	0.0209365926495603	0.00518724058192856	0.00349751575634071	0.0293580594079863	-0.0391402696352028	-0.0318567748904854	-0.011915755481661	-0.00553033147741335	-0.0220385923245361	-0.00998190490313231
0.0525843438047879	0.0536054161949952	-0.0318558081775377	-0.0310241444698446	0.0167730493908285	0.00153944147475856	0.0209367994031965	0.00520416644041734	0.00345849519845786	0.0293580873476669	-0.0391699024604145	-0.0318527459885473	-0.0119505739115863	-0.00555544925024501	-0.022039324344167	-0.0100118506527663
0.0525613913572003	0.0536118339396219	-0.0318899812008418	-0.0308984801685488	0.0167575177224002	0.00155348116424455	0.0209245087377141	0.00521004774317714	0.00341906951520676	0.0294027042235677	-0.0392022202889288	-0.0318483846044105	-0.0119746439463966	-0.00554248244449287	-0.0220704128267363	-0.010013948922777
0.0525221458848889	0.0535973989036559	-0.0319232811091281	-0.0307996812671043	0.0167380758956761	0.00154429878822551	0.0209087549488252	0.00520390520440402	0.00340874720022049	0.0294351407957245	-0.0392172364702507	-0.0318276379946039	-0.0119731645403104	-0.00552343456726486	-0.022090771074983	-0.0100032605979753
0.0524964679214618	0.0535820697979116	-0.0319332010927142	-0.0307503914796283	0.0167344144005375	0.00153786567677446	0.0209044899565864	0.00519622039526348	0.00341071834468464	0.0294457844170373	-0.0392216132212118	-0.0318222470332381	-0.0119612021660748	-0.00551475789946412	-0.0221087823900619	-0.00999583562786408
0.0525161402505505	0.0535972270746204	-0.0319222682957075	-0.0307268299470043	0.0167590264651509	0.00156209776173207	0.0209146404425371	0.00521287523885074	0.00339793594082426	0.0294161487978576	-0.0392356696745062	-0.0318435454517359	-0.0119749903984356	-0.00553596691098415	-0.022124202299768	-0.010012618993982
0.0524813735090343	0.0535635555685825	-0.0319234850687963	-0.030749839670937	0.0167448680320225	0.00153249427318505	0.0209144518496933	0.00519453702950919	0.00343462772633167	0.0294195588358711	-0.0392147805723286	-0.0318357544718092	-0.0119363540111606	-0.00551290968959448	-0.0221253073141345	-0.00998703602546883
0.0525173332749108	0.0535849643488186	-0.0318962201315129	-0.0307683064028092	0.0167767374286637	0.00155195845165353	0.0209353912432958	0.0052136882835553	0.00341882085204969	0.0293823166386565	-0.039219903312761	-0.0318546011833371	-0.0119648566762932	-0.00554751438096338	-0.0221157002549708	-0.0100141081789563
0.0525231922259262	0.0535712655234355	-0.0318777100931358	-0.0308580905663181	0.0167832669320127	0.00154559099845183	0.0209428595199119	0.00521286406297851	0.00345496641680198	0.0293580677898905	-0.0391975040708487	-0.0318670706627751	-0.011933181460432	-0.00554614813058354	-0.0221102212836112	-0.0100021472017046
0.0525020418877354	0.0535455107258869	-0.0318729771112474	-0.030913215556081	0.0167652458380456	0.00151786924739113	0.0209360813534059	0.00518921032940868	0.0034923552973396	0.0293542847571414	-0.0391623503647566	-0.0318590743261962	-0.01190274397242	-0.00552755706713284	-0.0220821530805115	-0.009982527958009
0.052580666942825	0.0535905411090602	-0.0318128816523113	-0.0310163325351575	0.01682869405865	0.00155992684855185	0.0209600563933022	0.00521955561647482	0.00347719243269472	0.0292929208367074	-0.0391845987323938	-0.0318962983626185	-0.0119206337498884	-0.00557334182168148	-0.0220897834072749	-0.0100156839769404
0.0525796261897238	0.0535684450126821	-0.0317999302133835	-0.0311383856327397	0.0168148234042315	0.00152982882765875	0.0209548358639879	0.00519294446771675	0.00353533909891118	0.0292736634118752	-0.0391245298161542	-0.031889940688305	-0.011886448153728	-0.00556094917636504	-0.0220484005493999	-0.0100009220467117
0.0526088916081359	0.0535801419599524	-0.0317827347369772	-0.0312033104654623	0.0168182949095422	0.00153155689690195	0.0209613248548001	0.00520037223179605	0.00354104577866742	0.0292548949314529	-0.0391171467555638	-0.0318999025814119	-0.011887871680453	-0.00557111223517206	-0.0220299533753042	-0.0100044913409044
0.0526312126189426	0.0535930752380878	-0.0317688850373191	-0.0312468376938209	0.0168286800888097	0.00154721708786095	0.0209611600106847	0.00521375254482061	0.00354041154791851	0.0292588875118062	-0.0391277275125954	-0.0319141266727897	-0.0118845720041778	-0.00557083004439831	-0.0220480890219616	-0.0100133286618684
0.0526395051161355	0.0536042064068265	-0.0317746517873885	-0.0312431943594747	0.0168193817631163	0.00154542894830453	0.0209550132809595	0.00521196440526419	0.00352780516404571	0.0292681411340107	-0.0391232795154488	-0.0319016543993836	-0.0119052920712879	-0.00557717793982362	-0.0220305652543086	-0.0100156308915473
0.0526067933381252	0.053585084489445	-0.0318106492718338	-0.0312047381831393	0.0167828031333152	0.00151767925756326	0.0209378136136012	0.0051872769035133	0.00353204081961999	0.0293125875778601	-0.0391109525283816	-0.0318744858539982	-0.0118980389302121	-0.0055542562258847	-0.0220085376101479	-0.0100004205294455
0.0526328624570802	0.0536204519340935	-0.0318106422869137	-0.0311399111392988	0.0168032172609231	0.00156091451625997	0.0209504940376275	0.00522148205745006	0.00348276220801618	0.0293082359726114	-0.0391618628173307	-0.0318907732907859	-0.0119299949398631	-0.00557172830512861	-0.0220479591024469	-0.0100275485622941
0.0526050778417382	0.0536090734991817	-0.0318390974545893	-0.0310807474687096	0.0167830322386959	0.00154390344174545	0.0209378415532817	0.00520377807885743	0.00347196491846024	0.0293532062854715	-0.0391609701445365	-0.0318696746410042	-0.0119378865026398	-0.00555572585308264	-0.0220496592320096	-0.0100141165608605
0.0525931713468637	0.0536170824086168	-0.0318636550368255	-0.0309899029943231	0.0167756407962013	0.00155566744424909	0.0209386532010023	0.00521630204067254	0.00345031306300319	0.0293598293867504	-0.0391806773982259	-0.0318687959380503	-0.0119524305033601	-0.00555936220250871	-0.0220701935002438	-0.0100216421138218
0.0525400091196608	0.053594117388173	-0.031904523804578	-0.0308760306352115	0.0167399576331625	0.00153954205760861	0.0209213431719057	0.00520024370926543	0.00343099137690561	0.0294261595854055	-0.0391988367936119	-0.0318389884898351	-0.0119574023695174	-0.00552535262633594	-0.0220857824450174	-0.0100054468779799
0.0525402996923387	0.0536119093767595	-0.0319186054035849	-0.0307766324276188	0.0167505300082898	0.0015662523922327	0.0209212090614389	0.00521774512517394	0.00339147349270862	0.0294312334313969	-0.0392373264975639	-0.0318420059753366	-0.0119870184309207	-0.00553748962357517	-0.0221154432099096	-0.0100161310118295
0.0525101681438289	0.0535874998748302	-0.0319279945332401	-0.0307518904434908	0.016742191410624	0.00154798962002869	0.0209127810567952	0.00520652315247335	0.00340662657846529	0.0294422290926849	-0.0392288789351438	-0.0318284175116918	-0.0119689149148959	-0.00552077191570663	-0.0221217925023189	-0.0100073481732426
0.0525004088134061	0.0535807580299089	-0.0319303554362482	-0.0307342018317225	0.0167459995890855	0.0015513284118567	0.0209181538573687	0.00520941490941225	0.00340793136154787	0.0294302122360721	-0.0392272388758944	-0.0318322536298339	-0.0119671407451797	-0.00552194817625859	-0.0221224993762373	-0.0100085691372835
0.0524838796983814	0.0535612784846161	-0.0319259856702072	-0.0307517591269921	0.0167461448754245	0.00153821911373366	0.0209194614344193	0.0052013124020472	0.00342942256384164	0.0294179523042384	-0.0392116932376258	-0.031835304642952	-0.0119467224266198	-0.00551375626191572	-0.0221191577904413	-0.00999329171994826
0.0525005205721284	0.0535667658378799	-0.0318956431771091	-0.0307846497189581	0.0167615564032264	0.00153910200763965	0.0209281227353958	0.00520208353723091	0.00343524519327225	0.0293895544129079	-0.0392067870297178	-0.0318449494206845	-0.0119475606170369	-0.00553021832170705	-0.0221066519894185	-0.0100064904250491
0.052538844034981	0.0535853974138674	-0.0318623935602479	-0.0308616836092393	0.0167950071857878	0.00156052755168409	0.0209442062125154	0.00521776468295034	0.0034461654174227	0.029342628322408	-0.0392051204277719	-0.0318749775923762	-0.011944619965657	-0.00555434563286253	-0.0221048959804947	-0.0100225040529673
0.0525438424438348	0.0535771859417481	-0.0318551599769485	-0.03092543916633	0.0167876450799579	0.00154397887888299	0.0209405991997539	0.00519860085604797	0.0034662289020394	0.0293383954608018	-0.0391758033209507	-0.031868436913155	-0.0119328713299777	-0.00554666501467407	-0.0220814126789764	-0.0100106883620546
0.0525718715313818	0.053573743773102	-0.0318151950578624	-0.0310579403074611	0.016810823838958	0.00154131902129281	0.0209502328016141	0.00520143952759379	0.00350952423104933	0.0292963294777369	-0.0391518422508946	-0.0318900510500432	-0.0118996789894615	-0.0055548010496558	-0.0220781940277748	-0.0100075814695753
0.0526090550552672	0.0535875473722872	-0.0317820124962345	-0.0311642102794898	0.0168325176039359	0.00155340153615493	0.0209642375664994	0.00521443846397858	0.00352312666453441	0.0292574500152409	-0.0391405643988328	-0.0319095515500965	-0.0118951737159698	-0.00556942886941777	-0.0220654186088346	-0.0100154143590229
0.0525941771753642	0.0535626782626126	-0.0317911012743236	-0.0312247751250595	0.0168034016628148	0.00152044109498752	0.0209506560877748	0.00519122338339369	0.00355809317476668	0.0292741104467643	-0.0391032286036883	-0.0318942322232404	-0.0118692596622419	-0.00555010858030422	-0.022029356863124	-0.00999271895649659
0.0526283557866044	0.0535909336615722	-0.0317751393348145	-0.0312330648282844	0.0168195424162796	0.00154076162466545	0.0209569173701903	0.00520566540427988	0.00353842643361407	0.0292680782697294	-0.0391227835861186	-0.0319069028683785	-0.0118927261999519	-0.00556780836794476	-0.0220379818425157	-0.0100122739389269
0.0526187026269677	0.0535861755339713	-0.031790335727076	-0.0312242330952565	0.016804100154829	0.00152625813648202	0.0209528521466675	0.00519026784631823	0.00353445061706908	0.029291081008742	-0.0391143988879799	-0.0318854647514778	-0.0118981995833754	-0.00556118945761793	-0.0220152920279255	-0.0100147745403379
0.0526332284668956	0.0536063116617574	-0.031801872021183	-0.0311793982898472	0.0168062654800731	0.00154581311891235	0.0209518658759434	0.00520631360486908	0.003501948386663	0.0292991471945223	-0.0391394356357379	-0.0318865851326686	-0.0119238845317226	-0.00556988708017911	-0.0220255989760875	-0.0100242321222105
0.0525928304827607	0.0535891371401116	-0.0318341116185917	-0.0311107644645291	0.0167721483361302	0.00152571051874286	0.0209325455868299	0.00518533928666583	0.00350214117045893	0.029342478845117	-0.0391378570437857	-0.0318638394387173	-0.0119148404571224	-0.00554155345011395	-0.0220350844976407	-0.0100042803963161
0.0525984966499801	0.0536069403045702	-0.0318431752509684	-0.0310461790989255	0.0167742382242368	0.00153837278197679	0.0209286005039335	0.00519203363413019	0.00347521849426252	0.0293576445037299	-0.0391661655281383	-0.0318621965854998	-0.0119384550751394	-0.00554911951561207	-0.0220496690108978	-0.0100165850316387
0.0525597876195356	0.0535969756174953	-0.0318827783511911	-0.0309411217090335	0.0167487837782542	0.00153855578688452	0.020918121726736	0.00519293189486049	0.00345973292630707	0.0293884046950525	-0.039176800767547	-0.0318540340078216	-0.0119380485527871	-0.00553264208899642	-0.0220721283231233	-0.0100057402446258
0.0525517912829568	0.0536134544410949	-0.0319093266356679	-0.0308207966806944	0.0167465988952337	0.00155590632851795	0.020916205064649	0.00520402394804644	0.00340262980715988	0.0294231672456166	-0.0392135861509843	-0.0318404832627455	-0.0119846240002959	-0.00553985611451937	-0.022085220857438	-0.0100198833109299
0.0525011561998613	0.0535781079512069	-0.0319370735324411	-0.0307586672130128	0.0167252445973747	0.00153338973994729	0.02090408203725	0.00519116331308047	0.00341460196028375	0.0294519479105709	-0.0392139745125442	-0.0318192351356727	-0.0119620571203002	-0.00551210362981005	-0.0221021271581503	-0.00999445540764396
0.0524919682359062	0.0535744185163878	-0.0319330739671676	-0.0307217882316456	0.0167327757382722	0.0015375681191764	0.0209072992914676	0.00519496171265384	0.00341017491789757	0.0294389154465694	-0.0392204802671647	-0.0318229469222363	-0.0119620585172842	-0.00551807294256365	-0.0221107786802386	-0.00999888245003014
0.0525272169369122	0.0536020005690456	-0.0319153266820701	-0.0307182566560217	0.0167698572823235	0.00157100632888154	0.020922342015486	0.00522299080020079	0.0033860573856303	0.0294023703443849	-0.0392426084941755	-0.0318488972975489	-0.0119846114274396	-0.00554384450392062	-0.0221307611397816	-0.0100195354619068
0.0524966844539862	0.0535696128913299	-0.0319189253129274	-0.0307562322698512	0.0167531828809599	0.00154076441863351	0.0209117249368697	0.00519806860513313	0.00342602230471638	0.0294065054171092	-0.0392085444356256	-0.0318372967421766	-0.0119487815810778	-0.00551910112280859	-0.0221200099506986	-0.00999367449357206
0.0525150771457049	0.0535705935741179	-0.0318873674437246	-0.0308123602941466	0.0167689157150883	0.00154588017414572	0.0209224062767513	0.00519790934895388	0.0034402352202219	0.0293771771344158	-0.039200612360312	-0.0318582878241882	-0.0119408048022753	-0.00553005627155975	-0.0221143130498306	-0.00999439254336268
0.0525444110163344	0.0535787826944927	-0.0318557536951606	-0.0308959250847608	0.0167965955566282	0.0015652898702371	0.0209365856646401	0.00521398863512142	0.0034591308261908	0.0293332866902097	-0.0391943231382159	-0.0318821734571068	-0.0119260442690306	-0.00554560470379648	-0.0221178362435503	-0.010010410362233
0.0525281962227161	0.0535499615170016	-0.0318487226745454	-0.0309764234954326	0.0167774303327418	0.00152218592803906	0.020927791650181	0.00518507805065251	0.00349036878605113	0.0293419940916591	-0.0391483553787595	-0.0318585127386168	-0.0119075691552543	-0.00553095173832199	-0.0220667946381026	-0.00998567676000914
0.0526045036813025	0.0535904167774817	-0.0317900954458231	-0.0310898599955273	0.0168328612620069	0.00156458579028675	0.0209579427564672	0.00522325343319814	0.00349736348508161	0.0292627334088365	-0.0391559340171139	-0.0319056763164015	-0.0119148348691863	-0.00558191511266412	-0.02207363566889	-0.0100217091690551
0.0526009260052056	0.0535701423482767	-0.0317813349589807	-0.0311931264518948	0.0168199182049833	0.00154080213720228	0.0209534486588476	0.00520467773657176	0.0035408138793187	0.02925750170365	-0.0391164845851343	-0.0319030178557954	-0.0118809510215761	-0.00556387865187271	-0.0220494971818623	-0.00999993996693968
0.0526145745391637	0.0535768171379646	-0.0317796893117952	-0.0312223709155465	0.0168132713549759	0.00153916207795287	0.0209562342450004	0.00520294827034453	0.00353510580257842	0.029260890786903	-0.0391107709204579	-0.0318969242114632	-0.0118934763803752	-0.00557072666758021	-0.0220198000953853	-0.0100052457122798
0.052638693468415	0.0535982538578813	-0.031772513004841	-0.0312377698704922	0.016818234839229	0.00154810417271902	0.0209555650896508	0.0052096775424096	0.00352726173725864	0.0292602439832978	-0.0391228841689687	-0.0319015049220926	-0.0119055672771415	-0.00557772136661069	-0.0220223020937803	-0.0100157719869342
0.052622104283077	0.0535937793180381	-0.0317953383268819	-0.0312060122325733	0.0167964153456885	0.00153696881302819	0.0209419039828365	0.00519892216237451	0.00351666281943474	0.0293009423189989	-0.0391249000169218	-0.0318804090662788	-0.0119068902210164	-0.00556306281320009	-0.0220241167760333	-0.0100069695905709
0.052628189545505	0.0536148849527401	-0.0318129682653211	-0.0311320447222346	0.016797963203992	0.00155572751456231	0.0209394955823714	0.00521095298882758	0.00348155381683157	0.0293137331047634	-0.0391549798770225	-0.0318779447864526	-0.0119353607555164	-0.00557092503931225	-0.0220397127057269	-0.0100185645580071
0.0525849179652235	0.0535890477331338	-0.0318390737058608	-0.0310754487082897	0.0167755905047763	0.00153532176885864	0.0209285893280613	0.00519483877805934	0.00348674081852923	0.0293565827958683	-0.039157705392862	-0.0318606207875157	-0.011921545980459	-0.00554320747920364	-0.0220527200240159	-0.0100013076143035
0.0525834050315207	0.0536078748868853	-0.0318613067066737	-0.0309703214691963	0.0167742340332847	0.00155984861744626	0.0209308761909158	0.00521422472542223	0.00344211136977212	0.0293624459378357	-0.0391823523820761	-0.0318597867880508	-0.0119580393942343	-0.00556052309623636	-0.0220592397484767	-0.0100234512081386
0.0525483952147836	0.0536001118466391	-0.0319003174856684	-0.0308611401824522	0.0167557198039555	0.00155510306270159	0.020920229775635	0.00521104379278943	0.00341409764904948	0.0294180053896314	-0.0392083991492866	-0.0318428287989293	-0.0119695351758045	-0.00554005588323544	-0.0220893321814337	-0.010011097678375
0.0525001419894567	0.0535745232901899	-0.0319339973736104	-0.0307775851707262	0.0167239174625477	0.00153273315745391	0.0208999609343661	0.00518952325383106	0.00341475004059077	0.0294532135781006	-0.0392046398652661	-0.031817187157087	-0.0119590480167029	-0.00551542006989361	-0.0220908032056157	-0.00999008284763489
0.0525205700869048	0.0535963148440498	-0.0319171008517862	-0.03073820279398	0.0167575777927134	0.00156981330452124	0.0209118059619434	0.0052213954444403	0.00339308980322954	0.0294222773667905	-0.0392416557510681	-0.0318384227113036	-0.0119769755127401	-0.00553567214735415	-0.0221305460042412	-0.0100142688321196
0.0524793618520334	0.0535579005772353	-0.0319360020456913	-0.0307272197055483	0.016731345226627	0.00153935625873283	0.020903588901888	0.00520544468080338	0.00341511465342219	0.0294349815395452	-0.0392111819414713	-0.0318196612158014	-0.0119627067178734	-0.00551371435239487	-0.0221095046308046	-0.0099871030807022
0.0524947733798353	0.0535648631456331	-0.0319181318259992	-0.0307383844019037	0.0167521882283316	0.00155311375744507	0.020913457197065	0.00521698935681454	0.00341651163745065	0.0294033649970132	-0.0392180551028913	-0.031836972641882	-0.0119633213908459	-0.00553015406044174	-0.0221154390189575	-0.00999480325666705
0.0525137514078619	0.0535703407200087	-0.0318871956146891	-0.0307951564358361	0.0167710544976359	0.0015586136835651	0.0209182418673625	0.00521739308519877	0.00342967821191885	0.0293784218471851	-0.0392128457494492	-0.0318543832538287	-0.0119513841623228	-0.00553770755308361	-0.0221184774592194	-0.0100003450923079
0.0525201328309039	0.0535603830178539	-0.0318757850491446	-0.0308680342986327	0.0167737925863317	0.0015481865947767	0.0209218069706031	0.00520821769409987	0.00345362810610272	0.0293544272495123	-0.0391827938290291	-0.0318570542872911	-0.0119356820618429	-0.00553832222605613	-0.022090817175456	-0.0099920861227317
0.052553717723932	0.0535744548379725	-0.0318428483567057	-0.0309529583547066	0.016802773020002	0.00156377833351831	0.0209408855814797	0.00522313888050781	0.00346079323718467	0.0293275283220444	-0.0391897773521873	-0.0318796169763347	-0.0119281593028497	-0.00554628922597042	-0.0221042380010173	-0.0100031823668697
0.0525724526767376	0.0535630819909968	-0.0318110152816493	-0.031080470865872	0.0168144895250487	0.0015516231754867	0.0209525126795486	0.00521502938822262	0.00350706553915924	0.0292859359165652	-0.0391531833555619	-0.0318927779628668	-0.0118962815243043	-0.00554968250017554	-0.022081591492932	-0.00999718790840363
0.0525838031719688	0.0535552323377409	-0.0317913946409696	-0.0311704855317456	0.0168069527962152	0.00153561513550462	0.0209492227821616	0.00520154709536398	0.00352965896185147	0.0292714030917171	-0.0391183411769082	-0.0318850260984929	-0.0118877920523634	-0.00555344178419611	-0.0220312819071152	-0.00999567218073275
0.0526431205108011	0.0535978305717207	-0.031765739029287	-0.0312179424761763	0.0168408562016018	0.00157457003513813	0.0209653341989618	0.00523947381475256	0.00351070049160128	0.0292393017957272	-0.0391428875832722	-0.0319201895834732	-0.0119113326302269	-0.00558324085050713	-0.0220484745895534	-0.0100213808778084
0.0525866208887542	0.0535511657172341	-0.0317912367817744	-0.0312467259350986	0.0167853624080554	0.00151643873574599	0.0209422951383645	0.00519059613756491	0.00355143095793497	0.0292895988086878	-0.0390956751110464	-0.0318791461927171	-0.0118746254778952	-0.00553821884923802	-0.0220136896872449	-0.00997419075732717
0.0526576044412082	0.0536163154643852	-0.0317721986834346	-0.0312106334557394	0.0168327648701089	0.00157492766304942	0.0209659376960621	0.00523869150369662	0.0034825372935876	0.0292619441128605	-0.0391487884438084	-0.0319038281065319	-0.0119456202062214	-0.00559312032155637	-0.0220252511270644	-0.0100312827006021
0.0526006591812562	0.0535781009662868	-0.0318190633066372	-0.0311809433541826	0.0167805581799815	0.00152994058638103	0.0209384296835577	0.00520324862191065	0.00351140038059954	0.0293142988832949	-0.0391218476068196	-0.0318679689235054	-0.0119148348691863	-0.00554597350757998	-0.0220137553454942	-0.00999224956986303
0.0526192432597868	0.0536092690769457	-0.0318164160219033	-0.0311017413446893	0.0168018244678467	0.00156624959826464	0.0209519175643525	0.00522936523832264	0.00346272806006408	0.0293203212814416	-0.0391731350814563	-0.0318832477378247	-0.0119498502738595	-0.00556380042076712	-0.0220535540234809	-0.0100191736430435
0.0525953883605168	0.0535980876167819	-0.0318466858718319	-0.0310430512516858	0.0167829540075903	0.00155276590842198	0.0209387244471877	0.005216619156047	0.00345279829758981	0.0293485012432636	-0.0391716654542584	-0.031861616837128	-0.0119534321409085	-0.00555473120045438	-0.0220479940270476	-0.0100066622540846
0.0525479062703736	0.0535938338004153	-0.0319028404388238	-0.0308699216240551	0.0167489500193536	0.00156024675789437	0.0209273180725954	0.00522076959559555	0.00343238416998198	0.0293825806686378	-0.0391967063929685	-0.0318570193626904	-0.0119629386172221	-0.00553737087993275	-0.0220818192013287	-0.0100053728378264
0.0524997061304398	0.0535693041578596	-0.0319402670379301	-0.0307767693320536	0.0167204641180294	0.0015363653159279	0.0209075046481198	0.00519809514782967	0.00340447941401355	0.0294516377801165	-0.0392126976691422	-0.0318119233212678	-0.0119730513846041	-0.00550877042591815	-0.0220803090615939	-0.00998376847982627
0.0525049350416583	0.0535813279993925	-0.031933339394133	-0.0307263004900575	0.016738902910221	0.00155460294241941	0.0209137393878388	0.00521268943997496	0.00338981527266684	0.0294323915311565	-0.0392344026099923	-0.0318274368289038	-0.0119807641334253	-0.00551771252068431	-0.0221160061944731	-0.00999244235365896
0.0525243782653663	0.0535953844526868	-0.0319192158856053	-0.0307359368858858	0.0167684714741673	0.00158544555579967	0.0209311486028014	0.00524026869866475	0.00338554329550782	0.0294070418589761	-0.0392503198460126	-0.0318520488935171	-0.011983650302428	-0.00553566376544998	-0.0221471449684674	-0.010013701656604
