0.0525878195010507	0.0536564340517144	-0.0316530219759669	-0.0309538817611494	0.0167373648308056	0.00142925855046613	0.0209449689657949	0.00508759091721069	0.00349670550560421	0.029352398828703	-0.0392489047011917	-0.0319834701659942	-0.0120049445299738	-0.00554334578062246	-0.0220229293396091	-0.00988204289684211
0.0526110988429009	0.0536593509543658	-0.0316241323462584	-0.0310385389932739	0.016755793844109	0.00142835330481569	0.020958033560429	0.00509352530536357	0.00351086533571664	0.0293370543561345	-0.0392402881037042	-0.0319939419582715	-0.0119983842929762	-0.00555084479088721	-0.0220178443177455	-0.00989010070071825
0.0526386669257184	0.0536565206647242	-0.0315859918883135	-0.0311626722000745	0.0167705767290982	0.00142281845409494	0.0209669826401153	0.00508756577149818	0.00354887168319484	0.0292887159147818	-0.0392074450091952	-0.0320103844602864	-0.0119717102799368	-0.00556283929575554	-0.021994746583819	-0.0098849290658449
0.0526737996770501	0.0536701957413788	-0.0315536531050388	-0.0312623204678083	0.0167894374104664	0.00143345369350358	0.0209766344027679	0.0050922107433928	0.0035665477221069	0.0292527701187456	-0.0391979050052649	-0.0320357578811953	-0.0119569846712929	-0.00556744794606542	-0.0219953989753603	-0.00988558145738619
0.0526813908882607	0.053670500283897	-0.0315645244347482	-0.0313028972658989	0.0167707876736865	0.00141460279102359	0.0209641537474577	0.00507029765192242	0.0035750553548402	0.0292677597573709	-0.0391656821716645	-0.0320117828412989	-0.0119707170242926	-0.00556989266811522	-0.0219400197345042	-0.00988903200793648
0.0526857075689086	0.0536691843249422	-0.0315541951348418	-0.0313450945654624	0.0167706116536989	0.00141044816052296	0.0209676657653053	0.00507608954770441	0.00358453528845731	0.0292808830253342	-0.0391669087236415	-0.0320052980414388	-0.0119550009539725	-0.00557243797301507	-0.0219414251004368	-0.00990476484206496
0.052692401916373	0.0536784267712744	-0.0315648904445637	-0.0313217258166344	0.0167640067132123	0.00142053997314453	0.02097064972319	0.00508783538941567	0.00356472046699768	0.029287644428032	-0.039181761457832	-0.0320072761708231	-0.0119765145080107	-0.00557341027389887	-0.0219407210204865	-0.00989992568939039
0.0526618442877345	0.0536666893114673	-0.0315983314482369	-0.031280713159527	0.0167376065090426	0.00140848958891506	0.0209584875802383	0.0050871396913695	0.00355676045200353	0.0293214374716803	-0.0391839100192678	-0.0319877658918817	-0.0119748632728891	-0.00555492817520239	-0.0219368569626638	-0.00988108596278262
0.0526565622911229	0.0536807192220651	-0.0316113024449411	-0.0311894579718361	0.0167344255764098	0.00142102193263434	0.020959061740674	0.00509654279086504	0.00351694501020849	0.0293445198387825	-0.0392172211034263	-0.0319809332429985	-0.0120074143977361	-0.00555911493633568	-0.021954097142559	-0.00989025716292944
0.0526677493392228	0.0537003552295691	-0.0316177732749609	-0.0311313322603801	0.0167464396390545	0.00144076969886061	0.0209614422014585	0.0051095403302658	0.00349037996192336	0.0293482190524899	-0.0392431603028667	-0.0319917626631871	-0.0120255751901061	-0.00557041374315783	-0.0219770412082423	-0.00990783680994354
0.0526288251732379	0.0536921647122103	-0.031663581778238	-0.0310166105349792	0.016716322060385	0.0014371165856262	0.0209430145851391	0.00510324971118566	0.00347011950255865	0.0293899846839887	-0.0392603585732411	-0.0319739133982555	-0.0120360679371438	-0.00554500958860035	-0.0219984192548298	-0.00988683594904375
0.052592894744026	0.0536798824286321	-0.0316967405911375	-0.0309106967938777	0.0166972448464924	0.0014357866568311	0.0209335039178734	0.00510075749167889	0.00344473909672965	0.0294363980813501	-0.0392808215952899	-0.0319507234633831	-0.0120472326334992	-0.00553234732536642	-0.022012422622731	-0.00989022223832873
0.0525723395210313	0.0536738781912778	-0.0317157982472537	-0.0308406156931061	0.0166916429405383	0.00143096706193293	0.020926516203763	0.00509931301019347	0.00342979416159322	0.0294482081843267	-0.0392885692687117	-0.0319394050987846	-0.0120559861354215	-0.00552733215270426	-0.0220207514415087	-0.00988420123716608
0.05254674677363	0.0536542980631349	-0.0317144571425864	-0.0308260200039768	0.0166914641265826	0.00142645200955296	0.0209335570032665	0.00509938006542683	0.00344881549612468	0.0294391110243334	-0.039287943419867	-0.0319496421977451	-0.0120307733676759	-0.00551385405079771	-0.0220454501191318	-0.00987168426027111
0.0525613187140308	0.0536633491226553	-0.0316987452632183	-0.0308306482120631	0.0167186200991118	0.00144229799938774	0.0209468325424889	0.00511312499128282	0.00343647593620133	0.0294140756735594	-0.0392972431425444	-0.0319616464815016	-0.0120401401455867	-0.00553155802939034	-0.0220513076731631	-0.0098848061312504
0.052548365878119	0.0536440707430626	-0.0316890557819969	-0.0308647905017186	0.0167134456702704	0.00142791465183075	0.02094688842185	0.00509956865827068	0.00346102932748548	0.029405414372583	-0.0392739861524387	-0.0319599365730508	-0.0120204370828494	-0.00552385785342549	-0.0220403888459967	-0.00987424493199527
0.0525667390120612	0.0536463729727415	-0.0316691180259428	-0.0309254307844258	0.0167285107460333	0.00142402544829553	0.0209479613055839	0.00510044037630443	0.00347799430152706	0.029381408599038	-0.0392588763731869	-0.0319669103173209	-0.0120153185333691	-0.00553820767336579	-0.022018014749797	-0.00988157630417661
0.0525912490968405	0.0536560414992024	-0.0316444291272079	-0.0309797776540849	0.0167422025864962	0.00143230816660025	0.0209598650064904	0.00510423039397364	0.00348831102857721	0.0293423726743308	-0.0392480008525253	-0.0319828568900057	-0.0120136742831676	-0.00555263432742767	-0.0220076309675134	-0.00988757635057883
0.052617636728154	0.0536554729267028	-0.0316085643562453	-0.0310901603470934	0.0167630469851848	0.00142679985857604	0.0209661360677941	0.00510296891739594	0.0035110106220556	0.0293247273690674	-0.0392354489510297	-0.0319955624597445	-0.0119940592304241	-0.00555318054818279	-0.0220056514411451	-0.00988517214106585
0.0526379055694229	0.0536506407589484	-0.0315754879654035	-0.0312090311150588	0.0167779737595288	0.00142263824315527	0.0209791629438595	0.00510222711887683	0.00354989846645576	0.0292789021019819	-0.0392026407811213	-0.0320139621363833	-0.0119683142117636	-0.00556203602993918	-0.0219843320678868	-0.0098835446546727
0.0526581394860911	0.0536588717888441	-0.0315640829877952	-0.0312679894289958	0.0167727937427513	0.0014136360780759	0.0209772686335169	0.00508962632294015	0.00355893415915181	0.0292644684629999	-0.0391812445737415	-0.0320112296356237	-0.0119758635134534	-0.00557365334911982	-0.0219399359154625	-0.00987973927017919
0.0527044970040914	0.053695148670095	-0.0315468944963091	-0.0313027463916238	0.0167953690046512	0.00143925117722168	0.0209872151597995	0.00510770888420449	0.00354199153685469	0.0292510350645822	-0.0391967566843935	-0.0320264958770866	-0.011998327016631	-0.00559475339588563	-0.0219450768166872	-0.00991116582288335
0.0526973681945942	0.0536900985728322	-0.0315582254337639	-0.0313224145297604	0.0167768631572262	0.00142172880655275	0.0209740513792993	0.00509242168798109	0.00355464402120042	0.0292705048309868	-0.0391840594965588	-0.0320154750700861	-0.0119855851253075	-0.00558134095222842	-0.0219341230649201	-0.00989645697804773
0.0526926785192106	0.0536905497986734	-0.0315695535772507	-0.0313054453647668	0.0167700053626305	0.00142334232310561	0.0209741673289737	0.0050948175155899	0.00354671334287087	0.0292907597024154	-0.0391957229162124	-0.0320110452337319	-0.0119855362308665	-0.00557630761877389	-0.021941137321727	-0.00989828563014098
0.052679492386966	0.0536888077595899	-0.0315914568898328	-0.0312536773276242	0.0167632788845335	0.00143054098180425	0.0209723135311679	0.00510087623532131	0.00352662052158958	0.0293082178118191	-0.0392100266356798	-0.0320038242232888	-0.0119921509502412	-0.00556830429727486	-0.0219532058667488	-0.00989750192210101
0.0526464145991402	0.0536781934749417	-0.0316189914450337	-0.0311748175792179	0.0167368842682998	0.00141205888310777	0.0209538984877048	0.00508478577328155	0.00351133472235021	0.029354265199365	-0.0392155894260811	-0.031977960460986	-0.0120028099383783	-0.00555457753221125	-0.0219446647063988	-0.0098884243198841
0.0526229410765101	0.0536720872577533	-0.0316416156013746	-0.0310992952256555	0.0167243631004528	0.00141795555269188	0.0209501392036842	0.00508992248355418	0.00350200985396026	0.0293641628312067	-0.0392313963003631	-0.0319778975967047	-0.012000534251396	-0.00554843499343812	-0.0219594434004359	-0.00988496399044561
0.0526030759636254	0.0536815923370829	-0.0316804126418129	-0.0309579595575284	0.016709840054493	0.00142544897502053	0.0209403994310378	0.00509321377792523	0.00344642665343602	0.0294080225417641	-0.0392602468145188	-0.0319563449271136	-0.0120458132977263	-0.00554550132697837	-0.0219664115567698	-0.00989532961193676
0.0525588334794442	0.0536596568938681	-0.0317099923816314	-0.0308762723134485	0.0166922632014469	0.00141665635754542	0.0209280528861943	0.00508705866629585	0.00345055334425608	0.0294434863783105	-0.0392761249349862	-0.0319474126112357	-0.012025034557287	-0.00551993931322567	-0.0220037473519143	-0.00987803774363253
0.0525542178442142	0.0536628867209419	-0.0317067178510687	-0.0308247627183512	0.0167047019472363	0.0014288939376347	0.0209365577249596	0.00509533998761654	0.00342977739778488	0.0294397201093698	-0.0392948445209675	-0.0319498377755091	-0.0120402672711333	-0.00552701364034577	-0.0220212822954395	-0.00988736959694262
0.0525607305837548	0.0536728863326176	-0.0317053460127528	-0.0307902208912636	0.0167202894950258	0.00144329684296809	0.0209443892174231	0.00510609955860371	0.00342169444819623	0.0294147615927174	-0.0392972054239756	-0.0319629498676002	-0.0120576485464154	-0.00554441726737228	-0.022029700521195	-0.00989665954073185
0.0525434429064027	0.0536476190824949	-0.0317033217828955	-0.0308162704524422	0.0167096626375213	0.00142115883706913	0.0209335388424741	0.00508655435506157	0.00345404999527931	0.0294154894213962	-0.0392752881415532	-0.0319524990300833	-0.0120280199121559	-0.00552475751113981	-0.0220266704628373	-0.00988468878459201
0.0525546732610075	0.0536481205997611	-0.0316698737943022	-0.0308738834707598	0.0167305265939863	0.00142847763639422	0.0209456856186015	0.00509378374740884	0.00347587507675589	0.029385436103992	-0.039274540755098	-0.0319763162107845	-0.01200534546439	-0.00553017920615425	-0.0220440503411353	-0.00988838939528339
0.0525854166885217	0.0536585462915655	-0.0316496580384264	-0.030940705407793	0.0167532233934967	0.00143257778451774	0.0209634873860761	0.00510134841592293	0.00347753888473378	0.0293514488795637	-0.0392555543451672	-0.0319857612198009	-0.0120231947293216	-0.00555967372994706	-0.0220055508582951	-0.00990348939564698
0.0525775907839943	0.0536437242910235	-0.0316467551056153	-0.0309940841675203	0.0167402342360001	0.00140691518791499	0.0209650715659644	0.00508489473803577	0.00350154186431072	0.0293446735070257	-0.0392283550661331	-0.0319786561590321	-0.0120060537352924	-0.00554890298308766	-0.0219786868554278	-0.00988315210216071
0.0526458027201358	0.0536770451540703	-0.0315841758090765	-0.0311218299750185	0.0167923082126448	0.00143885024280551	0.0209828132631258	0.00510902903411138	0.00351570728235927	0.0292840723398712	-0.039232763947727	-0.0320183807968653	-0.0120004266836258	-0.00558127389699506	-0.0219955680104277	-0.00991120912938823
0.0526458697753691	0.0536577332468609	-0.031569177788547	-0.0312340133804397	0.0167779360409601	0.00140780366975709	0.0209723526467207	0.00508059761516423	0.00356789860566242	0.0292731423368326	-0.0391838136273698	-0.032012770509007	-0.0119652673895976	-0.00556652174565455	-0.0219614592483889	-0.00989031024832252
0.0526780395235764	0.0536760225617614	-0.0315494579620013	-0.0312984478717682	0.016789519832524	0.00142108619389966	0.0209790190545045	0.00509347780790661	0.00357020642327743	0.0292557806193269	-0.0391830033766333	-0.0320263100782108	-0.0119674075691292	-0.00558198356488151	-0.0219547481371162	-0.00990179345703643
0.0526857983728705	0.0536803392424094	-0.0315452306883312	-0.0313373371131524	0.016788829722414	0.00141614925234309	0.0209827992932855	0.00508903260472806	0.00357266790913557	0.0292644335383992	-0.0391816371262535	-0.0320216357696516	-0.0119656166356047	-0.00557762218074467	-0.0219506773256573	-0.00990029309618987
0.0526888018885317	0.0536894000808179	-0.0315587004083336	-0.031322442469441	0.0167759411477674	0.00140775337833206	0.020981399515289	0.00507726161730428	0.00356058399728942	0.0292796187547885	-0.0391746773518237	-0.032007858713163	-0.0119853224923101	-0.00558425226694373	-0.0219224386905061	-0.00990506798759913
0.0526796753918738	0.0536881190464639	-0.0315822437801652	-0.0312883853958112	0.0167616066946514	0.00140423716953244	0.0209699931406967	0.00507598058295018	0.0035539608960105	0.0293063444562369	-0.0391840273659262	-0.0320004002154351	-0.0119865364714308	-0.00557245753079147	-0.0219256196231389	-0.00990024699571693
0.0526557869649872	0.0536836542855089	-0.0316085238437085	-0.0312039125655785	0.0167406686980329	0.00140173936208956	0.0209581076005826	0.00507095702838385	0.00353601803314901	0.0293318310328521	-0.0391973657694299	-0.0319856424761584	-0.0119939516626539	-0.00555696218394782	-0.0219422437330775	-0.00989016077103147
0.0526579746419757	0.0536954532126133	-0.0316235023064616	-0.031152931030444	0.0167455609361006	0.00141277832988242	0.0209567860536916	0.00508505818516709	0.00350959547723478	0.0293564151577848	-0.0392233189387106	-0.0319802137962239	-0.0120127075702199	-0.00556387166695257	-0.0219554564080186	-0.00990762027741912
0.0526387353779358	0.0536964199255609	-0.0316500952944273	-0.0310652619007542	0.0167374528407994	0.00142952537441556	0.0209554952404493	0.00509896655815441	0.00349122793122863	0.0293673507487596	-0.0392425582027505	-0.0319837844874006	-0.0120187369532868	-0.00555944043361431	-0.0219875255733759	-0.0099077711516942
0.0525852588293265	0.0536744146331447	-0.0316905631277636	-0.0309515921043267	0.0167089655424911	0.00141429266056927	0.0209445093580496	0.00508632664666494	0.00346289709513153	0.0294251635357932	-0.0392600037392978	-0.0319544925262919	-0.0120274653094966	-0.00553399297255194	-0.0219921859120948	-0.00989153260934742
0.0525854236734419	0.0536907621402457	-0.0317000095337641	-0.0308581981340883	0.016725894194948	0.00143658573169538	0.0209463282312546	0.00510958084280263	0.00341947603755904	0.0294285023276213	-0.0392925171455761	-0.031957591036867	-0.012062683276854	-0.00555021195712232	-0.0220119364722891	-0.00990940562300749
0.0525459421108296	0.0536638422580173	-0.0317150829914311	-0.0308192250736624	0.0167025058883436	0.00141219159659047	0.0209344287213002	0.00508509730071989	0.00344126060649879	0.0294401392045783	-0.0392770804720617	-0.0319402544650739	-0.0120422174608371	-0.00552976849284989	-0.0220126377582714	-0.0098891409726907
0.052553765221389	0.0536691396214532	-0.0317024542558139	-0.0308133018613818	0.0167199178972742	0.0014302294543659	0.0209406872097477	0.00510036354218287	0.00343931600473118	0.029418770936879	-0.0392919443821245	-0.0319583593780827	-0.0120399599346471	-0.00553546818768599	-0.0220342295434153	-0.00989647234487204
0.0525517940769248	0.0536614464304085	-0.0316905673187157	-0.0308449114189936	0.0167267756918699	0.00143221456867034	0.0209419347164851	0.00509899589481901	0.00345730496806562	0.0293991642660396	-0.0392800350932819	-0.0319675501360059	-0.01202331207598	-0.00553151611986949	-0.0220439120397165	-0.00988782641071992
0.0525574728170005	0.0536525518330993	-0.0316768643023806	-0.0308867748393744	0.0167274923446765	0.00141565332301299	0.0209384492413341	0.00508900606203152	0.00347255025476816	0.0293871404245067	-0.0392548432802967	-0.0319597256284625	-0.0120208519871058	-0.00554130478695688	-0.0220112994475722	-0.00988865202828074
0.0525808750934452	0.0536595032256249	-0.0316445436798982	-0.0309560652471859	0.0167535768304559	0.00143116543366497	0.0209580070177325	0.0051097708326305	0.00349110220266607	0.0293341891418921	-0.0392508423180392	-0.0319911074776778	-0.0120046469723757	-0.00555677219411995	-0.022018407302309	-0.00989580458650644
0.0526081386337446	0.0536706735099165	-0.0316238068489798	-0.0310397781181071	0.0167707373822614	0.00143270211609627	0.020967210348512	0.00510321618356898	0.00350343477766928	0.0293229182747505	-0.0392409460831816	-0.0319983103273285	-0.0120072230109242	-0.00555899060475714	-0.0220080640325623	-0.00990191220067885
0.0526144236648886	0.0536520810494818	-0.0316023673350951	-0.0311580817105569	0.0167636337184767	0.00140221852761132	0.0209677062778421	0.00508252265915545	0.00355677023089173	0.0292955192270004	-0.0391912986677943	-0.0319958027409974	-0.0119734453341002	-0.00556178038186197	-0.0219634457596774	-0.00988865342526477
0.0526636240453868	0.0536780803192354	-0.0315608783064339	-0.031256760471375	0.0167972325813451	0.00142674258223088	0.02098655298937	0.00510250930965058	0.00356555865741475	0.0292518481092868	-0.0391959212879445	-0.0320309131405846	-0.0119692613669349	-0.00558495494991004	-0.0219663696472489	-0.00990708942348831
0.0526680301330125	0.0536741268544348	-0.0315622613206221	-0.0313101336431663	0.0167821926512948	0.00141514482082663	0.02097457524831	0.00508990571974584	0.00357939718120064	0.0292605233801035	-0.0391758913309445	-0.0320211873377785	-0.0119610778344962	-0.0055744915395369	-0.0219429198733473	-0.00989593310903706
0.0526884638183968	0.0536902019496503	-0.0315562445104116	-0.0313251051209992	0.0167826215253915	0.00141713831703523	0.0209723889683055	0.00508919465487536	0.00356701850572449	0.0292691106409264	-0.0391784575906047	-0.0320148128996566	-0.0119778821553745	-0.00558163990681051	-0.0219349361096246	-0.00990706008682371
0.0526814984560309	0.0536871257908196	-0.0315700495065808	-0.0313080423580757	0.0167642567733534	0.00141050823083618	0.0209606179808817	0.00508234105123175	0.00356494817539432	0.029291180194608	-0.0391769516418221	-0.0320020640234129	-0.0119799971891936	-0.00557369665562471	-0.021930926765463	-0.00990074851298315
0.0526758420676997	0.0536966015334846	-0.0315940566771098	-0.031243357806606	0.0167631824926355	0.00143735127894298	0.0209658692438447	0.00510381968066927	0.00353296143209474	0.0293124129548565	-0.0392111959113116	-0.0320074745425552	-0.0119927614322616	-0.00556790895079481	-0.0219677414855649	-0.00990354387802409
0.0526455778057072	0.0536847551089233	-0.0316173918983211	-0.0311767049046403	0.0167433788470481	0.00142362730784742	0.0209586272786411	0.00509288967763062	0.00351483416734149	0.0293542107169879	-0.03922152241725	-0.0319830440858655	-0.0120057924992791	-0.00555304504073203	-0.0219655733663527	-0.00989482669768652
0.0526375423535755	0.0536943998866558	-0.0316431969872948	-0.0310781672392091	0.0167320353367371	0.0014369154199261	0.0209538998846888	0.00510070161231775	0.00348391052888757	0.0293594522010627	-0.0392372468694743	-0.0319773332151572	-0.0120320669748863	-0.00556327096382033	-0.0219650704521025	-0.00990250452190692
0.0525808499477327	0.0536713692079627	-0.031692938000612	-0.0309576326632658	0.0166982981724498	0.00141784100000155	0.0209379770607325	0.00508831036398534	0.00346255623102858	0.0294238168431898	-0.0392551813504316	-0.0319469208728577	-0.0120343775864694	-0.00553004230171946	-0.0219818649940926	-0.00988206105763448
0.0525828001374364	0.0536897702815855	-0.0316989897354233	-0.0308744785859559	0.0167159616385057	0.00145101657670934	0.0209435929365269	0.00511156176615498	0.00342673197260284	0.0294265046404606	-0.0392995886787282	-0.0319572864943488	-0.0120559861354215	-0.00553631755397529	-0.0220290886421905	-0.00989620412393858
0.0525431788764213	0.05366309068061	-0.0317161921967497	-0.0308402273315462	0.0167002120405688	0.00142983550486988	0.0209338336061041	0.00509505220890668	0.00344381708727087	0.0294436344586175	-0.0392894549565858	-0.0319394861238582	-0.0120370681777082	-0.00551693020962837	-0.0220343105684889	-0.00987898489880382
0.0525305683015964	0.0536570291669105	-0.0317167775330576	-0.0308132753186852	0.0167003643118279	0.00142824434006147	0.0209363551622755	0.00509538329412142	0.00343858258811624	0.0294374835379402	-0.0392854358335359	-0.0319386185967766	-0.0120405815925397	-0.00552044362445994	-0.0220257316895702	-0.00988314651422459
0.0525456836687843	0.0536653049002951	-0.0317013268897029	-0.0308203999372303	0.0167199947313958	0.00144067749791473	0.0209466649044055	0.00510582714671816	0.00343393901320565	0.0294105105703188	-0.0392902582224021	-0.0319533428084365	-0.0120478626732961	-0.00553612896113145	-0.0220268883923457	-0.00989239454849298
0.0525531184177838	0.0536591721404102	-0.0316791399893629	-0.0308685986801802	0.0167252613611831	0.00143000733390538	0.0209496963597472	0.00509475465130861	0.00345851755020232	0.029389022161993	-0.0392745533279542	-0.031960928431711	-0.0120286485549687	-0.00553463977615712	-0.022026360332383	-0.00988668088381659
0.0525743176504156	0.0536624676257333	-0.0316638416172673	-0.0309426849341613	0.0167354858872874	0.00142702197903657	0.0209551376125381	0.00509438445054107	0.00348595291953718	0.0293552361032648	-0.0392530635226445	-0.031974329699496	-0.0120159653369743	-0.00554551529681865	-0.0220060998730183	-0.00988850394797372
0.0525889734098582	0.0536618571437129	-0.031649096450847	-0.0310070649431127	0.0167390328297356	0.00142203055510289	0.0209608079707096	0.00509303636095361	0.00350389438541465	0.0293400969873484	-0.0392372901759792	-0.0319806398763525	-0.0120052881880448	-0.00554798097362888	-0.0219959368142112	-0.00988643222065952
0.0526551359704299	0.0536865125148311	-0.0315861078379879	-0.0311376871407255	0.0167961652855474	0.00145133508906783	0.0209844575133273	0.00511688706927145	0.00351929613432838	0.0292715902875769	-0.0392355676946721	-0.0320217433374218	-0.0119998106136692	-0.00558269183578394	-0.0220058148882764	-0.00991195651584345
0.0526467806089557	0.0536603651647705	-0.031575508920164	-0.0312541131866411	0.0167765893483566	0.00141678348309201	0.0209747386954413	0.00508892922790995	0.00357316802941776	0.0292644866237922	-0.0391809134885268	-0.0320130890213655	-0.0119603555937535	-0.00556701907196868	-0.0219654210950936	-0.00988542080422292
0.0526818728477505	0.0536837450894708	-0.0315614496729016	-0.0312842209864224	0.0167852394734608	0.00142554536691849	0.0209763033175532	0.0050944054053015	0.00355794649144369	0.0292474545945173	-0.0391769795815026	-0.0320182299225902	-0.011985367195799	-0.00558901318851271	-0.0219360509028793	-0.00990120113580837
0.0526560216583039	0.0536583632866577	-0.0315643009173037	-0.0313345920395365	0.0167628081009159	0.00139897892164933	0.0209670818259814	0.0050752597391915	0.00359228854981524	0.0292760746063083	-0.0391611671192845	-0.0320038479720173	-0.0119438725792018	-0.00555746509819807	-0.0219402879554377	-0.00988134300784385
0.0527053798979974	0.0537030276600155	-0.0315559357769413	-0.0313016176285288	0.0167839360873623	0.00143490376292512	0.0209798949634904	0.00510177449605161	0.00353894052373654	0.0292630938307159	-0.0391894811915733	-0.0320152641254978	-0.012005691916429	-0.00559968195553803	-0.0219265136929171	-0.0099167649348694
0.052679637673305	0.0536918811244525	-0.0315851201702798	-0.0312776048700636	0.0167568304062582	0.00141973391336011	0.0209672955645377	0.00509205847213369	0.00355110685764037	0.029293633298562	-0.0391911952909762	-0.0320003261752815	-0.0119896810824789	-0.00557300933948271	-0.0219365649930018	-0.00989867538868492
0.052660737876384	0.0536909521300736	-0.0316039305602229	-0.0312047060525067	0.016743026807073	0.00142086127947107	0.0209618962212677	0.00509264939637773	0.00352726732519475	0.0293215157027859	-0.0392054012215616	-0.0319901910561551	-0.0119998860508068	-0.00556365653141219	-0.0219536319468775	-0.00989750331908504
0.0526409579795251	0.0536848515008213	-0.0316311982914744	-0.0311367106488896	0.0167261079335043	0.00140923976933834	0.0209497382692681	0.00508241369440122	0.00350918616091444	0.0293559164344867	-0.0392141170049151	-0.0319675249902934	-0.0120137874388739	-0.00555706136981384	-0.0219438628375665	-0.00989414916043272
0.0526364177814326	0.0537020819018283	-0.0316472272862169	-0.0310432384475456	0.0167322742210059	0.00144477624905422	0.0209543399346578	0.00510961297343528	0.00348153425905517	0.0293591322917202	-0.0392555375813589	-0.0319850739036589	-0.0120238485178469	-0.00556039457370574	-0.0219976886321829	-0.00990716066967376
0.0525877524458173	0.0536838819939055	-0.031693232764242	-0.0309239751270682	0.0166984951471979	0.00142673280334268	0.0209359835645239	0.00509206126610175	0.00345162203703785	0.0294218456987257	-0.0392636792042767	-0.0319461427527538	-0.0120444847659152	-0.00553778019625309	-0.0219951461212511	-0.00989393402489233
0.0525781537685578	0.0536889013575198	-0.0317080617497041	-0.0308407917130937	0.0167015252055556	0.001433964989658	0.0209330233553676	0.00509585128377095	0.00342481251654774	0.0294388679491124	-0.0392858395619201	-0.0319416151275176	-0.0120621524229231	-0.00553957811469771	-0.0220166135748164	-0.00990044816141703
0.0525447742321818	0.0536654683474265	-0.0317146191927337	-0.0308155649755079	0.0166932466782029	0.00141851155233521	0.020929952784473	0.00508703631455139	0.00344635121629849	0.0294393289538418	-0.0392784942198985	-0.0319393436314873	-0.0120374844789486	-0.00552277798477149	-0.0220299212446715	-0.00988646435129218
0.0525832848908943	0.0536943007007898	-0.0317014330604891	-0.0307978637908833	0.0167306621014371	0.00145568110638036	0.0209461787539636	0.00511767915921559	0.00341304572007605	0.0294027377511844	-0.0393038201433504	-0.0319616073659488	-0.0120716393414604	-0.00555375889957057	-0.0220412996795833	-0.00991214790265535
0.0525356393536197	0.0536446211547698	-0.0317045539228086	-0.0308421118630006	0.0167050777359399	0.00141702097037685	0.0209321278886053	0.00508650685760461	0.0034712803962863	0.0294125585489045	-0.0392654561679609	-0.0319550052194304	-0.012012711761172	-0.00551094692703449	-0.0220461639779704	-0.00986788306672967
0.052554649512279	0.0536450570137867	-0.0316722668279429	-0.0308957001703322	0.0167202657462973	0.00141669687008224	0.0209371905587245	0.00508580277765426	0.00348295918276419	0.0293878486954091	-0.0392512963378485	-0.031956804534859	-0.0120163662713905	-0.00553424862062915	-0.0220192636535184	-0.00988452394047665
0.052582140760975	0.0536577067041644	-0.0316504529223386	-0.0309545090069782	0.0167403138640897	0.00142843013893725	0.020946398080456	0.00509205986911772	0.00349087030331734	0.0293475694549166	-0.039242044112628	-0.0319739273680958	-0.0120192957468981	-0.00555231022713306	-0.0220038870503172	-0.00988906274158511
0.0526081358397765	0.0536624005705	-0.0316136172474762	-0.0310485651476461	0.0167680300272143	0.00143269932212822	0.0209552046677714	0.00509921242734342	0.00350622595175814	0.0293269611465289	-0.0392367243974476	-0.0319918758188934	-0.0120044094850909	-0.00555586415450146	-0.0220150182190559	-0.00989279548290914
0.0526332131000713	0.0536590240601032	-0.031584494321435	-0.0311673437146656	0.0167732812901773	0.00142344430293969	0.0209615064627238	0.00509804873964772	0.00354572008722664	0.0292804681210778	-0.0391990184015356	-0.032003835399161	-0.0119816568062194	-0.00556943306036986	-0.0219803967638787	-0.00988852769670221
0.0526597166810592	0.0536644499460697	-0.0315656573887953	-0.0312572703705454	0.0167743932894639	0.00141928129053489	0.0209631325521329	0.00509779728252259	0.00356748509838999	0.0292582448991531	-0.0391768734107165	-0.0320115746906787	-0.0119717158678729	-0.00557911695365512	-0.0219558601364029	-0.00988643222065952
0.0526634242766707	0.0536619884602116	-0.0315617486274837	-0.0313022448743576	0.0167652933355025	0.00141074013018491	0.02095778769124	0.00509044076462874	0.0035793510807277	0.0292594267476412	-0.0391612299835658	-0.0320070624322668	-0.011959693423324	-0.0055708048986858	-0.0219441282645319	-0.00988153998259187
0.0527116160347004	0.0537038770263048	-0.0315398872244224	-0.031320281335149	0.0167982188520692	0.00144686194620871	0.0209737705855096	0.00511558787412499	0.00354989287851964	0.0292431560746617	-0.0391918281247411	-0.0320301727390495	-0.0119895986604212	-0.00559858672005972	-0.0219619188561343	-0.00991070761212201
0.0526762318262436	0.0536814344778877	-0.0315730586101781	-0.0313089280459497	0.0167557714923646	0.00141085188890718	0.0209544796330607	0.00508295293023621	0.00356169320260801	0.0292924849776906	-0.0391675108237577	-0.0319952160077055	-0.0119825816096463	-0.00556926262831839	-0.0219307172178587	-0.0098886254855842
0.0526702150160331	0.0536848054003484	-0.0315932911298622	-0.0312598701578224	0.0167516769321772	0.00141840258758099	0.0209570905962098	0.00509463870163425	0.00354119246199041	0.0293101833683471	-0.0391886597649646	-0.0319927168032785	-0.0119918841262918	-0.00556987031637076	-0.0219384774641368	-0.00989343530159418
0.0526445789621268	0.0536806940763526	-0.0316166696575784	-0.0311794024807993	0.0167289913085391	0.00140796571990439	0.0209478830744783	0.00508715226422575	0.00352047379186437	0.029345277004126	-0.0392034999262988	-0.0319756833770196	-0.0120043550027138	-0.00555601083782445	-0.0219432369887217	-0.00988415793066119
0.0526622061065979	0.0537061219796386	-0.0316160298388934	-0.0311224809695758	0.0167525863687797	0.00144394364657326	0.0209586035299127	0.00511425654834587	0.0034907599415791	0.0293382054709739	-0.0392406345557433	-0.0319901086340974	-0.0120269162947734	-0.00557521936821572	-0.0219852666502019	-0.00991002728090016
0.0526079025434437	0.053688765850069	-0.031675116675361	-0.0309907733153729	0.0167030213754501	0.00142091017391207	0.020930540914749	0.0050907089855622	0.00346839702125156	0.0294005109586431	-0.0392378741153031	-0.0319513395333397	-0.0120463511365773	-0.00554653090420734	-0.0219726043869679	-0.00989016775595162
0.0525746012381734	0.0536792244491547	-0.0317025171200951	-0.0308881760143549	0.0166856568639763	0.00141621910154451	0.020921804176635	0.0050860402649391	0.00345101015803339	0.0294377070553848	-0.0392613183012686	-0.0319352658351083	-0.0120476670955321	-0.00553036779899809	-0.0219992672241351	-0.00988768391834902
0.0525537931610695	0.0536741743518918	-0.0317148091825615	-0.0308240251107842	0.0166843395080375	0.00141653342295091	0.0209205985794185	0.00508501348167819	0.00344332255492479	0.0294462691704952	-0.0392752867445691	-0.0319327386910008	-0.012047956271226	-0.0055239961548443	-0.0220181754029602	-0.00988705667252024
0.052548565646835	0.0536721654888589	-0.0317154322374382	-0.0307914558251447	0.016689863182886	0.00141886079834232	0.0209234623966768	0.00508651384252475	0.00343563634880022	0.0294331067869791	-0.039273562866278	-0.0319343452226335	-0.0120536308203496	-0.00553130238131313	-0.0220175691118919	-0.00989087602685404
0.0525544357737226	0.0536713300924099	-0.0316960840086441	-0.0308107537625139	0.0167121618419483	0.00143429747185677	0.0209369768201681	0.00509960358287139	0.00344210997278809	0.0294108137158529	-0.0392848141756432	-0.0319541572501251	-0.012042999771893	-0.00553283068184026	-0.0220461877266988	-0.00989390189425968
0.052540609822793	0.0536523185367666	-0.0316912015494646	-0.0308391083473394	0.0167066283882115	0.0014095862213774	0.02093314209901	0.00508419065808543	0.00346377859205348	0.0294023298318481	-0.0392567082539747	-0.0319433068751761	-0.012029154263187	-0.00552998223140624	-0.0220226415608992	-0.0098804810686983
0.0525955154860634	0.0536846712898816	-0.0316529479358134	-0.0309096183222077	0.0167500452548319	0.00144057551808065	0.0209516591223072	0.00510606044305091	0.00346014503659547	0.0293536798630571	-0.0392649239170461	-0.031975461256559	-0.0120419743856161	-0.00556381299362338	-0.022023615258767	-0.00990999794423556
0.0525968845304113	0.0536706399822998	-0.0316419676413497	-0.0309837758223743	0.0167497826218346	0.00143213214661266	0.0209549280649338	0.00510394261526377	0.0034909960318799	0.0293344629507617	-0.0392377609595967	-0.0319819600262594	-0.0120196170532247	-0.00555710188235067	-0.0220188711010064	-0.00989271445783549
0.0526196833097557	0.0536695000433326	-0.0316077471205887	-0.0310961156900067	0.0167678428313545	0.00142958404774476	0.0209619018092038	0.00510530607167555	0.00351486769495818	0.0293128935173623	-0.0392275685641251	-0.0319932029537204	-0.0119988746343702	-0.0055553360945387	-0.0220172617754056	-0.00988547249263197
0.0526275427418998	0.0536556559316106	-0.0315852696475708	-0.0312017137127177	0.0167593631383017	0.00140058545328205	0.020961468744155	0.00508162719239321	0.00355540537749593	0.0292882535130684	-0.0391740892215477	-0.0319838683064423	-0.011981292193388	-0.00556448633992509	-0.0219554675838909	-0.00988371508672417
0.0526742341390829	0.0536825660349507	-0.0315559455558295	-0.0312643223459211	0.0167786960002716	0.00141895719024029	0.0209697598443639	0.00509418747579306	0.00355759445146852	0.0292530704703117	-0.0391784492087006	-0.0320043662530918	-0.0119901225294319	-0.00558987931861035	-0.0219413873818681	-0.00990459301302946
0.0526820251190096	0.0536859984247087	-0.0315583246196299	-0.031305504038096	0.0167689185090564	0.00141168309440411	0.0209649444404178	0.0050899085137139	0.00357030281517539	0.0292640130462066	-0.0391715075950632	-0.0320010232703117	-0.0119803422442487	-0.00558150719332781	-0.0219414865677341	-0.00989809843428116
0.0526916223992851	0.0536946122282281	-0.0315552540487354	-0.0313159339208524	0.0167662670333704	0.00141256319434204	0.020963969345566	0.00508651943046086	0.00356382919118752	0.0292731856433374	-0.0391726168003818	-0.03199681276045	-0.0119879781589482	-0.00558554447717005	-0.0219382371828839	-0.00990019111635579
0.0526932037852053	0.0537001722246614	-0.0315686036281113	-0.0312911067206987	0.0167613440616541	0.00141591036807422	0.0209568782546375	0.00508955367977067	0.00355059137053387	0.0292903014916541	-0.0391820995279669	-0.0319914539297168	-0.0119969467964109	-0.00558134793714856	-0.0219410590906214	-0.00990533760551663
0.0526980890383529	0.053719250835538	-0.031590629875288	-0.0312312361761911	0.0167571768582972	0.0014303174643597	0.0209572708071495	0.00509765758411975	0.00351895387324141	0.0293054238437621	-0.0392004824407974	-0.0319870380632029	-0.0120248515523793	-0.00558544808527208	-0.0219498978085694	-0.00991455630312041
0.0526354845961016	0.0536810768499764	-0.0316207572328457	-0.031176248090863	0.0167179970442351	0.0013957868131443	0.0209380287491415	0.00507036889810787	0.00353471464705046	0.0293629376762137	-0.0391979762514503	-0.0319575086148094	-0.0119924163772066	-0.00554290992160558	-0.0219661223810759	-0.00988245640411453
0.0526415153761524	0.0537070453860814	-0.0316358264995606	-0.0310731213328983	0.0167219491120516	0.00141882727072564	0.020940997340202	0.00508826845446449	0.0034872353508753	0.029360743014305	-0.0392216062362917	-0.0319588762621732	-0.0120356488419353	-0.00556817158379216	-0.0219662383307503	-0.00990709221745637
0.0526309094734084	0.0537219204720164	-0.0316644702600801	-0.0309565234579472	0.0167248436629586	0.0014406761009307	0.0209347723793712	0.00510303178167722	0.00343961495931327	0.0293987298040068	-0.0392678855231864	-0.0319577922025671	-0.0120641137884991	-0.00556091844271641	-0.0220069296815312	-0.00991586527715508
0.0525614556184656	0.0536809650912541	-0.0317101865624114	-0.0308666093749236	0.016681563700773	0.00140863906620611	0.0209116983941732	0.00507398988070963	0.00344854867217525	0.0294484330987553	-0.0392612093365144	-0.031925925599894	-0.0120425513400199	-0.00551926177597186	-0.0220137986519991	-0.00987575088077794
0.0525664065298625	0.0536900510753752	-0.0317026875521466	-0.0308128422536364	0.0167030325513223	0.00142773863184317	0.020924941802763	0.00509570460044797	0.00342323532157961	0.0294366649052995	-0.0392834157946307	-0.0319313458979244	-0.0120642437080137	-0.00554041770209881	-0.0220291207728232	-0.0099037017372193
0.0525685802370107	0.0536902578290114	-0.0317014079147765	-0.0308009008341611	0.0167180361597879	0.00144001532748524	0.0209334410535921	0.00511088702286923	0.00342029047924763	0.0294132458650465	-0.0392900933782868	-0.0319461148130733	-0.0120653557073004	-0.00554789994855523	-0.0220407380920038	-0.0099022432858936
0.0525411211189474	0.0536595130045131	-0.0317089739802747	-0.0308142112979843	0.0166996071464845	0.00140949402043152	0.0209244891799377	0.00508944052406437	0.00344837544615572	0.0294152463461752	-0.0392605331962446	-0.0319304574160823	-0.0120429480834839	-0.00553396363588734	-0.0220146647820967	-0.00988153439465575
0.0525726468575176	0.0536761077777872	-0.031665691224121	-0.0308669963394995	0.0167379278153691	0.00143744347988885	0.0209428944445127	0.00510882926539532	0.00345766119899287	0.0293748888745771	-0.0392756779000971	-0.0319660986696003	-0.0120341764207693	-0.00555152232814101	-0.0220486296547806	-0.0098996071770319
0.0525821603187514	0.0536703773493025	-0.0316558648384648	-0.0309425536176626	0.0167425462445672	0.00142505223155644	0.0209452329957763	0.00509695210718538	0.00347759057314283	0.0293540263150962	-0.0392406834501843	-0.0319657717753377	-0.012027635741548	-0.0055560234106807	-0.022010505960644	-0.009894899340856
0.0525871321849087	0.0536628769420537	-0.0316420640332477	-0.0309991384557353	0.0167397620553985	0.00141258973703858	0.0209431193589412	0.00508676949060196	0.00349894626798585	0.0293431507944346	-0.0392206688600086	-0.0319678407086838	-0.0120124267764302	-0.00555100684103451	-0.0219946934984259	-0.00988650765779706
0.0526097926628342	0.0536557425446203	-0.0316040032033924	-0.0311234630493478	0.0167537947599643	0.00140330957213754	0.0209494183599256	0.00507704229081181	0.00354080689439856	0.0293100436699442	-0.0391963990564822	-0.0319786631439523	-0.0119805126763001	-0.00555646485763369	-0.0219791632269816	-0.0098812815405466
0.0526619532524888	0.0536796505292833	-0.0315578999364853	-0.0312318550401157	0.0167885209889437	0.00142737401901174	0.020967358428819	0.00509330597887111	0.00355519303592361	0.0292580227786926	-0.0391910653714616	-0.0320118638663726	-0.0119746201976681	-0.00558235655961711	-0.021981295024609	-0.00990042301570452
0.0526454730319051	0.0536589458289976	-0.0315691945523554	-0.0312769901970911	0.0167536676344177	0.00138769268768342	0.0209474136878447	0.00506281121451392	0.00357966121118202	0.029276500686437	-0.0391447595418703	-0.0319837523567679	-0.011967496976107	-0.00556772315191903	-0.0219197229535547	-0.00988252625331596
0.0526886677780649	0.0536960609006656	-0.0315431882976816	-0.0312993978209076	0.0167840771827492	0.00142471835237364	0.0209681225790826	0.00509507595763516	0.00355928759611101	0.0292569540859108	-0.0391825228141275	-0.0320106526812199	-0.0119840484428762	-0.0055913154181916	-0.0219500207431639	-0.00991181821442464
0.0526902994554102	0.0537004418425789	-0.0315546994460761	-0.0313129653297919	0.0167735048076218	0.00142217025350574	0.0209627805121577	0.00509353368726774	0.00355564426176479	0.0292752825163642	-0.0391749008692683	-0.032002851922405	-0.0119879823499003	-0.00558463224659947	-0.0219436057925052	-0.00991201938012473
0.0526959181251726	0.0537151353205902	-0.031571879555658	-0.0312806139736609	0.0167704062970467	0.00143301923147073	0.02096348179814	0.0051029521535876	0.00353298797479128	0.0292908030089203	-0.0391912316125609	-0.0320014800840891	-0.0120080011310281	-0.00558551793447351	-0.021952627515361	-0.00991335210288788
0.0526589385609554	0.0536982499746382	-0.0316080991605638	-0.0312113780482266	0.0167414286573444	0.00141836905996431	0.0209503068417677	0.00508959838325958	0.003525020974877	0.0293290147130507	-0.0391951752984733	-0.0319799651330668	-0.0120067815639712	-0.0055617231055168	-0.0219521008523823	-0.00989570400365639
0.0526551722920146	0.05370648659247	-0.0316196661883195	-0.031148267897757	0.016747497155964	0.00143241713135447	0.0209503850728732	0.0051015677424154	0.00349691365622445	0.0293454097176087	-0.0392253613293602	-0.0319794398670721	-0.0120251211702968	-0.0055649529325906	-0.0219680264703067	-0.00990501350522202
0.0526139892028557	0.0536917232652573	-0.031661519829812	-0.0310385320083537	0.0167078563371725	0.00142406875480041	0.0209318443008476	0.00509031363908215	0.00348668773313614	0.0293762663008292	-0.0392241208075429	-0.0319584627549008	-0.0120326201805616	-0.00554752974778768	-0.0219680152944345	-0.0098919489105879
0.0525694826886931	0.0536767210537757	-0.0317005501665831	-0.0309236482328055	0.0166828852476639	0.00141389452012116	0.0209174679382107	0.00508282161373754	0.00346332596922826	0.029432856726838	-0.0392500306703187	-0.0319330977158961	-0.0120371170721492	-0.00552337170298358	-0.0219911088374089	-0.00988053136012332
0.0525696195931279	0.0536917442200177	-0.0317113432651869	-0.0308356689726614	0.0166956732394604	0.00143287394513177	0.0209208011421026	0.00509891766371342	0.00342664955054516	0.0294378886633085	-0.0392792192546093	-0.0319350618754401	-0.0120652551244503	-0.00553644467952188	-0.0220154917966416	-0.00989568304889596
0.0525497558772273	0.0536775801989532	-0.0317151360768242	-0.0308073423275164	0.0166931321255126	0.00142579542705958	0.0209202046299225	0.00509047568922945	0.00343805592513751	0.029436442784839	-0.0392754124731317	-0.0319364630504207	-0.0120517476858792	-0.00552378660724004	-0.0220324944892519	-0.00988905994761705
0.0525611678397558	0.05368331481839	-0.031710854320777	-0.0307978302632666	0.0167112049078888	0.00143691681691013	0.0209249781243477	0.00509871370404526	0.00342792080601106	0.0294162717324521	-0.0392808090224336	-0.0319444076985905	-0.0120652579184184	-0.0055390179241023	-0.0220277433465711	-0.00989456825564125
0.0525419495304763	0.0536584415177633	-0.0316988472430524	-0.0308336112151875	0.0167093092005621	0.0014244263827117	0.0209274857106788	0.00509145357804937	0.00346704054975993	0.0294041836296539	-0.0392666785289858	-0.0319531653914649	-0.0120220478054342	-0.00552430628529862	-0.0220476322081843	-0.00987800142204779
0.0525464226733354	0.0536504423872164	-0.0316729834807495	-0.0308890407474686	0.0167207560876913	0.00141953414464404	0.0209334564204164	0.00508884121791616	0.0034803873351678	0.0293873108565582	-0.039250046037143	-0.0319549283853088	-0.012016881758497	-0.00553380298272407	-0.0220240930273048	-0.00988537470374998
0.0526012934120051	0.0536830507884086	-0.0316443760418148	-0.030947627463654	0.0167543479656396	0.00144805217660095	0.0209519832226018	0.00511311241842656	0.00347160030562881	0.029329126471773	-0.0392487077264437	-0.0319786910836328	-0.0120420526167217	-0.00557209431494407	-0.0220086954693431	-0.00991032204453016
0.05258592239674	0.053652927621803	-0.0316379317544915	-0.0310335629361645	0.0167366300172067	0.00141296692272627	0.0209414178323946	0.00508719137977855	0.00351485791606997	0.0293419186545215	-0.0392150166626294	-0.0319703468980309	-0.0120018348435265	-0.00554262773083183	-0.0219951209755386	-0.00987739094002735
0.0526152590613376	0.0536552186756097	-0.0315905125286296	-0.0311571345553857	0.016758344736945	0.00141031824100831	0.0209545047787732	0.00508516854690534	0.00355858910409678	0.0292874586291562	-0.0391914914515902	-0.0319928215770807	-0.0119661949869925	-0.00555803925863376	-0.0219840680379055	-0.00988459937761419
0.0526459019060018	0.0536653426188639	-0.0315703973556039	-0.0312401950347656	0.0167678428313545	0.00140687467537817	0.0209564032800678	0.00507785812948443	0.00357041177992961	0.0292648372667834	-0.0391692305110968	-0.0319963321979442	-0.0119698173665783	-0.00557460329825918	-0.0219444397919702	-0.00989045693164551
0.0526900410133649	0.0536989317028441	-0.0315533485625206	-0.0312866698994243	0.0167841093133818	0.0014270974161741	0.0209593481223998	0.00509475046035653	0.0035609514040889	0.0292454527164045	-0.0391770815613367	-0.0320123416349103	-0.0119838822017768	-0.00559090330790321	-0.0219469264235409	-0.009909528557602
0.0526902785006498	0.0536980516029062	-0.0315505629763678	-0.031320429415456	0.0167792282511864	0.00141951179289958	0.020953908266593	0.0050867178021929	0.00357357175780198	0.0292633704335535	-0.0391707867513045	-0.032008349054557	-0.0119759333626548	-0.00558190393679189	-0.0219521651136476	-0.00990450779700372
0.0527011232876627	0.0537117797649538	-0.0315620699338102	-0.0313035049539512	0.0167710517036678	0.00142398633274273	0.0209491068324872	0.00508920303677953	0.00355307939908855	0.0292806972264585	-0.0391770410487999	-0.0320003652908343	-0.0119951963754232	-0.00558717475753126	-0.0219426167278131	-0.00991205849567753
0.0526660073001393	0.0536884654985029	-0.0316000245928794	-0.0312625579550931	0.0167378803179121	0.00139926390639113	0.020932207516695	0.0050668945988291	0.003559090621363	0.0293220465567167	-0.0391699569427916	-0.0319741927950612	-0.0119819655396897	-0.00556044346814674	-0.021932403377581	-0.00989031164530655
0.0526653157930453	0.0537051636485951	-0.0316069522366765	-0.0311817326501587	0.016742732043443	0.00141982890827404	0.0209405461143608	0.00508625260651143	0.00352071407311726	0.0293338049712843	-0.0392059865578695	-0.0319777900289345	-0.0120080933319739	-0.00556868986486672	-0.0219593134809212	-0.00990580000723005
0.0526464453327889	0.053698877220467	-0.0316284602027786	-0.0311192874640867	0.0167295836297671	0.00141396716329064	0.0209338126513437	0.00507779805917121	0.00350915263329776	0.0293557040929144	-0.0392113565644749	-0.0319628870033189	-0.0120159220304694	-0.00556156524632159	-0.0219637000107706	-0.00990216226081994
0.0526229396795261	0.0537044958902295	-0.0316630299695468	-0.0310072521389725	0.0167185502499104	0.00143107462970312	0.0209265343645554	0.00509043517669263	0.00347988022996547	0.0293855297019219	-0.0392431994184195	-0.0319626998074591	-0.0120305540411835	-0.00555277262884648	-0.0219970627833382	-0.00990286913473834
0.0525620661004861	0.053678111052884	-0.0317103807431913	-0.0308822262593778	0.0166827106246603	0.00140813196100378	0.0209081290999805	0.00506957122022763	0.00346049148863452	0.0294402816969492	-0.0392486630229548	-0.0319284667138418	-0.0120396162765761	-0.00552870957895632	-0.0219926245650798	-0.00987880608484818
0.0525739237009196	0.0536994234412221	-0.0317068156399507	-0.0308165903617847	0.0167086721758452	0.00143369118078842	0.02092076901147	0.00509255998939991	0.00342371169313332	0.029433497942507	-0.0392815983184097	-0.0319343787502502	-0.0120669189324282	-0.00555013372601673	-0.0220168426801971	-0.00991297072624811
0.0525657401684809	0.053693720952418	-0.031705700846696	-0.0308061101876033	0.0167099434313111	0.00143601296824371	0.0209180840081673	0.00509468061115511	0.00343660585571597	0.0294230792356228	-0.0392850209292794	-0.0319461832652907	-0.0120527283686672	-0.0055436768658372	-0.0220366267680081	-0.00990181999973297
0.0525683329708377	0.0536909046326166	-0.0316958213756467	-0.0308245503767789	0.0167228180361173	0.00144021509620131	0.0209250577524373	0.0051039342333596	0.00344373606219722	0.0294071424418262	-0.0392843503769458	-0.0319559956811065	-0.0120441452987963	-0.00554220165070315	-0.0220548434397392	-0.00990023302587665
0.0525546774519595	0.0536695377619014	-0.0316919978303609	-0.0308550144074874	0.0167158903923202	0.00141902703944171	0.020926757882	0.00508945169993659	0.0034669162181814	0.0294007959433849	-0.0392546435115806	-0.0319471429933182	-0.0120349126313523	-0.00553696994551658	-0.0220335855337781	-0.0098887875357315
0.0525815624095872	0.0536788542483871	-0.0316616707040871	-0.030914295424735	0.0167444070272931	0.00143064575560638	0.0209378178045532	0.00509648830848793	0.0034742210476662	0.0293650066095598	-0.0392532618943765	-0.0319661014635684	-0.0120322569647142	-0.0055602646541911	-0.0220185693524563	-0.00990258275301251
0.0525740829570988	0.0536616964905496	-0.0316551579645464	-0.030970456976647	0.016730065589257	0.00140866002096653	0.0209338699276888	0.00507662598957133	0.00350768999101996	0.0293472006511331	-0.0392193906196225	-0.0319663836543421	-0.0120026995766401	-0.00554878982738135	-0.0219927670574507	-0.00988424594065499
0.0525939843915682	0.0536588214974191	-0.0316186044804578	-0.031072417252948	0.0167493635266261	0.00140272283884559	0.0209390639143066	0.00507169463595088	0.00352931250981241	0.0293320992537855	-0.0392093686562024	-0.0319715832288961	-0.0119832004735709	-0.00555054723328915	-0.0219873719051328	-0.00988396933781735
0.0526513878622815	0.0536856477817175	-0.0315773613209857	-0.0311791202900255	0.0167828953342611	0.00142045196315074	0.0209553401752222	0.00508419345205348	0.00354239247127085	0.0292700326503852	-0.0391966686743997	-0.0320025362040146	-0.0119853420500865	-0.00558322129273072	-0.021969218097683	-0.00989887376041696
0.0526756674446961	0.0536896096284222	-0.0315546240089385	-0.0312722320694902	0.0167899417217006	0.00142184335924308	0.0209586985248266	0.00508913877551422	0.00356810256533057	0.0292497428543559	-0.0391755183362089	-0.0320136394330727	-0.011970539607321	-0.00558797662636359	-0.0219626858003659	-0.00990552899232853
0.0526716972160872	0.0536846112195684	-0.0315595330108145	-0.0313083888101147	0.0167762261325092	0.0014079713078405	0.0209556670694848	0.00507765836076836	0.00357352006939293	0.0292660233062235	-0.0391610036721532	-0.032003148083019	-0.0119667984840928	-0.00557853580829928	-0.0219396551216728	-0.00989631169170877
0.0526882514768245	0.0536998467273827	-0.0315567921281507	-0.0313112135118203	0.0167773576895723	0.00141068983875988	0.0209605760713608	0.00508437785394524	0.00355889364661498	0.0292713122877553	-0.0391678516878607	-0.0320026647265452	-0.0119829895289826	-0.00559130703628743	-0.0219290240732162	-0.00990946289935266
0.0526857927849344	0.053702953619862	-0.0315785850789946	-0.0312830056103177	0.0167625831864873	0.00140472192299031	0.0209544069898912	0.00507820877247557	0.00355267986165641	0.0292920770583543	-0.0391710926908067	-0.0319921147031623	-0.0119928913517763	-0.00558475797516203	-0.0219232796748912	-0.00990769711154069
0.052668200565064	0.0536968949001306	-0.0315930704063857	-0.0312436679370604	0.0167558092109334	0.0014104649243313	0.0209535115231289	0.00508270007612706	0.00354659879018054	0.0293128404319692	-0.039190450698489	-0.0319895680012784	-0.0119839073474893	-0.00556942607544971	-0.021956160487969	-0.00990076946774357
0.05266456840659	0.0537091995354533	-0.031611544123178	-0.0311631234259156	0.0167490254564912	0.00141651107120646	0.0209436208762075	0.00508300182467721	0.00350972958770151	0.0293424900209892	-0.0392086561943479	-0.0319723906856645	-0.0120216035645132	-0.00557165007402302	-0.0219559928498856	-0.0099131858617885
0.0526397104727877	0.0537050169652721	-0.0316385478244481	-0.0310907512713374	0.0167323482611594	0.00141530128303782	0.0209320175268671	0.00507964626904086	0.00350599405240942	0.0293598321807184	-0.0392149845319968	-0.0319652185696624	-0.0120215393032478	-0.00556262276323113	-0.021969563152738	-0.00990663959463115
0.0526030033204559	0.0537009657115895	-0.0316787642006593	-0.030960245023399	0.0167099462252791	0.00141540745382398	0.0209204113835587	0.0050786125008598	0.00346524123433128	0.0294107885701404	-0.0392434215388801	-0.031942961820121	-0.0120456624234512	-0.0055468480195818	-0.0219837173949143	-0.00990275597903204
0.0525936463214333	0.0537059808842517	-0.0316929715282287	-0.0308717237334518	0.0167188506014765	0.0014370970278498	0.0209259406463433	0.00510264900805342	0.00343250431060842	0.0294231798184728	-0.0392817016952278	-0.0319475802493191	-0.0120625296086108	-0.00554797957664485	-0.0220233386559294	-0.00991202357107682
0.0525676973431048	0.0536914089438509	-0.0317129525907877	-0.0308102326874712	0.0167052844895762	0.0014266601601732	0.020921851674092	0.00509185451246554	0.00342633662612279	0.0294364581516633	-0.0392763358795745	-0.0319325361283167	-0.0120692560867078	-0.00554551948777074	-0.0220225996513784	-0.00989811938904159
0.052555880255208	0.0536820952513331	-0.0317152925390354	-0.0307998321413794	0.0167101641547876	0.00142914818872788	0.0209226186183236	0.00509584010789873	0.00343423377683565	0.0294271444591456	-0.0392734008161307	-0.0319358148498314	-0.0120624765232177	-0.00554126567140409	-0.0220290970240947	-0.00989994524716678
0.0525370796441531	0.0536622217565443	-0.0317095509346784	-0.030815078825066	0.0167035228927163	0.00141434853993041	0.0209189948417538	0.00508533199403667	0.00345644861685617	0.0294164575313279	-0.0392608419297149	-0.0319352141466992	-0.0120359701482618	-0.00552872913673272	-0.0220278481203733	-0.00988117257579238
0.0525605322120228	0.0536732244027524	-0.0316753248259812	-0.0308553063771494	0.016732228120533	0.00142879335478465	0.020932702049041	0.00509709459955628	0.00346235506532849	0.0293831143165367	-0.0392661784087036	-0.0319601531055752	-0.0120323435777239	-0.00554696257227213	-0.0220403371575877	-0.00989343809556223
0.0525637187325917	0.0536577025132123	-0.0316631305523968	-0.0309362741744547	0.0167375827603141	0.00141939584322522	0.0209478467528935	0.00509529668111166	0.00349397300484455	0.0293568412379135	-0.0392395002047122	-0.0319683659746785	-0.0120113427168241	-0.00555032511282863	-0.022018755151332	-0.0098846636388795
0.0525893869171306	0.0536694679126999	-0.0316443020016613	-0.0309891053164429	0.0167511139476137	0.00142266757981987	0.0209561029285017	0.0050989707491065	0.00349550130537168	0.0293332908811618	-0.0392298582209478	-0.0319763371655449	-0.0120192245007127	-0.00556337014968636	-0.0220026311616756	-0.00989167370473429
0.0526352666665932	0.0536809483274458	-0.0315918955428178	-0.0311179491533874	0.0167843426097146	0.00143660668645581	0.0209648787821685	0.00510904300395167	0.00352191268541368	0.0292880649202245	-0.0392194953934247	-0.0320024747367173	-0.0120049501179099	-0.00557987411899854	-0.0220047406075586	-0.00989968401115346
0.0526417109539164	0.0536655996639251	-0.0315754153222341	-0.0312222577598402	0.0167750959724302	0.00141372548505372	0.0209583143542188	0.0050885534392063	0.00356376213595416	0.0292666589339565	-0.0391742261259825	-0.0320005678535185	-0.0119769811006762	-0.00557436860494239	-0.021965439255886	-0.00988416491558134
0.0526687956802601	0.0536789157156844	-0.0315578747907728	-0.03128920682242	0.0167821088322531	0.00142234767047735	0.0209630249843627	0.00509339817981698	0.00357394894348966	0.0292500683516345	-0.0391681296876824	-0.0320132468805607	-0.0119727398571658	-0.0055827784487937	-0.021955475965795	-0.00989315590478848
0.0527171243427246	0.0537144144768315	-0.0315336189570867	-0.0313263735824971	0.0168158641573327	0.00145697471359071	0.0209767978498993	0.00512351017055037	0.00354558877072796	0.0292362591645133	-0.0391940088168095	-0.0320353262131305	-0.0120000271461936	-0.00560494718834128	-0.0219731073012182	-0.00991912444089347
0.0526336671198806	0.0536489727600184	-0.0315891364993616	-0.0313090691413366	0.0167291882832871	0.00137371865644677	0.0209384464473661	0.0050533745874017	0.00359264338375847	0.0293051514318766	-0.0391301009884597	-0.0319709489981471	-0.0119619579344342	-0.00555353398514199	-0.0218992752983302	-0.00986113982482431
0.0526939888902293	0.0537084898675668	-0.0315695396074104	-0.0312675675398192	0.0167771048354631	0.00143542623495176	0.0209673193132662	0.00510734846232515	0.00353217632707075	0.0292774296808159	-0.0391945019521716	-0.0320017105864537	-0.0120071587496589	-0.00560139465795692	-0.0219391116948857	-0.00991829882333265
0.0526682578414092	0.053697846246254	-0.0315963658917088	-0.0312161850702685	0.0167612309059478	0.00143209163407584	0.0209611460408444	0.00510124224513677	0.00352439372904822	0.0293066615716114	-0.0392042291519617	-0.0319937575563797	-0.0120053300975657	-0.00557708015094163	-0.0219612888163374	-0.00989863347916406
0.0526480574523577	0.0536909898486423	-0.0316194720075395	-0.031144340975653	0.0167390412116398	0.00141848500963867	0.0209474723611739	0.00509047429224542	0.00350099704053963	0.0293459615262999	-0.0392087162646611	-0.0319672875030085	-0.0120272739226847	-0.00556940791465734	-0.0219474922020724	-0.00989748795226073
0.0526091039497082	0.0536770702997828	-0.0316595654491562	-0.0310503910057713	0.0167101906974841	0.00141609896091806	0.0209356762280376	0.00509032341797035	0.00349930389589714	0.0293665754226238	-0.0392199312524416	-0.0319612022405806	-0.0120153772066983	-0.00554937516368928	-0.0219650774370226	-0.00988342311706223
0.0526092101204944	0.0536975612615122	-0.0316748596302998	-0.0309417894673991	0.0167281559120901	0.00145116326003233	0.0209478523408297	0.00512346546706146	0.0034414966967996	0.0293948000879347	-0.0392773137683944	-0.0319673545582419	-0.0120532242979973	-0.00555727091741811	-0.0220167826098839	-0.00990510989711999
0.0525713965568121	0.0536814959451849	-0.0317111532753591	-0.0308445090875934	0.0167021440694802	0.00143225927215925	0.0209370173327049	0.0051061037495558	0.00341877056062467	0.0294307919844439	-0.0392747153781015	-0.0319359671210905	-0.0120725306172705	-0.00554452483514247	-0.0220048411904086	-0.0098917379659996
0.0525252625562564	0.053647968328502	-0.0317234467348095	-0.0308079416336646	0.0166798146767693	0.00140440899856794	0.0209202535243635	0.00508174034809951	0.00344704551736063	0.0294451418043842	-0.0392633383401738	-0.031923226626751	-0.0120363207912529	-0.00551917795693016	-0.0220111667340895	-0.00986701693663203
0.0525787838083546	0.0536898666734835	-0.0316975969423469	-0.0307963969576534	0.0167354146411019	0.00146021012860061	0.0209400906975675	0.00512679028904918	0.0034129255794496	0.0293965602878106	-0.0393020180339537	-0.031961615747853	-0.0120696137146191	-0.00555899758967729	-0.0220484382679687	-0.0099059648513454
0.0525493256061465	0.0536579944828742	-0.0316986684290967	-0.0308355558169551	0.0167226755437464	0.00143645162122865	0.0209328277776036	0.00510960319454708	0.00345537293915426	0.0293956676150164	-0.0392698077732095	-0.0319581051269895	-0.0120311226136831	-0.00553637622730449	-0.0220495097547185	-0.00988077303836024
0.0525502923190942	0.0536545579021642	-0.0316806473351297	-0.0308602265548976	0.0167176296374356	0.00142201798224664	0.0209341297667181	0.00509456605846477	0.00346360396904993	0.0293853243452697	-0.0392499538361971	-0.0319529809895731	-0.0120337768833371	-0.00554647362786217	-0.0220159989018439	-0.00988206385160254
0.0525725057621307	0.0536581523420694	-0.031659506775827	-0.0309408758398444	0.0167338528129581	0.00142096325930515	0.020940160546769	0.0050977581669698	0.00349084655458886	0.0293467633951322	-0.039233060108341	-0.0319659491923093	-0.0120125692688011	-0.00555327274912867	-0.0220072412089695	-0.00988852769670221
0.0525876337021749	0.0536559576801607	-0.0316344323095002	-0.0310198040404682	0.016746365598901	0.00141796393459605	0.0209434867657407	0.00509386477248249	0.00350979664293487	0.0293333928609959	-0.039223341290455	-0.0319736647350985	-0.0120025598782372	-0.00555323223659185	-0.0219983717573728	-0.00988305571026274
0.0526323651307661	0.0536694860734923	-0.0315867728023854	-0.0311514278756294	0.0167825586611102	0.00143153703141654	0.0209640336068313	0.0051048227152017	0.00353758544922893	0.0292725122970357	-0.039206258969755	-0.0320043704440439	-0.01198187892668	-0.00557354438436561	-0.021997494451403	-0.00989315311082043
0.0526560174673519	0.053671434866212	-0.031559946518087	-0.0312624895028757	0.0167913917911222	0.00142917193745636	0.0209691786990081	0.00510272584217499	0.0035678091986846	0.0292465884644197	-0.0391813325837353	-0.0320174867270871	-0.0119632333808521	-0.00557488129808084	-0.0219867390713679	-0.00988820918434372
0.0526550256086916	0.0536679619639173	-0.03155999960348	-0.0313051673649451	0.0167777935485892	0.00141383025885585	0.020969371482804	0.00508870291649734	0.00357117593019318	0.0292546267105194	-0.0391604420845738	-0.0320036593791734	-0.0119697237686484	-0.00557611902593005	-0.0219413510602833	-0.00988202613303377
0.0526479401056993	0.0536658161964495	-0.031566034574483	-0.031309972990003	0.0167600239117472	0.00139371368884607	0.0209600284536217	0.00507424133783475	0.00357041597088169	0.0292749444462293	-0.0391537142094927	-0.0319882366754993	-0.0119690532163147	-0.00556997229620484	-0.0219142160425146	-0.00987592410679747
0.0527064094752263	0.0537191223130074	-0.0315489159321983	-0.0312961400541532	0.0167982426007977	0.00144384585769127	0.0209755377703056	0.00511449403563071	0.00353147643807249	0.0292534169223508	-0.0391975040708487	-0.0320227058594174	-0.0120061599060786	-0.00560616256444604	-0.0219486405229438	-0.00991631650299627
0.0526628878348038	0.0536918727425483	-0.0315846144620615	-0.0312787978944239	0.0167612029662672	0.00141626101106537	0.0209542337638716	0.00509084309602894	0.00354783512104572	0.0292973576579818	-0.0391808324634531	-0.031992444391393	-0.011982223981735	-0.00556872618645146	-0.0219496267936679	-0.00988522802042699
0.0526609460270042	0.0537076335163574	-0.0316054211421813	-0.0311841354626877	0.0167512368822082	0.00142355047372585	0.0209477098484587	0.00509171760803075	0.00350208389411377	0.0293252330772857	-0.0392029131930069	-0.0319764153966505	-0.0120217167202195	-0.0055744230873195	-0.0219453995199978	-0.00989968680512152
0.0526440257564516	0.0537019561732657	-0.0316249342150908	-0.0311242774910364	0.0167412456524367	0.00142569624119356	0.0209441559210904	0.00509873605578972	0.00349312084458719	0.0293461990135847	-0.0392218227688161	-0.0319707827570477	-0.0120220296446418	-0.00556834341282766	-0.0219653596277964	-0.00989758574114272
0.0525896271983835	0.0536818228394476	-0.0316802268429371	-0.0309934471428033	0.0166989840916078	0.0014072839916985	0.0209290070262858	0.00508577763194175	0.00347631792069291	0.0293916904014874	-0.0392246558524258	-0.0319491183287344	-0.0120295118910982	-0.00553928055709965	-0.0219655328538159	-0.00987873763263078
0.0525886786462282	0.053700253249735	-0.0316948770144435	-0.0308975455862338	0.0167119159727592	0.00143570563175745	0.0209313441805654	0.00510791843180876	0.00343185052208311	0.0294126912623872	-0.0392733030272487	-0.0319502680465899	-0.0120560308389104	-0.00554619702502454	-0.0220094414588143	-0.00989269490005909
0.0525517256247074	0.0536737831963638	-0.0317157591317009	-0.0308309206239487	0.0166981193584942	0.0014233171773931	0.0209236048890477	0.00510198963159199	0.00343142025100234	0.0294387701602304	-0.039274001519263	-0.03192877125636	-0.0120532871622786	-0.00553413267095479	-0.0220174489712654	-0.00988840895305979
0.0525379709199632	0.0536651693928444	-0.0317203049177295	-0.0308065656043965	0.0167007931859247	0.00142035836522083	0.0209202437454753	0.00509344288330589	0.00343545753484458	0.0294310280747447	-0.0392726911482443	-0.0319327806005216	-0.0120470370557352	-0.00552508859635456	-0.0220236264346393	-0.00987636974470255
0.0525326749535114	0.0536583535077695	-0.0317104464014407	-0.0308135826551715	0.0167119704551364	0.0014268417680969	0.0209298563925751	0.00510419546937292	0.00344138214410927	0.0294149362157209	-0.0392729803239382	-0.0319410717007305	-0.0120350998272121	-0.00552899875465021	-0.0220348009098829	-0.0098832303332663
0.0525472468939122	0.0536660411108781	-0.0316938181005499	-0.0308322924622646	0.0167256036222701	0.00143039429848126	0.0209381251410395	0.00510381409273316	0.00344314653493721	0.0293899679201803	-0.0392665444185191	-0.0319475998070955	-0.012042656113822	-0.00554482518670859	-0.0220271580102632	-0.0098894455152089
0.0525577047163492	0.0536600704011405	-0.0316761406646539	-0.0309035079140673	0.0167333121801391	0.00142165197243118	0.0209340096260917	0.00509232250211507	0.00347179867736085	0.0293731789661263	-0.0392465424011996	-0.0319530117232217	-0.0120214694540464	-0.00554174343994182	-0.022018018940749	-0.00988361450387413
0.0525645764807852	0.0536481890519785	-0.0316536897343325	-0.0309785329413155	0.016741949732387	0.00141969479780731	0.0209451952772075	0.00509199700483644	0.00350341382290886	0.0293405104946209	-0.0392286959302361	-0.0319678882061408	-0.0119916647997993	-0.00554001257673056	-0.0220185232519833	-0.00987651922199359
