0.0523415479806421	0.0534569447324508	-0.032258620140239	-0.03062823919618	0.0168226367359026	0.00176169604574991	0.0208542879385397	0.00536133273155483	0.00337705661753495	0.0294646045858687	-0.0391630963542278	-0.0316357217257585	-0.0117468712884928	-0.00552474912923565	-0.0222691338047843	-0.0102136757293255
0.0523351414118876	0.0534543379602537	-0.0322528450082654	-0.0305968042615717	0.0168333739551454	0.00176852170971295	0.0208649357508046	0.00537139939846389	0.00337109708366955	0.0294541747031122	-0.0391738838648956	-0.0316440505445362	-0.0117467511478664	-0.00553044044216758	-0.022293913507481	-0.0102142931962661
0.0523197396629738	0.0534422219177749	-0.0322580096582186	-0.0305916200538421	0.0168359430087737	0.00176751448422843	0.020865739016621	0.00537175562939115	0.00337938818387844	0.0294416116257443	-0.0391680514565768	-0.0316484328834334	-0.0117329168150326	-0.00552476449605996	-0.0223022297534024	-0.0101978884128199
0.0523158309016622	0.0534324346476715	-0.0322451322594443	-0.0306146619084074	0.0168407290760552	0.00175846482169209	0.0208713297467029	0.00536574580410073	0.00339447840535383	0.0294284268904837	-0.0391520895170676	-0.0316490559383101	-0.0117248003378272	-0.0055275109666599	-0.0222904475901064	-0.0102037417758991
0.0523358776224706	0.0534409255165965	-0.0322208834106783	-0.0306619386418985	0.0168669448783332	0.00176000429809145	0.0208883366302653	0.0053681793502783	0.00339771661433179	0.0293995679944239	-0.0391484489766895	-0.0316634756074519	-0.0117267477335629	-0.00554371877535806	-0.022279967415925	-0.010212372343227
0.0523591541703527	0.0534443984188912	-0.032204468848344	-0.0307341263945849	0.0168762068824419	0.00176370071783074	0.0208929494715273	0.00537033349965018	0.00342032260988028	0.0293627407014657	-0.0391290392805981	-0.0316748889669644	-0.0117115625171736	-0.005555154486615	-0.0222635305018461	-0.0102170354759139
0.0523573450760359	0.0534281053941673	-0.0321861837243955	-0.0308261471295234	0.0168751800991809	0.00174921818440773	0.0208881675951979	0.00535828730637279	0.00345534919042578	0.0293655360665066	-0.0391096365694268	-0.0316772568548926	-0.0116796651808518	-0.0055360870516106	-0.0222623668141504	-0.0101998455874438
0.052408309847362	0.0534474647988337	-0.032144383168296	-0.0309390429967991	0.0169070341289978	0.00175963689129196	0.020903637796329	0.00536868366151257	0.0034720710892464	0.0293032221969333	-0.0390871032170478	-0.0316986893838572	-0.0116818975613293	-0.00556784608651353	-0.0222364359966142	-0.0102146620000496
0.0524346904937554	0.0534508902036715	-0.0321177790044581	-0.0310392402792561	0.0169159357112271	0.00175975423795035	0.0209092983756123	0.00536851043549304	0.0034972894449281	0.0292778585549126	-0.0390675398527133	-0.0317158946391516	-0.0116695314587094	-0.00557293669631323	-0.0222200912834813	-0.0102112142434674
0.052440807886816	0.0534515090675961	-0.0321073924282065	-0.03109490310787	0.0169113466186937	0.00176044015710832	0.0209100737017481	0.00536727410462786	0.00350816775955769	0.0292814054973609	-0.0390603495759189	-0.031718025039795	-0.0116586754958243	-0.00557026147189874	-0.0222107552392191	-0.0102106624347761
0.0524759029195789	0.0534841901119578	-0.0321040592243146	-0.0311015164302607	0.0169165797208643	0.00176922718664731	0.0209068354927701	0.00537206017190935	0.0034744864746316	0.0292854986605643	-0.0390667617326095	-0.0317139542283361	-0.0116949719348516	-0.00558659780312751	-0.022193273381087	-0.0102236460043366
0.0524454947682315	0.0534642649287599	-0.032126219581958	-0.0310993133864478	0.0168854116102054	0.0017464186284147	0.020895046344554	0.00535790173878094	0.00349716371636554	0.0293209163966377	-0.039055349770081	-0.031695099134904	-0.0116697912977387	-0.00556226653230388	-0.0221960547762877	-0.0102085236522286
0.0524465257424445	0.0534732754757435	-0.0321381302677846	-0.0310567975745258	0.0168873366541966	0.00176148649814564	0.0208988489350794	0.00536718050669795	0.00347128319025435	0.0293344866994901	-0.0390772740374236	-0.0316936434775464	-0.011690866198792	-0.00556199551740236	-0.0222067584679137	-0.0102149581606636
0.0524324329675654	0.0534770193929397	-0.0321598896910119	-0.0309755825110474	0.0168712322223165	0.00176185530192915	0.020892936898671	0.00536741520001473	0.00344668509548128	0.0293613870239421	-0.039094719573971	-0.0316798189236008	-0.0117107033719961	-0.00555952564964005	-0.0222151068444677	-0.0102156175371251
0.0523968252416641	0.0534710053766972	-0.0321967267628582	-0.030857544345563	0.0168491473018107	0.0017617644979673	0.0208800608968807	0.00536540214602972	0.00343215506460131	0.0293815245487123	-0.0391056062705048	-0.0316691808902241	-0.011718751396984	-0.00555414027621035	-0.0222193550728983	-0.0102165800591207
0.0523858561230726	0.0534850255084068	-0.0322265831055144	-0.0307382698492133	0.0168493987589358	0.00177779628667787	0.0208754620254591	0.00537933287076149	0.00337366613729788	0.0294314415820171	-0.0391550650930482	-0.0316565018631818	-0.0117548215245988	-0.00554628922597042	-0.022256699249947	-0.0102237493811547
0.0523495918146779	0.0534689671769997	-0.032255180765561	-0.030655779339317	0.0168322451920504	0.00177139390887545	0.0208644551882988	0.00536895188244603	0.00336400040480499	0.0294641547570115	-0.0391628756307513	-0.0316386525982502	-0.0117542054546422	-0.00553096570816228	-0.022274568072655	-0.0102115327558258
0.052345618792101	0.0534708503114701	-0.0322575668142816	-0.030601973102477	0.0168398056696124	0.00177546751430243	0.0208700710640932	0.00537512655185182	0.00335164547805732	0.0294525374378309	-0.0391738894528317	-0.0316392728591589	-0.0117697343291026	-0.00553817973368523	-0.0222807315661885	-0.0102197749615937
0.0523153671029648	0.0534420961892123	-0.0322752344712895	-0.0305867613433911	0.0168195675619921	0.00175268130781428	0.0208607629595116	0.00536056578732321	0.0033732498360574	0.0294582497055232	-0.039153089757632	-0.0316284420419862	-0.0117464759420128	-0.0055205986896871	-0.022271331260661	-0.0102006069437393
0.0523155501078725	0.0534357077812502	-0.0322584664719959	-0.0305984024113002	0.0168303452937717	0.00175646294357931	0.0208689702406788	0.00536573323124447	0.00338885554463929	0.0294343375299081	-0.0391560583486925	-0.0316433241128414	-0.0117300655706305	-0.00552513190285944	-0.0222849616338267	-0.0101995522207978
0.0523429617284789	0.0534500212796058	-0.0322230305751301	-0.030651166498055	0.0168647083069036	0.00177359276173624	0.0208827920006564	0.00537678337490956	0.00339228374344512	0.0294001253910512	-0.0391602967982348	-0.0316665168416818	-0.0117299007265151	-0.00554224495720804	-0.0222926422520151	-0.0102174699379468
0.0523563993178486	0.0534435881681547	-0.0322066872589811	-0.0307321873807534	0.0168742119892492	0.00176827723750797	0.0208859701393211	0.00537314423151544	0.00342313334174554	0.0293688371397659	-0.0391344092872035	-0.0316759450868899	-0.0117106069800981	-0.00554921451052601	-0.0222769918399443	-0.0102075192207121
0.0523735403118778	0.0534464240457325	-0.0321951118493213	-0.0307914893527614	0.016878277212772	0.00175680799863434	0.0208840450953299	0.00536585476885494	0.0034343734752385	0.0293600501102269	-0.0391116133018271	-0.0316738691686236	-0.0117107662362774	-0.00555308415628483	-0.0222520947905892	-0.010211344162982
0.0524107839060764	0.0534528445843273	-0.032149195778274	-0.0309271365019246	0.0169084800074673	0.00176515078725228	0.0209013509334744	0.00537395168828388	0.00347011950255865	0.0293086690376602	-0.0390982413707067	-0.0317020938339345	-0.0116803175723931	-0.00556606493187725	-0.0222536314730205	-0.0102146689849697
0.0524348413680305	0.0534526280518029	-0.0321210926505736	-0.0310374577276358	0.0169158854198021	0.00176263202504897	0.0209060294329857	0.00536977889699088	0.00350284944136136	0.0292788140919881	-0.0390719487343071	-0.0317145144189315	-0.0116619821570196	-0.00556927659815867	-0.0222334855663461	-0.010213700875038
0.0524309815011598	0.0534432473040518	-0.0321224044185763	-0.0310861998973727	0.0168958205382014	0.00173854382944629	0.0208941899933445	0.00534893170433422	0.00352321886548029	0.0292880746991127	-0.0390415433769278	-0.0316996211722042	-0.0116517827766279	-0.00555990423231176	-0.0221969781827305	-0.0102045743783801
0.0524687922708741	0.0534760736347525	-0.0321092923264852	-0.0311015192242288	0.0169132688687168	0.00176352469784315	0.0209009988934992	0.00536506128192678	0.00349473436114005	0.0292865687503301	-0.0390621824189642	-0.0317105372054025	-0.0116818542548244	-0.00558215259994896	-0.0221939467273887	-0.0102275380018399
0.0524618478632686	0.0534757453435058	-0.0321186954259807	-0.0311075248585671	0.0168980990191518	0.00175604384837077	0.0208978095789623	0.00536296720286812	0.00350352558163113	0.0293066476017711	-0.0390624436549775	-0.0317066410169472	-0.0116738453453893	-0.00557085798407889	-0.0222029027919951	-0.0102197749615937
0.0524488936303727	0.0534725811746813	-0.0321403668392142	-0.0310739204077626	0.0168834013501884	0.0017517397405791	0.0208905103374136	0.00535642792063092	0.00349171128770247	0.0293371898635852	-0.0390670383354471	-0.0316914767553183	-0.0116791552816815	-0.00556020877482996	-0.0222030271235737	-0.0102172617873265
0.0524451147885757	0.0534842250365585	-0.0321598589573632	-0.0309887393066274	0.0168726711158658	0.00176172957336659	0.0208853680392048	0.00536118744521587	0.003457422314724	0.0293584449755782	-0.0390918948722654	-0.0316823362888201	-0.0117057105510784	-0.00556050074449191	-0.0222142937997632	-0.0102228287686799
0.05242136885406	0.0534742924801162	-0.0321817049936002	-0.0309328906791378	0.0168622468210455	0.00175061237446813	0.0208723956455166	0.00535311008356333	0.00344534399081397	0.0293926794661795	-0.039098698184484	-0.0316645079786489	-0.0117121115318968	-0.00554729924542299	-0.0222136986845671	-0.0102211384180055
0.0523854188670717	0.0534684055894203	-0.0322164032828991	-0.0308145689258956	0.0168427477179763	0.00175820358567877	0.0208684980600772	0.00535882374823972	0.00342430261737735	0.0294126758955629	-0.0391197395579206	-0.0316571626366273	-0.0117244133732514	-0.00554156322900215	-0.0222278110172225	-0.0102174140585857
0.0523514945069247	0.0534634937935762	-0.0322518028581801	-0.0306971943278246	0.0168265035876934	0.00175925970560428	0.0208596747089535	0.00536008103386533	0.00338427623099401	0.0294586143183546	-0.0391475171883425	-0.0316349170629581	-0.0117445020035806	-0.00552946534731572	-0.0222468044120734	-0.010211194685691
0.0523350967083987	0.0534628763266356	-0.0322693182439289	-0.0306163843897145	0.0168242320916631	0.00176101152357596	0.0208601971809801	0.00536033528495851	0.00336577736848919	0.0294745147905665	-0.0391662172165474	-0.0316292313379623	-0.0117586422759166	-0.00552541129966513	-0.0222662867513343	-0.0102125497601986
0.052350332216213	0.0534774859856052	-0.0322580836983721	-0.0305890118846609	0.016853191570573	0.00178445012160541	0.0208727057759709	0.00538030936259739	0.00334989924802175	0.0294487571990499	-0.0391866774446282	-0.0316500938974433	-0.0117678595765364	-0.00554193762072178	-0.022297297002798	-0.010226170354476
0.0523130271547171	0.0534383257293195	-0.0322636045792525	-0.0306081449779147	0.0168367853901428	0.00176402062717326	0.0208618875316545	0.0053624503187776	0.00339035590548586	0.0294577426003209	-0.0391663597089183	-0.0316449976997075	-0.0117233796050703	-0.0055115168965181	-0.022308785799448	-0.0101978059907622
0.0523308848015529	0.0534496566667744	-0.0322451881388054	-0.030627011247219	0.0168549336096565	0.00177740792511796	0.0208735984487651	0.00537275307598747	0.00338264315666475	0.0294295109500898	-0.0391630306959785	-0.0316540515531959	-0.0117385801882839	-0.00553252893329012	-0.02229779013816	-0.010213207739676
0.0523196628288523	0.0534275046910351	-0.0322342371810063	-0.0306875188164435	0.0168450974451122	0.00175378073424467	0.0208674726738003	0.00535594316717305	0.00342019269036564	0.0294246145210701	-0.0391329913484146	-0.0316515495548009	-0.0117106642564433	-0.00551990159465689	-0.0222784796279347	-0.0101989263719531
0.0523524835716168	0.0534438074946472	-0.0322132852145475	-0.0307350749467403	0.0168619143388467	0.00175977938366286	0.0208765335122089	0.00536245590671371	0.00342578900838363	0.0293791147512632	-0.0391187002018035	-0.0316634993561804	-0.0117229046305006	-0.00554468129735367	-0.0222529902573514	-0.0102107420628657
0.0523837550590938	0.0534509390981125	-0.0321751070380338	-0.0308344941090934	0.0168932305298126	0.00176986141739624	0.0208890965895768	0.00537110742880195	0.00344521407129932	0.0293563397206473	-0.0391227891740548	-0.0316855814827182	-0.0117024066838511	-0.00554973139461654	-0.022274468886789	-0.0102149651455838
0.0523946822681644	0.053437905237127	-0.0321456725845543	-0.0309539893289196	0.0168931830323557	0.0017503455505187	0.0208915971909877	0.0053547431578926	0.00349427335641066	0.029316953152949	-0.0390774179267786	-0.0316908592883777	-0.0116715640704708	-0.00555308695025289	-0.0222378595233392	-0.0102032332737128
0.0524409950826758	0.0534611734031049	-0.0321199457266862	-0.0310382330537716	0.016913768988999	0.00176465066697009	0.0209084727580515	0.00536976353016657	0.00349489920525541	0.0292820397281098	-0.0390681419528296	-0.0317105064717539	-0.0116804824165085	-0.00558064665116628	-0.0222132949561828	-0.0102245121344342
0.052423722772148	0.0534347592290949	-0.0321188672550162	-0.0310939056612737	0.01689634021626	0.00174744541167562	0.0209055726192084	0.00536013551624244	0.00352563844181757	0.0292969092261087	-0.0390486009402395	-0.0317044435610704	-0.0116434176362655	-0.00556070330717603	-0.0222085284466777	-0.0102120566248365
0.0524668071565696	0.0534696405233014	-0.0321031637575524	-0.031085086501102	0.0169121778241906	0.0017675522027972	0.0209060992821871	0.00537577195847296	0.00348778715956654	0.029284650691259	-0.0390660897832918	-0.0317121199883068	-0.0116880414970865	-0.00558925626373366	-0.0221932943358474	-0.010233434671424
0.0524574222178664	0.0534691515788915	-0.0321212658765931	-0.0310726561372168	0.0168952156441171	0.00175834607804966	0.0208928698434377	0.0053615813947119	0.0034884381541238	0.0293083239826052	-0.0390652599747789	-0.031701477763978	-0.0116856023629728	-0.00557318256550224	-0.0221953255506248	-0.0102165786621366
0.0524463832500736	0.0534694449455374	-0.0321477498998046	-0.031051307427294	0.0168801980658112	0.00176022641855197	0.0208837754774124	0.00535816437177829	0.00348180247998863	0.0293385910385658	-0.0390705768959912	-0.031686454597736	-0.0116834761532815	-0.00556048398068357	-0.0222000389747368	-0.0102184981181917
0.0524368069245585	0.0534776159051199	-0.0321639646934229	-0.0309751648128229	0.0168700182431958	0.0017647540437882	0.0208784459833438	0.0053647036540155	0.00345085788677428	0.0293731817600944	-0.0390874175384542	-0.0316721369084283	-0.01171158207495	-0.00556585817824104	-0.0222086318234958	-0.0102316283710752
0.0524231779483769	0.0534771521064224	-0.0321808346725505	-0.0309185199044371	0.0168613737060277	0.00176703950965875	0.0208754787892674	0.00536533509079636	0.00344084989319442	0.0293876489266931	-0.039103505206526	-0.0316709690297805	-0.011715510394038	-0.00555780596230102	-0.0222271111282243	-0.0102237996725797
0.0523682052298731	0.0534561540394907	-0.032232946367764	-0.0307843745131045	0.016817353342307	0.00174465563457079	0.0208574088008593	0.00534744391634391	0.00342239992513059	0.0294414845001977	-0.0391080523895386	-0.0316389264071198	-0.0117294676614663	-0.00553007722632018	-0.0222234775727663	-0.0102077832506935
0.0523802975236234	0.053488027627084	-0.0322449939580255	-0.0306674078343699	0.0168364417320718	0.00178115603326631	0.0208600016032161	0.0053770599777472	0.00336582765991421	0.0294491511485459	-0.0391632164948543	-0.0316462577793011	-0.0117724947695428	-0.00555041731377451	-0.0222595085848282	-0.0102336665707727
0.0523223073196181	0.0534492822750547	-0.0322730328244606	-0.0306165226911333	0.0168044466068681	0.00174904914934029	0.0208447032311205	0.00535105512005747	0.00338785670105895	0.0294779080647717	-0.0391494799509025	-0.0316236475928006	-0.0117423743969052	-0.00551090920846573	-0.0222756339714687	-0.0101950078317532
0.0523418846537929	0.0534696642720299	-0.0322628208712126	-0.0305782369468495	0.0168316011824132	0.00177466145451801	0.0208619783356164	0.00537693564616866	0.00336281995330094	0.0294468139942663	-0.0391716109718813	-0.0316385142968314	-0.0117696016156199	-0.00554104215395954	-0.0222821634748177	-0.0102223691609346
0.0523557720720198	0.053473940440141	-0.0322458489122509	-0.0306110870262786	0.0168566868246122	0.00179143224777964	0.0208833312364913	0.00539135950626248	0.00336801254293472	0.029422502281219	-0.039181416402777	-0.0316628260098786	-0.0117573682264827	-0.00554396324756304	-0.0223165558246143	-0.0102239715016152
0.0523075775200221	0.0534213649462301	-0.0322522904056061	-0.0306538054008848	0.016824764342578	0.00174352826845983	0.0208647527458969	0.00535007164330144	0.00342361949218744	0.0294377866834744	-0.0391315985553382	-0.0316416630988315	-0.0117114619343235	-0.00551111037416582	-0.0222876145064967	-0.0101839213665034
0.0523592421803465	0.0534526895191001	-0.0322171436844341	-0.0307026788871204	0.016862615624829	0.00176787909705986	0.0208767877633021	0.00536890159102101	0.00340970413427998	0.0293889579007277	-0.0391346509654404	-0.0316648320789435	-0.0117370225510922	-0.00555222780507539	-0.0222638224715081	-0.0102143993670522
0.0523547229370145	0.0534347815808393	-0.032203245090335	-0.0307736275149736	0.0168607785908316	0.00175508970827934	0.0208781693805062	0.00536304124302164	0.00344928488275825	0.0293659314129867	-0.0391088388915466	-0.0316746710374559	-0.01169842527937	-0.00553902211505439	-0.022266665334006	-0.010197304473496
0.0523725470562335	0.0534286446300023	-0.0321718311104871	-0.030877083961169	0.0168763004803718	0.00174148727479425	0.0208824483425854	0.00535399856540544	0.00347128877819047	0.0293481492032885	-0.0390894277984712	-0.0316756000318348	-0.0116834398316967	-0.00554442145832437	-0.0222397664065381	-0.0101932937323503
0.0524143238636045	0.0534437781579826	-0.0321297637304382	-0.0309811522863689	0.0169010452584678	0.00175476560798473	0.0208988335682551	0.00536251597702693	0.0034910938207619	0.0292931876606569	-0.0390681028372768	-0.031702264265986	-0.0116801750800222	-0.00557195741050928	-0.0222192461081441	-0.0102068821959951
0.0524565477058646	0.0534640972906765	-0.0321054436354868	-0.0310576832623998	0.0169211185219727	0.00177329660112221	0.0209128718607571	0.00538008584515283	0.00349270454334671	0.0292620083741258	-0.0390679002745927	-0.0317225806047118	-0.0116902319680431	-0.00559021738874524	-0.0222102146064001	-0.0102184590026389
0.0524409894947397	0.0534484273208293	-0.0321124411284853	-0.0311101665553649	0.0168998606160117	0.00175226221260574	0.0209064555131144	0.00536544405555058	0.00351641834722976	0.0292826823407629	-0.0390489026887897	-0.0317117190538906	-0.0116653558734484	-0.00556493896275032	-0.022200291828846	-0.0101987238092689
0.0524606506479562	0.0534699436688356	-0.0321069062777646	-0.0311030223790434	0.0169042778795097	0.0017614403976727	0.0209014626921967	0.00536722381320283	0.00350125548258489	0.0292836797873592	-0.0390572035678868	-0.0317105651450831	-0.0116880512759747	-0.00558146528380696	-0.0221938405566025	-0.0102088798831558
0.0524544466418858	0.0534706240000575	-0.0321233473827955	-0.0310771739835649	0.0168880602919233	0.00175845504280388	0.020892643532025	0.00536410434786729	0.00349216810147978	0.0293120986334501	-0.0390613065099784	-0.0316977701683665	-0.0116955740349679	-0.00557305124900356	-0.0221903215538349	-0.0102140557089812
0.0524286708895768	0.0534598462682779	-0.0321513583095501	-0.0310208517784896	0.0168634915338148	0.00175152181107065	0.0208808152682561	0.00535661232252268	0.00348326791623448	0.0293400341230672	-0.0390687761835785	-0.0316820834347109	-0.0116886715368833	-0.00555436938159101	-0.0222007416577031	-0.0101974078503141
0.0524579349110049	0.0534994144438999	-0.0321519338669698	-0.0309528521839204	0.0168856477005062	0.0017887207017804	0.0208847547632163	0.0053829706171716	0.00343173038145666	0.0293515285076533	-0.0391156422037652	-0.0316922031870131	-0.011735783426259	-0.00557722962823268	-0.0222283404741693	-0.0102287170563599
0.0524216398689616	0.0534848452974672	-0.0321832444699996	-0.0308899278323266	0.0168601485510348	0.00178067826472858	0.0208725325499514	0.00537910795633292	0.00343557907245506	0.0293736609256161	-0.0391141851494235	-0.0316818054348892	-0.0117221893746781	-0.00555529837596994	-0.0222501515858056	-0.0102113902634549
0.052373552884734	0.0534702188746892	-0.032234415994962	-0.0307599161167343	0.0168230362733348	0.00176247556283779	0.0208569002986729	0.00536378862947686	0.00339991965814467	0.0294428535445456	-0.0391310020431581	-0.0316428770779523	-0.0117453765155824	-0.00553545840879779	-0.0222438120722845	-0.0101998874969646
0.0523291343805652	0.0534529577400336	-0.0322626071326562	-0.0306597411860217	0.0168012824380436	0.00174856718985047	0.02084732816411	0.00535258481756864	0.00339068279974851	0.0294764202767814	-0.0391453574510345	-0.0316232131307677	-0.0117412023273054	-0.00551724732500283	-0.0222589274394724	-0.0101906618144407
0.0523246109462811	0.0534575538174872	-0.0322702821629086	-0.0305943260119052	0.0168097230155436	0.001755711366172	0.0208539358985646	0.00535903608981205	0.003367339196633	0.0294708686622523	-0.0391583968999561	-0.0316236238440721	-0.0117587791803514	-0.00552896802100158	-0.0222657531034354	-0.0101986497691154
0.0523344163771768	0.0534649229082373	-0.0322630024791363	-0.0305889462264116	0.0168333194727682	0.00177526215765025	0.0208666694079839	0.00537787162546773	0.00336802511579097	0.0294417597060513	-0.0391715914141049	-0.0316465413670589	-0.0117579591507267	-0.00554138022409442	-0.0222882459432776	-0.0102045799663162
0.0523194337234716	0.0534444640771406	-0.0322528394203293	-0.03062411250536	0.0168360394006716	0.00176669445460373	0.0208659471672412	0.00537082384104417	0.00339665071551808	0.0294318956018264	-0.0391581873523518	-0.0316515774944815	-0.011725869030609	-0.00552638918848505	-0.0223028709690715	-0.0101901030208293
0.0523096310865439	0.0534260113151087	-0.0322484486995278	-0.0306338704387987	0.0168203359032078	0.00173594823312142	0.0208580891320812	0.0053476101574433	0.00340756814570047	0.029427703252757	-0.0391260134131924	-0.0316352732938854	-0.0117273568185993	-0.00553096151721019	-0.0222498428523353	-0.0101811301924145
0.0523723528754536	0.0534658225659517	-0.0322031612712933	-0.0307131939859025	0.0168752569333025	0.00177891107993258	0.0208814271472606	0.00538279459718401	0.00340824149200219	0.02936246130466	-0.0391447413810779	-0.0316754142329591	-0.0117330760712118	-0.00556857670916042	-0.0222693978347657	-0.0102197065093763
0.0523712478610871	0.053448557240344	-0.0321905423145643	-0.030790585504095	0.0168750459887142	0.00176540084739337	0.0208847477782962	0.00537230185014628	0.00343894300999558	0.0293575564937361	-0.0391169232381193	-0.0316823083491395	-0.0117073366404875	-0.00555352141228574	-0.0222690946892315	-0.01020348892179
0.0523907916676452	0.0534396919796994	-0.0321561122461989	-0.0309122600190055	0.0168858055597014	0.00174737137152211	0.0208880642183798	0.0053552782027755	0.0034757870667621	0.0293260042124694	-0.0390827837424319	-0.0316859433015815	-0.0116835236507384	-0.00555970446359569	-0.0222314012661757	-0.0101970655892272
0.0524248180076263	0.0534501595810246	-0.0321246563568302	-0.0310108912823667	0.0169023528355185	0.00175303334778945	0.0209003646627503	0.00536203541452114	0.00349503890365826	0.0292856662986477	-0.0390653423968366	-0.0317036836017589	-0.0116783534128491	-0.00557275089743745	-0.022211635339157	-0.0102061557643003
0.0524471809279538	0.0534597149517792	-0.0320990747853011	-0.0310857808021642	0.0169140539737408	0.00176710377092406	0.0209122222631839	0.00537840806733466	0.00350850582969258	0.0292694724597898	-0.0390693098314774	-0.031722537298207	-0.0116675686961494	-0.00557707595998955	-0.022220766026767	-0.0102145488443433
0.0524385419787219	0.0534532664735039	-0.0321171908741821	-0.0310980407339979	0.0168864607452107	0.00173993522553863	0.0208956707964147	0.00535387702779496	0.00350442663632949	0.0293001949325436	-0.0390428118384256	-0.0316906748864859	-0.011681147380906	-0.00556814643807965	-0.022170396370637	-0.0102039652933437
0.0524555307014919	0.0534713280800078	-0.0321118697620177	-0.0311002968632039	0.0168932123690203	0.00175835445995384	0.02090505992607	0.00536894350054186	0.00349850482103286	0.0292974247132152	-0.0390619435346953	-0.0317100077484557	-0.0116825988473116	-0.00557377768069836	-0.0221934396221864	-0.0102144245127648
0.0524535330143312	0.053480372154608	-0.0321411142256694	-0.0310532771747741	0.0168714780915055	0.00175354045299177	0.0208880865701242	0.00536464358370227	0.00347388716848339	0.029325937157236	-0.039061974268344	-0.0316845574934253	-0.0117111951103741	-0.00557369665562471	-0.0221729738061695	-0.0102126894586014
0.0524393717872348	0.0534812312997855	-0.032151453304464	-0.031004428834251	0.0168747512250842	0.00176886117683186	0.0208920749595255	0.00537862320287504	0.00346035179023168	0.0293437389247106	-0.0390945980363605	-0.031690627389029	-0.0117036751453489	-0.00555855474574027	-0.0222262282343183	-0.0102094386767672
0.0524103913535644	0.0534704898895907	-0.0321789808747448	-0.030925830321858	0.0168550914688517	0.0017536941212349	0.0208799030376855	0.00536555721125688	0.0034389933014206	0.0293811878755615	-0.0390964658040066	-0.0316639966824945	-0.0117259724074271	-0.00555195120223775	-0.0222056995540201	-0.0102064114123775
0.0523790346500617	0.0534641000846446	-0.0322177583574067	-0.0308208637359278	0.0168297920880964	0.00175099235412387	0.0208686405524481	0.00535979325515547	0.00342766376094982	0.0294057775884304	-0.0391080188619219	-0.031650962821509	-0.0117256790407811	-0.00554200188198709	-0.0222163361904128	-0.0102041734439639
0.0523617553546137	0.0534709383214639	-0.0322441795163369	-0.0307094193350577	0.0168254321009436	0.00176639130906955	0.0208611960245605	0.00537326996007799	0.00338906090129147	0.0294431483081756	-0.0391504438698821	-0.031643945770734	-0.0117489709554876	-0.00553359902305592	-0.0222523462477143	-0.0102082875619277
0.0523681256017835	0.0534895126211062	-0.0322532990280746	-0.0306371337934892	0.0168392231272725	0.00179171583553741	0.0208642805652953	0.00539224659112055	0.00335638265089782	0.0294484009681226	-0.0391795458411629	-0.0316511653841931	-0.0117763518424454	-0.0055419585754822	-0.0222911041725998	-0.0102193293236887
0.0523193652712542	0.0534527998808384	-0.0322773383292363	-0.0306050255125791	0.0168077406952072	0.00175596422028115	0.0208528476480064	0.00536105473173317	0.00338089133869306	0.0294688192866825	-0.0391522655370552	-0.0316272825452426	-0.0117535642389732	-0.00551449945741886	-0.0222796936070554	-0.0101898138451354
0.0523440583609412	0.0534728885111676	-0.0322589037279968	-0.0305984820393899	0.0168408156890649	0.00178740753679365	0.0208712598975015	0.00538820651331025	0.00336164089878093	0.0294390635268764	-0.0391777744654148	-0.0316504892439233	-0.0117678302398718	-0.00553860022587779	-0.022302945009225	-0.0102103159827371
0.0523200344266038	0.053445221242484	-0.0322538480427978	-0.0306331677558324	0.0168322815136351	0.00176143900068867	0.0208705041291421	0.00536871998309731	0.00340033595938515	0.0294314904764581	-0.0391494953177268	-0.0316479816575923	-0.0117337843421143	-0.0055210946190172	-0.0222999456845159	-0.0101907093118977
0.0523330445388609	0.0534437027208451	-0.0322354288083826	-0.0306721925046673	0.0168371108874215	0.00174854344112199	0.0208646270173343	0.00535687495552003	0.00341312255419762	0.0294153986174343	-0.0391305172897002	-0.0316468850251299	-0.011733626482919	-0.00553450426870636	-0.0222641814964034	-0.0101950888568269
0.0523710606652273	0.0534565731346992	-0.0322049005164087	-0.030751657147158	0.0168687567666181	0.00177080158764739	0.0208784809079445	0.00537347811069824	0.00343332434023313	0.0293623984403787	-0.0391273922364285	-0.0316818026409212	-0.0117118153712827	-0.00555044525345508	-0.0222820000276864	-0.0102048607601059
0.0523549366755708	0.0534250264413686	-0.0321920566452511	-0.0308367586202036	0.0168554043932741	0.00173701971987125	0.0208713423195591	0.00534787698139274	0.0034724538628702	0.0293723589365016	-0.0390892908940364	-0.031668243513941	-0.0116834593894731	-0.00552825835311512	-0.0222565721244004	-0.0101817797899878
0.0524262121976867	0.0534643836724023	-0.0321364720477429	-0.0309369656815488	0.0169062057174689	0.00176944791012381	0.020898137870209	0.00537623715415444	0.00346887339280526	0.0292917990585326	-0.0390875740006654	-0.0317018870802983	-0.0117017473073897	-0.00558081149528164	-0.0222351633441643	-0.0102206760162921
0.052448516444685	0.0534631738842337	-0.0321132960827108	-0.0310483025146487	0.016916171801528	0.00176206904048551	0.020897598634374	0.00536765129031554	0.00350329228529838	0.0292676563805528	-0.0390609111634983	-0.0317175360953851	-0.011675844429534	-0.00557480166999122	-0.0222273653793175	-0.0102080724263874
0.0524382653758842	0.0534474242862969	-0.0321203732037989	-0.0310951657408673	0.0168887098894965	0.00173516592206549	0.0208864311440505	0.00534606788707588	0.0035275299581921	0.0292827298382199	-0.0390315549411243	-0.0316986851929051	-0.0116547136491196	-0.00556621021821621	-0.0221905436742954	-0.0101950776809547
0.0524574040570741	0.0534631207988406	-0.0321066659965117	-0.0311130862519844	0.0168982820240595	0.00174498392581748	0.0208904153424997	0.00535228725997057	0.00352024887743579	0.0292851941180461	-0.0390446698271835	-0.0317039546166604	-0.011665682767711	-0.00557512297631776	-0.0221941814207055	-0.0102085725466695
0.052476891984271	0.0534848662522276	-0.0321098874416813	-0.0310919442956977	0.0168983686370693	0.00175819101282251	0.0208860092548739	0.00536037579749534	0.00349539094363343	0.029293193248593	-0.0390577260399134	-0.0317035327274838	-0.0116879255474121	-0.00558397706109012	-0.0221950112292184	-0.0102232827884892
0.0524381019287529	0.0534610518654945	-0.0321453470872756	-0.0310519891554998	0.0168621490321635	0.00173580713773454	0.0208689003914774	0.0053422834573428	0.00349980681014738	0.0293365011504592	-0.0390496891907977	-0.0316731664856573	-0.0116786370006069	-0.00555662830476503	-0.0221846050951904	-0.0102045394537794
0.0524608238739757	0.0534967378225014	-0.0321473014679314	-0.0309703480118928	0.0168835522244635	0.00177004023135188	0.020881005258084	0.00537005689681254	0.00344885740564553	0.0293411181826732	-0.0390988504557431	-0.0316888224856642	-0.0117196398788261	-0.00557460888619529	-0.0222215623076632	-0.0102310584015916
0.0524193152875382	0.053471143678116	-0.0321819033653323	-0.0309211532193307	0.016853532434676	0.00174337320323267	0.0208706102999282	0.00534736847920638	0.00345656736049859	0.0293770136872844	-0.0390875418700328	-0.0316631640800135	-0.0117067666710039	-0.00555053745440096	-0.0222186132743792	-0.0102092444959872
0.05239908137087	0.0534811293199514	-0.0322174705786968	-0.0307839861515446	0.0168388864541216	0.00175396234216837	0.0208622675113103	0.00535382254541785	0.00341485341740887	0.0294060877188847	-0.0391168952984387	-0.0316523737753777	-0.0117404563378342	-0.00555166062955983	-0.0222306217490878	-0.0102166261595936
0.0523806509605826	0.053485475337264	-0.0322494014426352	-0.0306753245428591	0.0168269604014707	0.00176099056881554	0.0208522190051936	0.00535816856273038	0.00338124617263629	0.0294410109226121	-0.0391438864268525	-0.0316375894934046	-0.0117622842132788	-0.0055485663099368	-0.0222500579878757	-0.0102196115144624
0.0523338017042043	0.0534538699706042	-0.032264265352698	-0.030625144876557	0.0168123200088525	0.00174652899015295	0.0208451335022013	0.00535139598416042	0.00339662417282154	0.029463787350212	-0.039148133258299	-0.0316326721096244	-0.0117314835094194	-0.00552044781541203	-0.0222823562586136	-0.0101989585025857
0.0523199198739135	0.0534450396345603	-0.0322730733369974	-0.0305857848515552	0.0168073341728549	0.00173624579071948	0.0208422934336714	0.00534234213067199	0.00339434289790307	0.0294618413514604	-0.0391415185389243	-0.0316220117245032	-0.011737944560551	-0.00552608185199879	-0.0222631575071105	-0.0101997869141146
0.05235862611039	0.0534739781587098	-0.0322437995366811	-0.0305933467261012	0.0168510248483449	0.00177468380626247	0.0208641017513396	0.00537405227113393	0.00337522517147364	0.0294183602235747	-0.0391692640387135	-0.0316556580848286	-0.0117517649235445	-0.0055503628313974	-0.0222994860767706	-0.0102263701231921
0.0523502176635227	0.0534569642902272	-0.0322390204543198	-0.0306286890250372	0.0168502383463369	0.00176162619654848	0.0208569226504174	0.00535887124569669	0.00339705863485439	0.0294122316546418	-0.0391428931712083	-0.0316495378978	-0.0117409732219247	-0.00554263331876795	-0.0222856098344159	-0.0102147737587719
0.0523785373237476	0.05346279809553	-0.0322129806720293	-0.0307044837904851	0.0168716513175251	0.00176893521698537	0.0208636952289874	0.00536132993758678	0.00341630348683041	0.0293835767182501	-0.0391349135984377	-0.0316683804183758	-0.0117273833612959	-0.00555515029566292	-0.0222840675640485	-0.0102194676251075
0.052339533529673	0.0534189886763976	-0.0322135171138963	-0.0307722319279292	0.0168441810235895	0.00173006553337759	0.0208611471301195	0.00533651950124139	0.00347048411539008	0.0293801569013485	-0.039092266470017	-0.0316606243630498	-0.0116766896048712	-0.00552544482728181	-0.0222606205841149	-0.010179681519977
0.0524061109945012	0.0534553465827223	-0.0321586966666516	-0.0308675257964463	0.0169034047644919	0.00176599875655755	0.020896521559688	0.00537569372736737	0.00344584411109616	0.0293324498967767	-0.0391119890905308	-0.0316891535708789	-0.0117087280365799	-0.00556850266900691	-0.022256650355506	-0.0102201242076009
0.0524027316901364	0.0534318507083476	-0.0321394336538832	-0.0309796239858418	0.0168926046809679	0.00174013359727068	0.02089799258387	0.00536279257986457	0.00350214396442699	0.0292962582315514	-0.0390621488913475	-0.0316937622211888	-0.0116682532183234	-0.00556332125524536	-0.0222197071128735	-0.0102002576977322
0.0524432945183867	0.0534555379695342	-0.0321116336717169	-0.0310558713741149	0.0169127827182749	0.00175322613158537	0.0209046031122927	0.00536929134956495	0.00350090903054583	0.0292692740880578	-0.0390579970548149	-0.0317076035389428	-0.0116771995040416	-0.00558228112247958	-0.0222006466627892	-0.0102156859893425
0.052436190854602	0.0534470484975932	-0.0321169938994341	-0.0310966591167938	0.0169010075398991	0.0017420544503098	0.0209004722305205	0.00535727030200008	0.00351615711121644	0.0292868914536406	-0.0390451406108011	-0.0316996197752201	-0.0116611914640595	-0.00556991641684371	-0.022191210035677	-0.0102063611209525
0.0524810326449314	0.053484737729697	-0.0320995776995513	-0.0311061544172352	0.0169257998154521	0.00177489335386674	0.0209080983663319	0.00537698873156174	0.00348976389196681	0.0292722105484856	-0.0390688069172271	-0.0317163570408651	-0.0116878752559871	-0.00559521440061503	-0.0222077908391107	-0.0102317485117016
0.0524542873857066	0.0534686542525773	-0.0321284687262438	-0.0310861845305484	0.0168890409747113	0.00174982447547608	0.0208872539676433	0.00535435619331672	0.00349958608667088	0.029311849970293	-0.0390565036788885	-0.031694263738455	-0.0116794612211837	-0.00556789079000244	-0.0221951970280942	-0.0102068835929791
0.0524334164443214	0.0534609931921653	-0.0321525136153416	-0.0310321100727749	0.0168727521409395	0.00174236458076412	0.0208763519042852	0.00534962321142831	0.00348696293898975	0.029341449267888	-0.0390659752306015	-0.03167369454562	-0.011683255429805	-0.00555559174261591	-0.0221948338122468	-0.0102059392317759
0.0524365959799702	0.053476689704709	-0.0321634827339331	-0.0309541863036676	0.0168758422696104	0.0017571893752741	0.0208853428934923	0.00536791252632886	0.00344378495663821	0.02936727112067	-0.0390979996924698	-0.0316711185070716	-0.0117185655981082	-0.00556926542228645	-0.0222092898029733	-0.0102267207661832
0.0524067843408029	0.0534675981326518	-0.0321955742510348	-0.0308741838223259	0.016848377563611	0.00174861189333938	0.0208704845713657	0.00535864214031602	0.00344068365209503	0.0293836158338029	-0.0391005422034016	-0.0316571207271064	-0.0117161907252599	-0.0055545747382432	-0.0222133745842725	-0.0102132370763406
0.0523634261475117	0.0534570970037099	-0.0322352220547464	-0.0307540837084155	0.0168210902745831	0.00174394456970031	0.020855378983066	0.00535750639230089	0.00341455865377887	0.0294420474847612	-0.0391285223965076	-0.0316369329109112	-0.0117236743687003	-0.00552884368942305	-0.0222422264954122	-0.0102055438852959
0.0523760842197936	0.0534862283116553	-0.0322469273839208	-0.0306535832804243	0.0168410573673019	0.00177665215675856	0.0208635220029678	0.0053799321769097	0.00336009443746143	0.0294471283156727	-0.0391690614760293	-0.0316405022051039	-0.0117689520180466	-0.00555080846930248	-0.0222728637521403	-0.0102280004035533
0.0523388713592436	0.0534587608116878	-0.0322530042644446	-0.0306287029948775	0.0168367686263345	0.00176514380233214	0.0208575121776774	0.00537099427309564	0.00337813508920492	0.029460989191203	-0.0391670246733158	-0.0316378842570346	-0.0117398249010533	-0.00552753750935644	-0.0223045110283209	-0.0102086857023759
0.0523272219094303	0.0534501064956315	-0.0322697052085048	-0.0305968559499807	0.016824225106743	0.00175450018101933	0.0208493048965102	0.00536180351517242	0.00337556044764047	0.0294593756746502	-0.0391511367739602	-0.0316236950902575	-0.0117524354758782	-0.00553026861313208	-0.0222724628177241	-0.0102055382973597
0.052316997383326	0.0534365739113479	-0.0322605731239108	-0.0306126684121988	0.0168268528337005	0.0017491036317174	0.0208521337891679	0.00535730103564871	0.00340036110509766	0.0294435855641765	-0.0391435916632225	-0.0316338972646174	-0.0117294229579774	-0.00552475751113981	-0.0222832014339508	-0.0101947968871649
0.0523434143513041	0.0534518373588428	-0.0322296411035527	-0.0306482551833397	0.0168534933191232	0.00176454589316796	0.0208639774197611	0.00536798237553029	0.00340183352626366	0.0294067247436016	-0.0391480201025927	-0.0316556930094293	-0.0117319291473245	-0.00554302168032786	-0.02228767457681	-0.010209574184218
0.0523333309205867	0.053429415765186	-0.0322241677201292	-0.0307102617164268	0.0168399230162708	0.00173935268319877	0.020858766669335	0.00534855591563057	0.00343520188676737	0.0293941379175053	-0.0391078344600301	-0.0316450787247811	-0.0117107648392933	-0.0055357825090924	-0.0222487629836813	-0.0101960318210461
0.0523749652355868	0.0534542415683557	-0.0321931281320009	-0.0307719818677881	0.0168734436480336	0.00176326206484581	0.0208763728590456	0.00537311349786681	0.00343566428848079	0.029352690798365	-0.0391175868055328	-0.0316724889484035	-0.0117122246876031	-0.00555912471522388	-0.0222588282536064	-0.0102183905504215
0.0523935451231653	0.0534434959672089	-0.0321577620843365	-0.0308984200982356	0.0168926493844568	0.00174851550144142	0.0208865931941978	0.00536111619903042	0.00347232673732361	0.0293243990778207	-0.0390870263829263	-0.0316821393140721	-0.0116861793173765	-0.00556276246163398	-0.0222397789793943	-0.0102085725466695
0.0524373810849942	0.053462700306648	-0.0321171447737092	-0.0310070006818474	0.0169213755670339	0.00176202014604451	0.0209049928708366	0.00537091045405393	0.0034896311784841	0.0292711837652247	-0.039072135930167	-0.031710857114745	-0.011679134326921	-0.00558394772442553	-0.0222282636400477	-0.0102217111814572
0.0524582897449481	0.0534740647717195	-0.0321025840091805	-0.0310759907380928	0.0169241793139791	0.00176310280866656	0.0209092047776824	0.0053733342213433	0.00349826873073205	0.0292561731718389	-0.03905873745635	-0.0317160776440594	-0.011681046798056	-0.00559131402120758	-0.0222059244684487	-0.010224942405515
0.0524604844068568	0.0534732419481268	-0.0321062008008302	-0.031117583143572	0.0169179697199726	0.00175673675244889	0.020908449009323	0.00536962802271581	0.00350732537818853	0.0292712871420428	-0.0390524077217171	-0.031713212429817	-0.0116734653657335	-0.00558002219930556	-0.0222050709112073	-0.0102171598074925
0.0524488740725963	0.0534690523930254	-0.0321158218298342	-0.0311130331665913	0.0168977539640968	0.00174367355479878	0.0208989173872968	0.00535911292393361	0.00351227768656941	0.0292920197820091	-0.0390477236342697	-0.0316994758858652	-0.0116746821388223	-0.00557229827461223	-0.0221881380677984	-0.010210508766533
0.0524616536824886	0.0534898339274328	-0.0321272044556981	-0.0310743031813864	0.016895848477882	0.00175759310365833	0.0208957602033925	0.00537014909775842	0.00348169491221844	0.0293060957930798	-0.0390675775712821	-0.0316961510638775	-0.0116995205148483	-0.00558164689173066	-0.0221904682371579	-0.0102217572819301
0.0524376828335444	0.0534834091978859	-0.0321522928918651	-0.0310151255409569	0.0168740904516387	0.0017546999497354	0.0208845522005322	0.00536408199612283	0.00347321382218168	0.0293331316249826	-0.0390774221177306	-0.0316831074240038	-0.0116953281657789	-0.00556113776920888	-0.0222097228680221	-0.0102107252990574
0.0524100840170782	0.0534740941083841	-0.0321778800513303	-0.0309377158619721	0.0168506937631302	0.00173673473512944	0.0208688668638607	0.00535022950249666	0.00345138175578496	0.0293745326436499	-0.0390817974717078	-0.0316537763473423	-0.0117137180635295	-0.00555297379454658	-0.0221955462741013	-0.0102032095249843
0.0524217558186359	0.0535048319479623	-0.0321908845756512	-0.0308347818878033	0.0168638184280775	0.00177898372310206	0.0208817233078746	0.00538440951072091	0.00340757652760464	0.0293662666891535	-0.0391249992027878	-0.0316756768659564	-0.0117451180735371	-0.00557364496721566	-0.0222349258568795	-0.0102293345233005
0.0523819627285853	0.0534915033233468	-0.0322364891192602	-0.0307217337492685	0.0168370340532999	0.00176641505779803	0.0208638796308791	0.00537494773789617	0.00338206620226099	0.0294235248735279	-0.0391426864175721	-0.0316455089958619	-0.0117610618522539	-0.00554801450124556	-0.022250757876874	-0.0102150810952581
0.0523691901036131	0.0534919629310921	-0.03225572139838	-0.0306361586986373	0.0168342973615882	0.00177007096500051	0.0208636463345464	0.00537813425846508	0.0033576483184276	0.0294432963884826	-0.0391631480426369	-0.0316356169519564	-0.0117777683842502	-0.00554927597782326	-0.0222649833652357	-0.0102255738422959
0.052342183608375	0.0534723101597798	-0.0322579845125061	-0.0306166959171529	0.0168304696253502	0.00176011885078178	0.0208580081070075	0.00536994793205833	0.00337885453597957	0.0294445648499805	-0.0391623489677726	-0.0316373436242156	-0.0117487614078833	-0.00553186955682869	-0.0222925710058297	-0.0102088826771239
0.0523389272386047	0.0534692326039651	-0.0322655324172118	-0.0305967735279231	0.0168308789416705	0.0017593882281349	0.0208568751529604	0.0053679879634664	0.0033731171225747	0.0294380898290086	-0.0391536024507704	-0.0316371354735953	-0.0117581421556344	-0.00553814341210049	-0.0222751296602344	-0.0102100379829154
0.0523406916294326	0.0534638667883118	-0.032245216078486	-0.0306301237276344	0.0168504576728293	0.00176640527890983	0.0208672896688926	0.00537636847065311	0.00339113123162165	0.0294152002457023	-0.0391558390222	-0.031654794748699	-0.0117393010320426	-0.0055368037044172	-0.02230112613602	-0.0102082065368541
0.0523392122233465	0.0534518150070983	-0.0322307810425199	-0.0306759489947199	0.0168472571824202	0.00175039723892775	0.0208648491377949	0.00536208151499409	0.00341131066591271	0.0294060318395235	-0.0391302728174952	-0.0316503062390156	-0.0117332031967584	-0.00553922188377046	-0.022271626024291	-0.0102015946114474
0.0523589516076686	0.0534525777603779	-0.0322086276697967	-0.0307437390416848	0.0168637332120518	0.00175525036144261	0.0208737479260561	0.00536910275672111	0.00343154178861282	0.0293623369730815	-0.0391148249681085	-0.0316663967010554	-0.0117174424229494	-0.00555162430797509	-0.0222581004249275	-0.0102064868495151
0.0523755799085593	0.053450229430226	-0.0321847127002135	-0.0308206751430839	0.0168784839664082	0.00175681358657045	0.0208826425233653	0.00536816258646996	0.00344767835112552	0.0293471140381234	-0.0391059750742883	-0.031677618673756	-0.0117047480290828	-0.0055527879956708	-0.0222562242753773	-0.0102039624993756
0.052406788531755	0.0534497209280397	-0.0321496595769715	-0.0309437159083743	0.0168947169208189	0.00175038187210344	0.0208914770503613	0.00536624592438291	0.00348282088134538	0.0293017902883041	-0.0390760852040154	-0.031690286524926	-0.0116818766065689	-0.00556869684978686	-0.0222276755097718	-0.0102059462166961
0.052444783703361	0.0534619445382887	-0.0321149948152894	-0.0310390041889553	0.0169157471183833	0.00176354425561956	0.0209011972652313	0.0053750720694747	0.00350170531144205	0.0292653541508739	-0.0390679966664906	-0.0317136245401054	-0.0116780349004906	-0.00558157424856118	-0.0222194081582914	-0.0102147108944906
0.0524630227268365	0.0534704158494372	-0.0321054729721514	-0.0311041148205536	0.0169147412898828	0.0017637230695752	0.0208990067942747	0.00537663669158657	0.00351379760519237	0.0292635883630619	-0.03905530087564	-0.0317167314325847	-0.0116712846736651	-0.00558083664099415	-0.0222133061320551	-0.0102178848422032
0.0524521444122069	0.0534625550203091	-0.0321134232082573	-0.0311262360626443	0.0168944528908375	0.00174336761529656	0.0208879943691783	0.00536010338560979	0.00351686677910289	0.0292880481564162	-0.0390395582626233	-0.0316959596770656	-0.0116693777904663	-0.00556634572566697	-0.022188756931723	-0.0102058749705106
0.0524482831483523	0.0534664721635249	-0.03212926500714	-0.0310936416312923	0.0168805780454669	0.0017361535897736	0.0208853400995243	0.00535266584264229	0.00350133790464257	0.0293096455294961	-0.0390422125322774	-0.0316819618971004	-0.0116884829440395	-0.00556846355345411	-0.0221643879423306	-0.0102120608157886
0.0524848743510096	0.0535069972732064	-0.0321264696420991	-0.0310623924955598	0.0169137941347115	0.00178034438554578	0.0209061062671073	0.00538921234181074	0.0034611285133515	0.0293006615252091	-0.0390897085922609	-0.0317090284626518	-0.011715951840991	-0.00559009864510282	-0.0222090229790238	-0.0102404461342628
0.0524432065083929	0.0534870106227113	-0.0321621919206908	-0.0309968613717689	0.0168791447398537	0.00175841313328303	0.0208880642183798	0.00537056679598293	0.00345741393281983	0.0293489147505361	-0.0390843930680326	-0.0316817411736239	-0.011715263127865	-0.00556030796069598	-0.0222128940217667	-0.0102190820575156
0.0524359128547803	0.0534916080971489	-0.032178158051152	-0.0309369433298043	0.0168800318247118	0.00176759271533402	0.0208846150648135	0.00537641596811008	0.00343552459007794	0.0293679291001474	-0.0391080481985865	-0.0316776354375643	-0.011726602447224	-0.00556375711426224	-0.0222238310097255	-0.0102246546268051
0.0523854677615127	0.0534749588414978	-0.0322233951879615	-0.0308178727931229	0.0168403155687828	0.00175626317486324	0.0208698210039521	0.00536622636660651	0.00341876357570452	0.0294145129295603	-0.0391173884338008	-0.031653760980518	-0.0117324334585587	-0.00553954738104909	-0.0222315395675945	-0.0102103914198746
0.0523447177374026	0.0534656353700918	-0.0322623123690262	-0.0306939351640862	0.0168159493733584	0.00174273757549972	0.0208532555673427	0.00535578530797783	0.00338722247031003	0.0294629910693158	-0.0391326574692318	-0.0316256229282168	-0.011753849223715	-0.0055261167765995	-0.0222281448964053	-0.0102056556440181
0.052366730014739	0.0534969236213772	-0.032255231056986	-0.0306270182321391	0.0168496739647894	0.00178120073675522	0.0208701269434544	0.00538964400987554	0.00335109786031816	0.0294428926600984	-0.0391817460910077	-0.031649834058414	-0.0117764957318003	-0.0055478692149066	-0.0222825085298727	-0.0102275868962809
0.0523267972262856	0.0534643222051051	-0.0322687664352377	-0.0306047908192624	0.0168304388917016	0.00175588598917556	0.0208584914634814	0.00536672089895259	0.00337947200292015	0.0294507479012904	-0.0391587810705639	-0.0316369273229751	-0.0117493062316544	-0.00552644646483022	-0.0222834822277406	-0.0102043760066481
0.0523568477497217	0.0534861025830928	-0.0322523281241748	-0.0306092737410097	0.0168593941796594	0.00178439424224427	0.020872024047765	0.00538966356765194	0.00336005811587669	0.0294240249938101	-0.0391748198441946	-0.0316560059338517	-0.0117690330431203	-0.00554863196818614	-0.0222945589141022	-0.0102278579111824
0.0523163799163854	0.0534431760578663	-0.0322553567855485	-0.030647484048156	0.0168353772302422	0.00174654156300921	0.0208591829705754	0.00536135508329929	0.0034088407981504	0.0294298029197518	-0.0391392693946385	-0.0316403038333719	-0.0117231560876258	-0.00551900473091062	-0.0222828801276243	-0.0101932015314044
0.0523476975043353	0.0534576627822414	-0.0322260508545996	-0.0307006784059916	0.0168598551843888	0.00175704967687126	0.0208732897152948	0.00537190790065025	0.0034128222026315	0.029396188690059	-0.0391364279291246	-0.0316585624146238	-0.0117294564855941	-0.00554285124827639	-0.0222690863073273	-0.0102133600109351
0.0523692403950382	0.0534611231116799	-0.0322058043650752	-0.0307667543535536	0.0168763018773558	0.00176527092787873	0.0208812427453688	0.00537659757603378	0.00343273341598909	0.0293559066555985	-0.0391218140792029	-0.0316775432366184	-0.0117126521647158	-0.00555121499165476	-0.0222706998238802	-0.010211933690242
0.0524012858116669	0.053467508725674	-0.0321742730385689	-0.0308689311623789	0.0168978196223461	0.00176477220458057	0.0208848567430504	0.00537457893411266	0.00344937848068815	0.0293367665774246	-0.0391082312034942	-0.0316865132710651	-0.0117084346699339	-0.00555750281676684	-0.0222595756400616	-0.010213505297274
0.0524163774301264	0.0534598686200224	-0.0321442951583022	-0.0309941637956099	0.0169078373948142	0.00175717680241785	0.0208919911404838	0.00536968809302903	0.00349721540477459	0.029292357852144	-0.039071301930702	-0.031699808368064	-0.0116734276471648	-0.0055604267043384	-0.0222416006465674	-0.0102074884870635
0.0524410593439411	0.0534619752719373	-0.0321183838985424	-0.0310819335081498	0.0169219469335016	0.00176125040784483	0.0209010268331798	0.00537715916361322	0.00351183903358448	0.0292689835153798	-0.0390558065838583	-0.0317145996349573	-0.011666761239381	-0.00557329572120854	-0.0222229984072445	-0.0102114615096404
0.0524572867104157	0.0534732852546317	-0.0321129971281287	-0.0311107896102416	0.0169198682212672	0.00176303854740125	0.020902166772147	0.00537736032931331	0.00350394886779175	0.0292712857450587	-0.0390507550896114	-0.0317128561988898	-0.011680261693032	-0.0055809176660678	-0.0221988808749772	-0.0102207821870783
0.0524698889033364	0.0534845239911406	-0.0321115931591801	-0.0311169852344078	0.0169133373209342	0.00176207323143759	0.0208969993282258	0.00537335517610373	0.00349831203723693	0.0292797975687441	-0.0390535979521093	-0.031710021718296	-0.0116889160090883	-0.00558270999657631	-0.02219126312107	-0.0102232003664315
0.0524628159732003	0.0534847153779525	-0.0321230917347183	-0.0310991583212207	0.0169037162919302	0.0017642092200171	0.0208905075434455	0.00537600525480571	0.00349539653156954	0.0292990549935764	-0.0390628166497131	-0.0317057846657377	-0.0116862659303863	-0.005572974414882	-0.0222068297140991	-0.0102194997557401
0.0524437136135952	0.0534823097714555	-0.0321565886177526	-0.0310366544618195	0.0168782883886443	0.00175000189244769	0.0208809717304673	0.00536456954354876	0.00347195793354009	0.0293313839979629	-0.0390635905788649	-0.0316804741091101	-0.0117076258161814	-0.00556141018109443	-0.0221833967040058	-0.010213456402833
0.0524377387129055	0.0534925622372403	-0.0321641728440431	-0.0309734283616755	0.0168878926538399	0.00176778689611398	0.0208990696585559	0.00538821070426234	0.00344519591050695	0.0293513818243303	-0.0391017296398258	-0.0316887512394787	-0.0117192780599628	-0.00556463581721614	-0.0222308340906601	-0.0102270085448931
0.0524053007437647	0.05347919030612	-0.0322008129411415	-0.0308931464835282	0.01685275012362	0.00175126336902539	0.0208808250471443	0.00537144130798474	0.00343399209859873	0.0293773042599624	-0.0390958567189702	-0.0316628511555911	-0.0117273302759028	-0.00555534307945885	-0.0222048669515392	-0.0102118596500885
0.0523897327537516	0.0534891927117637	-0.032230194309228	-0.0307767497742772	0.0168487826889792	0.00177105583874057	0.0208718508217455	0.00538560113809718	0.00339877692520939	0.0294145757938416	-0.0391376656569738	-0.0316641140291529	-0.0117462957310731	-0.00554661472324905	-0.0222515485698341	-0.0102163858783407
0.0523600133155302	0.0534822049976534	-0.0322602713753607	-0.0306784160685141	0.0168316472828862	0.00176630329907576	0.0208595880959437	0.00537990982516525	0.0033755618446245	0.0294512857401414	-0.0391526552955991	-0.0316401445771926	-0.011758759622575	-0.00553551987609505	-0.0222669405398596	-0.0102138070458242
0.052342672552785	0.0534734696565234	-0.0322709513182582	-0.0306206549698895	0.0168282763604255	0.00176306648708182	0.0208518362315698	0.00537886348412794	0.00337020161690731	0.029456766108485	-0.0391572779157493	-0.0316354912233938	-0.0117607894403683	-0.00553164883335219	-0.0222805038577919	-0.0102078349391025
0.052333543262159	0.0534683636798994	-0.0322700446756237	-0.030603789181714	0.0168347709391738	0.00176938225187448	0.0208542180893383	0.00538251939133041	0.0033739469310876	0.0294430770619901	-0.0391600146074611	-0.0316411336418848	-0.0117549654139537	-0.00553259738550752	-0.0222888284856175	-0.010208448215091
0.0523373779833171	0.0534652470085319	-0.0322617172538301	-0.0306103033182387	0.01684381361679	0.00176733846424084	0.0208625231593875	0.00538043090020787	0.00337733461735661	0.0294238000793815	-0.039154905836869	-0.0316450996795416	-0.0117540811230637	-0.00553756925166479	-0.0222857984272597	-0.0102083909387458
0.0523216088276039	0.0534448957452054	-0.0322468198161506	-0.0306509499655306	0.0168365381239698	0.00175161401201654	0.0208654177102944	0.00537282013122083	0.00340988993315577	0.0294115401475477	-0.0391362980096099	-0.0316496259077938	-0.0117240739061324	-0.00552825975009916	-0.0222873742252438	-0.010190923050454
0.052367024778369	0.0534643389689134	-0.0322145243393808	-0.0307263004900575	0.0168751367926761	0.00177812038697247	0.02088660437007	0.00539436441890769	0.00341002124965444	0.0293637940274231	-0.0391384912745346	-0.0316759814084746	-0.0117299105054033	-0.00555763273628149	-0.0222819902487982	-0.0102145739900558
0.0523661712211277	0.0534503425859323	-0.0322054760738285	-0.0307883307718731	0.0168722045232003	0.00176553216389205	0.0208876507111073	0.00538322905921686	0.00343809084973822	0.0293476518769743	-0.0391137744361191	-0.0316825570122966	-0.0117103122164681	-0.00554724336606185	-0.0222709079745004	-0.0101922711400415
0.0523836251395792	0.0534404379691706	-0.0321660950940663	-0.0309023051108188	0.016884361078216	0.00175287828256229	0.0208933029084865	0.00537193863429888	0.00347125804454184	0.0293218775216493	-0.0390862398809183	-0.0316843702975655	-0.0116868680305026	-0.00555214119206562	-0.0222475531955127	-0.0101941067770549
0.0524240720181551	0.0534562308736123	-0.0321323313870825	-0.0310065410741021	0.0169064348228496	0.0017562659688313	0.0209066371210381	0.0053804672217926	0.00348510634721593	0.0292801593876075	-0.0390650378543184	-0.0317020603063178	-0.011690767012926	-0.00557515091599833	-0.0222137671367845	-0.0102097180735729
0.0524557947314733	0.0534689546041434	-0.0321086776535127	-0.0310851018679263	0.0169234724400607	0.00177218599881959	0.0209178409329463	0.00539046403950024	0.00349803124344721	0.0292538346205753	-0.0390617018564584	-0.0317246299802816	-0.0116810831196407	-0.00558158263046535	-0.022222188156508	-0.010215613346173
0.0524352031868938	0.0534515146555322	-0.0321209990526437	-0.0311174057266004	0.0168970917936673	0.00174316784658049	0.0209017420890024	0.00536634091929685	0.00351364952488536	0.0292886083470116	-0.0390384839819055	-0.031702753210396	-0.0116665824254253	-0.00555764950008983	-0.0221997749447554	-0.010193669521054
0.0524597328294495	0.0534768936643772	-0.0321206092940997	-0.0310968323428133	0.0168998731888679	0.00175448760816307	0.0208975720916774	0.00537359266338857	0.00349025702732885	0.0292897133613781	-0.0390511476421234	-0.031701134105907	-0.0116982674201748	-0.00557527524757687	-0.0221850800697601	-0.0102137763121756
0.0524741469106551	0.0534978344549637	-0.0321268482247708	-0.0310757350900155	0.0169020161623676	0.00177384142489331	0.020897010504098	0.00538800674459418	0.00347105408487368	0.0293026298757052	-0.0390751562096365	-0.0317085129755453	-0.011709915473004	-0.00557903313461341	-0.0222090886372732	-0.0102222504172922
0.0524390658477325	0.0534823558719284	-0.0321640750551611	-0.0310177658407707	0.0168653704773331	0.00175644059183485	0.0208832530053858	0.00537831726337281	0.00346856186536692	0.0293417342526298	-0.039074005094797	-0.0316829537557606	-0.011705545706963	-0.00555515029566292	-0.0222136148655254	-0.0102019885609434
0.0524198908449579	0.0534762342879157	-0.0321785561916001	-0.0309659069996663	0.0168628028206888	0.00176178545272773	0.0208810206249083	0.00538446678706608	0.00345526537138407	0.0293692743957668	-0.0390971810598291	-0.0316779665227791	-0.0117050958781059	-0.00554341283585583	-0.0222418199730599	-0.0102008011245192
0.0524200473071691	0.053496619078859	-0.0322080157907922	-0.0308449617104187	0.016850442306005	0.00177081555748767	0.0208702917875697	0.00538799836269001	0.00340765615569426	0.0293781480383155	-0.0391086251529902	-0.0316639072755167	-0.0117577118845537	-0.00556306001923204	-0.0222206752228052	-0.0102150615374817
0.0523781000677466	0.0534838632176951	-0.0322428775272223	-0.030739923878303	0.0168368817820408	0.00177270008894206	0.0208624756619305	0.00538979348716658	0.00339011702121699	0.0294314192302727	-0.039148180755756	-0.0316536855433804	-0.0117525863501532	-0.00553522511246504	-0.0222704902762759	-0.0102023811134554
0.0523481291724001	0.0534721760493131	-0.032265002960265	-0.0306478095454347	0.0168275191950821	0.00176787490610777	0.0208559517465176	0.00538539298747694	0.00336951150679725	0.0294569477164087	-0.0391579456741149	-0.0316347284701143	-0.0117649217191245	-0.00553236129520671	-0.0222763659910996	-0.0102043676247439
0.0523404303934193	0.0534682547151452	-0.0322676278932545	-0.0306054851203245	0.0168315550819403	0.00176558524928513	0.0208584677147529	0.00538462324927726	0.0033642267162176	0.0294519982019959	-0.0391622246361941	-0.0316356323187807	-0.0117684630736367	-0.00553505328342954	-0.0222822095752906	-0.010208445421123
0.0523338031011883	0.0534614486089586	-0.0322675720138934	-0.0305967567641147	0.0168376235805599	0.00177270427989415	0.020860289381926	0.00538863538740699	0.00337114458112652	0.0294370560608275	-0.0391632863440557	-0.0316451876895353	-0.011760673490694	-0.00553262811915614	-0.0222941342309575	-0.0102024663294812
0.0523214314106323	0.0534472440753572	-0.0322627328612188	-0.030610223690149	0.0168350866575642	0.00176265717076149	0.020861172275832	0.00537972821724155	0.00338474561762757	0.0294257349022609	-0.0391497300110436	-0.0316424943043285	-0.011748547669327	-0.00552872773974869	-0.0222813155055124	-0.0101940285459493
0.0523313234545378	0.053447480165658	-0.0322399885642515	-0.0306508242369681	0.0168429893962132	0.00175735002843738	0.0208610060347326	0.00537746091216337	0.00340243842034798	0.0294041780417178	-0.0391367981298921	-0.0316520482780991	-0.0117383203492546	-0.00553551009720685	-0.0222743962436195	-0.0101963405545164
0.0523598666322072	0.0534555267936619	-0.0322058798022127	-0.0307377948746437	0.0168720019605162	0.00177538788621281	0.020876048758751	0.00539248128443733	0.00342505838573675	0.0293575746545285	-0.0391332218507793	-0.0316807032144908	-0.0117159239013104	-0.00554666361769005	-0.0222908247757941	-0.0102029343191307
0.0523999698527121	0.0534756699063682	-0.0321837473842499	-0.0308020519490006	0.0168950284482573	0.0017854950656587	0.0208840772259625	0.00539811811499216	0.00341556308529533	0.029336836426626	-0.0391244334242563	-0.0316880527474645	-0.0117404172222814	-0.00556782652873714	-0.0222658089827966	-0.0102184198870861
0.052374092120569	0.0534232159500677	-0.0321645192960822	-0.030950819572159	0.016878717262741	0.00174263000772953	0.0208790536713962	0.00536481960368986	0.00350553444466405	0.0293192288399313	-0.0390689731583265	-0.0316845155839045	-0.0116548938600592	-0.00553744492008626	-0.0222507159673531	-0.010175409542818
0.0524395086916695	0.0534663031284574	-0.032120426289192	-0.0310297282150064	0.0169184293277179	0.00177333431969098	0.0209025383698986	0.0053931769824835	0.0034865284769569	0.0292613531886164	-0.0390709023932698	-0.0317154350314063	-0.0116899260285409	-0.00558365296079552	-0.0222224032920484	-0.0102086982752321
0.052439729415146	0.0534624781861875	-0.032125972315785	-0.0310701653146941	0.0168972594317507	0.00175621008947015	0.0208895939158909	0.00537408579875061	0.0035065528460208	0.0292691288017188	-0.0390449771636697	-0.031707122976437	-0.0116807646072822	-0.00557408920813671	-0.022195628696159	-0.0101963182027719
0.0524512279906843	0.0534682770668896	-0.0321168206734146	-0.0310954130070404	0.016901203117663	0.0017599973131713	0.020887435575567	0.00537427439159445	0.00350162288938437	0.0292801803423679	-0.0390501753412396	-0.0317053921132257	-0.0116820735813169	-0.00557247010364773	-0.0222004245423287	-0.0102014493251084
0.0524509360210223	0.0534703320303955	-0.0321219853233678	-0.0310970460813697	0.0168928868717416	0.00176015237839846	0.0208867859779937	0.00537610583765576	0.00350001216679956	0.0292995355560822	-0.0390521213399913	-0.0317020631002859	-0.0116807785771225	-0.00556972223606375	-0.0222031975556252	-0.0102098326262632
0.0524657189060114	0.0534902781683538	-0.03213279518578	-0.0310643147455829	0.0169002489775716	0.00178432299605882	0.0208882919267764	0.00539696839713673	0.00346765522273245	0.0293070541241233	-0.0390783539060776	-0.03170540748005	-0.011706474701342	-0.00557565941818469	-0.0222187236361174	-0.0102188096456301
0.0524278396840798	0.0534731413652767	-0.0321658464309092	-0.0310005382337318	0.01686462728183	0.0017621570504793	0.0208730773737225	0.00537520478295741	0.00346466707389558	0.0293491270921084	-0.0390787492525577	-0.0316772820006051	-0.0116998963035519	-0.00554697514512839	-0.0222244610495223	-0.0101960932883433
0.0524247733041374	0.0534801109185947	-0.0321780770260783	-0.0309329060459621	0.0168613597361874	0.00176767374040767	0.0208700556972689	0.00537835218797352	0.00343862310065306	0.0293683677531323	-0.0390963219146516	-0.0316678090519081	-0.0117247332825939	-0.00555739524899665	-0.0222262980835197	-0.0102057757846446
0.0524065608233584	0.0534893240282624	-0.0322121592454206	-0.030819109123988	0.0168498974822339	0.00178151366117759	0.0208651201526964	0.00539284030933265	0.00341187225349214	0.0293860521739485	-0.0391229162996014	-0.0316669107911778	-0.0117418281761501	-0.00555441827603201	-0.0222540100556922	-0.0102118289164399
0.052348369453653	0.0534626039147501	-0.032262348690611	-0.0307015487270413	0.0168061900429356	0.0017482444865399	0.0208447926380983	0.00536663428594282	0.00339091889004932	0.0294538128842488	-0.0391218978982446	-0.031623424075356	-0.0117519632952766	-0.00552686835400681	-0.022245213247265	-0.0101883023084166
0.052331382127867	0.0534610169408938	-0.0322719599407267	-0.0306234964354034	0.0168164271418961	0.00175910743434518	0.0208483242137223	0.00537877128318206	0.00337545148288625	0.0294586408610512	-0.0391521398084926	-0.0316245193108343	-0.0117553384086893	-0.00553151751685352	-0.0222738011284234	-0.0101963489364206
