0.0526965802956021	0.0536596499089479	-0.0314862584045539	-0.0312997554488189	0.0167859100257945	0.00139993026777271	0.0209652392040478	0.00505410521004858	0.00356143336357872	0.0292789258507104	-0.0392229794715916	-0.032038592361789	-0.0119997840709727	-0.00556798019698026	-0.0219375931732468	-0.00984883099854958
0.0526840158212502	0.0536506840654533	-0.0314954477654931	-0.0313282567169674	0.016764874240294	0.00137766513632716	0.0209508865901395	0.00503561752341598	0.0035708630057708	0.0293036217343654	-0.0392048997042954	-0.0320200655596036	-0.0119931260450931	-0.00555142034830694	-0.0219139478215811	-0.00983106415567567
0.0527135382847236	0.0536865991278409	-0.0314781517062368	-0.0313299819922426	0.0167878699943864	0.00140779109690083	0.0209636675970158	0.00505928382984207	0.00354618248894006	0.0292932016304972	-0.0392315471746382	-0.0320336149076956	-0.012018946500891	-0.00557876072272786	-0.0219247032016162	-0.00986242784409855
0.0526964350092632	0.0536766037071173	-0.0315090236562817	-0.0312927705286766	0.0167556122361853	0.00138632923127165	0.0209452232168881	0.00504318638288216	0.0035399645130294	0.0293258309864498	-0.0392211354526741	-0.0320038912785222	-0.0120288078111479	-0.00556204580882738	-0.0219009027847234	-0.00985060796223378
0.0526771272930059	0.0536676895520317	-0.0315294489597617	-0.0312439501278341	0.0167413336624305	0.00139111669553717	0.0209426569572278	0.0050505666495045	0.00353737590162467	0.0293481869218572	-0.0392398173200866	-0.0320053399509597	-0.012013939710133	-0.00554384729788867	-0.0219384048209673	-0.00984130544558829
0.052682536415164	0.0536792230521706	-0.0315460339541476	-0.0311639979379175	0.0167352986914275	0.00139668227990654	0.020937560759492	0.0050499631524042	0.00349202421212485	0.0293778700384939	-0.0392577434191398	-0.0319896713780965	-0.0120547539955084	-0.00555334678928218	-0.0219339568238207	-0.00985165430327109
0.0526801880850122	0.0536919621495261	-0.0315700411246766	-0.0310680209442104	0.016729821117052	0.00141147773775193	0.0209325302200055	0.00506241167708178	0.00346698886135088	0.0293813778653893	-0.0392787331041674	-0.0319891586849581	-0.0120772859509034	-0.0055619536078815	-0.0219484645029562	-0.00986309979341624
0.0526061311676957	0.053655478514639	-0.0316204498963594	-0.0309657225977746	0.0166898059065409	0.00138603586462568	0.0209164537278061	0.00504385414124777	0.00346184237219004	0.0294538589847218	-0.0392920826835433	-0.0319594141010242	-0.0120583819630303	-0.00551137719811525	-0.0219731017132821	-0.00983293052633769
0.0525897235902814	0.053663926077059	-0.0316423560029097	-0.0308545240660935	0.0166858482507882	0.00138860491825401	0.020908942144685	0.00504421037217502	0.00342131726250854	0.0294731247914582	-0.0393108371941253	-0.0319435457594449	-0.0120893852295739	-0.00551969344403666	-0.0219723878544435	-0.00984296785658215
0.0525822427408091	0.0536637989515125	-0.0316360458260531	-0.0308244539848809	0.0167051224394289	0.00140676151967186	0.0209203261675329	0.00505516971187827	0.00342528050619727	0.0294574632035152	-0.0393380322822073	-0.0319661363881691	-0.0120749613694801	-0.00551664662187059	-0.0220229405154813	-0.00983694825240353
0.0525538280856702	0.0536379994504749	-0.0316430922134927	-0.030828482886819	0.0166981207554782	0.00139435071356305	0.0209173925010732	0.00504930796689486	0.0034458608749045	0.0294618385574923	-0.039315976698366	-0.0319536026474658	-0.0120597007159532	-0.00550777856725795	-0.0220143183300577	-0.00983574684613906
0.052556810646571	0.053634567060717	-0.0316363098560345	-0.0308310435585432	0.0166989575489113	0.00138754321039238	0.0209200174340627	0.00504603203934813	0.00344663061310418	0.0294441234030275	-0.0393063780211065	-0.0319539281447444	-0.0120653906319011	-0.00551751414895226	-0.0219933649666148	-0.00983075262823732
0.0525601326745907	0.0536276072862872	-0.0316152852464062	-0.0308810751445383	0.0167045147513765	0.00137935409001757	0.0209231829998711	0.00503871463700708	0.00347592536818091	0.029425004279614	-0.0392925506731928	-0.031967213462855	-0.0120402309495486	-0.00551450504535497	-0.0219981789735769	-0.00982539659147222
0.052606343509268	0.0536526510189654	-0.0315770763362439	-0.0309605928724221	0.0167481104319525	0.00141412083153377	0.0209482490842937	0.00506655233774213	0.00347796915581455	0.0293711463543649	-0.0393004534118418	-0.0320032123442843	-0.0120440656707067	-0.00554196556040234	-0.0220079592587601	-0.00984981726927367
0.0525864378838465	0.0536234694195949	-0.0315795923044792	-0.0310195916988959	0.0167146372976467	0.00136846599649977	0.0209306456885512	0.00503178280225787	0.00350989722578492	0.0293849024560931	-0.039250487484096	-0.0319738323731819	-0.0120257945165985	-0.00552063221730378	-0.02195817214497	-0.0098221360307498
0.0526559699698949	0.0536541765255244	-0.0315183080121348	-0.0311442068651863	0.0167715406480778	0.00139843549486226	0.0209584023642126	0.00505629847497326	0.0035286685001753	0.0293104446043604	-0.039257800695485	-0.0320183165356	-0.0120171932859353	-0.00556151774886462	-0.0219676311238266	-0.00984896231504826
0.0526791068193742	0.0536529499735475	-0.0314966910812784	-0.0312559851452393	0.0167764384740816	0.00139081634397106	0.020962987265794	0.00505379787356232	0.00355824265205772	0.029283178270093	-0.0392243820435562	-0.0320294225586262	-0.012002058360971	-0.00556549356540961	-0.021941186216168	-0.00984229870123252
0.0526790202063644	0.0536431403516996	-0.0314920167727192	-0.0313113699740314	0.0167653771545443	0.00137789982964394	0.0209604196091496	0.00504050137957947	0.00358059719048109	0.0292836057472057	-0.0392020275051329	-0.0320245694361114	-0.011986297587162	-0.00556010400102782	-0.021919099898678	-0.0098350762938054
0.0527132868275984	0.0536702991181969	-0.0314777773145172	-0.0313210468823966	0.0167782531563345	0.00139473209020282	0.0209641090439688	0.00505563490755974	0.00355176483711777	0.0292783097807538	-0.0392158394862222	-0.0320275631728844	-0.0120196226411608	-0.00558372839793305	-0.021904368702098	-0.00985644316452064
0.0527183355278773	0.0536796393534111	-0.0314820269399317	-0.0313074598157358	0.0167767974989769	0.00140442995332836	0.020960977005777	0.00506211411948372	0.00354282134536759	0.0292870018153789	-0.0392256323442617	-0.0320317904465545	-0.0120286331881443	-0.00558520640703516	-0.0219110099641693	-0.00986035751376838
0.0526908177364847	0.0536639009313465	-0.0315086059580572	-0.0312865413768937	0.0167519395651745	0.00138802097893011	0.0209487254558474	0.00505225420621087	0.0035475347694796	0.0293216442253166	-0.0392226176527283	-0.0320124589815687	-0.012014084996472	-0.00556207514549198	-0.0219120856418712	-0.00984636811570741
0.0526568640396731	0.0536573728249816	-0.0315407268118235	-0.031202902546126	0.0167206233742086	0.00137407209340597	0.0209305520906212	0.00503899822476485	0.00353110484032092	0.0293630159073193	-0.0392291457590933	-0.031985817099162	-0.012022870629027	-0.00554685500450194	-0.0219136293092226	-0.00983065623633936
0.0526548928952089	0.0536672481050787	-0.031552488020359	-0.0311394501345694	0.0167182498983443	0.0013844614636256	0.0209234400449324	0.00504509606004906	0.00350629021302345	0.0293818318851986	-0.039254318014302	-0.0319822897144901	-0.0120427902242887	-0.00554513811113097	-0.0219248093724024	-0.00984022697391832
0.0526388261818977	0.053669174546054	-0.031590973533359	-0.0310232392241942	0.016701155004788	0.00139508273319396	0.020916157567192	0.00505111287025962	0.00347725948792809	0.0293997845269483	-0.0392735586753259	-0.0319795586107145	-0.0120625673271796	-0.00553147700431669	-0.021945704062516	-0.00984147448065573
0.052614441825681	0.0536585141609328	-0.0316193365000887	-0.0309249572068402	0.0166943391197132	0.00139403359818859	0.0209111298216736	0.00505158365387721	0.00345059525377694	0.0294457411105324	-0.0393033745054453	-0.0319646933036677	-0.0120681985697983	-0.00552213257815034	-0.0219723906484116	-0.00984529523197356
0.0526006577842722	0.0536534920033505	-0.0316364062479325	-0.0308514129826621	0.016692513261588	0.00139480054242021	0.0209077840449255	0.00505087538297479	0.00343433016873362	0.0294592485491036	-0.0393194384247885	-0.0319576678709886	-0.0120778251867384	-0.00552038215716269	-0.0219909356113894	-0.00983963325570622
0.0525765681916855	0.0536477308412171	-0.0316350148518401	-0.0308324754671723	0.0167055946200305	0.00140383623511627	0.020921558307446	0.00506715304087437	0.00343818025671604	0.0294465359944446	-0.0393275465200897	-0.0319698886872695	-0.0120639168137511	-0.00552395284833942	-0.0220175956545884	-0.00983676664447983
0.0525358684590004	0.0536203080447385	-0.0316496748022347	-0.0308286952283913	0.0166834691869878	0.00137433472640332	0.0209172248629898	0.00504822390728878	0.00345235405666876	0.0294587428408853	-0.039302085089187	-0.0319480929424576	-0.0120482007434309	-0.00550910849605304	-0.0219909272294852	-0.00981374155372281
0.0525469856578989	0.0536249208860005	-0.0316220843676727	-0.0308514409223427	0.0167041305807687	0.00138891644569236	0.0209320748032123	0.00505826822245338	0.00346040906657685	0.0294283752020747	-0.0393060329660515	-0.0319678435026519	-0.012045308986492	-0.00552105829743246	-0.0220061180338106	-0.00982419378822372
0.0525698151708919	0.0536339593726646	-0.0316018476570365	-0.0308953090148042	0.0167183099686575	0.00138908128980771	0.0209398615921869	0.0050570025549236	0.00346638536425058	0.0294031037609999	-0.039291674764207	-0.0319761276179406	-0.0120560741454153	-0.00553855133143679	-0.0219835120382621	-0.00983442250528008
0.0526088077890942	0.0536566352174145	-0.0315645984749017	-0.0309842801336086	0.0167601859618945	0.00142255302712953	0.020961665718903	0.00508423815554239	0.00347889116527333	0.0293526894013809	-0.039296290399437	-0.0320151649396318	-0.0120452223734823	-0.00555939433314137	-0.0220065008074344	-0.00985421497499525
0.0526094923112681	0.0536374713905122	-0.0315579236852138	-0.0310733378654227	0.0167506110333635	0.00139214627276615	0.0209539236334173	0.00506196743616074	0.00350445317902603	0.0293594088945578	-0.0392598430861346	-0.0319987447893613	-0.0120323337988357	-0.00554449410149385	-0.02197054523251	-0.00983225159209986
0.0526381835692446	0.0536342667091509	-0.0315207611160888	-0.0311991642168658	0.016768752267957	0.00139142263503941	0.0209673262981863	0.00506108733622281	0.0035456837656419	0.0293084161835511	-0.0392364044881051	-0.0320176627470747	-0.0119986581018458	-0.00555435960270281	-0.0219573660851855	-0.00983076240712552
0.0526648044968908	0.0536422462819214	-0.0314955036448543	-0.0312940473720786	0.0167803304715849	0.00139397073390731	0.0209719307575441	0.00506200375774548	0.00356173231816081	0.0292879866891189	-0.0392180984093962	-0.0320314090699147	-0.0119908349912864	-0.00555762295739328	-0.0219424798233783	-0.00983500923857203
0.0526573655569393	0.0536299570134231	-0.0315005062446602	-0.0313195688732945	0.016754071362802	0.00136838217745807	0.0209587250675231	0.00503672812571861	0.00357537107323063	0.029305268778535	-0.0391922108983649	-0.0320072426432064	-0.0119891991229891	-0.00555160614718272	-0.0218987109167827	-0.0098268243091493
0.0527011037298863	0.0536686660438676	-0.0314811985284029	-0.031325339814316	0.0167780952971393	0.0013960270943972	0.020973003641278	0.00506171318506755	0.00354785188485406	0.0292870255641074	-0.0392183442785852	-0.032026022299501	-0.0120181935264997	-0.00557776187914752	-0.0219087286892508	-0.00985789742489427
0.0526851026748243	0.0536610915964653	-0.0314982054119653	-0.0313206655057568	0.0167621836490552	0.00138961493770658	0.0209607129757956	0.00505344583358715	0.00355413551901406	0.029316510309012	-0.0392177156357724	-0.0320152906681944	-0.0120122451685065	-0.0055566813901581	-0.0219184489041208	-0.0098435448109859
0.0526755081885169	0.0536648858050866	-0.0315265083083818	-0.0312618413022865	0.0167408992003976	0.00138404376540109	0.0209460222917524	0.00504686883278117	0.00353142055871136	0.0293447573260674	-0.039219464659776	-0.0319949114651873	-0.0120321214572634	-0.00555532352168244	-0.0219018247941822	-0.0098424104599548
0.0526740874557599	0.0536788207207704	-0.0315354839307647	-0.0311911776591751	0.0167404619443967	0.00139835866074069	0.0209435733787505	0.00505807683564148	0.00350579288670932	0.0293652860063655	-0.0392549494510829	-0.031996421604922	-0.0120471767541381	-0.00555149159449239	-0.0219354096872103	-0.00985234720734921
0.0526415950042421	0.0536636955746943	-0.0315628801845467	-0.0311265964845236	0.0167203300075626	0.00138763680832229	0.0209307281106088	0.00504905371580168	0.0035000778250489	0.0293913327735761	-0.0392548530591849	-0.0319802990122496	-0.0120426770685824	-0.0055384535425548	-0.021937995504647	-0.00984069496356785
0.0526275399479318	0.0536767755361528	-0.0316033773545477	-0.030985821006992	0.0167027433756284	0.00139678286275659	0.0209203163886447	0.0050529918137779	0.00344722014036419	0.0294294466888245	-0.0392831908802022	-0.0319621228530553	-0.0120859905583847	-0.00554041630511478	-0.0219407405782629	-0.00985215721752134
0.052580028521124	0.0536529569584676	-0.0316391988190053	-0.0308924940919869	0.0166799529781882	0.0013853695032441	0.0209064443372422	0.00504204784089897	0.00344494864433392	0.0294678330159584	-0.0392973535042827	-0.0319458200494433	-0.0120676760977717	-0.005514457547898	-0.0219728963566299	-0.00982968533243958
0.0525850674425146	0.0536653272520396	-0.0316346292842483	-0.0308430422543636	0.0167063825190225	0.00141041323592225	0.020920915694793	0.0050665998351991	0.00342354545203393	0.0294563316464521	-0.0393297537548546	-0.0319607859393401	-0.0120800715370562	-0.0055268529871825	-0.0220136338078837	-0.00984581351304812
0.0525543729094413	0.0536385666259905	-0.0316461013170899	-0.0308286086153816	0.0166954245763033	0.00139400146755594	0.0209325106622291	0.00506201213964965	0.00343793438752703	0.0294522133375363	-0.0393139566594609	-0.0319560306057072	-0.0120663755056412	-0.00551849902269233	-0.0220045422358265	-0.00983292214443352
0.0525529605585886	0.0536323710018243	-0.0316397129091278	-0.0308266905563105	0.0167040034552221	0.00139352788997029	0.0209331546718663	0.00506182913474192	0.00344226643499928	0.029432807832397	-0.0393097363707109	-0.0319580464536603	-0.0120653515163483	-0.00552447112941398	-0.0219967456679637	-0.00983216637607412
0.0525496594853293	0.0536178717045929	-0.0316175106419636	-0.0308727281649683	0.0167114535710458	0.00139243963941212	0.0209373414329995	0.00505774575042674	0.00347285060633428	0.0294141734624414	-0.0392985758653076	-0.0319718081433246	-0.0120380977549371	-0.00551787037987952	-0.0220114908343841	-0.00982545386781739
0.0525704005071998	0.0536192561157651	-0.0316008152858395	-0.0309301735452024	0.0167158107642306	0.00138287169580122	0.0209392175825498	0.00504965302194989	0.00348529913101186	0.0293946589925479	-0.039274347971302	-0.0319726142031091	-0.0120457658002693	-0.00553298155611534	-0.0219698509314479	-0.00983061851777059
0.0525894176507792	0.0536196319044688	-0.031580859368993	-0.0309896110246612	0.0167266471693393	0.00138297926357141	0.0209494728423027	0.00504781598795247	0.00350807136765973	0.0293637199872696	-0.0392650985400496	-0.0319888010570468	-0.0120263016218009	-0.0055356456046576	-0.0219702127503112	-0.00983122620582297
0.0526403558794088	0.0536408870164617	-0.031534078564832	-0.031102511082889	0.0167646884414182	0.00139913817782857	0.020967554006583	0.00506361727429834	0.00351528958413477	0.0293261676596007	-0.0392659269515785	-0.0320155127886549	-0.0120233972920057	-0.00555750700771892	-0.0219713540862625	-0.00984741026579264
0.0526687831074039	0.0536462695959234	-0.0315026785548244	-0.0312177385165082	0.01677724593085	0.00139506596938562	0.0209702990801989	0.00505818160944362	0.00354997530057732	0.0292872490815519	-0.0392297660200019	-0.03202852569488	-0.0120074199856722	-0.00556783770460936	-0.0219514875763938	-0.00984761562244483
0.0526648212606992	0.0536381279730055	-0.0314945704595233	-0.0312901861082239	0.0167643880898521	0.00137691076495179	0.0209671418962946	0.00504250744864433	0.00357956342230003	0.0292851200778926	-0.039204290619259	-0.0320291794834053	-0.0119864596373093	-0.00555402991447209	-0.0219294319925525	-0.00983043271889481
0.0526891064310499	0.0536608038177554	-0.0314933522894504	-0.0313127501942516	0.0167703671814939	0.00138394038858299	0.0209697682262681	0.00504922414785315	0.00355941332467357	0.0292899368788227	-0.0392024689520858	-0.0320213451969737	-0.0120161315780737	-0.00557523054408795	-0.0218941274121854	-0.00985715422939113
0.0526944401160705	0.0536715913284232	-0.031482140095638	-0.0313349538583998	0.0167793665526052	0.00139962293128644	0.020975951277578	0.00506501844927888	0.00356278005618215	0.0292862181073389	-0.0392191517353537	-0.0320389220500197	-0.0120080933319739	-0.00557224379223511	-0.0219263223061052	-0.0098531616490378
0.0526832851986033	0.0536664043267255	-0.0315019004347206	-0.0313119776620838	0.0167620649054128	0.00139309482492147	0.0209693337642352	0.00506626874998435	0.00354420435955576	0.0293139999287128	-0.0392202707195605	-0.0320210867549284	-0.0120184882901297	-0.00556182927630297	-0.0219165783425067	-0.0098465245779186
0.0526510581740508	0.0536518351802927	-0.0315362508749963	-0.0312359998917282	0.0167330788838063	0.00137910682384453	0.0209600396294939	0.00505397948148602	0.0035225273583862	0.0293484928613595	-0.0392210935431532	-0.0319946404502857	-0.0120310010760726	-0.00554787759681077	-0.0218959881949113	-0.00983726676476202
0.0526505692296409	0.0536658301662898	-0.0315519166538914	-0.0311557096316766	0.0167326793463742	0.00139120191156291	0.0209551026879373	0.00506435348488134	0.00348520273911389	0.0293714061933942	-0.039254953642035	-0.0319898990864931	-0.0120587367969736	-0.00555205457905586	-0.0219064460173483	-0.00984662935172073
0.0526506292999541	0.0536753897279966	-0.0315622724964943	-0.0310951657408673	0.0167416801144695	0.00142020749094576	0.020957934374563	0.00508377016589286	0.00347587507675589	0.0293647383886264	-0.0392819838860016	-0.0320099332344452	-0.012052574700424	-0.00555094397675323	-0.0219648357587857	-0.00985251484543262
0.0526037982043681	0.0536563418507685	-0.0316124340020041	-0.0309776668112179	0.0167063154637892	0.00140440061666377	0.0209389982560573	0.00507035492826759	0.00344482431275538	0.0294330858322186	-0.039292068713703	-0.0319733699714684	-0.0120754447259539	-0.00552616008310438	-0.0219626494787812	-0.00983832567865559
0.0525535263371201	0.0536326685594223	-0.0316473725725558	-0.0308771985138593	0.0166745508409501	0.00137920740669458	0.0209201529415134	0.00504920738404481	0.00343905476871786	0.029474389062004	-0.0392960054146952	-0.0319443378493891	-0.0120719382960425	-0.00550501812681772	-0.0219588524761918	-0.00982203405091573
0.0525598672476253	0.0536468772839758	-0.0316428198016071	-0.0308244330301205	0.0166943251498729	0.00139869114293947	0.0209228952211613	0.00506439958535428	0.00342219456847841	0.0294596522774878	-0.0393224768650504	-0.0319550289681588	-0.0120858927695027	-0.00551604452175433	-0.0219846086707245	-0.00983759784997676
0.0525704982960818	0.0536589835475664	-0.0316350721281853	-0.0308083258042724	0.0167160203118348	0.00142389552878088	0.0209358061475523	0.00508560300893819	0.00341293256436975	0.0294318606772257	-0.039336298625028	-0.0319810994840979	-0.0120914667357763	-0.00552832401136446	-0.0220147472041544	-0.00984026608947111
0.0525486508628608	0.0536309893846201	-0.0316369147501188	-0.0308432266562553	0.0167041864601298	0.00139860592691373	0.0209267439121597	0.00506274974721667	0.00344660686437569	0.0294336837413828	-0.0393022890488552	-0.0319651724691895	-0.0120633356683952	-0.00551409572903463	-0.0219972332153896	-0.00982994936242096
0.0525525149206835	0.0536248398609269	-0.0316097378228292	-0.0308881564565785	0.0167166782913123	0.00139596562709995	0.0209335584002505	0.00506028826135853	0.00346774882066236	0.0294098986913143	-0.0392969497758984	-0.0319760382109628	-0.0120445853487653	-0.00552118402599502	-0.0219974818785467	-0.0098273593540322
0.0525733327766756	0.0536280221905437	-0.0315850978185353	-0.0309460837963025	0.016733897516447	0.00140176311081804	0.0209405852299136	0.00506588457937653	0.00347924599921656	0.0293745913169791	-0.0392820327804426	-0.0319906031664435	-0.0120443534494166	-0.00553898998442173	-0.0219739371097311	-0.00983622461467679
0.0525900672483524	0.0536313232638029	-0.0315638482944784	-0.0310208350146812	0.0167473686334334	0.00140204669857582	0.0209437521927061	0.00506288246069938	0.00349446055227048	0.0293603462708409	-0.039273367288514	-0.0320003778636906	-0.0120318658091862	-0.00553537598674011	-0.0219716195132279	-0.00983495755016298
0.0526220651675242	0.0536306429325811	-0.0315278717647936	-0.0311457686933301	0.016764726159987	0.00139466084401737	0.0209538677540562	0.00505882701606477	0.00352853718367662	0.0293200362966998	-0.0392449680001996	-0.0320115858665509	-0.0120104626168862	-0.00554906503323496	-0.021950417486628	-0.00983322389298366
0.0526470991213142	0.0536373931594066	-0.0315024801830924	-0.0312469550404793	0.0167730633606688	0.00139253742829411	0.0209649989227949	0.00506077161783238	0.00355301234385518	0.0292859498864055	-0.0392196881772206	-0.0320253321893909	-0.0120002031661812	-0.00555695519902768	-0.0219280657421727	-0.00983514614300682
0.0526732171347102	0.053652290597086	-0.0314876945041352	-0.031312769752028	0.0167797800598776	0.00139713071177968	0.0209737496307492	0.00506730950308555	0.00355791855176312	0.0292735781958494	-0.0392127703123117	-0.0320352228363124	-0.012003678862444	-0.00556762815700509	-0.0219111119440033	-0.00984409801666117
0.0526602237862615	0.0536360338939469	-0.0314915012856127	-0.0313513781996224	0.0167613552375263	0.00137682834289412	0.0209643549131578	0.00504767768653365	0.00357974922117581	0.0292993204205418	-0.0392020484598933	-0.0320208352978033	-0.0119779589894961	-0.00554568572887012	-0.0219099789899563	-0.0098261565507837
0.0526893439183347	0.0536620694852852	-0.031490142020153	-0.0313357808729447	0.0167701129304007	0.001394593788784	0.0209683740362077	0.00506177744633287	0.00355497929736725	0.0292939518109205	-0.039215977787641	-0.0320262933144025	-0.0120065957650954	-0.00556614176599881	-0.0219066080674956	-0.00984766311990179
0.0526853247952848	0.0536660075832614	-0.0315145682858906	-0.03129156493146	0.0167506487519322	0.00138945707851136	0.0209571129479543	0.00505480789301489	0.0035356939328544	0.0293231920836201	-0.0392207121665135	-0.0320087206523085	-0.0120236459551628	-0.00555952145868796	-0.0218956962252493	-0.00984781539116089
0.0526679980023799	0.0536658916335871	-0.0315415286806558	-0.0312105664005061	0.0167316679299376	0.00138256855026704	0.0209437424138179	0.00505095920201649	0.00351722720098224	0.02935244632616	-0.0392350214739169	-0.0319964984390436	-0.012035049535787	-0.00554761216984536	-0.0219037470442053	-0.00984247751518816
0.0526473799151039	0.0536614785610412	-0.0315568717562403	-0.0311538921554556	0.0167228962672229	0.00138566566385813	0.0209346578266809	0.00504659083295951	0.00350785204116726	0.0293801750621408	-0.039252845593136	-0.0319865169881603	-0.0120341428931526	-0.00553738484977303	-0.0219265556024379	-0.00983848633181886
0.0526299762880774	0.0536744733064739	-0.0315904133427636	-0.0310348830860714	0.016711169983288	0.00139687226973441	0.0209342191736959	0.00505732805220223	0.00346691202722931	0.0293939968221184	-0.039271009179474	-0.0319771432253293	-0.0120686456046874	-0.00554332203189397	-0.021930928162447	-0.00984860329015294
0.0525871433607809	0.053661323495814	-0.0316248420141449	-0.0309322285087083	0.0166964555505163	0.00139818403773713	0.0209266796508944	0.00506230550629562	0.00344696728625504	0.029444393020945	-0.0393021074409315	-0.0319654825996438	-0.0120707313018419	-0.00552381594390463	-0.0219666532350067	-0.00983759086505662
0.0525766967142161	0.053660979837743	-0.0316316006228746	-0.0308735859131617	0.0167087853315515	0.00141909688864313	0.020927744152724	0.00507771982806561	0.00343053037217621	0.0294489890983986	-0.0393274179975591	-0.0319713024351063	-0.0120739806866921	-0.00552076213681843	-0.0220110074779102	-0.00984088495339572
0.0525538923469356	0.0536461326914886	-0.0316414633301155	-0.0308368899367022	0.0167029235865681	0.00140702135870115	0.0209207424687734	0.00506582311207928	0.00343334110404147	0.029451710423286	-0.0393169629690901	-0.0319616297176933	-0.0120741874403283	-0.00551524684387408	-0.0220034805279649	-0.00983172632610516
0.0525266148367959	0.0536177822976151	-0.0316577214302387	-0.0308222802777326	0.016679110596819	0.00138097319450655	0.0209117486855982	0.00504708396832156	0.00345101295200145	0.0294607992013752	-0.0392981511821629	-0.0319452989744006	-0.0120568061650462	-0.00549802203080321	-0.0219834393950927	-0.00981340627755598
0.0525778869446083	0.0536486919662287	-0.0316131324940184	-0.0308599234093634	0.0167319249749988	0.00142703734586088	0.0209399984966217	0.00508574969226118	0.00344137655617315	0.0294051629154578	-0.0393323074416587	-0.0319903405334461	-0.0120619051567501	-0.00552819967978593	-0.0220299561692722	-0.00984206400791574
0.0525632479489741	0.0536324659967382	-0.0316048385998414	-0.0309110851554376	0.0167258019940021	0.00139798147505301	0.0209370494633376	0.00506487455992395	0.00346676953485841	0.0294034879316077	-0.0392933916575779	-0.0319797891130792	-0.0120536783178065	-0.00552576194265627	-0.0219900792601799	-0.00983305485791622
0.0525888281235192	0.0536399412582745	-0.0315795713497187	-0.0309772141883927	0.0167497281394575	0.00140945769884678	0.0209509173237881	0.00507632843197327	0.00348441484012185	0.0293591965529855	-0.0392881962739761	-0.0320035839420359	-0.0120380670212885	-0.00553976670754155	-0.0219911423650256	-0.00984127052098758
0.0525732796912825	0.0536205706777359	-0.0315700187729321	-0.0310599743162065	0.0167404158439238	0.00137739132745759	0.0209464553568012	0.00505016292112028	0.00351410633866266	0.0293662233826486	-0.0392538556125886	-0.031985671812823	-0.012015952764118	-0.00552540850569707	-0.0219553041367595	-0.00982241961850758
0.0526049241734951	0.0536195145578104	-0.0315350215290512	-0.0311702634112851	0.0167524131427602	0.0013722671900412	0.020956753923059	0.00504658105407131	0.00355028822499969	0.0293169098464441	-0.0392166455460066	-0.0319998037032549	-0.0119954618023886	-0.00554774348634404	-0.0219235031923357	-0.00983120944201463
0.0526770001674593	0.0536559395193684	-0.0314900358493669	-0.0312700723321822	0.0167926155491311	0.00140650168064257	0.0209763033175532	0.00507661341671508	0.00355164329950729	0.0292632796295917	-0.0392306014164509	-0.0320402910943676	-0.0120038073849746	-0.00557367989181637	-0.0219389342779141	-0.0098524743328958
0.0526703281717394	0.0536334648403185	-0.0314989206677879	-0.0313180950551444	0.0167627200909221	0.00138024955677981	0.0209616964525517	0.00505121065914162	0.00357566024892452	0.0292838991138517	-0.0392018011937202	-0.0320232702409649	-0.0119878370635613	-0.00555071347438854	-0.0219104693313502	-0.00982812210731174
0.0527086670014163	0.0536630864896579	-0.0314865098616791	-0.0313294888568805	0.0167804059087224	0.00139782361585779	0.0209671782178793	0.00506402379665062	0.00354506629870132	0.0292820942104869	-0.0392175312338807	-0.0320274220774975	-0.0120183192550623	-0.0055725231890408	-0.0219020594874989	-0.00985449157783289
0.0526853764836939	0.0536470155853946	-0.0315036983531652	-0.0313283265661689	0.0167572495014667	0.00138003162727137	0.0209542812613286	0.00505148446801119	0.0035616289413427	0.0293094527457002	-0.0392077858732982	-0.0320151509697915	-0.0119998343623977	-0.00555055142424124	-0.0219039817375221	-0.00983719132762448
0.0526758490526198	0.0536531567271837	-0.0315230605517996	-0.0312750232435791	0.0167522371227726	0.00138952553072876	0.0209546780047927	0.0050585196795785	0.00353587414379408	0.0293282673265955	-0.0392286679905555	-0.0320060817494788	-0.0120154191162192	-0.00555312746278971	-0.0219042331946472	-0.0098424942789965
0.0526525697107696	0.0536564536094908	-0.031551011408241	-0.031186409752686	0.0167313270658346	0.00138093128498569	0.0209408310991026	0.00504905371580168	0.00351091842110973	0.0293652929912857	-0.0392392291898107	-0.0319876750879198	-0.0120326187835775	-0.00554544963856931	-0.0219045572949418	-0.00984042674263439
0.0526395162920077	0.0536667130601958	-0.0315602203269565	-0.0311247859932227	0.016735909173448	0.0013992820671835	0.0209445191369378	0.00506461052994257	0.00349212060402281	0.0293717302936888	-0.0392679064779468	-0.0319910949048215	-0.012040397190648	-0.00554808714441504	-0.0219322734580664	-0.00984963566134997
0.0526037688677035	0.0536616769327732	-0.0316007733763186	-0.0309987291394149	0.0167155397493291	0.00140676291665589	0.0209359290821468	0.00506753162354608	0.00346171524664345	0.0294117776348326	-0.0392897958206887	-0.0319783613954021	-0.0120624429956011	-0.00553475013789536	-0.0219522629025296	-0.00984758628578023
0.0525867913208057	0.0536585127639488	-0.0316348723594692	-0.0308808362602694	0.0166969752285749	0.00140476103854311	0.0209237348085624	0.0050655297454333	0.00342479994369149	0.0294470361147268	-0.0393112437164776	-0.0319609843110722	-0.0120828403594006	-0.00552734193159246	-0.0219651500801921	-0.00984487194581294
0.0525506359771652	0.0536378695309603	-0.0316502629325107	-0.0308262882249103	0.0166856526730243	0.0013929690963589	0.0209159885321246	0.00505541418408324	0.00343784078959713	0.0294636979432342	-0.0393147431614689	-0.0319568394594597	-0.0120655303303039	-0.00550808730072824	-0.0219918953394169	-0.00982642197774911
0.0525337548221654	0.0536220165562053	-0.0316495532646243	-0.0308184483505426	0.0166869434862666	0.00138824729034272	0.0209191792436456	0.00505556505835832	0.00345515780361388	0.029455489265083	-0.0393096972551581	-0.031954252245039	-0.0120521472233113	-0.00550623769387456	-0.0219940913983096	-0.00983192609482123
0.0525678188807152	0.0536381768674465	-0.0316342199679279	-0.0308138662429293	0.016714749056369	0.00141388474123296	0.0209341325606862	0.00507579338709037	0.00343048147773522	0.0294222969245669	-0.0393295456042344	-0.031973251227826	-0.0120731578630993	-0.00552727068540701	-0.0220020039158468	-0.00984401838857155
0.0525700722159531	0.0536155527111057	-0.0316213272023293	-0.030858573922792	0.0167130014293494	0.00139825668090662	0.0209313120499327	0.00506313810877658	0.00345600297895109	0.029412189745121	-0.039311802510089	-0.031979290389781	-0.0120465634781496	-0.00550485607667042	-0.0220082665952464	-0.00982884574503848
0.0526431316866734	0.0536576997192442	-0.0315781073104569	-0.030926173979929	0.0167665031236712	0.00143962137798922	0.0209570305258966	0.00509397513422074	0.00343914138172762	0.0293568831474344	-0.0393247749037772	-0.0320174755512149	-0.0120773055086798	-0.00554979146492976	-0.0220114936283521	-0.00986886374951765
0.0525994940965765	0.0536179513326825	-0.0315875020280483	-0.0309942867302044	0.0167273582342098	0.00139260867447957	0.0209350741279214	0.00505608194244885	0.00349597488295732	0.0293662862469299	-0.0392663991321801	-0.0319927615067675	-0.0120317819901445	-0.00551857306284584	-0.0219723180052421	-0.0098272070827731
0.0526266919786265	0.0536316040575926	-0.0315425345091563	-0.0310941585153828	0.016765217898365	0.00140141107084287	0.0209537336435895	0.0050648619870677	0.00350663247411042	0.0293360401457298	-0.0392640340382199	-0.0320083672153493	-0.0120246783263598	-0.00554417000119925	-0.0219677847920698	-0.00984046585818718
0.0526210872787043	0.0536132812150754	-0.0315206018599095	-0.0312102255364031	0.0167602837507765	0.00138199299284732	0.0209578296007609	0.00505159063879736	0.00356191392608451	0.02930099819836	-0.0392161286619161	-0.0320140836739938	-0.0119849536885266	-0.00554246568068453	-0.0219352574159512	-0.00982526108402146
0.0526732841899436	0.0536429699196482	-0.0314857051988787	-0.0312832878010914	0.0167899054001159	0.0014081724735406	0.0209699721859362	0.00507195866593226	0.00355749386861847	0.0292631175794444	-0.0392220015827717	-0.0320405425514928	-0.0120010190048538	-0.00556966216575052	-0.0219291721535232	-0.0098454838248174
0.0526931241571157	0.0536599041600411	-0.0314826960952814	-0.0313288043347066	0.0167933615386023	0.00141263444052749	0.0209671027807418	0.00507235261542828	0.00355341746922343	0.0292685406714428	-0.0392180984093962	-0.0320408862095638	-0.0120085822763839	-0.00557259862617834	-0.0219200610236896	-0.00984871085792314
0.0526642009997906	0.0536276282410477	-0.0315073500694156	-0.0313336770149978	0.0167432489275335	0.00136339354749245	0.0209417111990406	0.00503173949575299	0.00357932314104713	0.0293116795382416	-0.0391854872142359	-0.0320048328457573	-0.0119825871975824	-0.00554501657352049	-0.0218834265145274	-0.00982054765990945
0.0527026795278704	0.0536623740278034	-0.0315065565824874	-0.0312953996526181	0.0167655000891388	0.00139606062201388	0.020953121764585	0.00505627053529269	0.00353992819144466	0.0293055439843886	-0.0392234740039377	-0.0320201773183259	-0.0120195234552948	-0.00556811710141505	-0.0218983910074402	-0.00984983962101813
0.0526995810172952	0.0536717254388899	-0.0315165394303548	-0.0312502630986587	0.0167660896163988	0.00141312338493745	0.0209590980622587	0.00506893000455856	0.0035223457504625	0.029316951755965	-0.0392451021106663	-0.032023812270768	-0.0120269805560387	-0.00556607471076545	-0.0219322008148969	-0.00985687203861738
0.0526625930711738	0.0536567316093125	-0.0315519404026199	-0.0311815719969955	0.0167333485017238	0.00139039585177849	0.0209432772181365	0.0050491529016677	0.0035097882610307	0.0293704213196541	-0.0392451202714587	-0.0319917333265225	-0.0120368111326469	-0.00554318233349113	-0.0219245523273411	-0.00984079694340193
0.0526186523355427	0.0536413340513508	-0.0315785361845536	-0.0311044556846566	0.0167106866268142	0.00138143559621997	0.0209351439771228	0.00504578058222301	0.00351084158698816	0.0293909206632877	-0.039250928931049	-0.0319796605905486	-0.0120268618123963	-0.00552793564980455	-0.021937357082946	-0.00982905948359484
0.0526177680446527	0.0536691494003414	-0.0316029121588662	-0.0309743587530385	0.0167199276761624	0.00141655996564746	0.0209372101165009	0.00507672517543735	0.00344451138833301	0.0294171043349331	-0.039303065771975	-0.0319831600355399	-0.0120791551155335	-0.00553814061813243	-0.0219663151648718	-0.00985184848405105
0.0525525274935398	0.0536280040297513	-0.0316445939713232	-0.0308894849883896	0.016679698727095	0.00138654576379606	0.0209149743217199	0.00504870027884248	0.0034557138032572	0.0294651200729752	-0.0392980771420094	-0.0319504552424497	-0.0120568215318705	-0.0054962492580711	-0.0219773527356807	-0.00981824962118264
0.0525502937160783	0.053632408720393	-0.0316397422457924	-0.0308309443726771	0.0166964862841649	0.00140031583536456	0.020923469381597	0.00506293973704454	0.00343539746453136	0.0294561360686882	-0.039319265198769	-0.0319571817205467	-0.0120705664577265	-0.0055132351868731	-0.0219927516906263	-0.00983376033485059
0.0525408864256306	0.0536293046218818	-0.0316471602309835	-0.0307962516713144	0.0166960643949883	0.00139799404790926	0.020927987227945	0.00506412717346873	0.00342847121771827	0.0294449629904286	-0.039313227433798	-0.0319578047754234	-0.0120802866725965	-0.00552031789589738	-0.0219796954778964	-0.00983505394206094
0.052567807704843	0.0536436418689658	-0.0316148745331019	-0.0308296801021314	0.0167327533865277	0.00142739637075619	0.0209483147425431	0.00508347121131077	0.00343257136584179	0.029404583167086	-0.0393358376202986	-0.0319924178486965	-0.0120695033528809	-0.00552877942815774	-0.0220227351588291	-0.00984671177377841
0.0525539552112168	0.0536227932793252	-0.031614980703888	-0.030865303194857	0.0167147658201773	0.00139210855419738	0.020931914150049	0.00504974801686383	0.0034614330558697	0.0294084332550685	-0.0392925367033525	-0.0319706193099164	-0.0120557067386158	-0.00552130835757355	-0.0219838151837963	-0.00983088115076794
0.0525790757780165	0.0536286019389155	-0.0315874237969427	-0.0309445876264081	0.0167368689014755	0.00140202993476748	0.0209411649782854	0.00506040700500095	0.00348333497146785	0.0293675714722361	-0.0392847387385057	-0.031992347999495	-0.0120390127794758	-0.0055355715645041	-0.0219783865038617	-0.0098369859709723
0.0525822357558889	0.0536176356142921	-0.0315691540398185	-0.0310228103500975	0.0167438286759053	0.00139734445033603	0.0209562607876969	0.00506759029687527	0.00351257943511956	0.0293533417929222	-0.0392718334000508	-0.032007024713698	-0.0120117129175917	-0.00553133870289787	-0.0219912750785083	-0.00982566760637374
0.0526475754928679	0.053647480781076	-0.0315178959018464	-0.0311486003799558	0.0167867719649401	0.00141847243678241	0.0209743712886418	0.00508413617570832	0.0035200728574482	0.0292997255459101	-0.0392642505707443	-0.0320308013818623	-0.0120200445303374	-0.00556617948456758	-0.0219810547433561	-0.0098497795507049
0.0526163221661833	0.0536020788001512	-0.031511888870524	-0.0312663773094269	0.0167508247719198	0.00136768368544384	0.0209552996626854	0.0050394718023505	0.00359089994769096	0.0293022904085863	-0.0391984302712596	-0.03201350671959	-0.0119574875855431	-0.00552890236275224	-0.0219378767610045	-0.00981040136491077
0.0526688641324775	0.0536461494552969	-0.0314854537417535	-0.0312981237714736	0.0167770810867347	0.00139711394797134	0.0209693072215387	0.00506172715490784	0.00356109808741189	0.0292701639668839	-0.0392113565644749	-0.0320316633210079	-0.0120000522919062	-0.00556938835688095	-0.0219088935333662	-0.0098465734723596
0.0526908610429896	0.0536629607610954	-0.0314784772035154	-0.0313320285738443	0.0167807272150489	0.00140554334959904	0.0209698017538848	0.00507008950130218	0.00355350128826514	0.0292757546969658	-0.0392190651223439	-0.0320347897712636	-0.0120050115852072	-0.00556889382453487	-0.0219183902307916	-0.00985258329765002
0.0526873392462539	0.053664512810351	-0.0314885480613766	-0.0313317505740226	0.0167637496681511	0.00139893701212847	0.0209605132070796	0.00507047925984612	0.00355134294794118	0.0292938470371183	-0.0392121933579079	-0.0320238276375923	-0.0120102991697549	-0.00556325140604394	-0.0219104902861107	-0.00985036069606074
0.0526717698592567	0.0536601192955815	-0.031513751050234	-0.0312965591493617	0.0167452074991414	0.00139054253510148	0.0209511129015521	0.00506248711421932	0.00354402135464803	0.0293231599529874	-0.0392187549918896	-0.032006875236407	-0.0120119210682119	-0.00555009880141602	-0.0219086700159216	-0.00984179019904616
0.0526821257018597	0.0536829921150794	-0.0315310443155222	-0.0312139848204237	0.0167481872660741	0.00141232011912109	0.0209484153253931	0.00507201594227742	0.00349999540299122	0.0293369579642365	-0.0392493475451288	-0.032009528109077	-0.0120459334383528	-0.00555576915958752	-0.0219276173102996	-0.00984978513864102
0.0526443819873788	0.0536617216362621	-0.0315613896025884	-0.031168982376931	0.016720300670898	0.00138957442516975	0.0209291788553213	0.00505253360301657	0.00350999501466692	0.0293856484455643	-0.039248378038213	-0.031983658758838	-0.0120296082829962	-0.00553128561750479	-0.0219323251464755	-0.00983770681473098
0.0526194961138959	0.0536630543590253	-0.0315953502843201	-0.0310569414638807	0.0166983428759388	0.00139544455205733	0.0209216602872801	0.00506005775899383	0.00348459505106152	0.0294057566336699	-0.0392632279784355	-0.0319750393673825	-0.0120497779383991	-0.00552769536855166	-0.0219399554732389	-0.00984041975771425
0.0526015406781782	0.0536695964352305	-0.0316226711009647	-0.0309356231798975	0.0166953854607505	0.00141327425921252	0.0209173170639356	0.00507200895735728	0.00343845406558562	0.0294434346899014	-0.0393037586760531	-0.0319676926283768	-0.012081636159168	-0.00552220382433579	-0.0219719031009857	-0.0098455229403702
0.0525708237933604	0.0536545928267649	-0.0316403792705094	-0.0308662266012998	0.0166907307099677	0.00141089938636415	0.0209154786329542	0.00507101989266514	0.00343243585839103	0.0294639480033753	-0.0393202598513973	-0.0319584892975973	-0.0120735504156113	-0.00550761372314259	-0.0220056821747937	-0.00983772776949141
0.0525654342289787	0.053648510358305	-0.03163658226792	-0.0308365462786312	0.0167036695760393	0.00141648452850992	0.0209223601762784	0.00507942135461227	0.00342816388123201	0.0294490365958555	-0.0393261411541571	-0.0319651529114131	-0.0120730167677124	-0.00551452320614734	-0.0220196771607908	-0.00984144095303905
0.0525256816514649	0.0536171620367065	-0.0316598392580258	-0.0308174914164831	0.0166780433010213	0.00138276692199909	0.0209117989770232	0.00505012939350359	0.00344451418230107	0.0294570049927539	-0.0392945022598806	-0.0319386996218502	-0.0120612262225123	-0.00549602713761057	-0.0219834785106455	-0.00981583702976549
0.0525540027086738	0.0536315579571197	-0.0316277407560039	-0.0308340079586515	0.0167130475298223	0.00141191499375284	0.0209336380283401	0.00507485181985519	0.00344216864611729	0.0294159909386624	-0.0393142374532506	-0.0319708400333929	-0.0120621188953065	-0.00552199846768361	-0.0220102768552633	-0.00983595220279124
0.0525813109524621	0.0536422588547777	-0.03160251122445	-0.0308866519047799	0.0167313480205951	0.00141195410930563	0.0209417908271302	0.00507690259240897	0.00344851095360648	0.029390392603325	-0.0393013013811471	-0.0319842119645133	-0.0120699922972908	-0.00553673385521577	-0.0219958879197702	-0.00984717836644392
0.0525981180673084	0.0536382117920472	-0.0315806749671012	-0.0309748979888735	0.016743371862128	0.00141749594494652	0.0209465056482262	0.00507920342510383	0.00348319946401709	0.0293527508686782	-0.0392838013622226	-0.0320017594808947	-0.0120404893915939	-0.00554071386271284	-0.0219953752266318	-0.00984114479242501
0.0526068645843106	0.0536307979978082	-0.0315616913511385	-0.0310552455252702	0.0167523418965747	0.00140601413321664	0.0209491724907365	0.0050672969302293	0.00350604993177055	0.0293468346413177	-0.0392687963567729	-0.0320044123535648	-0.0120263114006891	-0.00553344256084473	-0.0219879027590636	-0.0098275702986205
0.0526539499309897	0.0536449368731602	-0.0315160365161045	-0.0311737195497715	0.0167780589755546	0.00141040764798613	0.0209600256596536	0.00507151163104315	0.00352872717350449	0.0292942088559817	-0.0392406876411364	-0.0320240246123403	-0.0120186545312291	-0.00556235314531364	-0.0219559048398918	-0.00985044591208648
0.0526628068097302	0.0536362252807588	-0.0315030669163843	-0.0312742297566509	0.0167752705954338	0.00139306828222493	0.0209576172591886	0.00505792735835044	0.00356827299738204	0.029277629449532	-0.0392096801836407	-0.0320248683906935	-0.0119914245185464	-0.00555436798460698	-0.0219330557691223	-0.00983812451295549
0.0526712026837412	0.0536401284541343	-0.0315009965860542	-0.0313104926680616	0.0167633263819905	0.00138237576647112	0.0209512386301146	0.00505148167404314	0.0035757524498704	0.0292814655676741	-0.0391989373764619	-0.0320192664847394	-0.0119889071533271	-0.00555448812523343	-0.0219063538164024	-0.00983752939775937
0.0526960187080227	0.0536551767660888	-0.0314845401141989	-0.0313410195630514	0.0167781735282449	0.0013982510929705	0.0209717407677163	0.0050737719512012	0.00356514095919024	0.0292784983735977	-0.0392191824690023	-0.0320343036208217	-0.011996903489906	-0.00556469728451339	-0.0219236261269303	-0.00985249947860831
0.052674285827492	0.0536435468740519	-0.0315115256546766	-0.0313160820011594	0.0167459800313091	0.00137289722983804	0.0209613402216244	0.00505127911135901	0.00356486575333664	0.0293127566129275	-0.0391997657879908	-0.0320084943408959	-0.0120096509691657	-0.00555283549312776	-0.0218892337771337	-0.00983936363778873
0.0526902254152567	0.053669812967755	-0.0315147638636546	-0.0312742814450599	0.0167598409068395	0.00140361132068769	0.0209643605010939	0.00507548884457217	0.00352872577652046	0.0293141228633073	-0.0392347658258397	-0.0320185498319328	-0.0120285353992624	-0.00556541673128804	-0.0219142202334667	-0.00985565526552859
0.0526560775376651	0.0536582180003188	-0.0315438378952548	-0.0312058795190906	0.0167340302299297	0.00138953530961696	0.0209543078040252	0.00506016113581194	0.00351789076839575	0.0293548756813855	-0.0392412198920512	-0.0319985394327092	-0.0120282392386483	-0.00553999720990625	-0.021928720927682	-0.00983866235180645
0.0526605758262367	0.0536725063529618	-0.0315582044790035	-0.0311414338518898	0.0167345275562438	0.00140111910118092	0.0209502900779593	0.00506895095931899	0.0034917224635747	0.0293671076735386	-0.0392638119177594	-0.0319956951732272	-0.0120504959881897	-0.00554895467149671	-0.0219332303921259	-0.00985497353732271
0.0526069749460489	0.0536495050109333	-0.0316031328823427	-0.0310294083056639	0.0166957905861188	0.00138775136101262	0.0209324519888999	0.005059427719197	0.00348421088045369	0.0294156542655115	-0.0392736033788149	-0.0319758705728794	-0.012040103824002	-0.00551793184717677	-0.0219540412631978	-0.00983767468409833
0.0525815079272101	0.0536494966290291	-0.0316352383692847	-0.0309028164069732	0.0166846733872203	0.00139143101694357	0.0209233687987469	0.00505727356982512	0.00344361173061868	0.0294493076107571	-0.0393022219936218	-0.0319570811376966	-0.0120668001887858	-0.00551545918544641	-0.0219652702208185	-0.0098357831677238
0.0525708754817695	0.0536522528785173	-0.0316453120211139	-0.0308441807963468	0.0166918552821106	0.00140142923163524	0.0209270638215022	0.00506675769439431	0.00342759251476437	0.0294554613254024	-0.039320834011833	-0.0319583034987215	-0.0120765832679371	-0.00551697211914922	-0.0219877043873315	-0.00984339812766291
0.0525572954000289	0.05364551243058	-0.0316451681317589	-0.0308173042206233	0.0166998669855138	0.00140606582162569	0.0209276323940018	0.0050686226680723	0.00342871988087533	0.0294440717146184	-0.0393221206341232	-0.0319641498768806	-0.0120749418117037	-0.0055164258983941	-0.0219977305417038	-0.0098399461801286
0.052562457256014	0.0536448181295178	-0.0316361617757275	-0.0308250616729333	0.0167124719724026	0.00141006538689916	0.0209351411831547	0.00507282339904587	0.00342896435308031	0.0294297875529274	-0.0393226808247186	-0.031971974384424	-0.0120724174615642	-0.00551906480122385	-0.0220101595086049	-0.0098390088038455
0.0525840266894134	0.0536488637952642	-0.0316193309121526	-0.0308611150367397	0.0167287887458549	0.00141757557303614	0.0209459817792155	0.00508310520149531	0.00343982730088559	0.0294045077299485	-0.0393189480833945	-0.0319884252683431	-0.0120734009383203	-0.00553057594961833	-0.0220103383225606	-0.00985054230398444
0.0525664498363674	0.0536147913548102	-0.0316115161834974	-0.0309306596956443	0.0167163974975225	0.00138323491164862	0.0209444981821773	0.0050603650954801	0.00348114729447929	0.0294016606764985	-0.0392776727932898	-0.0319780177373311	-0.0120425192093872	-0.00551750856101615	-0.0219799930354945	-0.00983065763332339
0.0525816113040282	0.0536146642292636	-0.0315885316052772	-0.0309893930951527	0.016727759168626	0.00138836044604903	0.0209536693823241	0.00506627294093644	0.00349863334356348	0.0293615015766324	-0.039265953494275	-0.0319914441508286	-0.0120240049800581	-0.00552702341923397	-0.0219762086057614	-0.00982991304083622
0.052628485706119	0.0536370858229203	-0.031541590147953	-0.0310895931715778	0.0167687327101806	0.00140673637395935	0.0209666808915652	0.00508339717115726	0.00350243593408894	0.0293258309864498	-0.039270666918387	-0.032015961220528	-0.0120284725349811	-0.00554852300343192	-0.0219785303932167	-0.0098460482063649
0.0526384462022419	0.0536291425717345	-0.0315081826718965	-0.0312142125288203	0.0167737534707789	0.00139535095412743	0.0209705840649407	0.00507359872518167	0.00355079672718605	0.0292873776040825	-0.0392294139800267	-0.0320292912421276	-0.0119953779833469	-0.00555125829815964	-0.0219574610800995	-0.00983385253579647
0.0526631951712901	0.0536411286946987	-0.0314909885924743	-0.0312852631365076	0.0167797716779735	0.00139515537636344	0.0209745012081565	0.00507271024333957	0.00355974301290429	0.029266976049331	-0.0392111470168706	-0.0320330854507489	-0.0120033743199258	-0.0055661166202863	-0.0219221173841795	-0.00984108891306388
0.0526791431409589	0.0536558026149336	-0.0314813214629974	-0.0313091683272026	0.0167827779876027	0.0014029002558172	0.0209743112183286	0.00507772820996978	0.00355219929915062	0.0292673895566034	-0.0392145780096445	-0.0320363599813116	-0.0120140472779032	-0.00557330270612868	-0.021913500786692	-0.00984997373148486
0.052689751837671	0.0536671265674682	-0.0314905611153616	-0.0313110319038966	0.0167671680880687	0.00138959258596212	0.0209636410543193	0.00506372763603659	0.00354392077179799	0.0292817309946395	-0.039207925571701	-0.0320226890956091	-0.0120279807966031	-0.00557214879732118	-0.0218838931071929	-0.00985042914827814
0.0527175602017415	0.0536972371612176	-0.0314886807748593	-0.0313084586593161	0.0167835994142114	0.00142390530766908	0.0209742609269036	0.00509001608148409	0.00352445519634547	0.0292843712944533	-0.0392436185136281	-0.0320413947117501	-0.0120344823602715	-0.00558245015754702	-0.0219282808777131	-0.00986803952894086
0.0526782406892765	0.0536706581430922	-0.0315291625780359	-0.0312711787435327	0.0167455763029249	0.00140152841750126	0.0209589918914726	0.00507523878443107	0.00352941448964649	0.0293271944428616	-0.0392338088917802	-0.0320161400344837	-0.0120224599157226	-0.00554695838132005	-0.0219262496629357	-0.00984088495339572
0.0526534344438832	0.0536673766276093	-0.0315559134251968	-0.0311870425864509	0.0167245027988556	0.00138892622458055	0.0209457862014516	0.00506306127465501	0.00350125548258489	0.0293709633494572	-0.0392437959305997	-0.0319887326048294	-0.0120456344837707	-0.00553977928039781	-0.0219177294573461	-0.00983667863448604
0.0526441584699343	0.053672316363134	-0.0315706208730484	-0.0311132818297484	0.0167211053336984	0.00139983387587474	0.0209434839717727	0.00506889507995785	0.00349037018303516	0.0293757466227706	-0.0392676675936779	-0.0319906101513636	-0.0120487190245055	-0.00554141095774304	-0.0219425845971804	-0.00984101487291037
0.0526329239243774	0.0536852664050777	-0.0315976581019352	-0.0310053145221251	0.0167243100150597	0.00142619496449172	0.0209438499815881	0.00509172459295089	0.00344473630276159	0.0294114954440588	-0.0393124297559178	-0.0319922557985492	-0.012077119709804	-0.00553594875019178	-0.0219875702768648	-0.00985220471497831
0.0525472566728004	0.0536331714736726	-0.0316598336700897	-0.0308949346230846	0.0166619556329495	0.00137117195456289	0.0209143973673162	0.00504334005112529	0.0034540639651196	0.0294796528978232	-0.0392845277939174	-0.0319343801472342	-0.0120684178962908	-0.00549763087527524	-0.0219531639572279	-0.0098121210522498
0.0525823447206431	0.0536704276407275	-0.0316393189596318	-0.030831035176639	0.0167106558931656	0.00141955929035655	0.020940455310399	0.00508430660775979	0.00340707640732246	0.0294430812529422	-0.0393375056192286	-0.0319689848386031	-0.0120996698259914	-0.00553319669165572	-0.0219989445208245	-0.00984925149074215
0.0525526811617829	0.0536408758405895	-0.0316494247420936	-0.0308252488687931	0.0166981808257915	0.00140042340313475	0.0209326070541271	0.00506812115080609	0.00343309104390038	0.0294452242264419	-0.0393186211891319	-0.0319636008621575	-0.0120706824074009	-0.00551095949989075	-0.0220066586666296	-0.00982600847047669
0.052539184899084	0.05362617258369	-0.0316377752922803	-0.0308299385441766	0.0167031918075015	0.0014019475127098	0.0209396296928382	0.00507042757143707	0.00344523223209169	0.0294258718066957	-0.0393130961172993	-0.0319651836450617	-0.0120596141029434	-0.00551220700662816	-0.0220087108361674	-0.00982513256149084
0.0525716396320331	0.0536504465781685	-0.0316143059606023	-0.0308619462422366	0.0167249847583455	0.00141213990818142	0.0209441223934737	0.00507820597850752	0.00343664916222085	0.0293954287307475	-0.0393130514138104	-0.0319789299679017	-0.0120784342717748	-0.00553511754469485	-0.0219901365365251	-0.00984169520413223
0.0525829649815518	0.0536429070553669	-0.031589994247555	-0.030958378652737	0.0167403557736106	0.00141671503087461	0.0209543748592585	0.00508110472036656	0.00347367901786316	0.0293662303675688	-0.0392972557154007	-0.0319997017234208	-0.0120415608783437	-0.00553228585806917	-0.0220018558355398	-0.00983729889539467
0.0526000067897149	0.0536462919476678	-0.0315768192911827	-0.0310101802174962	0.0167446123839453	0.00140988517595949	0.0209586538213377	0.0050787452143425	0.00347815914564242	0.0293490293032264	-0.0392755870961353	-0.0319991331509212	-0.0120504694454932	-0.00554114972172972	-0.0219743534109716	-0.00983769144790667
0.0526149782675479	0.0536358718437996	-0.031539965455528	-0.0311329401889968	0.0167540629808978	0.00139193253420979	0.0209622929647318	0.00506430179647229	0.00352115971102234	0.0293239688067399	-0.0392487915454854	-0.0320049487954317	-0.0120162754674286	-0.00554193622373774	-0.0219545316045918	-0.00982917962422128
0.0526510693499231	0.0536477112834407	-0.0315061542510872	-0.0312323006780208	0.0167701045484965	0.00139858636913733	0.0209716513607384	0.00506961452673251	0.00354339271183523	0.029279839478265	-0.0392299113063408	-0.0320235524317387	-0.0120105157022793	-0.00556208213041212	-0.0219339749846131	-0.00983347814407684
0.0526753922388425	0.0536559409163524	-0.0314953318158188	-0.0312923779761646	0.0167686782278035	0.00139394139724271	0.0209653076562652	0.00506552834844927	0.00355495275467071	0.0292699641981678	-0.039211511629702	-0.0320251799181318	-0.012010600918305	-0.00556771057906277	-0.0219079980666039	-0.00983899483400522
0.0527111592209231	0.0536801520465496	-0.0314776250432581	-0.0313384854340238	0.0167913470876333	0.001418599562329	0.0209767112368895	0.00508325747275442	0.00354682091064106	0.0292654756884844	-0.0392310205116594	-0.0320418948320323	-0.0120150894279885	-0.0055785022806826	-0.0219369617364659	-0.00985394396009373
0.0526989509774984	0.0536716541927045	-0.0314953094640743	-0.0313462233285574	0.0167657725010243	0.00139905994672298	0.0209630724818197	0.00506760706068362	0.00355689735643832	0.0292881585181544	-0.0392103716907348	-0.0320219612669303	-0.0120141548456734	-0.00556265908481587	-0.0219176093167197	-0.00984288403754044
0.0527150861430271	0.053693131425158	-0.0315074492552816	-0.0313093680959187	0.0167651885617004	0.00141081417033841	0.0209591804843164	0.00507502504587472	0.00352528919581046	0.0292996445208364	-0.0392274959209556	-0.0320189018719079	-0.0120424325963774	-0.00557245194285535	-0.0219135887966858	-0.00985167106707944
0.0526575751045436	0.0536564298607623	-0.0315505434185914	-0.0312467608596994	0.0167214238460569	0.00137518548967665	0.0209379910305728	0.00504889585660646	0.00354015310587324	0.0293475666609486	-0.0392169011940838	-0.0319868047668701	-0.0120173986425875	-0.00553440927379242	-0.0219115994914293	-0.00982080330798666
0.0526827711084808	0.0536905442107373	-0.0315458663160642	-0.0311823151924986	0.0167494808732844	0.00141227262166412	0.0209554533309285	0.00507818222977903	0.00349170011183025	0.0293512379349754	-0.039268014045717	-0.032001819551208	-0.012055078095803	-0.00556013054372436	-0.021944674485287	-0.00985374419137766
0.0526330580348442	0.0536670050298578	-0.03159171253791	-0.0310799693486058	0.0167099601951194	0.00139295792048668	0.0209406760338755	0.00506371785714839	0.00348957390213894	0.0293840698536122	-0.0392602607843591	-0.0319785094757091	-0.0120560867182716	-0.00553925680837116	-0.021937949404174	-0.00983727374968216
0.0526195394204008	0.0536803085087608	-0.0316179716466929	-0.0309586398887503	0.0167058740168362	0.00141495622798279	0.0209338852945131	0.00507648489418446	0.00343772204595471	0.0294260282689069	-0.0393060329660515	-0.0319733867352768	-0.0120891854608578	-0.00553755388484048	-0.0219630909257342	-0.00984893716933575
0.0525835642877	0.0536633100071025	-0.0316429944246107	-0.0308824986712633	0.0166886519977334	0.00140685372061774	0.020921558307446	0.005069835250209	0.00343348639038043	0.0294544038084929	-0.0393122802786267	-0.0319603221406427	-0.0120821111337377	-0.00551677793836927	-0.0219883595728409	-0.00983631960959072
0.052559511016698	0.0536476386402713	-0.0316523849512499	-0.0308426930083565	0.0166851176281414	0.00139437865324362	0.020919543856477	0.00506104822067001	0.0034422231284944	0.0294571726308373	-0.0393112325406054	-0.0319527253414959	-0.0120704686688445	-0.00550989639504509	-0.0219939726546672	-0.0098332602145684
0.0525684070109912	0.053657004021198	-0.0316447406546462	-0.0308293043134277	0.0167046754045398	0.00141342233951954	0.0209358159264405	0.00507917548542327	0.00342838739867656	0.0294311552002913	-0.0393241518489005	-0.0319674774928364	-0.0120798340497713	-0.00552543085744153	-0.0220023992623269	-0.00984470430772952
0.0525477861297472	0.0536314657561738	-0.0316420710181678	-0.0308493887528048	0.0166980243635803	0.00139479076353202	0.0209337916965832	0.00506885875837311	0.00345334172437688	0.0294235430343202	-0.0393018797325349	-0.0319639361383243	-0.0120591265555175	-0.00551462518598142	-0.0219928899920452	-0.00982768485131083
0.0525623538791959	0.0536336506391943	-0.0316168414866139	-0.0308923320418396	0.0167140673281631	0.00139431578896234	0.0209419221436289	0.00506782499019206	0.00346484728483525	0.0293969612222268	-0.0392922964220996	-0.0319764363514109	-0.0120532759864063	-0.0055264995502233	-0.0219867041467672	-0.00983155729103772
0.0525987089915525	0.0536462458471949	-0.0315798158219237	-0.030974530582074	0.0167471143823402	0.00141607521218958	0.0209603064534433	0.00508556109941734	0.00348137639985995	0.0293470386009858	-0.039291972321805	-0.0320088575567433	-0.0120404125574723	-0.00554749901413906	-0.0219966171454331	-0.00984272198739314
0.0525649187418722	0.0536046101352108	-0.031587879213736	-0.0310356570152231	0.0167123853593928	0.0013594638314204	0.0209369768201681	0.00504037146006482	0.00352123514815988	0.0293686359740658	-0.0392361991314529	-0.0319732456398899	-0.0120118861436112	-0.00552078309157885	-0.0219353007224561	-0.00980764651240665
0.0526551541312223	0.0536553499921083	-0.0315168663246174	-0.0311367749101549	0.0167809172048768	0.00140841554876155	0.0209735009675921	0.00507957781682346	0.00351225114387287	0.0292781351577503	-0.0392521121765211	-0.0320255696766758	-0.012034996450394	-0.00558189136393563	-0.0219374674446842	-0.00985762361602469
0.0526777601267708	0.053657347679269	-0.0314889853173775	-0.0312463347795707	0.0167880557932622	0.00140951916614403	0.0209783596780431	0.00507835685278259	0.00354902814540602	0.0292484827747622	-0.0392313390240179	-0.0320494553095943	-0.0120066460565205	-0.00557759144709604	-0.021943002295405	-0.00984355598685813
0.0526892642902451	0.0536614534153287	-0.031493037968044	-0.0313069373437092	0.0167765376599476	0.00139750929445139	0.0209702390098857	0.00506621287062321	0.00356187341354768	0.0292577294120466	-0.0392068484970151	-0.0320373700007641	-0.0120044178669951	-0.00557283751044721	-0.0219137508468331	-0.00984561933226816
0.0526783175233981	0.0536510430903486	-0.0314979050603992	-0.0313453991079806	0.0167582371691748	0.00138164514382423	0.0209586440424495	0.00505200274908575	0.00357593824874618	0.0292843782793734	-0.0391950411880065	-0.0320204441422754	-0.0119856368137165	-0.00555546461706932	-0.0219059668518265	-0.00983434846512657
0.0526969141747849	0.0536728807446814	-0.031499223813322	-0.0313261542560046	0.0167595335703532	0.00139025056543953	0.0209560735918371	0.00505835064451106	0.00355385472522434	0.029294861247523	-0.0392102403742361	-0.0320215170260092	-0.0120090614419057	-0.00556670754453034	-0.0219035081599365	-0.00984630664841016
0.0527019544931596	0.0536848054003484	-0.0315105673236331	-0.0312955211902286	0.0167621822520712	0.00140950659328777	0.020957247058421	0.0050763102711809	0.00353258704037512	0.0293104962927695	-0.0392298763817401	-0.0320248139083164	-0.0120223272022399	-0.00556736692099177	-0.0219302967256661	-0.00985431974879739
0.0526784292821204	0.0536812402971077	-0.0315374229445962	-0.0312156472314176	0.0167409592707109	0.00140187347255629	0.0209539725278583	0.00508119412734439	0.00350830187002443	0.0293418669661125	-0.0392441703223193	-0.0320095811944701	-0.0120428796312665	-0.00555863856478197	-0.0219316490062057	-0.00984784891877758
0.0526693698406958	0.0536830661552329	-0.0315545066622802	-0.0311535610702409	0.0167339561897762	0.00140709679583869	0.0209543678743384	0.00508243884011374	0.00348299271038088	0.0293584673273226	-0.0392623492754816	-0.0319969817955174	-0.0120584210785831	-0.0055613054072923	-0.0219316336393814	-0.00985299680492244
0.0525973567110129	0.0536454076567778	-0.0316095771696659	-0.0310432286686574	0.016682841941159	0.00137828958818788	0.0209302768847676	0.00505439159177441	0.00349233993051528	0.0294120039462452	-0.039260601648462	-0.0319677862263067	-0.0120345005210639	-0.00551854232919721	-0.0219405924979559	-0.00981807918913117
0.05263138165401	0.0536959728906718	-0.0316181770033451	-0.0309157734338371	0.0167137152881879	0.00143068766512724	0.0209409666065534	0.00509494324415246	0.00341029226455596	0.0294158987377165	-0.0393229797793007	-0.0319784871239647	-0.0121057522944513	-0.00555742877661333	-0.0219725052011019	-0.00986275473836121
0.0525564544156437	0.053643062120594	-0.0316544804272926	-0.0308615299409962	0.016674103806061	0.00139038327892223	0.0209186553746349	0.00506161260221751	0.00344372628330902	0.0294572452740068	-0.0393044767258438	-0.0319540832099716	-0.0120605612581147	-0.00550559927217356	-0.0219925142033415	-0.00981199811765529
0.0525195167609473	0.0536195131608263	-0.031665445354932	-0.0308147603127075	0.016657953273708	0.00136701313311018	0.0209188663192232	0.00504825603792143	0.00345236383555696	0.0294651228669432	-0.0392955709526623	-0.0319373543262308	-0.0120509178773663	-0.00550375665024002	-0.0219698621073201	-0.0098109378067777
0.0525649760182173	0.053653170697024	-0.0316363028711144	-0.0308193242595284	0.0167108333101372	0.00141155596885752	0.0209489028728191	0.0050844840247314	0.00342426350182456	0.02941940935858	-0.0393314943969541	-0.0319714449274772	-0.0120732067575403	-0.0055365732020525	-0.0220036844876331	-0.00984556484989105
0.0525485167523941	0.0536328222276655	-0.0316272587965141	-0.0308525249819487	0.0167068239659755	0.00139540962745662	0.0209433959617789	0.00507005876765356	0.00344817148648757	0.0294120249010056	-0.0393053959413345	-0.0319725932483486	-0.0120563172206363	-0.0055274620722189	-0.0219893430495969	-0.0098263283798192
0.0525663045500284	0.0536368189989709	-0.0316042183389328	-0.0309097496387064	0.0167248352810544	0.00139621009930493	0.0209498514249744	0.00507021103891266	0.00346095249336392	0.0293871432184748	-0.0392950289228593	-0.0319787665207704	-0.0120519181179307	-0.00554011735053269	-0.0219767855601651	-0.00983574265518697
0.0525868877127037	0.0536405489463268	-0.031576639080243	-0.0309897716778245	0.0167436303041733	0.00141212174738905	0.0209637067125686	0.00508489334105174	0.00348792825495341	0.0293446497582972	-0.0392866721644011	-0.0320089441697531	-0.0120289656703431	-0.00554450108641399	-0.0219949156188864	-0.0098339573095986
0.0526265452953035	0.0536557984239815	-0.0315433293930685	-0.0310861691637241	0.0167667922993651	0.00141742469876107	0.0209734800128317	0.00509035275463495	0.00349070545920199	0.0293235552994675	-0.0392780611548497	-0.0320157335121314	-0.0120388172017118	-0.00555877826318482	-0.0219814989842771	-0.00984226657059986
0.0526394408548702	0.053644531747792	-0.0315124183274708	-0.031214246056437	0.0167734964257176	0.00140622507780493	0.020980072380462	0.00508380229652551	0.00354280597854328	0.0292808173670849	-0.039238656426359	-0.032031716406401	-0.0119988536796097	-0.00555893612238003	-0.0219622108257962	-0.00983415428434662
0.0526605856051249	0.0536464539978151	-0.0314976661761303	-0.0312884091445397	0.0167681767105373	0.00139267992066502	0.0209767643222826	0.00507208998243093	0.00355637348742765	0.0292679427622786	-0.039209152123678	-0.0320244073859641	-0.0120020052755779	-0.00556953084925185	-0.0219171720607188	-0.00983272377270148
