0.052488523273292	0.053550767576786	-0.0320622474923429	-0.03085140879171	0.0167888087676536	0.00166742896049368	0.0209018873753413	0.00530066031821493	0.00341600592923235	0.0294081790039753	-0.0391709515954198	-0.0317452327007333	-0.0118141598181915	-0.00554378024265531	-0.0221923206379796	-0.0101421599259567
0.0524477495004534	0.0535403474729177	-0.0321015907535363	-0.030733440475427	0.0167623177595219	0.00165472897869098	0.0208869745708376	0.00529153661552508	0.00338435166813155	0.0294591367903813	-0.039185685585968	-0.0317185712605502	-0.0118306819482961	-0.00552702062526592	-0.0222012878784583	-0.0101288648289579
0.0524343831572691	0.053540213362451	-0.0321068210617389	-0.0306708332392077	0.0167746559224613	0.00166869881897554	0.0208919143063622	0.00530219839763026	0.00337301933369271	0.0294637412497391	-0.0392165980485497	-0.0317282719176438	-0.0118245128668264	-0.0055227290903305	-0.022247667748203	-0.0101313905760813
0.0524136784569834	0.0535221908714999	-0.0321171098491084	-0.0306389442847901	0.0167693292223608	0.00165637602286053	0.0208873475655732	0.00529258016259434	0.00338020961048717	0.0294665729363648	-0.0392039539461081	-0.0317171253820807	-0.0118236928372017	-0.00551942801707125	-0.0222416174103758	-0.010126413121988
0.052403593629282	0.053511591953676	-0.032115862342371	-0.0306280631761924	0.0167694814936199	0.00165406960222955	0.0208890644589441	0.0052883514919402	0.00338389345737021	0.0294569798470413	-0.0391994654364247	-0.0317178671805998	-0.0118180867402955	-0.00551744290276682	-0.0222391852611822	-0.0101210528942708
0.0524245847112935	0.05351935080297	-0.0320868693358444	-0.030656760022105	0.0167977592443239	0.00167300432375125	0.0209004442908399	0.00530341936167113	0.00338865717290725	0.0294231197481596	-0.039207777491394	-0.0317404396485316	-0.0118174133939938	-0.00553031471360502	-0.0222592990372239	-0.0101314660132189
0.0524328869873747	0.0535145326050559	-0.0320718615364267	-0.0307076228135971	0.0167993559970684	0.00165446215474154	0.0208971460115488	0.00528992868690832	0.0034067942165487	0.0294108807710863	-0.0391793139418142	-0.0317362500934303	-0.0118170012837054	-0.00553709986503123	-0.0222255828276971	-0.0101312550686306
0.0524591111715568	0.0535236577047298	-0.0320454138348	-0.0307810874096855	0.0168181594020914	0.00166436956547136	0.0209051535239999	0.0052963045220142	0.00343114085419665	0.029367322809079	-0.0391690041996842	-0.0317602726307836	-0.0117930793292021	-0.00554824779757832	-0.0222307851962191	-0.0101373291551863
0.0524776701043749	0.0535206919076373	-0.0320184729978112	-0.0308810821294584	0.0168340584773193	0.00165708988169907	0.0209080885874437	0.00529244465514358	0.00345343252833873	0.0293579867648169	-0.0391541333047013	-0.0317679099424672	-0.0117763308876849	-0.0055460279899571	-0.0222238044670289	-0.0101337011876644
0.0525062202669645	0.0535210118169799	-0.0319825914630403	-0.0310020651372749	0.016850784567092	0.00165416878809557	0.0209184220783022	0.0052930104336751	0.00349382911548961	0.0293067859031899	-0.0391214480693875	-0.0317870136990564	-0.0117545980071542	-0.00556258364767834	-0.0222008422405532	-0.010133090705644
0.0525206217753138	0.0535197000489771	-0.0319658206697787	-0.0310879559062965	0.0168457400577652	0.00164058591238688	0.0209225417842021	0.00528105923531165	0.00351227628958539	0.029291034908269	-0.0390936802178538	-0.0317843245048016	-0.0117482207750643	-0.0055628225319472	-0.0221620773307475	-0.0101286580753217
0.0525638877676592	0.0535515890033947	-0.0319454652155	-0.0311277042928582	0.0168691353492898	0.00166972560223646	0.0209344929825655	0.00530523683789215	0.00349686895273554	0.0292723642167287	-0.0391105851215822	-0.0318039116178646	-0.0117698418968727	-0.00558911516834679	-0.0221622407778789	-0.0101544366215988
0.0525452645735758	0.0535332340302448	-0.0319579640316026	-0.0311523624579444	0.0168425102306915	0.00164365927724949	0.0209183955356056	0.00528596544321959	0.00351928356147212	0.0292965446132773	-0.0390886622512236	-0.0317878896080422	-0.0117485672271034	-0.00556504653052051	-0.0221538183611713	-0.0101305467977282
0.0525181016161265	0.0535189680293462	-0.0319830035733287	-0.0311262835601012	0.0168112792557513	0.00161651867154463	0.0209041742381959	0.00526608915446271	0.00352057437471442	0.029335118136271	-0.0390773578564653	-0.0317609613439097	-0.0117450412394156	-0.00555168577527235	-0.0221259066202827	-0.0101205835076372
0.0525485181493781	0.0535514185713432	-0.031979632650868	-0.0310732694132053	0.0168375830680231	0.00165822283574615	0.0209224984776972	0.00529706448132568	0.00347260334016124	0.0293286766429158	-0.0391252171322962	-0.0317779305089033	-0.0117802270761403	-0.00557285706822361	-0.0221586784686063	-0.0101487732483474
0.052535503846169	0.0535535587508748	-0.0319981678349576	-0.0310090137358324	0.0168295979073164	0.00166145825075605	0.0209173296367919	0.00530043400680232	0.00345055893219219	0.0293623327821294	-0.0391442440547638	-0.0317696435996465	-0.0117966388445066	-0.00556305024034384	-0.0221839415277769	-0.0101460742752045
0.0525084330896655	0.053543207099224	-0.0320300889200078	-0.0309358369184538	0.016801789543246	0.00164668095370304	0.0208951762640686	0.00528299685215912	0.0034405202049637	0.0293907167036196	-0.0391374742701619	-0.0317432936869018	-0.0118037047897225	-0.00555509581328581	-0.0221659511674584	-0.0101380751446575
0.052463289550786	0.0535314347148162	-0.0320743160373647	-0.0308079332517604	0.0167732309987522	0.00164161409263183	0.0208853708331729	0.00528251209870125	0.0034177954657728	0.0294370365030511	-0.0391635517710211	-0.0317285569023856	-0.0118112079909394	-0.0055320665315767	-0.0221873795054709	-0.0101272722671655
0.0524594380658195	0.0535491526632491	-0.0320964065458067	-0.0306990872411832	0.016780533034269	0.00166147780853245	0.0208859226418641	0.00529687728546587	0.00337102863145216	0.0294542850648505	-0.039202428439549	-0.0317243841110926	-0.0118415462930854	-0.00553971781310056	-0.0222117722435918	-0.0101433725080934
0.0524395980986474	0.0535392145188707	-0.0321042883296953	-0.0306566552483028	0.0167830895150411	0.0016636990131377	0.0208840534772341	0.00529798090284835	0.00337508267910274	0.029461378949747	-0.0392119866042717	-0.0317272144007342	-0.0118262269662293	-0.00552837709675755	-0.0222551933011643	-0.0101341552074737
0.0524463217827763	0.0535473240111558	-0.0321026384915577	-0.0306414826047698	0.0167962057980842	0.0016763012060584	0.0208898383880959	0.00530329642707663	0.00336707656363565	0.0294430910318304	-0.0392181151732046	-0.0317368074900576	-0.0118367141253309	-0.00553213638077812	-0.0222641381898985	-0.0101374227531162
0.0523968992818176	0.0535013213270988	-0.0321118055007524	-0.0306625407420147	0.0167706102567148	0.00163731696976029	0.0208812078207681	0.00527629272580656	0.00340737396492052	0.0294607684677265	-0.0391862667313238	-0.0317155090715598	-0.0117944050670451	-0.00550077967727538	-0.0222475783412252	-0.0101129056834168
0.0524347938705735	0.0535275706569935	-0.0320845056388683	-0.0306789161887963	0.0168013746389895	0.00165974415135314	0.0208972647551912	0.00529192497708499	0.00339254078850636	0.0294237847125572	-0.0391979706635142	-0.0317337844166201	-0.0118180895342636	-0.00553461183647655	-0.0222416467470404	-0.01013947352567
0.0524395338373821	0.0535199501091182	-0.0320698862010105	-0.0307472217228677	0.0168007948906177	0.00164593217026378	0.0208939580939958	0.00528303037977581	0.00342273939224951	0.0294068434872441	-0.0391678838184934	-0.0317379851475936	-0.0118019501777828	-0.00553476690170371	-0.0222213946695798	-0.0101316937216155
0.0524590161766429	0.0535234062476046	-0.0320423795854902	-0.0308176157480616	0.0168209030787233	0.00166009479434428	0.0209114511280002	0.00529730476257858	0.00344188645534354	0.0293718993287563	-0.0391668416684081	-0.031764167422255	-0.0117792715390648	-0.00554018440576606	-0.022240156165082	-0.0101353454378659
0.0524729818259754	0.0535118909082581	-0.0320170368982299	-0.0309134418674936	0.0168287667018195	0.001632933233879	0.0209131456696267	0.00527470295798218	0.00346157415125658	0.0293607639690654	-0.0391313289374207	-0.0317520569677123	-0.0117763476514933	-0.00554644708516563	-0.022190181855432	-0.0101299181549154
0.0525080503160417	0.0535197796770668	-0.0319775427627614	-0.031024307916976	0.0168510052905685	0.00164258779049966	0.020929215176906	0.00528429045936947	0.00349650853085619	0.0293039220859315	-0.0391177628255204	-0.0317845354493899	-0.0117523879784212	-0.0055607312468566	-0.0221826730662791	-0.0101354180810354
0.0525600823831656	0.0535492811857797	-0.0319495164691826	-0.0311098508369745	0.0168778022382024	0.00167032351140064	0.0209410141040104	0.00530681822381237	0.00349601399851012	0.0292703022683027	-0.0391166480322657	-0.0318081640372472	-0.0117624267056497	-0.00558655030567054	-0.0221849333864371	-0.0101535481397567
0.0525496036059682	0.0535350249637693	-0.0319591458800907	-0.0311601380710468	0.0168598803301013	0.00164902648988682	0.0209332845913809	0.00528918688838921	0.00351528539318268	0.0292948039711778	-0.0390962366986259	-0.0317971180845342	-0.0117422835929434	-0.00556423907375206	-0.0221729039569681	-0.0101340308758951
0.0525375490307866	0.0535269489991008	-0.0319669089203368	-0.031165151846725	0.0168414778594944	0.00163359680129251	0.0209258121238127	0.00527684174052974	0.00351713360305233	0.0293122984021662	-0.039086274805519	-0.0317791989704012	-0.0117393401475954	-0.00555588650624592	-0.0221528837788563	-0.0101260135845558
0.0525409967873689	0.0535390915842762	-0.0319779003906727	-0.0311182522989216	0.0168315145694035	0.00164003969163175	0.0209177487320004	0.00527876957848901	0.00349109940869801	0.0293316606008006	-0.0391009319619455	-0.0317718173067948	-0.0117632956297154	-0.00556137944744581	-0.0221428869611486	-0.0101344569560238
0.0525537051510757	0.0535620146951991	-0.0319930199488127	-0.0310689764812859	0.0168367350987178	0.00166314161651034	0.020917336621712	0.00529552360794229	0.00346397696378552	0.0293429831563512	-0.0391335082325051	-0.0317735034665171	-0.0117811868041678	-0.00556476433974676	-0.0221703670339724	-0.0101500906042863
0.0525026705305482	0.0535324601010931	-0.0320235803714192	-0.031006732460914	0.0168017043272202	0.00163463755439371	0.0209006342806678	0.00527267453717286	0.00346506661132772	0.0293955041678851	-0.039130362224473	-0.0317461281674955	-0.0117718270111772	-0.00553095173832199	-0.0221732783486877	-0.0101224917878201
0.0524737278154466	0.0535295571682819	-0.0320640565866597	-0.0308895841742556	0.0167734545161968	0.00162353153136748	0.0208891706297303	0.00526217201124692	0.00343581097180378	0.0294142153719622	-0.039130113561316	-0.0317205549778706	-0.0117990486419557	-0.00553673804616786	-0.0221392114961698	-0.0101223325316408
0.0524790894401478	0.0535582987176834	-0.0320736035755102	-0.0307830585541497	0.0167989103591633	0.00167022153156656	0.0208973485742329	0.00529965309273041	0.00338808720342364	0.029435804363138	-0.039201396068352	-0.0317437365308388	-0.0118201961861785	-0.00554038417448213	-0.0222206863986774	-0.0101443517938974
0.0524374034367387	0.0535374221883621	-0.0321070864887043	-0.030691371698394	0.0167739658123512	0.00165200485983549	0.0208835798996484	0.00528221873205527	0.00337389384569452	0.0294717236164777	-0.0392010160886963	-0.0317157521467807	-0.0118284886833714	-0.00552134048820621	-0.022219881735877	-0.0101272750611335
0.0524285577338705	0.0535341867733522	-0.0321089137438135	-0.0306421922726562	0.0167800957782681	0.00165437973268386	0.0208878770225199	0.00528899689856134	0.00336808798007225	0.0294675047247117	-0.0392136615881218	-0.0317192557827241	-0.0118332216652598	-0.00552529115903869	-0.0222341812643923	-0.0101329691680335
0.0524179574190625	0.0535211948218876	-0.0321073770613822	-0.0306423096193146	0.0167898802544034	0.0016630019181075	0.0208971697602772	0.00529893783690784	0.00338006292716419	0.029447829601655	-0.039214650652814	-0.0317326277138445	-0.0118127530552748	-0.00552290511031808	-0.022256650355506	-0.010126760971011
0.0524178666151007	0.0535156054887897	-0.0320997788652514	-0.0306577113682284	0.0167941480406103	0.0016578819716432	0.0208986659301717	0.00529658950675601	0.00338924809715129	0.0294331207568193	-0.0392032973636147	-0.0317325620555952	-0.0118089099522126	-0.0055262145654815	-0.0222501473948535	-0.0101245048418051
0.0524074367323442	0.0535009734780757	-0.0320817549773163	-0.0307019594403457	0.0167940223120478	0.0016403218824055	0.0208960368062302	0.00528052698439681	0.00341838080208073	0.0294222214874293	-0.0391823677489004	-0.0317348335516254	-0.0117817665525397	-0.00551903127360717	-0.0222424276611123	-0.0101157792795633
0.0524460842954915	0.0535200409130801	-0.03205435034163	-0.0307515118608191	0.01681769420641	0.00165827173018714	0.0209103433196656	0.0052955040501659	0.00341623643159704	0.0293758877181575	-0.0391763313809134	-0.0317535852682394	-0.011801077062765	-0.00555186458922799	-0.0222197168917617	-0.0101316252693981
0.0524650888662146	0.0535228628208176	-0.0320392573261866	-0.0308158569451698	0.0168274004514397	0.00165487985296605	0.0209127852477473	0.00529754364684744	0.00343027891505109	0.0293599118088081	-0.0391621324352482	-0.031761715715285	-0.0117935836404364	-0.00555342362340375	-0.0222096977223096	-0.0101350842018526
0.0524880427107862	0.0535149489062964	-0.03200152897853	-0.0309528521839204	0.0168421735575406	0.00164421667387684	0.0209187741182773	0.00528551701134646	0.00347390812324382	0.0293247064143069	-0.0391332330266515	-0.0317700766646953	-0.0117607950283045	-0.0055560625262335	-0.0221881520376387	-0.0101295870697006
0.0525186310730733	0.0535222243991166	-0.0319674760958524	-0.0310606211198117	0.0168581215272095	0.00164746885269509	0.0209293800210214	0.00528711516107501	0.00350116607560707	0.0292866972728607	-0.0391123676732025	-0.0317905620384886	-0.0117456070179471	-0.00556861303074516	-0.0221718464400585	-0.0101337109665526
0.05256667614778	0.0535511140288251	-0.0319370441957765	-0.0311364717646208	0.0168892910348524	0.00167888422952702	0.020945216231968	0.00531526718321647	0.00349545520489874	0.0292576288291965	-0.0391223253753573	-0.0318207257176311	-0.0117517202200556	-0.00558733261672648	-0.0221905436742954	-0.0101533693258011
0.0525456515381517	0.0535330622012093	-0.0319529949594134	-0.031173746092468	0.0168595939483755	0.00164914243956118	0.0209298242619424	0.00529328144857662	0.00351432845912319	0.02929275180164	-0.0390954278448734	-0.0317964880447373	-0.0117384572536894	-0.00556448075198898	-0.0221637579025338	-0.0101322832488755
0.0525378060758479	0.0535300223639634	-0.0319689988084434	-0.0311553729585258	0.0168368845760089	0.00163758658767778	0.0209259797618961	0.00528521246882825	0.00350853935730926	0.0293129130751387	-0.0390899293157374	-0.0317785619456842	-0.0117479790968274	-0.00556289377813265	-0.0221407579574893	-0.0101304504058302
0.0525749351173562	0.0535695653938729	-0.0319712758924098	-0.0311158522803607	0.0168622118964448	0.00167420153906363	0.0209339174251458	0.00531483132419959	0.00346151408094335	0.0293074173399707	-0.039128595039677	-0.0317948759251685	-0.0117867565794893	-0.00558602503967584	-0.022161363471909	-0.0101538498883068
0.052503396962243	0.0535231729512719	-0.0320169083756993	-0.0310512906634856	0.0168032801252043	0.0016279655586738	0.0209055404885758	0.0052714787188445	0.00348204276124152	0.0293691402853	-0.0391064123302892	-0.0317519060934372	-0.0117586506578208	-0.00553438273109588	-0.02215277062315	-0.0101136963763769
0.0525156554970927	0.0535453780124042	-0.0320168538933222	-0.0309803587994407	0.0168238758607359	0.00165289753262967	0.0209122110873116	0.00529527075383314	0.00344105944079869	0.0293754309043802	-0.0391485132379548	-0.0317591159280081	-0.0117892627688364	-0.00555598708909597	-0.022173883242772	-0.010137804129756
0.0525060568198331	0.0535578181551776	-0.0320494078121373	-0.0308642065623947	0.016811460863675	0.00167088090802799	0.0209080662356992	0.00530815793149566	0.00340872903942812	0.0293854794104969	-0.0391714112031652	-0.0317586116167738	-0.0118168322486379	-0.00556124952793116	-0.0221887792834674	-0.010146151109326
0.0524643624345198	0.0535441305056668	-0.032087682380549	-0.0307607710709597	0.0167876478739259	0.00165998722657409	0.0208867789930736	0.00529250332847277	0.00338936404682565	0.0294463348287445	-0.039190351512623	-0.0317328707890655	-0.0118203275026771	-0.00553289354612155	-0.0222107147266823	-0.010135497709125
0.0524629626565233	0.0535535266202422	-0.0320979110976054	-0.0306807881473944	0.0167975357268793	0.00167635708541954	0.020888664921512	0.00530661566112824	0.00335700710275854	0.0294532051961965	-0.0392179028316322	-0.0317332200350726	-0.011842559106506	-0.00554084238524347	-0.0222354497258901	-0.0101472016413154
0.0523998217724051	0.0535048249630421	-0.0321156555887348	-0.0306613393357503	0.0167653967123206	0.00163800428590229	0.0208747202269399	0.00527664476578173	0.00339983583910296	0.0294708658682842	-0.0391933578222523	-0.0317144417757621	-0.0117942094892811	-0.00550141111405624	-0.0222402078534911	-0.0101094914544513
0.0524258210421587	0.0535242751716703	-0.0320994687347971	-0.0306413079817662	0.0167984591333221	0.00166892093943607	0.0208945951187128	0.00530407454718048	0.00336836877386197	0.0294385494367539	-0.0392144089745771	-0.0317329224774745	-0.0118247601329994	-0.00553115709497418	-0.0222412094910395	-0.0101378292754685
0.0524136044168299	0.053507565845706	-0.0320980731477527	-0.0306644993136226	0.0167893046969837	0.00165120578497121	0.0208868041387861	0.00528709700028264	0.00339743582054207	0.0294312948986941	-0.0391887393930542	-0.0317315939456634	-0.0118017504090667	-0.00552220661830385	-0.0222348294649815	-0.0101226203103507
0.0524534198586249	0.0535288293396031	-0.0320557319588342	-0.0307240820794203	0.0168305059469349	0.001675643226581	0.0209166283508096	0.00531193677329263	0.00339887331710735	0.029389705287183	-0.0392029928210965	-0.0317643769698592	-0.0118075325259605	-0.00555098868024215	-0.0222529497448146	-0.010146887319909
0.0524271719257142	0.0534936854123992	-0.0320572141588884	-0.0307969557512648	0.0168069625751033	0.00164074516856613	0.0209113016507091	0.00528597941305988	0.00344631908566583	0.0293800423486581	-0.039155301183349	-0.0317489836028497	-0.011772603734297	-0.00553000737711876	-0.022216590441506	-0.0101145513306023
0.0524707927520028	0.0535160944331997	-0.032032502908409	-0.0308575611093713	0.0168281198982143	0.00165072661944945	0.0209093249183088	0.00529312219239738	0.00343774858865125	0.0293558032787804	-0.0391517346831244	-0.0317548048352963	-0.0117910313506164	-0.00554792090331566	-0.0221949637317614	-0.0101312131591097
0.0524964329968611	0.0535110680846653	-0.0319878189772748	-0.0310034257997186	0.0168544306954063	0.00165403747159689	0.0209207271019491	0.00529171682646475	0.00349705056065924	0.0293026089209448	-0.0391257368103548	-0.0317883073062667	-0.0117383007914783	-0.00554914745529264	-0.0222102048275119	-0.0101251306906498
0.0525248881645367	0.0535169032869522	-0.0319611072456667	-0.0311017050231046	0.016866591441374	0.00165812923781624	0.0209308761909158	0.0053013071218201	0.00351587212647463	0.0292795433176509	-0.0391093292329406	-0.0318046003309906	-0.0117301857112569	-0.00556228888404833	-0.0221919197035634	-0.0101329747559696
0.0525294227746931	0.0535166099203062	-0.0319638593042027	-0.0311426785646592	0.0168538928565553	0.00164529654253084	0.0209307392864811	0.00529274360972566	0.00351294125398293	0.0292856649016636	-0.0390884778493318	-0.031791907334108	-0.0117376092843842	-0.00556179993963837	-0.022152628130779	-0.0101283507388354
0.0525416841035109	0.0535287594904017	-0.0319610974667785	-0.0311533054221637	0.0168528772491666	0.00164658316482105	0.0209383291007077	0.00529275618258192	0.00350685180060289	0.0292903713408555	-0.0390978977126357	-0.0317901960286732	-0.0117424917435636	-0.00556748706161822	-0.0221510285840665	-0.0101347084131489
0.0525461698192262	0.0535359721189406	-0.0319701345564585	-0.0311378897034096	0.0168466341275435	0.00164816315375723	0.0209319518686178	0.00529268214242841	0.00349649595799994	0.0293097656701226	-0.039105325476715	-0.0317860008856357	-0.0117544122082784	-0.00556814224712757	-0.0221514602521313	-0.0101344695288801
0.0525624041706209	0.053559359028561	-0.0319854385164903	-0.0310958614389135	0.0168528548974222	0.00167177358082218	0.0209296789756035	0.00531307391829179	0.00346576929429403	0.0293189592220139	-0.039130754776985	-0.0317910453949625	-0.0117800203225041	-0.00557573485532223	-0.0221646631481842	-0.0101503546342676
0.0525042547104364	0.0535255282663439	-0.0320199398310411	-0.0310349208046402	0.0168093905333448	0.00164053562096186	0.0209070687891029	0.00528635101081145	0.00347416097735297	0.029373998995751	-0.0391242629922048	-0.0317607490023373	-0.0117587540346389	-0.00553292148580212	-0.0221732587909113	-0.0101164819625297
0.0525160899591255	0.0535464383232818	-0.0320287575942287	-0.0309604783197318	0.0168153472732421	0.00166111040173297	0.0209118408865441	0.00530022026824596	0.00343349197831654	0.0293827050002164	-0.0391515879998014	-0.0317599778671536	-0.0117977690045856	-0.00555271395551729	-0.0221779638331191	-0.0101379955165679
0.0524911454123134	0.0535490311256386	-0.0320676496295809	-0.0308446068764754	0.016793397860187	0.00166886645705896	0.0208988098195266	0.00530469061713703	0.00341055908850539	0.0294192053989119	-0.0391766890088247	-0.0317493831402818	-0.0118147339786272	-0.00554091223444489	-0.0222065517142775	-0.0101351791967665
0.0524560447916144	0.0535347399790275	-0.0320988163432558	-0.0307436971321639	0.0167770056495971	0.00166398539486353	0.0208892795944845	0.00530101654914219	0.0033915070203253	0.0294594972122606	-0.0391945117310598	-0.0317325606586111	-0.0118224537123685	-0.00552467089813005	-0.0222273248667806	-0.0101290408489455
0.0524163480934618	0.0535132823043504	-0.0321198046312993	-0.0306740490964412	0.0167580960737879	0.00164688631035522	0.0208807859315915	0.00528805253735811	0.0033885565900572	0.0294817595497381	-0.0391945340828042	-0.0317118405915011	-0.0118163963896211	-0.00551085752005667	-0.0222310352563602	-0.0101152498226166
0.0524023307557202	0.0535036459085221	-0.0321165664223214	-0.0306364562562354	0.0167623624630108	0.00164728584778736	0.0208848064516254	0.00528842972304579	0.0033900290112232	0.029467518694552	-0.0391979790454184	-0.0317156431820265	-0.0118151474858996	-0.00551416837220411	-0.0222310827538172	-0.0101193653375644
0.0523993356219632	0.0535015448445433	-0.0321189357072336	-0.0306251239217966	0.0167679056956358	0.00164344134774105	0.0208887180069051	0.00528480874044403	0.00338513397918748	0.0294506654792327	-0.0391947603942168	-0.0317106363912685	-0.011823462334837	-0.00551749878212796	-0.0222138719105866	-0.0101172642735856
0.0524374663010199	0.053523425805381	-0.0320713502402723	-0.0306695829385022	0.0168151335346858	0.00168208611692024	0.0209115600927544	0.00531466927405229	0.00338600430023721	0.0294045077299485	-0.0392184993438124	-0.031754201338196	-0.0118168252637178	-0.00554302587127994	-0.022261214302327	-0.0101401538568919
0.0524350858402354	0.053507321373501	-0.0320615713520731	-0.0307449194931888	0.0168063157714982	0.00166131017044904	0.0209013565214105	0.00529722373750493	0.00341842550556964	0.0293982157138843	-0.039177830344776	-0.0317473728802649	-0.0118010561080046	-0.00553675620696023	-0.0222299330359618	-0.0101258152128238
0.0524518887641297	0.0535096180152438	-0.0320508033991818	-0.0307926013520481	0.0168083441923075	0.00165661071617731	0.0209027814451196	0.0052912725855437	0.0034332838276963	0.0293717009570242	-0.0391593957435364	-0.0317523405554701	-0.0117960549051827	-0.00554181328914324	-0.022204368228241	-0.0101281230304388
0.0524862056767888	0.0535134247967213	-0.032003835399161	-0.0309114609441413	0.0168450750933677	0.00166681009656907	0.0209190381482587	0.00529957206765676	0.00345530728090492	0.0293414883834408	-0.0391580253022045	-0.0317754676260612	-0.0117712598356616	-0.00554690250195891	-0.0222264894703316	-0.0101334804641879
0.0525206832426111	0.0535185768738183	-0.0319782985311208	-0.0310152736212639	0.0168524399931657	0.00165627124905839	0.0209207480567095	0.00529278831321458	0.00348336989606856	0.0292974442709916	-0.0391180939107351	-0.0317811784967695	-0.011766465386476	-0.00556533151526231	-0.0221814618811264	-0.0101362185528837
0.0525295680610321	0.0535099379245863	-0.031959601296884	-0.0311188627809421	0.0168602072243639	0.00165520954119677	0.0209372771717342	0.00529543699493253	0.00352124492704808	0.0292778976704654	-0.0391048057986564	-0.0318009933182291	-0.0117295738322525	-0.00555588790322994	-0.0221878209524239	-0.0101292336327414
0.052538746246099	0.0535175738392858	-0.0319639012137236	-0.0311379819043555	0.0168497158743102	0.00164266183065317	0.0209309432461492	0.005282352842522	0.0035094348240715	0.0292907191898786	-0.0390907102298093	-0.0317822038830464	-0.0117533197667682	-0.00556499344512743	-0.022138633144782	-0.0101304043053573
0.0525351029117528	0.0535173726735857	-0.0319678351207477	-0.0311426757706911	0.0168352989991366	0.00162934019095781	0.0209211084785889	0.00527352390346216	0.00352047658583243	0.029306499521464	-0.0390882515379192	-0.0317769512230994	-0.0117401098857951	-0.00555902552935786	-0.0221378284819816	-0.0101260457151885
0.0525535053823597	0.0535397984581945	-0.0319700633102731	-0.0311126280412231	0.0168403351265591	0.00165091660927732	0.0209206460768755	0.00528629373446628	0.00349372853263956	0.0293131002709985	-0.0391108868701323	-0.0317830015609266	-0.0117629463837083	-0.00556728868988618	-0.022147522154155	-0.0101439871810659
0.0525415318322518	0.0535377714343693	-0.0319919163314302	-0.0310726337854724	0.0168303955851967	0.00165505866692169	0.0209141487041591	0.00528545135309712	0.0034833866598769	0.0293352354829294	-0.0391263025888863	-0.0317749255962581	-0.011766023939523	-0.00555277542281454	-0.0221688834369342	-0.0101295186174832
0.0525068880253301	0.0535238700463021	-0.0320206369260713	-0.0310021796899652	0.0168042677929125	0.00163925738057582	0.0209023260283263	0.00527671321799912	0.00346530549559658	0.0293838295723593	-0.0391285810698368	-0.0317466045390492	-0.0117759467170771	-0.00553900535124605	-0.0221635846765142	-0.0101259185896419
0.052508847993922	0.0535421467883464	-0.0320349266756984	-0.03091561836861	0.0168028526480916	0.00165887522728744	0.0209028331335286	0.00529662163738866	0.00343673298126256	0.0293808274536821	-0.03915328673238	-0.0317537640821951	-0.0117986183708749	-0.00555246808632828	-0.0221785002749861	-0.0101425552724368
0.0524833809750832	0.0535460499617219	-0.0320743411830772	-0.0307836396995055	0.0167836441177003	0.00166054322621741	0.0208970803532994	0.00529998836889724	0.0033904564883359	0.0294318034008805	-0.0391834029140655	-0.031736136937724	-0.0118378093608093	-0.00554261934892766	-0.0221921655727524	-0.0101428318752744
0.0524558659776587	0.0535366398773062	-0.0321004703723455	-0.0307044474689004	0.0167789278996203	0.00166584058965332	0.0208889666700621	0.00529869196771883	0.00338066642426448	0.0294576643692153	-0.0392040112224533	-0.0317281573649534	-0.0118302321194389	-0.00552652609291984	-0.022233873927906	-0.010135545206582
0.0524327263342114	0.0535228879665301	-0.0321073379458294	-0.0306688467279192	0.0167755024947825	0.00166225872260436	0.02088572007918	0.00529363488553582	0.00338320893519627	0.029465750112772	-0.0392070789993798	-0.0317242737493543	-0.0118222804863489	-0.00551631693363988	-0.0222472011555375	-0.0101283535328035
0.0524046916587283	0.0534962390992032	-0.0321189440891378	-0.030649249835968	0.0167636504822851	0.00164624928563824	0.0208759467789169	0.00527921242242603	0.00340079417014649	0.0294657221730914	-0.0391909242760747	-0.0317120752848178	-0.0118062375217661	-0.00550765004472733	-0.0222343321386674	-0.0101130928792766
0.0524150209586347	0.0534992370269283	-0.032105306731052	-0.0306529574315795	0.0167779360409601	0.00165137062908657	0.0208875054247684	0.00528395378621862	0.0034012663507481	0.0294406016062917	-0.0391956824036756	-0.0317233601217997	-0.0118062570795425	-0.00551786199797535	-0.0222331223504987	-0.0101223437075131
0.0524272403779316	0.0535014205129648	-0.0320778881255255	-0.0306978243676215	0.0167958775068375	0.00165865031285885	0.0208977131870643	0.00529004882753477	0.00341558683402381	0.0294149571704813	-0.0391894309001483	-0.0317404661912282	-0.0117937247358232	-0.00552826254406721	-0.0222463392163919	-0.0101275586488913
0.052464271630558	0.0535165694077694	-0.032052926814905	-0.0307678356191916	0.0168198776924464	0.0016723686960183	0.0209076764771553	0.00529958743448107	0.00342161621709063	0.0293774900588381	-0.0391747290402328	-0.0317553133374826	-0.011808147198933	-0.00555392793463802	-0.0222245518534841	-0.01014202581549
0.052446158335645	0.053492890528487	-0.0320492248072296	-0.0308257126674906	0.0168048265865238	0.00164585114519013	0.0208993755980582	0.00527765199126625	0.00345533661756952	0.0293745088949214	-0.039148228253213	-0.0317490185274504	-0.0117751644060212	-0.00552946115636363	-0.0222091822352031	-0.01011060764469
0.0525019399079013	0.0535153009462715	-0.0320000593513321	-0.0309422853967292	0.016846168931862	0.00166341123442783	0.0209198637658195	0.00529673199912691	0.00346509594799232	0.0293250584542821	-0.0391415087600361	-0.0317728985724328	-0.01177559747107	-0.00556391357647343	-0.0221970312681235	-0.0101402767914864
0.052523623893991	0.0535118615715935	-0.0319756484524189	-0.0310566341273945	0.0168482057345755	0.00165373572304674	0.0209221017342331	0.00528725765344592	0.00350593537908022	0.0292950205037022	-0.0391084700877631	-0.031784295168137	-0.0117501807436562	-0.00556102740747064	-0.0221788118024244	-0.0101326744044035
0.0525306255779416	0.0535113530694071	-0.0319641764195772	-0.0311223650199014	0.0168447020986321	0.00164891333418051	0.0209277623135164	0.00528596684020362	0.00351953082764516	0.0292886334927241	-0.0390934664792975	-0.0317897657575924	-0.0117399157050151	-0.00555979247358948	-0.0221596284177456	-0.010128377281532
0.0525548534719471	0.0535286519226315	-0.0319544101042342	-0.0311396666670938	0.0168481875737831	0.00165318112038745	0.0209341758671911	0.00529823655092556	0.00350397261652024	0.0292902190695964	-0.0391002628065959	-0.0317893424714318	-0.0117606818725982	-0.00557356254515798	-0.0221522984425483	-0.0101412532833223
0.0525726440635495	0.0535479624328569	-0.0319519975128171	-0.0311429761222572	0.0168554728454915	0.00166931768290015	0.0209347556155629	0.00530831579069087	0.00349480700430953	0.029289658879001	-0.039112982346175	-0.0317983069179424	-0.0117682381592081	-0.00558420337250273	-0.0221619557931371	-0.0101522740903227
0.0525518932627908	0.0535363758473248	-0.0319835218544032	-0.0311158494863927	0.0168289999981523	0.00165232197520995	0.0209166423206499	0.00528819083877692	0.00349350222122696	0.0293290119190826	-0.0391051676175198	-0.0317765223490026	-0.0117655196282887	-0.00556130121634021	-0.0221534481604038	-0.0101356080708633
0.052519157736052	0.0535234886696623	-0.0320149386282192	-0.0310385697269225	0.0167987902185369	0.00163677493995725	0.0209040457156653	0.00527523660588105	0.0034821349621874	0.0293644939164214	-0.0391119751206905	-0.0317534455698366	-0.0117715001169145	-0.0055428959517653	-0.0221477833901684	-0.0101230142598467
0.0525405539434318	0.0535539820370355	-0.0320162741449504	-0.0309686255305857	0.0168175936235599	0.0016666201067412	0.0209081863763256	0.00529714690338336	0.00343433016873361	0.0293726355393392	-0.0391541249227971	-0.0317580667930027	-0.0118096489567636	-0.00556479507339538	-0.0221715377065882	-0.0101479755704672
0.0525017345512491	0.053543258787633	-0.0320506008364976	-0.030878654171217	0.0167931687548064	0.00166441287197624	0.0208968819815674	0.00529400089535128	0.0034323464514132	0.0293972727496651	-0.0391604225267974	-0.031750081632296	-0.0118000097669673	-0.00554655046198374	-0.0221994047439879	-0.0101373529039148
0.0524685003012121	0.0535366901687312	-0.0320858020400467	-0.0307581978263793	0.0167795146329122	0.00166993654682476	0.0208900227899877	0.00529820581727693	0.00339640764029713	0.029445130628512	-0.0391942379221902	-0.0317359301840878	-0.0118200341360312	-0.0055327342899423	-0.0222259111189438	-0.0101315610081328
0.0524233637472527	0.053516699327284	-0.0321185780793223	-0.0306680839746397	0.0167518124396279	0.00164905163559933	0.0208705907421518	0.00527872906595219	0.00339016312168993	0.0294826955290372	-0.0391933969378051	-0.0317080212371673	-0.0118200201661909	-0.00551184379078076	-0.0222243101752472	-0.0101188512474419
0.0524538431447855	0.0535429765968593	-0.0320985592981946	-0.0306430360510094	0.0167970663402458	0.00168900817278125	0.020889402529079	0.00531419290249859	0.00335886229754833	0.0294517523328069	-0.0392268882329033	-0.0317325941862278	-0.0118422238303392	-0.00554055181256555	-0.0222576673598787	-0.0101555835454862
0.0524154791693961	0.0535108487581728	-0.0321223052327103	-0.0306307956769521	0.0167708170103511	0.00165314759277076	0.0208769442255132	0.00528666952316994	0.00337943987228749	0.0294627857126636	-0.0391967888150261	-0.0317111672451994	-0.011825669569602	-0.00551633090348017	-0.0222320606426371	-0.010121013778718
0.0524427902071524	0.0535278779934797	-0.0320921778751526	-0.0306633649625915	0.0168028442661875	0.00168045863052709	0.0208969238910882	0.00530926434284619	0.00338397448244386	0.029421812171109	-0.039213622472569	-0.0317477598448407	-0.011817424569866	-0.00553144347670001	-0.0222650322596767	-0.0101351205234373
0.0524013179422996	0.0534806613303019	-0.0320868679388604	-0.0307268536957328	0.0167786722515431	0.00163364429874948	0.0208901638853745	0.00527449760132999	0.00343863707049335	0.0294313912905921	-0.0391679899892795	-0.0317308270014318	-0.0117698251330644	-0.00550326770583006	-0.0222397175120971	-0.010103636694388
0.0524878261782618	0.0535381346502167	-0.0320394305522061	-0.0307798874004051	0.016844549827373	0.00169417980765459	0.0209289511469246	0.00532054917982807	0.00340475881081924	0.0293507978850064	-0.0391915417430153	-0.0317735565519102	-0.0118161756661446	-0.00556984656764228	-0.0222427280126784	-0.0101565809920825
0.0524528750348538	0.0534896159979243	-0.0320464420150449	-0.0308667616461827	0.0168136443497115	0.00164052025413754	0.0209095568176576	0.00528056889391766	0.00345776178184292	0.0293754364923163	-0.0391409527603928	-0.0317502814010121	-0.0117680453754122	-0.0055296511461915	-0.022206086518596	-0.0101117587595294
0.0524955263542266	0.0535020924622825	-0.0320014884659932	-0.0309802819653192	0.0168403141717987	0.00165002393648313	0.0209219662267823	0.00528886558206267	0.00348523626673058	0.0293154486011503	-0.0391241177058658	-0.0317731430446378	-0.0117523949633414	-0.00555769839453082	-0.0221851834465782	-0.0101251656152505
0.052510666867127	0.0534983457511181	-0.0319758873366877	-0.0310789788869296	0.0168438988328157	0.00164321503632844	0.0209269590477001	0.00528462713252033	0.00351430191642665	0.0292933064042993	-0.0391008188062392	-0.0317830588372718	-0.0117336334678392	-0.00555456076840291	-0.0221673830760876	-0.0101209998088777
0.0525344505202115	0.0535158709157551	-0.031966475855288	-0.0311069618740036	0.0168475212124015	0.00165133011654974	0.0209266698720062	0.00529041763131828	0.00350525085690628	0.029282981295345	-0.0390974646475869	-0.0317883548037237	-0.0117518487425862	-0.00556926681927047	-0.0221437782369588	-0.010130341441076
0.0525629559793122	0.0535349886421846	-0.031955382405118	-0.0311371520958426	0.0168600228224722	0.00166269178765318	0.0209245310894586	0.00529844889249788	0.00349618303357756	0.0292873915739228	-0.0391097511221172	-0.0317902030135933	-0.0117601566066035	-0.00557806642166572	-0.0221521755079538	-0.0101443266481849
0.0525629350245518	0.0535381192833923	-0.0319634723396268	-0.0311366589604806	0.0168523128676191	0.00166477189687155	0.020921850277108	0.00529891967611547	0.00349533506427229	0.0293033744681924	-0.0391151811990358	-0.0317910509828986	-0.0117575400555182	-0.0055707113007559	-0.0221651381227539	-0.0101378655970532
0.0525316956677074	0.0535185251854092	-0.0319973939058058	-0.031101826560715	0.0168242921619764	0.00164511074365505	0.0209107721937623	0.0052829465607341	0.00349514228047636	0.029343660693605	-0.0391071708926166	-0.0317650698739374	-0.011753262490423	-0.00554852998835206	-0.0221548926418892	-0.0101239991335868
0.0525106822339514	0.0535211598972869	-0.0320203519413295	-0.0310082649523932	0.0168035693008982	0.00163994469671782	0.0209002417281558	0.00528318963595505	0.00346487522451582	0.029376157336075	-0.0391250550821489	-0.0317466324787298	-0.011777069892236	-0.00554477768925163	-0.0221521461712892	-0.0101255218461778
0.052519305816359	0.0535370477966425	-0.0320232171555718	-0.0309606152241665	0.0168205077322433	0.00167038358171386	0.0209085523861411	0.00530623009353639	0.00344037352164072	0.0293748790956889	-0.0391599503461957	-0.0317608747308999	-0.0117879146792489	-0.00555197914191832	-0.0221973455895299	-0.0101353831564347
0.0524831881912873	0.0535290263143511	-0.0320672025946918	-0.0308378790013944	0.0167919673485419	0.00166408318374552	0.0208973346043926	0.00530004145429032	0.00341444829204062	0.0294165678930662	-0.039172531584356	-0.0317394813174881	-0.0118108671268364	-0.00553814061813243	-0.0221999132461742	-0.0101306417926421
0.0524649757105083	0.0535333667437275	-0.0320952721947756	-0.0307361073179373	0.0167803486323772	0.00167215635444597	0.0208865205510283	0.00530250433713249	0.00338472466286715	0.0294532512966694	-0.039204736257164	-0.0317297094142091	-0.011824542203491	-0.00552886045323139	-0.0222296592270922	-0.0101289612208559
0.0524314257420809	0.0535159323830524	-0.0321163945932859	-0.0306718460526283	0.0167673399171042	0.00165932645312863	0.0208764175625345	0.00529050145035999	0.00338320474424418	0.0294767876835808	-0.0392018752338738	-0.0317143314140238	-0.0118208541656559	-0.00551426476410208	-0.0222445678406439	-0.0101168018718722
0.052430696516418	0.0535202993551254	-0.0321116923450461	-0.0306418416296651	0.0167798205724145	0.00167013072760471	0.0208874900579441	0.00530029989633559	0.00337570294001137	0.0294580206001425	-0.0392106063840516	-0.0317229731572238	-0.0118258078710208	-0.00552894147830504	-0.0222522484588323	-0.0101283493418514
0.0524197232068745	0.0535070908711363	-0.0321123615003957	-0.0306297479389307	0.0167789055478758	0.00166233136577384	0.0208852115769937	0.00529451219150569	0.0033790570986637	0.0294483883952663	-0.0392023348416191	-0.0317178308590151	-0.0118237724652913	-0.00552610140977519	-0.0222435969367441	-0.0101194743023186
0.0524270881066725	0.0535051797969854	-0.0320976875801608	-0.0306602915977289	0.016792461880888	0.00166048734685628	0.0208920176831803	0.00529421044295554	0.00339357455668742	0.0294260478266833	-0.0391933382644759	-0.0317285932239703	-0.0118144182602368	-0.00553174522525016	-0.0222417529178265	-0.0101232405712593
0.0524304618231013	0.0534948295423185	-0.0320750243082672	-0.0307304998240471	0.0168011776642415	0.00165096410673429	0.0208953243443756	0.00528837524066868	0.00342368095948469	0.0294081426823905	-0.0391763523356739	-0.0317376470774587	-0.0117915761743875	-0.00553480881122456	-0.0222287455995376	-0.0101183022327187
0.0524587898652303	0.0535044044708496	-0.0320457351411265	-0.0307926292917287	0.0168235154388565	0.00166585875044569	0.0209078497031748	0.00530152644831257	0.00343634042875057	0.0293631570027062	-0.0391667327036539	-0.0317601692539655	-0.0117858457459027	-0.00555082663009485	-0.0222306147641676	-0.0101288885776864
0.0525212252724141	0.0535342286828731	-0.0320033492487191	-0.0308949262411805	0.0168697458313102	0.00169094439264469	0.0209269450778598	0.00532200763115378	0.0034266467565771	0.0293286975976762	-0.039171598399025	-0.0317832292693233	-0.0118055306478477	-0.00558081568623373	-0.0222278138111906	-0.0101531779389892
0.0525029191937052	0.0534943308190204	-0.0319928662805696	-0.0310285002660454	0.0168457847612542	0.00164988423808029	0.0209209324586013	0.00529017874704942	0.00350485551042622	0.0293081339927773	-0.0391079853343052	-0.0317790047896212	-0.0117440186471067	-0.00555401594463181	-0.022195090857308	-0.0101155376013264
0.0525276583838652	0.0535040272851619	-0.0319655342880528	-0.0311045897951233	0.0168574928843967	0.00165457391346382	0.0209284384537862	0.00529737181781194	0.00351388142423408	0.0292824699991906	-0.0390977300745523	-0.0317883296580112	-0.0117450510183038	-0.00556915226658014	-0.0221716927718154	-0.0101238342894714
0.0525473935772352	0.0535169004929841	-0.0319622946820908	-0.0311338496255993	0.0168565974176344	0.0016567182839475	0.0209299122719362	0.0052981750836283	0.00350717450391346	0.0292858884191082	-0.039096882105247	-0.0317897615666403	-0.0117548871828481	-0.0055770885328458	-0.0221518458197231	-0.0101321505353928
0.0525297482719717	0.0535028091150891	-0.031974821437874	-0.0311354910818328	0.0168258763418646	0.00162718185063384	0.0209119540422504	0.00527107499046027	0.00352126867577656	0.0293087444747978	-0.0390776917356481	-0.0317651844266277	-0.0117443916418423	-0.00556294965749379	-0.0221233124209419	-0.0101148153605837
0.0525732405757297	0.0535496094770264	-0.0319610122507527	-0.0311165186417423	0.0168607632240073	0.001677066753306	0.0209276854793948	0.0053128238581507	0.00348322181576154	0.0292943904639054	-0.0391274732615022	-0.031798336254607	-0.0117688933447174	-0.00559098293599283	-0.0221677742316156	-0.0101478107263518
0.0525497977867481	0.0535394212725069	-0.0319874948769802	-0.0310800587555836	0.0168406284932051	0.00167228767094465	0.0209197995045542	0.00530914001126766	0.00347696751826614	0.0293251283034835	-0.0391265973525163	-0.0317845186855815	-0.0117701855549437	-0.00557233739016502	-0.0221757943169229	-0.010136183628283
0.0525431118211879	0.053550326129833	-0.0320170019736292	-0.0309939849816543	0.0168255159199853	0.00167011675776443	0.02090712327148	0.00530936073474416	0.00343800563371248	0.0293618941291444	-0.039144056858904	-0.0317633990810393	-0.0118076275208744	-0.00557345777135584	-0.0221663870264753	-0.0101395391839193
0.0524992828442791	0.0535262784467671	-0.0320480010492207	-0.0309273739892094	0.0167965955566282	0.0016520593422126	0.0208960172484538	0.00529622070297249	0.00344545155858416	0.0293873332083026	-0.0391420871114239	-0.0317483535630528	-0.01178983273832	-0.00554815280266438	-0.022176777793679	-0.01011865986063
0.0524776309888221	0.0535316945538455	-0.0320853214775409	-0.0307871545113211	0.0167796822709956	0.00165760955975765	0.0208903915937712	0.00530215090017329	0.00339818460398133	0.0294329824554005	-0.03917547363272	-0.0317290123191789	-0.0118248509369613	-0.00554729645145494	-0.0221868067420193	-0.0101344108555509
0.0524476908271242	0.0535216474447128	-0.0321100313310363	-0.030701580857674	0.0167682940571957	0.00166061586938689	0.020882825528273	0.00530383845687967	0.00338605878261432	0.0294603298147416	-0.0392016810530938	-0.0317216250676364	-0.0118196094528865	-0.00552739222301749	-0.0222279451276893	-0.0101214356678946
0.0524482957212085	0.0535294496005117	-0.0321105216724302	-0.0306469294454967	0.016779896009552	0.00167467651363331	0.0208849279892359	0.00531400989759086	0.00336592125784412	0.0294565314151682	-0.0392181081882844	-0.0317233894584643	-0.0118439044021254	-0.00553320227959184	-0.0222459815884807	-0.0101316713698711
0.0524358821211317	0.0535210816661813	-0.0321165426735929	-0.0306347114231839	0.0167836650724608	0.00167591982941864	0.0208833102817309	0.00531122989937423	0.00337409361441059	0.0294468894314038	-0.0392128192067527	-0.0317274882096038	-0.0118341674234471	-0.00553057315565028	-0.0222503485605536	-0.0101254212633278
0.0524079703802431	0.0534911359165473	-0.0321135419518998	-0.0306485862685545	0.0167722712707247	0.0016531936932437	0.0208786667068203	0.0052925047254568	0.0034023071038493	0.029446850315851	-0.0391918029790286	-0.0317181619442298	-0.0118062445066863	-0.00551545778846238	-0.0222457385132597	-0.0101053661606152
0.0524153688076578	0.053492298207259	-0.0320959511290134	-0.030662600812328	0.0167769874888048	0.00164371655359465	0.0208830923522225	0.00528224527475181	0.0034048104992283	0.0294276278156194	-0.0391781013596775	-0.0317179831302742	-0.0118117430358223	-0.00552915940781348	-0.0222193187513135	-0.0101112893728959
0.0524634557918853	0.0535176758191199	-0.0320576765606018	-0.0307391695069277	0.016820693531119	0.00167635848240357	0.0209070171006938	0.00531128857270343	0.00341411720682587	0.0293743496387422	-0.0391885535941784	-0.0317579396674561	-0.011811287619029	-0.00555829770067903	-0.0222323637881713	-0.01013966770645
0.0524735811321236	0.0535139877812848	-0.0320424550226277	-0.0308156124729648	0.0168273767027112	0.00167510678471407	0.0209158683914981	0.0053185528896514	0.00343745242803722	0.0293532048884874	-0.039171007474781	-0.0317690261327059	-0.0117934956304426	-0.00555411792446589	-0.0222369905992735	-0.0101324257412464
0.0524923328487376	0.0535054703696633	-0.0320106945907408	-0.0309334746184617	0.0168438261896463	0.00165782748926609	0.0209237124568179	0.00530192179479263	0.00346507778719995	0.0293283707034136	-0.0391408787202393	-0.0317724696983361	-0.01177530270744	-0.00556075778955314	-0.0222056995540201	-0.0101192619607463
0.0525181379377112	0.0535054368420466	-0.0319826990308105	-0.0310462503451109	0.0168537168365677	0.001650999031335	0.0209274563740142	0.00529549566826172	0.00349930948383325	0.0292915909079124	-0.0391094409916629	-0.0317825168074687	-0.0117523362900122	-0.00556827915156236	-0.0221759382062779	-0.0101246822587767
0.0525495742693036	0.0535194164612194	-0.0319564930074207	-0.0311217447589928	0.0168697975197193	0.00166567155458588	0.0209368538855736	0.00530627898797738	0.00351121039077167	0.0292687795557117	-0.0391090512331189	-0.0318030929852239	-0.0117454198220873	-0.0055802499077022	-0.0221772248285681	-0.0101343060817487
0.0525464841406326	0.0535132864953025	-0.031971630726353	-0.0311386482657371	0.0168429921901813	0.00163976029482606	0.0209197715648736	0.00528512864978655	0.00351145067202457	0.0292947243430882	-0.0390846934195988	-0.0317754047617799	-0.0117570036136512	-0.0055692584373663	-0.0221325269275936	-0.0101244321986356
0.0525584912183572	0.0535274393404948	-0.0319692348987442	-0.0311399851794523	0.0168487854829473	0.0016530414219846	0.0209231508692385	0.00529125721871939	0.00350414584253977	0.0292963155078966	-0.0391007154294211	-0.0317819272802087	-0.0117571111814214	-0.00557557979009507	-0.0221449726583031	-0.0101331004845322
0.0525365627600625	0.0535176255276949	-0.0319904928047052	-0.0311023909422625	0.0168227219519284	0.00163410809744693	0.0209066762365909	0.00527755420238426	0.0034995623379424	0.0293296852653843	-0.0390951959455247	-0.0317593310635485	-0.0117602418226292	-0.00556203602993918	-0.0221299089795243	-0.0101248987913011
0.0525569880635426	0.053550523104581	-0.0319920616177692	-0.0310423136441187	0.0168437507525087	0.00167532052327043	0.0209152327637652	0.00530826130831376	0.00345746981218097	0.0293282058592982	-0.0391424964277442	-0.0317779095541429	-0.0117858164092382	-0.00557681472397623	-0.0221737002378643	-0.0101446395726072
0.0525201817253449	0.0535287371386572	-0.0320241517378869	-0.0309809064171799	0.016811660632391	0.00165089705150092	0.0208955925653091	0.0052888669790467	0.00345115125342026	0.0293812535338108	-0.0391356721607652	-0.0317462301473296	-0.0117924478924212	-0.00555228787538861	-0.0221664959912295	-0.01013014865728
0.0525133015790047	0.0535410794925486	-0.0320395478988645	-0.0308908693995618	0.0168126483000992	0.00167763392882155	0.0209015199685419	0.00531128996968746	0.00342766376094982	0.0293783519979837	-0.0391666921911171	-0.0317568877384827	-0.0118036195736968	-0.00555941389091777	-0.0222054285391186	-0.0101410297658777
0.0524587395738053	0.0535191063307651	-0.0320976861831768	-0.0307657904345739	0.0167704021060946	0.00164667536576692	0.0208837936382048	0.00528828862765892	0.00339867215140726	0.0294503008664013	-0.0391737120358601	-0.0317128338471453	-0.0118228881744013	-0.0055329061189778	-0.0221877944097274	-0.0101223674562415
0.0524478486863194	0.0535283990685223	-0.032109381733463	-0.0306789147918123	0.0167783537391846	0.00166459587688397	0.0208895771520826	0.00530225288000737	0.00337387847887021	0.0294564643599348	-0.0392122073277482	-0.0317211766357632	-0.0118338461171205	-0.00553275524470273	-0.0222323917278518	-0.0101206966633435
0.0524112477047739	0.053497207209135	-0.032121753424019	-0.0306457112754239	0.0167621151968378	0.00164205414260079	0.020879977077839	0.00528679664871652	0.00338998291075026	0.0294734181581042	-0.0391967957999463	-0.0317050722038832	-0.0118171381881402	-0.0055137897895324	-0.0222324029037241	-0.0101101354640884
0.0524232911040832	0.0535078424485436	-0.0321127945654445	-0.0306302704109574	0.0167812440991395	0.00165883611173464	0.0208856502299786	0.00529633665264686	0.00338349671390613	0.0294477541645174	-0.0392084005462707	-0.0317183533310417	-0.01182154567275	-0.00552836731786935	-0.0222432029872481	-0.0101215166929682
0.0524276049907631	0.0535085353526217	-0.0321011046030944	-0.0306513481059787	0.0167926658405561	0.00166185359723611	0.0208886006602467	0.00529825890267001	0.00339228094947707	0.0294278611119522	-0.0392003315665223	-0.0317284563195355	-0.011813007306368	-0.00553335175688288	-0.0222487685716174	-0.0101212931755237
0.0524276678550443	0.0535010656790216	-0.032084099116516	-0.0306953181782744	0.0167924828356484	0.00164452680433116	0.0208842825826147	0.00528634123192325	0.00341474026170257	0.0294143788190936	-0.0391780957717414	-0.0317246607139302	-0.0118028861570819	-0.00553630637810307	-0.0222268680530033	-0.0101172517007293
0.0524523469748911	0.0535043988829135	-0.0320557543105786	-0.0307773239347129	0.016816223182228	0.00165954997057318	0.0208956624145105	0.00529861513359727	0.00343796651815969	0.0293714886154519	-0.0391704039776807	-0.0317523740830867	-0.0117798163628359	-0.00554633951739544	-0.0222317379393265	-0.0101225015667083
0.0524712900783169	0.0535077404687095	-0.0320295915936937	-0.0308467596288633	0.0168312770821186	0.00166374092265855	0.0209032508317531	0.00529858160598059	0.00344468321736851	0.0293587369452401	-0.0391609827173928	-0.0317602530730072	-0.01177913463463	-0.00555390558289356	-0.0222214896644938	-0.0101271842571717
0.0524911118846967	0.0534979685654305	-0.0320042712581779	-0.0309532475304005	0.0168339103970123	0.00163865807442761	0.02091026508856	0.00528489814742185	0.00347948069253334	0.0293208688991808	-0.0391152775909338	-0.031762648900616	-0.0117632020317855	-0.0055637892448949	-0.0221706212850656	-0.0101241039073889
0.0525309357083959	0.0535109255922944	-0.0319658108908905	-0.0310557819671371	0.0168600773048493	0.00165355970305916	0.0209415505458773	0.00530241493015467	0.00349979144332307	0.0292742361753268	-0.0391149269479426	-0.0317926742783397	-0.0117511390746998	-0.00558120823874572	-0.0221745174735209	-0.0101374325320044
0.0525404184359811	0.0535105512005748	-0.0319640842186313	-0.0311099123042717	0.0168535561834045	0.00164511633159117	0.0209419137617247	0.00529703374767706	0.00351021294417535	0.0292740182458184	-0.0390943577551076	-0.0317914169927141	-0.0117506641001301	-0.00558113559557624	-0.0221482262341054	-0.0101330236504106
0.0525557209990288	0.053521361062987	-0.0319582811469771	-0.0311331888521539	0.0168558276794347	0.00165105351371211	0.0209385526181522	0.0052985676361403	0.00350598008256913	0.0292805365732952	-0.0391018092679154	-0.0317912242089181	-0.0117514771448347	-0.00558246273040328	-0.0221545825114349	-0.0101345743026822
0.052570408889104	0.0535394240664749	-0.031961273486766	-0.0311311967529293	0.0168553834385137	0.00165892412172843	0.0209303746736496	0.00530051503187597	0.00349156600136351	0.0292933469168361	-0.0391067909129609	-0.0317917355050725	-0.0117672770341965	-0.00558737732021539	-0.0221508022726539	-0.0101434898547518
0.0525488282798324	0.0535297345852535	-0.0319850222152498	-0.0311091914605131	0.0168418047537571	0.00165310149229782	0.0209246861546858	0.00529869336470286	0.00348876085743437	0.0293241140930789	-0.0391106018853905	-0.03177737450926	-0.0117607391489433	-0.00557321749010295	-0.022158122468963	-0.0101354544026201
0.0525288262625129	0.053530296172833	-0.0320092263605268	-0.0310255707905377	0.0168218921434155	0.00165283606533242	0.0209176481491504	0.00529918789704894	0.00345899112778796	0.0293545152595061	-0.0391274523067418	-0.0317624631017403	-0.0117804952970738	-0.00556662093152058	-0.0221587008203507	-0.0101336634690956
0.0525154585223446	0.0535293112990929	-0.032027645594942	-0.0309647307391144	0.0168156099062395	0.00165504749104946	0.0209123717404749	0.00530153343323271	0.0034426506056071	0.0293767314965107	-0.039144105753345	-0.0317524956206972	-0.0117925666360637	-0.00556358249125868	-0.0221686040401285	-0.0101349836190025
0.0524867728523043	0.0535310463532563	-0.0320593711022283	-0.0308493370643958	0.0167958202304924	0.00166442684181652	0.020904473192778	0.00530963873456582	0.00341961992691396	0.0294016229579297	-0.0391688351646167	-0.0317483018746438	-0.0118048684774182	-0.00555082802707887	-0.0221970885444687	-0.0101347908352066
0.0524415636551754	0.0535142685750745	-0.032103932098768	-0.0307295680357001	0.0167637762108476	0.00164458687464438	0.020883068603494	0.00529064813368298	0.00339734361959619	0.0294582706602836	-0.0391789074194619	-0.0317114354661328	-0.0118220262352558	-0.00553034544725364	-0.0221926768689068	-0.0101246347613197
0.0524459082755039	0.0535306160821755	-0.0321068964988764	-0.0306564470976826	0.0167824930028609	0.00167166321908393	0.020888419052323	0.00531137658269722	0.00336576898658502	0.0294515288153623	-0.0392166511339427	-0.0317227594186675	-0.0118354065482803	-0.00553938952185387	-0.0222326334060888	-0.0101375903911996
0.0524251630626813	0.0535144976804552	-0.032113895388859	-0.0306347239960401	0.0167742647669333	0.00166061866335495	0.0208856446420425	0.00529999675080141	0.0033800489573239	0.0294558175563297	-0.0392081155615289	-0.0317169507590772	-0.0118235405659426	-0.00553161390875148	-0.0222400346274715	-0.0101271772722515
0.0524066795670008	0.053497109420253	-0.0321192137070553	-0.0306283523518863	0.0167680523789587	0.0016466055165655	0.0208812650971133	0.00528745881914601	0.00339464604343724	0.0294518403428007	-0.0391940102137935	-0.0317111826120237	-0.0118122515380086	-0.0055227388692187	-0.0222307572565385	-0.0101151506367505
0.0524404041584318	0.05352032869179	-0.0320831198307121	-0.0306549551187402	0.0168097788949047	0.00168287820686438	0.0209036126506165	0.0053159754541189	0.00338545528551403	0.0294091666716834	-0.0392150697480225	-0.0317494082859943	-0.0118169048918074	-0.00554862638025003	-0.0222629256077618	-0.0101365901506353
0.0524239407016564	0.0534928011215092	-0.032075555162198	-0.0307342716809239	0.0167985680980764	0.00164504648238974	0.0208970510166348	0.00528645857858164	0.00342907331783453	0.0294116574942061	-0.0391690824307898	-0.0317340205069209	-0.0117860273538264	-0.00553390915351024	-0.0222281588662456	-0.0101235716564741
0.0524565435149125	0.0535101376933024	-0.0320522506746353	-0.0307836774180743	0.0168184304169929	0.00165648219364669	0.0209015576871106	0.00529302160954733	0.00343125540688698	0.0293683314315476	-0.0391603736323564	-0.0317501221448329	-0.0117921601137114	-0.00555579989323615	-0.0222055249310166	-0.0101358511460842
0.0524902583274553	0.0535154881421313	-0.0320186029173258	-0.0308864870606645	0.0168437856771094	0.00166078211048628	0.0209090539034073	0.0052957792560195	0.00345372729196874	0.0293456527928296	-0.0391565207504059	-0.0317662517224254	-0.0117757231996325	-0.00555751259565504	-0.0222161783312176	-0.0101372509240807
0.0525102617417588	0.0535100329195002	-0.0319886306249953	-0.0310072102294517	0.0168484110912277	0.00165043185581944	0.0209135899105477	0.00528822296940958	0.00350055279961858	0.0293035407092918	-0.0391155066963144	-0.0317787924480489	-0.0117479860817475	-0.00556538180668734	-0.0221888435447328	-0.0101326925651959
0.0525380393721806	0.0535208008723916	-0.0319655468609091	-0.0310894702369833	0.0168577485324739	0.00165505307898558	0.0209223685581825	0.00528902204427386	0.0035145841072004	0.0292770706559206	-0.0391004919119766	-0.0317879398994672	-0.0117444824458042	-0.00557651856336219	-0.0221694925219706	-0.0101407447811359
0.0525450019405784	0.0535255059145994	-0.031965490981548	-0.0311298263115974	0.0168484837343971	0.0016455647634643	0.020919250489831	0.00528579221720006	0.00352308894596564	0.0292853296254968	-0.0390910482999442	-0.0317874593369614	-0.0117410961565192	-0.0055736910676886	-0.0221514658400674	-0.0101379396372068
0.0525608241816848	0.0535362543097144	-0.0319554131387667	-0.0311539689895772	0.0168575333969335	0.00165468148123401	0.0209270708064223	0.00529399251344711	0.00351604535249416	0.0292861538460736	-0.0391016234690396	-0.0317926477356431	-0.0117437588080774	-0.00557899122509256	-0.0221603422765842	-0.0101458102452231
0.0525641797373211	0.0535445719526198	-0.0319675249902934	-0.0311285746139079	0.0168497354320866	0.00165575715893592	0.0209170823706189	0.00529184953994745	0.00349436695434057	0.0293059826373735	-0.0391032523524168	-0.0317786303979016	-0.0117684993952214	-0.00558312350384874	-0.0221450508894087	-0.0101488696402454
0.0525345804397262	0.0535305071174213	-0.0319996723867562	-0.0310768582651744	0.0168240923932603	0.00163912187312506	0.0208965131777839	0.00527514719890322	0.00349286379952595	0.0293408010672988	-0.0391046437485091	-0.0317569100902271	-0.0117593854714197	-0.00555856452462847	-0.0221431118755772	-0.0101344807047523
0.0525288849358421	0.0535415530701343	-0.0320131015942218	-0.0310004781634186	0.0168226437208228	0.00165354293925082	0.0208940363251014	0.00528596963417168	0.00346410129536405	0.0293655486393629	-0.039138949485296	-0.031754938945763	-0.0117777991178988	-0.00555786742959827	-0.0221725672838172	-0.0101405785400365
0.0525150994974493	0.0535415139545815	-0.0320336372594401	-0.0309320985891937	0.0168122333958427	0.00165674482664404	0.0208901303577578	0.00528751749247521	0.0034467842813473	0.0293806640065508	-0.0391488010166646	-0.0317498371600911	-0.0117914504458249	-0.00555390558289356	-0.0221809212483074	-0.0101400365102335
0.0524736565692611	0.0535337104017985	-0.0320818974696872	-0.0308000025734308	0.0167854532120172	0.0016521822768071	0.0208765153514165	0.00528293259089381	0.00341148808288432	0.0294306620649293	-0.0391680486626087	-0.0317222131979124	-0.0118138720394817	-0.00553882094935429	-0.0221860872952446	-0.0101356583622883
0.0524678171760222	0.0535470488053022	-0.0320937047786957	-0.030706734331755	0.0167971599381757	0.00167589188973807	0.0208840870048507	0.0053031329799453	0.00337487033753041	0.0294445145585554	-0.039209494384765	-0.0317278290737068	-0.0118369222759512	-0.00554419095595968	-0.0222295223226574	-0.0101461245666295
0.0524299169993302	0.0535223585095833	-0.032117724522081	-0.0306474938270442	0.0167785493169486	0.00165515785278771	0.0208717125203267	0.00528539407675195	0.00337689037643556	0.0294681263826044	-0.0392012382091568	-0.031707122976437	-0.0118315718271222	-0.00552670350989146	-0.0222247530191842	-0.0101314981438515
0.0524130833417873	0.0535090564276643	-0.0321211471329507	-0.0306286541004365	0.0167790382613585	0.00165374689891897	0.0208773423659614	0.00528590537290637	0.00339025392565178	0.0294583335245649	-0.0392024479973254	-0.0317159323577204	-0.0118118380307362	-0.0055216101061237	-0.0222386138947146	-0.0101265164988061
0.0524222964514549	0.0535123910285403	-0.0321067260668249	-0.030632069726386	0.0167960521298411	0.00166179771787497	0.0208874495454072	0.00529621371805235	0.0033872406311024	0.0294380870350405	-0.0392074729488758	-0.0317270816872515	-0.0118170864997311	-0.00553483814788916	-0.0222422977415976	-0.0101339554387576
0.0524381983206509	0.0535158429760746	-0.0320797153806347	-0.0306835360149784	0.0168197547578519	0.00167356451434666	0.0208998198389792	0.00530777934882394	0.00339896272408518	0.029403205740834	-0.0392076643356877	-0.0317489766179295	-0.0118035092119586	-0.00554099745047062	-0.0222556766576382	-0.0101370525523487
0.0524155322547891	0.0534816657618184	-0.0320787333008627	-0.0307535654273409	0.0167953676076672	0.00163212298314249	0.0208904083575795	0.00527411622469022	0.00344377657473404	0.0294034278612945	-0.0391561449617022	-0.0317299119768932	-0.0117733581056724	-0.00552680548972553	-0.0222050513534309	-0.0101128470100876
0.052461231793312	0.053509729773966	-0.0320442096345675	-0.030807912297	0.0168297348117512	0.00166184102437985	0.0209126832679133	0.00529960978622553	0.00344401266503485	0.0293534842852931	-0.0391695881390081	-0.0317642987387536	-0.0117768771084401	-0.005550686931692	-0.0222251106470955	-0.0101336439113192
0.052502370178982	0.0535194639586763	-0.0320077651152331	-0.030918810477115	0.0168610384298609	0.00166551788634275	0.0209227303770459	0.00530456069762238	0.00345245044856673	0.0293230970887061	-0.0391536625210837	-0.0317721106734408	-0.0117824985721706	-0.00556927240720659	-0.0222041782384131	-0.0101429310611404
0.0525296756288023	0.0535183603412939	-0.0319792526712123	-0.0310346903022755	0.0168696131178275	0.00165752993166803	0.0209279970068332	0.00529570102491391	0.00348974712815846	0.0292846660580833	-0.039119562140949	-0.0317887264014752	-0.011761853942198	-0.00557410876591311	-0.0221813654892284	-0.010133730524329
0.0525494694955015	0.0535225303386188	-0.0319609116679027	-0.03112328004444	0.0168774040977542	0.0016615881702707	0.0209317423210135	0.0053002957053835	0.00351680531180564	0.0292685630231873	-0.0391085972133097	-0.0318057235061495	-0.0117407860260649	-0.00557595138784664	-0.0221758096837473	-0.0101373389340745
0.0525457297692573	0.0535167566036292	-0.0319680265075596	-0.0311498632535175	0.0168575487637578	0.00164517500492036	0.0209215429406217	0.00528272024932149	0.00351941348098677	0.0292904383960889	-0.0390874594479751	-0.0317849657204706	-0.0117440787174199	-0.00557191270702037	-0.0221424455141956	-0.0101305733404247
0.052561131518171	0.0535344829339663	-0.0319616101599169	-0.0311541757432134	0.0168617969921883	0.00165822982066629	0.0209243606574071	0.0052935845941108	0.00351297757556767	0.0292871764383824	-0.0391038642314213	-0.0317961178439698	-0.011744770224514	-0.00557595697578275	-0.022156503364474	-0.0101407419871678
0.0525410484757779	0.0535276768277796	-0.0319877952285463	-0.0311157642703669	0.0168387411677827	0.00164386882485375	0.0209141347343188	0.00528599617686822	0.00349933183557771	0.0293192176640591	-0.0390966110903455	-0.0317697986648737	-0.0117611875808165	-0.00556751919225087	-0.0221362415081253	-0.0101350981716929
0.0525358097856712	0.0535373020477357	-0.0320065120205596	-0.0310478904043603	0.016835760003866	0.00165666799252247	0.0209180602594388	0.00529951060035951	0.00347209902892697	0.0293316145003276	-0.0391248273737523	-0.0317695611775888	-0.011776775128606	-0.00556864516137781	-0.0221566346809727	-0.0101359782716308
0.0525180918372383	0.0535338668640097	-0.0320273368614718	-0.0309816328488747	0.0168234288258468	0.00165229403552938	0.0209073384070204	0.00529748357653422	0.00345299527233782	0.0293693512298883	-0.0391401983890174	-0.0317569701605404	-0.0117914979432819	-0.00556226792928791	-0.0221588405187536	-0.0101361053971774
0.0524937018930855	0.0535333485829352	-0.0320499386660682	-0.0308894807974375	0.0168058785154973	0.00165828011209131	0.0209026403497327	0.00530127918213954	0.00343826128178969	0.0293822216437425	-0.0391551335452656	-0.0317535992380797	-0.0117968442011588	-0.00555952285567199	-0.0221761449599141	-0.0101349472974178
