0.0526369737810759	0.0536435845926207	-0.0316853174527368	-0.0312573933051399	0.0168040205267394	0.00148149737122624	0.0209624284721826	0.00514264605777217	0.00354232821000555	0.0292580549093252	-0.0391421946791941	-0.0319425636796729	-0.0119281634938018	-0.00557291434456877	-0.0219765913793852	-0.00996639558644838
0.0526620314835944	0.0536664071206936	-0.0316770012068154	-0.0312754744694203	0.0168151754442066	0.00149839668701848	0.020967459011669	0.00515630437061839	0.00353390299932992	0.0292557540766304	-0.0391571465992506	-0.0319565768264624	-0.0119339959021206	-0.00558037843023282	-0.0220007075146684	-0.00997415024479035
0.0526325984270988	0.0536500051312155	-0.0317088482517121	-0.0312431943594747	0.0167744324050167	0.00147305399975824	0.0209473689843558	0.00513431444502645	0.0035324096234035	0.0292963937390022	-0.0391396856958789	-0.0319244308269836	-0.0119387749844819	-0.00555674844539147	-0.0219754682042263	-0.00995342598672819
0.0526382981219349	0.0536673724366572	-0.0317230639611857	-0.0311778378586874	0.0167775840009849	0.00149524928200236	0.0209518169815024	0.00515049710801209	0.00349485869271859	0.0293083519222858	-0.0391713581177721	-0.0319230226670829	-0.0119651500429392	-0.00556378924489489	-0.0219943777800355	-0.00996542887350069
0.0526215468864497	0.0536626911431779	-0.0317377811879255	-0.0311235105468047	0.0167736403150726	0.00149253494203507	0.0209516954438919	0.00514789452676708	0.00348324835845808	0.02934066276588	-0.0391933173097154	-0.0319164610331012	-0.0119711724410859	-0.00555349486958919	-0.0220171416347792	-0.00996103535873119
0.0525800410939802	0.0536463310632206	-0.0317819691897296	-0.0310269719655182	0.0167370519063833	0.00146877643466311	0.0209393586779366	0.00513133328110972	0.00347806415072848	0.0293673968492325	-0.0391833470347043	-0.0318913586270939	-0.01197658016626	-0.00554377046376711	-0.0219954143421846	-0.00994894166799684
0.0525573652492303	0.0536495161868055	-0.0318057849734467	-0.0309133692243241	0.0167331738787203	0.00148749602064443	0.0209384757840307	0.00514705773333403	0.0034397197331154	0.0294046683831118	-0.0392274805541313	-0.031889693422132	-0.011990963513817	-0.00553229284298931	-0.0220416265738459	-0.00995626186430596
0.0525353976753828	0.0536469052236563	-0.0318342569049307	-0.0308102787879442	0.0167221363079114	0.00148774608078552	0.0209279523033443	0.00514817951150888	0.00340668804576254	0.0294305782458875	-0.039242876715109	-0.0318727466088827	-0.012016194442355	-0.00552895824211338	-0.0220434999294281	-0.00995677176347634
0.0525183558672197	0.0536375524155858	-0.0318340431663744	-0.0307723353047473	0.0167244287587021	0.00148916681354246	0.0209262884953664	0.00515098605242205	0.0034161554065234	0.0294265898564863	-0.0392550011394919	-0.0318794395593631	-0.0120010050350136	-0.0055212566691645	-0.0220785348918778	-0.00994790789981579
0.0525149444322222	0.0536348338846664	-0.0318371863804384	-0.0307490587568651	0.0167313214778985	0.00149270677107057	0.0209225641359465	0.00514983214361455	0.00341129110813631	0.0294157799940741	-0.0392533163767536	-0.0318845944304281	-0.0120078586386572	-0.00552370697915041	-0.0220767383704172	-0.00994081401491928
0.0525115790976976	0.0536296133553521	-0.0318272971305009	-0.0307580790827369	0.0167346616667106	0.00148958730573503	0.0209207634235338	0.00514047654157597	0.00342815410234381	0.0293970366593643	-0.0392455058390505	-0.0318884291515862	-0.0119934319845953	-0.00552112674964985	-0.0220842834811549	-0.00993371873303875
0.0525097239029078	0.0536163811226345	-0.0318081640372472	-0.0308142713682975	0.0167347510736884	0.00147268938692682	0.0209210986997007	0.00512869717224803	0.00345837366084738	0.0293859054906256	-0.0392213212515499	-0.0318867304190076	-0.0119717060889847	-0.00552007621766045	-0.0220725711670603	-0.00993277995977163
0.0525302903017748	0.0536133440793567	-0.0317879329145471	-0.0308984005404592	0.0167573291295563	0.00147271453263933	0.020932456179852	0.00512702358538194	0.00348271750452727	0.0293542582144449	-0.0391972679805479	-0.0318969200205112	-0.0119544924517861	-0.00553598786574458	-0.0220516471402821	-0.00994748461365516
0.0525562183253429	0.0536229106259836	-0.0317591662194331	-0.0309628182679794	0.0167755681530318	0.00148080586413215	0.0209441908456911	0.00513828886458741	0.00348759018481853	0.0293313476763782	-0.039192954093868	-0.0319128568143078	-0.0119565264605315	-0.00555076236882953	-0.0220435558087892	-0.00995828050622708
0.0525812788218294	0.0536220878023908	-0.0317256567635425	-0.0310781937819056	0.0167872846580785	0.00146999181076787	0.0209466313767888	0.00512912884031282	0.00352025027441982	0.0292944938407235	-0.0391610539635782	-0.0319200051815814	-0.0119390208536709	-0.00555576496863544	-0.0220187858849807	-0.00995266602741671
0.0526397174577078	0.0536515138739662	-0.0316776563923247	-0.0311972056452579	0.0168301217763271	0.00150218949865574	0.0209717659134288	0.00515497863277538	0.00353525947082156	0.0292402126293138	-0.0391676365523203	-0.03196509982602	-0.0119280796747601	-0.00557732322616258	-0.0220431604623092	-0.00996959747384161
0.0526213359418614	0.053625778634194	-0.0316878348179561	-0.0312609388506042	0.0167994244492858	0.00146664184306763	0.0209597322930076	0.00512548829993466	0.0035698515893342	0.0292557163580616	-0.039122896741825	-0.0319427341117244	-0.0119068091959428	-0.00555817616306855	-0.0219963419395795	-0.0099482375880465
0.0526488355724616	0.0536480479565916	-0.0316749755799741	-0.0312776062670477	0.0168116131349341	0.00148222799387312	0.0209718986269115	0.00514031449142867	0.00354629983559845	0.0292552092528593	-0.0391396535652463	-0.0319503267199191	-0.0119315679438791	-0.00557529061440118	-0.0219886236028223	-0.00996640257136852
0.0526561278290901	0.0536552508062423	-0.0316821225502637	-0.0312758125395551	0.0168024992111324	0.0014839993696212	0.0209686185084127	0.00514892550098008	0.00354035985950945	0.0292637085036884	-0.0391435818843343	-0.0319480412540485	-0.0119398995566248	-0.0055746144741314	-0.0219935577504108	-0.00996185957930798
0.052638398704785	0.053646887062864	-0.0317060654595274	-0.0312379752271444	0.0167784445431464	0.0014734004517973	0.0209563432097546	0.00513582318777718	0.00353579591268848	0.0292948402927626	-0.0391415297147965	-0.0319281523924354	-0.0119414236661999	-0.00556442626961187	-0.021979234473167	-0.00996112616269304
0.0526324573317119	0.0536591400097775	-0.0317292847310644	-0.0311456583315919	0.0167679210624601	0.00147601979685066	0.0209448586040567	0.00513477684673987	0.00350073021659019	0.0293161456961805	-0.0391606586170982	-0.0319144465821322	-0.0119702532255951	-0.00556460089261543	-0.0219830300787723	-0.00996411710549797
0.0526315953925664	0.0536688504457594	-0.0317329406382669	-0.0311036272731277	0.0167829735653667	0.00149719667773803	0.0209486458277578	0.00515358444271498	0.00348462438772611	0.029327554864741	-0.0391942211583818	-0.0319227516521813	-0.0119730597665083	-0.00556468052070505	-0.0220270755882055	-0.00997666900699365
0.0525869491800009	0.0536529932800523	-0.031781498406112	-0.0309953428501299	0.0167456140214937	0.00148567575045535	0.0209347779673073	0.00514313639916615	0.00347089063774236	0.0293648724990931	-0.0391899841058235	-0.0319010131837145	-0.0119818761327119	-0.00554571366855069	-0.0220250737100928	-0.00996440767817589
0.0525508678765139	0.0536443822705009	-0.0318222959276791	-0.0308811533756439	0.0167209097559344	0.00147820467987116	0.0209223224577096	0.00513311722971406	0.00344207365120335	0.0294216626938179	-0.0392160294760501	-0.0318756718934383	-0.0119936834417204	-0.0055259156108994	-0.0220448382401274	-0.00995395264970692
0.0525232425173512	0.0536342359755023	-0.0318413605687154	-0.0308020044515436	0.016713378615037	0.00147599325415412	0.0209165124011353	0.00513099521097484	0.00342861929802529	0.0294400372247442	-0.0392316072449514	-0.0318638017201485	-0.0119998287744616	-0.00551599003937722	-0.0220606618782177	-0.00994775981950877
0.052508456838394	0.0536242335698585	-0.0318365437677853	-0.030774925313136	0.0167223304886914	0.00147553504339278	0.0209215974229988	0.0051330403955925	0.00343435252047807	0.0294311747580677	-0.0392372510604264	-0.0318713677856467	-0.0119891111129953	-0.00551544242163806	-0.0220773921589425	-0.00994868741690367
0.0524959705951477	0.0536137813353576	-0.0318409163277944	-0.0307546215472664	0.0167217800769842	0.00147140835257272	0.0209199964793022	0.00513135004491807	0.00343237159712572	0.0294207448753112	-0.0392295089749407	-0.0318646985838948	-0.0119908685189031	-0.00551813860081298	-0.0220629221983757	-0.00994572860473139
0.0525187973141727	0.0536256556995995	-0.0318143345157009	-0.0307779511805417	0.0167513570228347	0.00149497267916473	0.0209395821953812	0.00515133809239722	0.00342777272570404	0.0293857252796859	-0.0392411486458658	-0.0318921632898943	-0.0119946180240355	-0.0055376237340419	-0.0220768640989797	-0.00996049751988024
0.0525786957983608	0.053622343450468	-0.0317356605661703	-0.0310353580606411	0.0168098473471221	0.00149284507248939	0.0209771959903474	0.00516123572423884	0.00348615129126922	0.0293036231313495	-0.0391961140717404	-0.0319283773068639	-0.0119582112232698	-0.00556174545726126	-0.022048995664596	-0.00996747545510238
0.0525874995917081	0.0536096895691382	-0.0317168655430514	-0.0311396987977265	0.0168011273728165	0.00147078110674394	0.020968096036386	0.00514089284281645	0.0035336906577576	0.0292696680375538	-0.0391481500221074	-0.0319310176066777	-0.0119287320663014	-0.00556337992857455	-0.0220036244173198	-0.00994997683316193
0.0526278416964819	0.0536288869236573	-0.0316834748308032	-0.0312374010667087	0.0168287289832507	0.00149619224622157	0.0209852817339041	0.00516254888922559	0.00354859647734123	0.029236003516436	-0.0391564900167573	-0.031959943557971	-0.0119172684153638	-0.00557261399300265	-0.0220261577696988	-0.00996073081621299
0.0526263608934117	0.0536261097194087	-0.0316922423025658	-0.0312672909369816	0.0168071763136597	0.00147423724523035	0.0209721556719727	0.00514155501324594	0.00354883675859412	0.0292590202252889	-0.0391284888688909	-0.0319359657241065	-0.0119336354802412	-0.0055679033628587	-0.0219769448163444	-0.00995298034882311
0.0526327898139107	0.0536337009306194	-0.0316910436902694	-0.0312730660689552	0.0168018705683196	0.00147568172671577	0.0209729743046134	0.00514391591625403	0.00354759903074491	0.0292685113347782	-0.0391359627334431	-0.0319380304665006	-0.0119294640859323	-0.00556976693955266	-0.0219761261837037	-0.0099635834575991
0.052657890822934	0.0536619088321219	-0.0316902613792135	-0.0312541341414015	0.0168157062981375	0.00150480604974104	0.0209768858598931	0.00516664764036508	0.00351791591410826	0.0292710817853906	-0.0391659811262466	-0.0319488710625614	-0.0119519499408543	-0.00558000403851319	-0.0220025012421609	-0.00997914027173999
0.0526124231837598	0.0536359095623683	-0.031731571593919	-0.0311954202996695	0.0167720938537531	0.00147668336426417	0.020950864238395	0.00514230239970117	0.00352057158074636	0.0293174351124388	-0.0391526413257589	-0.0319115478402731	-0.0119470367480262	-0.00555014629887298	-0.0219852498863935	-0.00995466930251352
0.0526100133863107	0.0536497047796494	-0.0317470124583855	-0.0311100547966426	0.0167701981464265	0.00148220843609672	0.0209511813537695	0.00514675458779986	0.00347873330607811	0.0293444178589485	-0.0391796603938532	-0.0319024241375833	-0.0119805825255016	-0.00555863577081392	-0.021987726739076	-0.00996711503322304
0.0525868513911189	0.053644826511422	-0.0317758070931801	-0.0310307116917624	0.0167537640263157	0.00148606969995137	0.0209459678093753	0.00514914063652046	0.00347271509888352	0.0293521906780828	-0.0391892548801607	-0.0318997698679292	-0.0119773694622361	-0.00555287460868056	-0.0220033114928975	-0.00996242675482354
0.052538599562776	0.0536285823811391	-0.0318200132557766	-0.0309111689744793	0.0167248241051822	0.00147662049998289	0.0209299919000258	0.00514038434063009	0.00344911724467483	0.0294127247900039	-0.0392118245541244	-0.0318744844570141	-0.01198433761857	-0.0055208836744289	-0.0220289880593405	-0.00994914423068097
0.0525343918468823	0.0536414737497537	-0.0318345698293531	-0.0308123351484341	0.016734876802251	0.00149697735124556	0.0209349036958699	0.00515533206973458	0.00341388530747715	0.0294211681614719	-0.0392491352035564	-0.0318748923763505	-0.0120125511080088	-0.00552922646304685	-0.0220585873569354	-0.00996171149900097
0.052508405149985	0.0536260594279837	-0.0318391435550622	-0.0307699478590426	0.0167293643032747	0.00149235892204749	0.0209322745719283	0.00515013249518067	0.00341677706441606	0.0294271221074011	-0.0392487244902521	-0.0318757110089911	-0.0119983717201199	-0.00551761752577037	-0.0220774885508404	-0.00995548933213822
0.0524984474478301	0.0536195662462194	-0.0318496824025729	-0.0307438745491355	0.0167233181563995	0.00148841383915112	0.0209281059715874	0.00514500276982817	0.00341759290308868	0.0294201595390033	-0.0392439747445553	-0.031871385946439	-0.0120020709338273	-0.00551622054174191	-0.0220678214213635	-0.00994557633347229
0.052511401680726	0.0536209646272319	-0.0318294862044735	-0.0307723157469709	0.0167480070551344	0.00150425144708174	0.0209378639050262	0.00516025923240295	0.00342495919987073	0.0293923888935016	-0.0392457503112555	-0.0318852985103784	-0.0119936541050558	-0.00552968607079221	-0.0220839021045151	-0.00996000298753416
0.0524975002926588	0.0536014529513065	-0.0318154926154605	-0.0308117204754615	0.016742241702049	0.00147919653853137	0.0209344007816196	0.00514416737337916	0.00345070980646727	0.0293853494909822	-0.0392214078645596	-0.031883263104649	-0.0119742290421401	-0.00552291209523822	-0.0220653487596332	-0.00994064497985184
0.0525374302871442	0.0536213334310154	-0.0317849280019019	-0.0308805540694957	0.0167723592807185	0.0015020945037418	0.0209481121798589	0.00515888460011895	0.0034586544546371	0.0293383759030254	-0.0392187829315702	-0.0319066779539499	-0.0119767003068865	-0.00554737747652858	-0.0220632826202551	-0.00995894127967254
0.0525496105908883	0.0536194768392416	-0.0317691937707894	-0.0309569760807724	0.016782103244317	0.00149970147010105	0.0209541457538778	0.00516147600549173	0.00347973075267443	0.0293207389796661	-0.0392040321772137	-0.0319187492929398	-0.011958216811206	-0.0055410309780873	-0.0220642227905062	-0.00995456173474333
0.0525792070945152	0.0536173562174864	-0.0317323553019589	-0.0310787679423413	0.0167975510937036	0.00149257405758787	0.0209589988763927	0.00515155462492163	0.00350858964873429	0.0292872141569512	-0.0391725581270526	-0.0319245132490412	-0.0119451158949871	-0.00555267344298046	-0.0220353638944464	-0.00995169791748499
0.0525962237569658	0.0536116858593149	-0.0317080743225603	-0.0311838812115945	0.0167993909216691	0.00147657719347801	0.0209598999310911	0.00514011751668066	0.00354988030566339	0.0292598402549136	-0.0391424209906067	-0.0319344974938926	-0.0119153810899414	-0.00555125829815964	-0.022013698069149	-0.00994440426387242
0.0526225275692377	0.0536257409156252	-0.0316912029464487	-0.0312450174236318	0.0168044605767084	0.00148430670610746	0.0209688364379211	0.00514999279677782	0.0035559781409476	0.0292445474707541	-0.0391372395768451	-0.031945856371028	-0.0119180227867392	-0.00556570171602985	-0.022000738248317	-0.0099526115450396
0.0526494600243223	0.0536448055566616	-0.0316819283694837	-0.0312645318935253	0.0168134222292509	0.00149416242842822	0.0209718972299274	0.00515861917315354	0.00353384851695281	0.0292487482017277	-0.03914130899132	-0.0319464612651123	-0.0119455168294033	-0.00558090229924349	-0.02198703802595	-0.00996727568638631
0.0526523294295167	0.0536516088688801	-0.0316917547551399	-0.0312510454097146	0.016799237253426	0.00149019219981935	0.0209641719082501	0.00515060327879826	0.0035277995761096	0.0292617876506493	-0.0391425076036164	-0.0319389203453267	-0.0119547620697036	-0.00557856933591596	-0.0219748032398287	-0.00996536740620344
0.0526416033861462	0.0536498235232918	-0.0317071299613571	-0.0312321553916818	0.0167923110066129	0.0014928995548665	0.0209625430248729	0.00515362355826778	0.00352382375956461	0.0292825328634718	-0.0391568993330776	-0.031935497734457	-0.0119487690082215	-0.0055650660882969	-0.0219952969955262	-0.00995834616447641
0.0526163235631673	0.0536436544418221	-0.0317425798280632	-0.0311566288471674	0.0167682381778345	0.00148355652568418	0.0209541164172133	0.00514647100004208	0.00350131555289811	0.0293183180063448	-0.0391627778418693	-0.0319116707748676	-0.0119627388485061	-0.00555453841665845	-0.0219896867076679	-0.00995137242020636
0.0526045916912963	0.053644730119524	-0.0317548704935456	-0.0311007913955499	0.016763547105467	0.00148720265399845	0.0209525992925583	0.00514899954113359	0.00348296756466836	0.0293439806029475	-0.039185149144101	-0.0319050071610519	-0.01197147558662	-0.00554970764588805	-0.0220078782336865	-0.00995373891115056
0.0525879438326292	0.0536517080547462	-0.0317869634076313	-0.0309942364387794	0.0167478603718114	0.0014977792200779	0.0209476860997303	0.00515474813041069	0.0034595918309202	0.0293595416080405	-0.0392005676568231	-0.0318971351560515	-0.0119971535500471	-0.00555272094043743	-0.0220197204672957	-0.00995836153130073
0.0525340076762745	0.0536293325615624	-0.031824895714956	-0.0308917774391803	0.0167217521373036	0.00148394209327603	0.020935793574696	0.00514316852979881	0.00344403361979528	0.0294189958513076	-0.0392227643360513	-0.0318722590614568	-0.0119886836358826	-0.00552196633705096	-0.0220460745709925	-0.00994260494844377
0.0525269403340745	0.0536375538125698	-0.0318340417693903	-0.0308060403384018	0.016733504963935	0.00149980764088722	0.020938493944823	0.00515608364714189	0.003409116004004	0.0294276417854597	-0.0392505740971058	-0.0318747889995323	-0.0120113971992012	-0.00553068770834061	-0.0220711574192235	-0.00995045460169966
0.0525135390662896	0.0536306569024213	-0.03184335266794	-0.0307627128787592	0.0167315701410556	0.0014923742888718	0.0209320887730525	0.00514849383291529	0.00340680120146885	0.0294261763492139	-0.0392465186524711	-0.0318666655374069	-0.0120143825540701	-0.00553072263294132	-0.0220662973117885	-0.00995104831991176
0.0525098552194065	0.0536234861834033	-0.0318386099071634	-0.0307622169494291	0.0167393527390781	0.00149903929967157	0.0209372562169738	0.00515460005010367	0.00341433793030237	0.0294085897172796	-0.0392504036650543	-0.0318783960122938	-0.0120011908338893	-0.00552832680533252	-0.0220830345774334	-0.00994433860562308
0.0525132023931387	0.0536174456244642	-0.0318237515850367	-0.0307841943021648	0.0167480643314796	0.00149878784254644	0.0209407598529172	0.00515544382845686	0.00342608935994975	0.029388579318056	-0.0392405744854301	-0.0318849506613553	-0.0119950273403558	-0.00553286979739306	-0.0220811849705797	-0.00994581940869324
0.0525370838351052	0.0536227751185328	-0.0317955115529015	-0.0308352135558681	0.0167680118664219	0.0015026197697365	0.0209480563004978	0.0051625838138263	0.00343716325234333	0.0293611635064976	-0.0392331215756382	-0.0319006765105637	-0.0119926929800442	-0.00554861799834585	-0.022074670834055	-0.00995895245554477
0.0525397492806315	0.0536140635261313	-0.0317823407874812	-0.030912723817703	0.0167677268816801	0.0014895272354218	0.020943748001754	0.00515456512550296	0.0034708976226625	0.0293345705185319	-0.0392043939960771	-0.031904470719185	-0.0119662452784175	-0.00554407500628531	-0.0220575438098662	-0.00994305477730093
0.0525576125154033	0.0536137771444055	-0.0317611694945299	-0.0309867933078758	0.0167769176396033	0.00148463639433818	0.0209500106811536	0.00514813201405192	0.0034846481364546	0.0293244940727346	-0.0391886094735395	-0.0319090933393351	-0.0119603849304181	-0.00554679772815677	-0.022039322947183	-0.00994805737710683
0.0525834050315207	0.0536095065642305	-0.0317269503707528	-0.0311087234708635	0.0167898355509145	0.00147421908443798	0.0209558654412169	0.00513713355879588	0.00352622098415744	0.0292815773263964	-0.0391570055038638	-0.031921410547514	-0.0119365370160683	-0.00555093419786503	-0.0220146703700328	-0.00994153206470991
0.0526166434725098	0.0536211755718202	-0.0316949189239644	-0.0312080308744944	0.0168080536196296	0.00147992017625811	0.0209679814836957	0.00514254407793809	0.0035478141662853	0.0292491910456647	-0.0391426542869394	-0.0319403857815726	-0.0119258067817458	-0.00556219808008648	-0.0220101539206688	-0.0099491749643296
0.0526395540105765	0.0536360171301385	-0.0316866487785159	-0.0312486663459142	0.0168088359306855	0.00148009899021375	0.020965589847039	0.00514620976402876	0.00354325441041641	0.0292437148682731	-0.039133110092057	-0.0319400728571502	-0.0119409836162309	-0.00557194344066899	-0.0219835329930226	-0.00995831682781182
0.052681258174778	0.0536714181024037	-0.0316754547454959	-0.0312634003364623	0.0168208569782504	0.00150222302627242	0.0209676196648323	0.00516375169247409	0.00351792569299646	0.0292382792034184	-0.0391472405855048	-0.0319497777051959	-0.0119695309848524	-0.00559275710570897	-0.021982374893263	-0.00998279617894246
0.0526493817932167	0.053648951805258	-0.0316960434961073	-0.031264811290331	0.0167843761373313	0.00147700746455878	0.0209558151497919	0.00514262649999577	0.00353741362019343	0.0292759167471131	-0.0391324912281324	-0.0319297086326431	-0.0119435163482745	-0.00556622837900858	-0.0219807683616302	-0.00995792148133176
0.0526207561934896	0.053635301874316	-0.0317233503429115	-0.0312170609792544	0.0167625454679186	0.00146570446678453	0.0209460097188961	0.00513094352256578	0.00353261498005569	0.0293100995493054	-0.0391394803392268	-0.0319084898422348	-0.0119406036365752	-0.00554892114388003	-0.0219806496179878	-0.00994541987126111
0.0526506781943951	0.0536810042068069	-0.0317253019295993	-0.0311289573875317	0.0167869242361992	0.00150445540674989	0.020960732533572	0.00516117844789367	0.00347042544206088	0.02931071841323	-0.0391887282171819	-0.0319190915540268	-0.0120016979390917	-0.00557617490529119	-0.0220031648095745	-0.00998300013861062
0.0525774385127352	0.0536291774963352	-0.0317755193144702	-0.0310745239048629	0.0167275426361016	0.0014516675712666	0.020926317832031	0.00511447028690222	0.00349772390696095	0.0293692422651341	-0.03915535007779	-0.0318715424086502	-0.0119680515787663	-0.00552920690527045	-0.0219787497197091	-0.00994063659794767
0.0526009343871098	0.0536733934378199	-0.0317854169463118	-0.0309493052414722	0.0167592416006913	0.00150802050999051	0.0209417000231683	0.00515937913246502	0.00343498675122699	0.0293641726100949	-0.0392267373586282	-0.0319012660378237	-0.0120089510801674	-0.00555457194427513	-0.0220423362417324	-0.00997324360215588
0.0525374735936491	0.0536355253917605	-0.0318372548326558	-0.0308596789371585	0.0167159197289848	0.00147603097272288	0.0209173547825044	0.00513603972030159	0.00343574251958639	0.0294320953705424	-0.0392152304011858	-0.0318613053096897	-0.0120010874570712	-0.00551780751559824	-0.0220437932960741	-0.0099500243306189
0.0525162366424485	0.0536286829639891	-0.0318481429261736	-0.0307911959861155	0.0167146652373272	0.00147924682995639	0.0209181566513367	0.00514444118224873	0.00341902062076576	0.029437769919666	-0.0392349921372523	-0.031858178859434	-0.012005001806319	-0.00551298233276395	-0.0220619680582843	-0.00994575794139599
0.052489408961166	0.0536099689659439	-0.0318626771480056	-0.0307509460822876	0.0167003098294508	0.00146545021569135	0.0209111326156417	0.00513013047786122	0.00342527352127713	0.0294412288521205	-0.0392218325477043	-0.0318459803948975	-0.0119993971063968	-0.00550547773456308	-0.0220482943786138	-0.00993829804668403
0.0525509111830188	0.0536569872573897	-0.0318192351356727	-0.0307642775008711	0.0167672658769507	0.00152623718172159	0.0209441140115695	0.00518018860655291	0.00339408305887378	0.0293827692614817	-0.0392710161643942	-0.0318965274679992	-0.0120245749495417	-0.00554529597032618	-0.0221053234576074	-0.00997630579114625
0.0525028409625996	0.0536048266677352	-0.0318323025242749	-0.0308028258781524	0.0167293433485142	0.0014735625019446	0.0209213236141293	0.00513580642396884	0.0034484285315488	0.0294019554401285	-0.0392148602004183	-0.0318693393648373	-0.0119827241020172	-0.00550916716938224	-0.0220730168049654	-0.00993385144652146
0.0525480152351278	0.053629705556298	-0.0317959124873176	-0.0308570721649614	0.0167640570046374	0.00149692147188443	0.0209416427468232	0.00515467269327315	0.00344255141974108	0.0293595555778808	-0.0392200667598923	-0.0318917791192864	-0.0120001347139638	-0.00554553206062699	-0.0220632253439099	-0.00996339905570734
0.0525431774794373	0.053612820210346	-0.0317843664143224	-0.0309279593255173	0.0167597333390693	0.00148028199512148	0.0209426834999244	0.00514704096952569	0.00347964553664869	0.0293378422551265	-0.0391929415210118	-0.0318981144418555	-0.0119655439924352	-0.00553349424925378	-0.022054048555827	-0.00994675678497634
0.0525660139773505	0.0536127014667036	-0.0317513822244265	-0.0310263363377853	0.0167770042526131	0.00147323421069791	0.0209476386022733	0.00514090960662479	0.0034983693135821	0.0293219208281542	-0.0391801633081035	-0.031902412961711	-0.0119535704423273	-0.0055395138534324	-0.0220382975609061	-0.00994611556930728
0.0526342999536455	0.0536491809106387	-0.031694853265715	-0.0311491130730943	0.016831342740368	0.00151212764303418	0.0209744173891148	0.00517296340515773	0.00351345813807346	0.0292449651689786	-0.039177390294807	-0.0319535076525519	-0.0119507974290308	-0.00557849389877843	-0.02205233305944	-0.00997626667559346
0.0526219673786422	0.0536267900506306	-0.0316987368813141	-0.03123294887861	0.0167982230430213	0.00147297297468459	0.0209596261222215	0.00513872612058832	0.00355778723526445	0.0292493293470835	-0.0391280097033691	-0.0319357994830071	-0.011922136904703	-0.00555951167979976	-0.0220061487674592	-0.00994212997387409
0.0526244065127559	0.0536264128649429	-0.0316998740263133	-0.0312594999570548	0.016783674851349	0.00146097288188015	0.0209538845178645	0.005127664801051	0.00356018166588922	0.0292647324929813	-0.0391145288074945	-0.0319209551307208	-0.0119250174857697	-0.00555948653408725	-0.021970740810274	-0.00995182783699964
0.0526604864192589	0.0536596093964111	-0.0316848271113428	-0.0312649495917499	0.0168015380861209	0.00148549693649971	0.0209557662553509	0.00514539392535614	0.00353772235366372	0.0292586570094415	-0.0391381280586872	-0.0319384300039327	-0.011947074466595	-0.00557803429103306	-0.0219811748839825	-0.0099720519747796
0.0526406073365339	0.0536472852033121	-0.031704326214412	-0.0312467636536674	0.0167772780614827	0.00147303863293393	0.0209424809372402	0.00513526020321372	0.00354057499504983	0.029284308430172	-0.0391324143940108	-0.0319194617547943	-0.0119420984094856	-0.0055589542831724	-0.0219781657803852	-0.00995864931001059
0.0526418911648561	0.0536589849445504	-0.0317218625549212	-0.0311912321415522	0.0167822722793844	0.00149423786556576	0.0209470281202529	0.00515319608115507	0.00350951584914515	0.029297416331311	-0.0391586232113687	-0.0319229164962967	-0.0119626969389852	-0.00556216315548577	-0.0219978255366177	-0.00996722260099323
0.0525954372549578	0.0536349721860852	-0.031758079365859	-0.0311142150150794	0.0167469271864804	0.00146240199654126	0.020931129045025	0.0051290492122232	0.00350005407632042	0.0293533334110181	-0.039156573835799	-0.031889597030234	-0.0119646932291619	-0.00553639857904894	-0.0219860531522099	-0.00994769416125943
0.0526095272358688	0.0536616461991246	-0.0317620495944678	-0.0310459444056087	0.0167691755541176	0.00149803905910719	0.0209434755898685	0.00515715373690769	0.00347080402473259	0.0293378743857592	-0.0391981844020706	-0.031907023009005	-0.0119825438910775	-0.00555239404617477	-0.0220315752737612	-0.00996798116332068
0.0525707595320951	0.0536519581148873	-0.0318034771558317	-0.030938889328556	0.0167450258912177	0.00149863277731929	0.0209345251131982	0.00515931207723165	0.00344066409431864	0.0293897653574962	-0.0392188471928355	-0.0318885925987175	-0.011996657620717	-0.00553177316493072	-0.0220542720732715	-0.00995813382290409
0.0525207712526049	0.0536265344025534	-0.0318415966590162	-0.0308368633940057	0.016716025899771	0.00147604773653123	0.0209191596858692	0.0051451759958477	0.00342999253332526	0.0294323803552843	-0.039224176686904	-0.0318575111010684	-0.0120019871147856	-0.00551372273429903	-0.0220503479451356	-0.0099398822265723
0.0524989112465276	0.0536151350128812	-0.0318490397899198	-0.0307716633554296	0.016706504056633	0.00146773288759385	0.0209122753485769	0.00513728583005498	0.00342393521057787	0.0294414775152776	-0.0392288929049841	-0.0318505820602872	-0.0120041552339977	-0.00551032526914183	-0.0220517337532918	-0.00993686474107084
0.0525158119593039	0.0536284370948001	-0.0318442760743828	-0.0307435197151923	0.0167288809468008	0.00148970744636148	0.0209198330321709	0.00514985030440692	0.00340987875728354	0.0294167816316225	-0.039244648090857	-0.0318636326850811	-0.012016736472158	-0.00552865090562712	-0.0220646502676189	-0.00995306696183288
0.0525392673211416	0.0536407612878992	-0.0318244193434023	-0.0307643655108649	0.0167592653494198	0.00151329691866599	0.0209348394346046	0.00517111519528808	0.00341212231363324	0.029383128286377	-0.0392551450288469	-0.0318929050884134	-0.0120118330582181	-0.00554169594248485	-0.0220983706680978	-0.00996506146670121
0.0525089401948679	0.0536065002546013	-0.0318200118587925	-0.0308253368787869	0.0167372977755723	0.00147856649873453	0.0209234665876289	0.00513861994980215	0.00345741113885178	0.0293886980616984	-0.0392179922386101	-0.031884541345035	-0.0119724227417913	-0.00550798532089416	-0.022084486043839	-0.00992672403400827
0.05254556771911	0.0536216254006774	-0.0317878993869304	-0.0308957742104857	0.0167716901253688	0.00149478688028894	0.0209492088123213	0.00515859542442506	0.00345908053476578	0.0293475415152361	-0.0392134171159169	-0.0319002169028183	-0.0119818398111272	-0.00554605732662169	-0.0220644435139827	-0.00995844814431049
0.0525399434614114	0.0536060993201851	-0.0317824595311236	-0.0309466383989618	0.0167613272978458	0.00147427636078314	0.0209476972756025	0.0051422646811324	0.003484569905349	0.0293395926761142	-0.0391833679894648	-0.0318958946342343	-0.0119688450656945	-0.00553838229636935	-0.02203544491952	-0.00994473814305522
0.0525970284197662	0.0536289637577789	-0.0317279226716367	-0.0310601866577788	0.016801693151348	0.00149441388555335	0.0209620009950699	0.00515721660118897	0.00349375507533611	0.0292901939238839	-0.0391828776480708	-0.0319224722553757	-0.011964599631232	-0.00556665865008934	-0.0220349098746371	-0.00996563842110496
0.0526291408916284	0.0536354387787508	-0.0316958101997745	-0.0311751263126881	0.0168145160677452	0.00149594917100062	0.0209686324782529	0.00515566734590141	0.00352600165766497	0.0292512502001226	-0.039155593153011	-0.0319405841533046	-0.0119484910083998	-0.00557138185308955	-0.0220254397199082	-0.00996417019089105
0.0526363842538159	0.0536323332832555	-0.0316955852853459	-0.0312396767536911	0.0168024475227234	0.00147838209684278	0.0209645882094906	0.00514232475144562	0.00354672312175907	0.0292498210854615	-0.0391280097033691	-0.031934368971362	-0.0119388560095556	-0.00557008405492712	-0.0219899437527292	-0.0099564797938144
0.0526453473033425	0.0536362671902796	-0.0316812801688945	-0.0312803122251108	0.0168063367262586	0.00148477469575699	0.020969125613615	0.00514672804510332	0.00355070173227211	0.0292555431320421	-0.0391343799505389	-0.0319414768260988	-0.0119290882972286	-0.00556608309266962	-0.0220032653924245	-0.00995893848570448
0.0526456797855413	0.0536398406754244	-0.0316907824542561	-0.031270502603263	0.0167934593274843	0.00148132973314282	0.0209611655986208	0.00514162905339945	0.00354569214754607	0.0292726170708379	-0.0391312087967943	-0.0319290967536386	-0.0119460784169827	-0.00556908102039469	-0.0219843809623278	-0.00996028238433986
0.0526476467390533	0.053650815381952	-0.0317048417015185	-0.03123000124231	0.0167872678942702	0.00148743175937912	0.0209583939823084	0.00514802165231367	0.00352258044377928	0.0292886209198679	-0.0391495595789921	-0.0319256769367369	-0.0119583718764331	-0.00557044447680646	-0.0219886501455188	-0.00996323281460796
0.0526324461558397	0.0536513727785793	-0.0317212045754438	-0.0311781689439021	0.0167842713635291	0.00149728748169988	0.0209547492509781	0.00515588806937791	0.00350514468612011	0.029306545621937	-0.0391684482000408	-0.031920917412152	-0.0119594685088955	-0.00556201926613084	-0.0220123667433699	-0.00996511175812623
0.0526193801642215	0.053656165830781	-0.0317511237823813	-0.0310958823936739	0.0167641645724075	0.00148652371976062	0.0209388669395586	0.00514284442950421	0.00347305735997049	0.0293450674565217	-0.0391761050695008	-0.0318923644555944	-0.011995869721725	-0.00556053427210859	-0.0219905640136378	-0.00996362676410398
0.0526019458035464	0.053662401967484	-0.0317708827244798	-0.031012085703711	0.0167626893572735	0.00150601444092565	0.020938688125603	0.00515726130467788	0.00346076390052007	0.0293517953316027	-0.0392056093721818	-0.0319051049499339	-0.0119905053030557	-0.00555478987378357	-0.022035446316504	-0.00996713598798346
0.0525518974537429	0.0536448307023741	-0.0318208863707943	-0.0308834765600832	0.0167221852023524	0.00148453162053604	0.0209166018081131	0.0051371642924445	0.00343018392013716	0.0294183113291337	-0.0392122729859976	-0.0318636005544484	-0.0120139327252129	-0.00553047396978426	-0.0220276483516572	-0.00995341481085596
0.052529271900418	0.0536392371783241	-0.0318406285490845	-0.0308082461761828	0.0167212855446381	0.00148821407043506	0.0209134669759532	0.00514393128307835	0.00342014239894061	0.0294330802442825	-0.0392372678242347	-0.031860141621994	-0.0120061599060786	-0.00552102476981578	-0.0220664342162233	-0.00994872653245646
0.0525248322851756	0.0536359598537934	-0.0318380720683124	-0.0307791805264867	0.0167274853597564	0.0014954867692872	0.0209185045003598	0.00515044402261901	0.00341552396974253	0.0294283500563622	-0.0392483682593248	-0.0318677104814602	-0.012003335204373	-0.00551869180648825	-0.0220916386020647	-0.00994958986858605
0.052516997998744	0.0536283937882952	-0.0318420842064421	-0.0307674346847754	0.016731542201375	0.00149563205562616	0.0209238353914124	0.00515215393106984	0.00341783737529366	0.029418034726296	-0.0392384329089144	-0.0318704262184115	-0.0120050227610794	-0.00552142989518403	-0.0220913145017701	-0.00994828229153541
0.0525220788296555	0.0536264561714478	-0.0318304319626608	-0.0307867843105536	0.0167395511108102	0.00149881298825896	0.020927150434512	0.00515567013986947	0.00342803675568542	0.0293965840365391	-0.039232815636136	-0.0318763647975164	-0.0120007018894794	-0.0055284190062784	-0.0220924027523282	-0.00994642011182548
0.0525119199618006	0.053606484887777	-0.0318122488185464	-0.0308363046003943	0.0167369024290922	0.00147517601849747	0.0209258652092058	0.00513750934749953	0.00345864746971696	0.029388481529174	-0.0392072564163514	-0.031875705421055	-0.0119804847366196	-0.00552062942333572	-0.0220734820006468	-0.00993487543581431
0.0525358740469365	0.0536126022808376	-0.0317952014224471	-0.0308896651993293	0.016749166551878	0.00147977349293512	0.0209324519888999	0.00514577250802785	0.0034743537611489	0.029347392037945	-0.0391917289388751	-0.0318873353130919	-0.011978591823261	-0.00554046240558772	-0.0220483432730548	-0.00994605829296211
0.0525627338588517	0.0536236370576783	-0.0317652123663083	-0.0309681938625209	0.0167737017823698	0.00148951186859749	0.0209416315709509	0.00515195695632183	0.0034823263489993	0.0293249439015918	-0.039191087723206	-0.03190589424591	-0.0119683393574762	-0.00554364333822052	-0.0220570674383125	-0.00995100501340688
0.0526002903774727	0.0536289847125393	-0.031718513984205	-0.0311015611337496	0.0168016246991306	0.00149633473859247	0.0209576186561726	0.00515815397747206	0.00351697714084114	0.0292742333813588	-0.0391683727629033	-0.0319308779082749	-0.0119458926181069	-0.00556433546565002	-0.0220435613967253	-0.00996110241396456
0.0525973497260928	0.0536103531365518	-0.0317058754696996	-0.0311988708502198	0.0167916432482473	0.00146518618570998	0.0209558402955044	0.00513456031421546	0.00355800237080483	0.0292618155903298	-0.0391250229515163	-0.0319247437514059	-0.011918256083072	-0.00555422269826802	-0.0220054642452853	-0.00994229481798945
0.0526500495515823	0.0536458197670662	-0.0316834399062025	-0.0312396683717869	0.0168139894047665	0.00149421551382131	0.0209702292309975	0.00515453718582239	0.00353783550937003	0.0292363066619702	-0.0391410770919713	-0.0319418260721059	-0.0119451061160989	-0.00558572189414166	-0.0219980043505733	-0.0099681390225159
0.0526630973824081	0.0536526091094445	-0.0316816797063267	-0.0312753473438737	0.0168113463109846	0.00149492518170776	0.0209633393057691	0.00515424102520836	0.00354142855229122	0.0292442359433157	-0.0391383334153394	-0.0319423010466756	-0.0119436811923899	-0.00557790437151842	-0.0220018320868113	-0.00996414364819451
0.0526571602002871	0.053654204465205	-0.0316887791791593	-0.0312791611102713	0.0168046938730411	0.00149768282817993	0.0209634147429067	0.00515766922401419	0.00354098989930628	0.0292604269882056	-0.0391404931526474	-0.0319414432984821	-0.0119403424005619	-0.00557110105929983	-0.0220115914172341	-0.00996333060348995
0.0526396615783467	0.0536478370120033	-0.0317184595018279	-0.031231772618058	0.0167780757393629	0.0014838275405857	0.0209533145483809	0.00514578088993202	0.00352483238203315	0.0292944044337457	-0.0391403115447237	-0.0319155348326903	-0.01195772926378	-0.00556269400941658	-0.0219896839136999	-0.00995154844019394
0.0526161964376207	0.0536477517959776	-0.0317380354390187	-0.0311535149697679	0.0167648029941086	0.00148068013556959	0.0209455850357515	0.00514187352560443	0.00350943622105553	0.0293257681221686	-0.0391609380139039	-0.0319060758538337	-0.0119587309013284	-0.00554999402761388	-0.0220133725718704	-0.00995143249051958
0.0526298323987225	0.0536711554694063	-0.0317452760072382	-0.0310823009149493	0.0167754438214533	0.00150146865489705	0.0209472851653141	0.00515997983559726	0.00346806453905279	0.0293322738767891	-0.0391888092422556	-0.0319052027388159	-0.012000683728687	-0.00556827635759429	-0.0220202555121786	-0.00997469925951353
0.0525820555449492	0.0536542240229814	-0.0317975232099024	-0.030962059705652	0.0167378370114073	0.00149039336551945	0.0209297949252778	0.00514892689796411	0.00345316710137333	0.0293766309136606	-0.0391946095199417	-0.0318841362196668	-0.0120097473610636	-0.00554173366105362	-0.0220279556881435	-0.00995526441770964
0.0525839386794196	0.0536767154658396	-0.0318165613082422	-0.0308612477502224	0.0167515442186945	0.00152202667185982	0.020929264071347	0.00517262533502285	0.00340650224688676	0.0293992117634966	-0.0392438448250407	-0.0318888692015552	-0.0120363850525183	-0.00554841124470964	-0.0220766769031199	-0.00996983216715839
0.0525040996452093	0.0536204128185407	-0.0318590729292122	-0.0308002037391309	0.0166961132894293	0.00146753451586181	0.0208979506743492	0.00512729739425151	0.00344072416463186	0.0294527008849622	-0.0392140709044422	-0.0318466230075506	-0.011994742355614	-0.00549869956805701	-0.0220639126600519	-0.00992950822317698
0.0525126533784155	0.0536318499267816	-0.0318444395215141	-0.0307624362759216	0.0167221684385441	0.001490616882964	0.0209150204221929	0.005148479863075	0.00342605443534904	0.0294244412950505	-0.0392396035815303	-0.0318662995275914	-0.0119997114278032	-0.00551991835846524	-0.0220891324127176	-0.00994974353682918
0.0524953922437599	0.0536160416555156	-0.0318511953362757	-0.0307566751137883	0.0167165078592608	0.0014767532134656	0.02091939577617	0.00514042764713498	0.00342817226313618	0.0294228040297692	-0.0392232476925251	-0.0318562915340116	-0.0120007004924954	-0.00551449247249871	-0.0220720836196343	-0.00994080842698317
0.0525379709199632	0.0536450975263235	-0.031821312450923	-0.0307769942464822	0.016754370317384	0.00150650198835158	0.0209333418677261	0.00516423085799585	0.00341596681367955	0.0293787696962082	-0.0392387388484167	-0.0318871159865994	-0.0120173986425875	-0.00554699330592076	-0.022083797330713	-0.00996389917598953
0.0525231573013255	0.0536146153348226	-0.0318095721971479	-0.0308543480461059	0.0167501514256181	0.00147952902073014	0.0209263066561588	0.00514105768693181	0.00346320163764973	0.0293725614991857	-0.0392025904896963	-0.0318852999073625	-0.0119783222053435	-0.00553058153755445	-0.0220669385274575	-0.00994292765175434
0.0525635133759395	0.0536353689295493	-0.0317720771458241	-0.0309203192198657	0.0167825502792061	0.00150944683068357	0.0209473731753079	0.00516406880784855	0.00346757140369074	0.0293178332528869	-0.0392099106860054	-0.0319133625225261	-0.0119758523375812	-0.00555372676893792	-0.0220772762092681	-0.00996520116510405
0.0525666216654029	0.0536185394629585	-0.0317534567457088	-0.0310172349868399	0.0167798694668555	0.00148506247446686	0.0209457652466911	0.00514598764356823	0.00349589246089965	0.0293186840161603	-0.0391751299746489	-0.0319058285876606	-0.011961702286357	-0.00554581285441671	-0.0220432331054787	-0.00995402389589237
0.0526098108236266	0.0536318890423344	-0.0317104687531851	-0.0311347101677609	0.0168079711975719	0.00149637804509736	0.0209622217185464	0.0051559174060425	0.00352596114512815	0.0292582504870892	-0.0391556336655478	-0.031932108651204	-0.0119497832186262	-0.00556958952258104	-0.0220293247324913	-0.00996678115404024
0.0526399675178489	0.0536436278991256	-0.0316918008556129	-0.031216356899304	0.016812982179282	0.00149332004705906	0.0209639916973104	0.00515102656495888	0.00353664946992987	0.0292405073929438	-0.0391342835586409	-0.0319396146463889	-0.0119484602747512	-0.00557720727648822	-0.0220052477127609	-0.0099691015445115
0.0526531662229498	0.0536508810402013	-0.0316859558744378	-0.0312594175349972	0.0168110934568755	0.001498226254967	0.0209562468178566	0.00515036718849745	0.00354794827675203	0.0292424408188392	-0.0391350770455691	-0.0319450125926748	-0.0119393295871412	-0.00557480446395927	-0.0220071811386563	-0.00996359183950327
0.0526448849016291	0.0536439408235479	-0.0316899233090786	-0.0312808416820576	0.0167953913563956	0.00148406642485457	0.0209541345780056	0.00514199646019893	0.00355276507768214	0.0292673741897791	-0.0391215207125569	-0.0319303163206954	-0.0119376643821793	-0.00556589729379383	-0.0219919260730655	-0.00996646403866578
0.0526480812010862	0.0536562789864873	-0.0317095257889659	-0.0312368534489695	0.0167806839085441	0.00147568452068383	0.0209472055372245	0.0051334133903281	0.00352632296399152	0.0292901729691235	-0.0391311766661616	-0.0319139771954986	-0.0119649558621592	-0.00556819952347273	-0.021962935860507	-0.00997021913173427
0.0526348615412249	0.0536543916610648	-0.0317265899488735	-0.0311958701285267	0.0167767849261206	0.00148284965176578	0.0209470169443806	0.00514046676268777	0.00352009940014474	0.0293058988183318	-0.039151615939482	-0.0319125564627417	-0.0119575001583994	-0.00555772633421139	-0.0219949086339663	-0.00996560209952022
0.0526458599964809	0.0536790023286941	-0.0317334728891817	-0.0311264665650089	0.0167883645267325	0.00150670036008362	0.0209472865622981	0.0051562708430017	0.00347790070359715	0.0293240945353025	-0.0391873102783931	-0.0319159972344038	-0.0119868242501407	-0.00556818555363245	-0.0220259538100307	-0.00998126927539936
0.0526114732346205	0.0536642403984654	-0.0317676584853421	-0.0310576553227193	0.0167582692998075	0.00148925622052028	0.020926467309322	0.00513972077321658	0.00347578986073015	0.0293535220038619	-0.0391771500135541	-0.031891755370558	-0.0119909914534976	-0.00555152093115699	-0.0220119043416565	-0.00997010318205991
0.0525770459602232	0.0536589821505823	-0.0318051479487298	-0.030936335641752	0.0167379459761615	0.0014942350715977	0.0209127824537793	0.0051430455952043	0.00344547530731264	0.0294010138728933	-0.0392085598024499	-0.0318777464147206	-0.0120037598875177	-0.00553384628922895	-0.0220414365840181	-0.00996369381933735
0.0525595710870112	0.0536603945014351	-0.0318300659528453	-0.0308390343071859	0.0167353573647567	0.00150391756789894	0.0209127866447314	0.0051495988472818	0.00341224245425969	0.0294245768025013	-0.039235467111822	-0.0318701426306537	-0.0120207877258405	-0.00552981878427491	-0.0220673380648897	-0.00996579069236406
0.052521415262242	0.0536362085169504	-0.031846987620382	-0.0307867773256334	0.0167218331623773	0.00148422428404978	0.0209104383145795	0.00513705812165834	0.00341773958641167	0.0294413839173477	-0.0392316240087597	-0.0318549671931526	-0.0120085180151186	-0.00551211759965034	-0.0220787612032904	-0.00995054819962957
0.0525278679314694	0.0536413647849995	-0.0318431277535114	-0.0307626891300308	0.0167352372241303	0.00150091405223775	0.020920377855942	0.00514992574154445	0.0034117423339775	0.0294172817519047	-0.0392415328164736	-0.0318695475154576	-0.0120133529768411	-0.00552609442485505	-0.0220885582522819	-0.00995980880675421
0.0525093229684917	0.0536225963045771	-0.0318414220360127	-0.0307738580173383	0.0167330760898383	0.0014897675166747	0.0209159144919711	0.00514070145600455	0.00343260349647444	0.0294113208210553	-0.0392311322703817	-0.0318724015538277	-0.0119897201980317	-0.00551225171011707	-0.0220942733139424	-0.00994024404543567
0.0525047338759582	0.0536094241421728	-0.0318197031253222	-0.0308098513108315	0.0167375394538092	0.0014785846595269	0.0209200425797752	0.00513957688386165	0.00345076847979647	0.0293987521557512	-0.039216320048728	-0.0318716038759475	-0.0119780372206017	-0.00551753370672866	-0.0220814727492896	-0.00994490019320252
0.0525352873136446	0.0536204198034608	-0.0317991409174074	-0.0308684813335218	0.016755888839023	0.00148363475678977	0.0209341898370313	0.00514543164392491	0.00345959602187228	0.0293635020577612	-0.0392008763902934	-0.0318848822091379	-0.0119871581293235	-0.00554272551971382	-0.0220569989860951	-0.00995768678801498
0.0525519239964395	0.0536230195907378	-0.0317743234961419	-0.0309341437738113	0.0167720114316954	0.00148956495399057	0.0209474961099024	0.00514964075680265	0.00348023366692467	0.0293326412835886	-0.039197270774516	-0.0319057517535391	-0.0119658722836819	-0.0055436573080608	-0.0220701571786591	-0.00995535522167149
0.0525863428889326	0.0536240896805036	-0.0317394128652707	-0.031048118112757	0.0167923710769261	0.00148057675875148	0.0209487003101349	0.00514074196854138	0.00350072742262213	0.0293072916114082	-0.0391725078356275	-0.0319099566754647	-0.0119556826821783	-0.00555452304983414	-0.0220416167949577	-0.00995902370173022
0.0526035788778757	0.0536194656633694	-0.0317093022715214	-0.0311707369888707	0.0167965983505962	0.00147376227066067	0.020956459159429	0.00513663204152966	0.00354959112996949	0.0292672177275679	-0.0391412349511665	-0.0319294893061506	-0.0119172795912361	-0.00555170393606471	-0.0220313769020291	-0.00995218127395884
0.0526399437691204	0.0536416148451406	-0.0316854320054271	-0.031237659508754	0.016816467654433	0.00149322924309721	0.0209689076841066	0.00515026520866337	0.00354297361662669	0.0292420259145827	-0.0391366542405372	-0.0319446004823864	-0.0119356094186734	-0.00557470527809325	-0.0220098088656138	-0.00997095813628532
0.0526447591730665	0.0536454244205862	-0.0316957487324773	-0.0312536982823847	0.0167968973051783	0.00147564819909909	0.0209522654133755	0.00513659571994492	0.00353636727915612	0.0292619063942917	-0.0391210429440192	-0.0319230883253322	-0.0119504859015925	-0.00557020279856954	-0.0219727622461632	-0.00996283467415985
0.0526443107411934	0.0536454453753466	-0.0316968453649396	-0.0312608745893388	0.0167888716319348	0.00147551269164833	0.020949291234379	0.00513456031421546	0.00354528422820976	0.0292692587212335	-0.0391232348119598	-0.0319250119723394	-0.011938976150182	-0.00555940830298165	-0.0219858170619091	-0.00996236668451031
0.0526482139145689	0.0536550705953027	-0.0317106000696838	-0.0312304622470394	0.0167862704476738	0.00148136046679145	0.0209520768205317	0.00514293383648203	0.00352408639256196	0.0292859247406929	-0.0391451926069191	-0.0319202370809301	-0.0119541837183158	-0.00555943903663028	-0.0219899605165375	-0.00996586193854951
0.0526459270517143	0.0536646972122427	-0.0317231016797545	-0.0311681302166736	0.016787358698232	0.00150191708677019	0.020958127158359	0.00516159055818207	0.00349535741601675	0.0292938526250544	-0.0391709488014518	-0.0319269495891869	-0.011969166372021	-0.00556018362911745	-0.0220179071820268	-0.00997244033633951
0.0526048333695332	0.0536422225331929	-0.0317576015973212	-0.0311148771855089	0.0167545128097549	0.00147090404133845	0.020936479493854	0.00513453377151892	0.00349232875464305	0.0293505031213764	-0.0391644332679431	-0.0318914885466085	-0.0119678587949704	-0.00553185279302034	-0.022006429561249	-0.00995177614859058
0.0525806543699687	0.0536420940106623	-0.0317875473469552	-0.0310128582358787	0.0167342006619812	0.00147893390553402	0.0209304948142761	0.00514064138569133	0.00347644225227144	0.0293630927414409	-0.0391771011191131	-0.0318842409934689	-0.0119785149891394	-0.00553323301324046	-0.0220172645693737	-0.00995579387465642
0.0525717206571067	0.0536590436178796	-0.0318165305745936	-0.030884641644763	0.0167354816963353	0.00149881159127493	0.0209287360113843	0.00515515465276297	0.00342083809698678	0.029400114215179	-0.0392214846986812	-0.031877372023001	-0.0120190764204057	-0.00553564001672149	-0.0220455325411895	-0.00996962261955412
0.0525367178252897	0.0536429950653607	-0.0318425256533951	-0.030805605876369	0.0167222718153622	0.00149364833830575	0.0209199964793022	0.00514871735035984	0.00340957281778131	0.0294295067591377	-0.0392357898151326	-0.0318682301595187	-0.0120136896499919	-0.00551295299609935	-0.022071281750802	-0.00995335054959065
0.0525372277244601	0.0536490034936671	-0.0318419263472469	-0.0307643040435677	0.0167351422292164	0.00150464120562568	0.0209243285267745	0.00515602217984464	0.00339951034182433	0.0294165385564016	-0.039249160349269	-0.0318753422052076	-0.0120223663177927	-0.00552107087028872	-0.0220865745349615	-0.00996166958948011
0.0525198688009225	0.0536335221166637	-0.0318438625671104	-0.0307651673796972	0.0167344577070424	0.00150078273573908	0.0209265050278908	0.00515739401816058	0.00341516494484722	0.0294105790225362	-0.039243564031251	-0.0318759149686593	-0.0120055047205692	-0.00551511692435943	-0.0220955739060728	-0.00995356987608312
0.0525111236809044	0.0536186749704093	-0.031838883716033	-0.0307792769183847	0.0167343850638729	0.00148720963891859	0.0209265888469325	0.00514889476733145	0.00342977739778488	0.0293968718152489	-0.0392259564445563	-0.0318730818850496	-0.0119945803054667	-0.00551062981166003	-0.0220850518223705	-0.00994606527788225
0.0525159237180261	0.0536137072952041	-0.0318180574781367	-0.030820186198674	0.0167401238742618	0.00147540232991008	0.0209279020119193	0.00513947909497965	0.00345002249032527	0.0293785601486039	-0.0392124168753525	-0.0318780272085103	-0.0119816665851076	-0.00551307173974177	-0.0220720933985225	-0.0099456014791848
0.0525398456725294	0.0536175350314421	-0.0317901122096315	-0.0309049384257124	0.0167665492241441	0.00148839428137473	0.0209469289343868	0.00515061585165451	0.00347474910762895	0.029335560980208	-0.039205862226291	-0.0319057154319543	-0.0119572081887374	-0.00552442083798895	-0.0220823025578025	-0.00994961920525065
0.0525528949003392	0.0536161226805893	-0.0317750513248207	-0.0309656276028606	0.016771060085572	0.00148148340138595	0.0209471706126238	0.00514616366355582	0.00348174101269138	0.0293267054984516	-0.0391853028123442	-0.0319025456751938	-0.011962487391381	-0.00553016942726605	-0.0220513048791951	-0.00995085274214777
0.0526014638440566	0.0536343603070808	-0.0317254765526028	-0.0310940621234849	0.0168038263459595	0.00149236730395166	0.0209611614076688	0.00515195136838572	0.00350900874394282	0.029269729504851	-0.039171401424277	-0.0319305985114692	-0.0119457920352569	-0.00555017563553758	-0.0220498310610451	-0.00995653148222345
0.0525981306401647	0.0536100164634009	-0.0317098107737077	-0.0312101375264093	0.0167928264937194	0.00146639178292653	0.0209594151776332	0.00513011092008482	0.00356148784595583	0.0292626859113796	-0.0391294723456469	-0.0319305118984594	-0.0119009572298476	-0.00553406282175336	-0.0220252245843678	-0.00994088805507279
0.0526197084554682	0.0536226312291779	-0.0317041250487119	-0.0312433661885102	0.0167891691895329	0.00146445556306309	0.0209517345594447	0.00512830881068812	0.00355733880339131	0.0292556981972692	-0.0391186457194264	-0.0319236862344964	-0.0119167515312733	-0.00554713021035555	-0.0219836419577768	-0.00995169791748499
0.05265131102816	0.0536475506302775	-0.0316900462436731	-0.0312676876804456	0.0168028903666604	0.00147996487974702	0.0209592643033581	0.00514149354594869	0.00354117569818207	0.0292533931736223	-0.0391357475979027	-0.0319333002785802	-0.011931171200415	-0.00555889002190709	-0.0219924289873158	-0.00996777161571641
0.0526439726710585	0.0536467166308125	-0.0317010279351208	-0.0312651465664979	0.0167905452188009	0.00147428055173523	0.0209530658852239	0.00513482574118087	0.0035450802685416	0.0292708876046106	-0.0391348605130447	-0.0319295298186874	-0.0119254114352657	-0.00554727409971048	-0.0219979345013719	-0.00995818970226523
0.0526405318993964	0.053652238908677	-0.0317142587708543	-0.0312368031575445	0.0167856292320048	0.00148302148080128	0.0209509885699735	0.00514387959466929	0.00352758024961713	0.0292911620338156	-0.0391474654999334	-0.0319268462123688	-0.0119333225558189	-0.00554380818233588	-0.0220064714707698	-0.00996605611932947
0.0526343027476135	0.0536638911524583	-0.0317386822426238	-0.0311480373953923	0.016778617769166	0.00148906343672436	0.02094806747637	0.00514802165231367	0.00348480599564981	0.0293165829521815	-0.0391690503001571	-0.0319135846429866	-0.0119716488126396	-0.00554690808989502	-0.0220033128898815	-0.00997212880890117
0.0526067556195564	0.0536508279548082	-0.0317609096555006	-0.0310944029875878	0.0167592737313239	0.00147924124202028	0.0209418886160122	0.00513954056227691	0.00348269515278282	0.0293470162492414	-0.0391768161343713	-0.0319014127211467	-0.0119647742542355	-0.00552981878427491	-0.0220180301166213	-0.00996107447428399
0.0525838646392661	0.0536573518702211	-0.0317985527871314	-0.0309644974427816	0.016738707332457	0.00148797798013425	0.0209299276387605	0.00514852316957988	0.00344688486419736	0.0293715109671963	-0.0391977401611495	-0.0318895914422979	-0.0119973211881305	-0.00553087211023237	-0.022017429413489	-0.00996874391660022
0.0525452883223043	0.0536442118384495	-0.0318386937262051	-0.0308571168684503	0.0167187723703709	0.00148192345135491	0.0209138371767208	0.00514546377455756	0.00342404417533209	0.0294228780699227	-0.0392214972715375	-0.0318703214446093	-0.0119981901121962	-0.00550800348168653	-0.0220423488145886	-0.00996024745973914
0.0525300933270268	0.0536414444130891	-0.0318491501516581	-0.0307929631709115	0.0167232469102141	0.00149109185753368	0.0209141989955841	0.00515078768069001	0.00341090554054446	0.0294306606679452	-0.0392450518192413	-0.0318726194833362	-0.0119969565752991	-0.00549890213074114	-0.0220827342258673	-0.00995405183557294
0.0525351238665132	0.0536484866095765	-0.0318417056237704	-0.0307736051632291	0.016741062647529	0.0015053983709691	0.020925286857818	0.00516169672896823	0.00340449198686981	0.029413026538554	-0.0392522253322274	-0.0318851127115026	-0.0120028783905957	-0.00551300468450841	-0.0220965015034677	-0.00996954019749644
0.0525137625837341	0.0536256054081744	-0.0318424585981618	-0.030778359099878	0.0167391473824259	0.00149288837899427	0.0209284230869619	0.00515245009168388	0.00342360971329924	0.0294093901891279	-0.0392410871785685	-0.0318840775463376	-0.0119832465740438	-0.00550202299306071	-0.0220989308586932	-0.00995509398565817
0.052517340259831	0.0536243327557245	-0.0318327565440841	-0.0307942721449461	0.016743127389923	0.00148853118580951	0.0209336100886595	0.00514532128218666	0.00343138951735372	0.0293922030946258	-0.0392297757988901	-0.031886601896477	-0.0119820158311147	-0.00550899534034674	-0.0220836855719907	-0.00995775244626432
0.0525305291860436	0.053622344847452	-0.0318121468387123	-0.0308521170626124	0.0167480461706872	0.00147842959429974	0.0209345279071662	0.00513606905696619	0.00345378736228196	0.0293742113373233	-0.0392129658900757	-0.0318947812379636	-0.0119701680095694	-0.00551183261490853	-0.0220649087096642	-0.00995902509871424
0.0525664889519201	0.0536371822148183	-0.0317824902647722	-0.0309329228097704	0.0167830671632966	0.00150263234259276	0.0209551990798353	0.00515656141567962	0.00346896000581503	0.0293245192184471	-0.039213573578128	-0.0319279107141984	-0.0119525813776352	-0.00552772889616834	-0.0220860352991265	-0.00997136745260566
0.0525719665262957	0.0536224314604618	-0.0317596900884438	-0.0310331019314351	0.0167887235516278	0.00148589228297976	0.0209610566338666	0.00514695156254787	0.00349263190017723	0.0293219054613299	-0.0391894993523657	-0.0319229248782009	-0.0119368443525546	-0.00552144665899237	-0.0220696277217123	-0.00995842439558201
0.0525943210647191	0.0536166228008715	-0.0317315911516954	-0.0311447908045102	0.0167915426653972	0.00147317693435275	0.0209608359103901	0.00513577848428827	0.00353020797657466	0.0292828597577345	-0.0391499563224562	-0.0319279512267353	-0.0119156297530985	-0.00553136803956247	-0.0220284530144576	-0.00995560528181258
0.0526112860387607	0.0536159746002823	-0.0317131286107753	-0.0312256147124606	0.0167910285752748	0.00146070466094669	0.0209578631283776	0.00512042283584748	0.00355667244200974	0.0292682193651163	-0.0391232459878321	-0.031932846258771	-0.0118998717732575	-0.00553431846983057	-0.0219961100402308	-0.00995703579345772
0.0526375688962721	0.0536318638966219	-0.0316979545702582	-0.0312616261667462	0.0168044591797244	0.00147444818981864	0.0209645658577461	0.00513349581238578	0.00355215459566171	0.0292611757716448	-0.0391333294185495	-0.0319467518377902	-0.0119046801922834	-0.00554668177848241	-0.0219959563719876	-0.00997275186377786
0.0526493063560791	0.0536424167139729	-0.0316936155378658	-0.0312712346228939	0.0168016009504021	0.00147838489081083	0.0209675861372156	0.0051415675861022	0.003537539348756	0.0292680405511606	-0.03913954040954	-0.0319453632356659	-0.0119155626978651	-0.00555240103109491	-0.0219923325954178	-0.00997639240415602
0.0526646019342067	0.0536633002282143	-0.0316989282681261	-0.0312617281465802	0.0168046924760571	0.0014915347014707	0.020967749584347	0.00515114111764921	0.00352008962125654	0.0292795363327308	-0.0391551349422496	-0.0319438139803784	-0.0119336159224648	-0.00555668558111019	-0.0220005287007128	-0.00999221045431023
0.0526220791373645	0.0536372953705246	-0.0317376959718998	-0.0312228235383718	0.01676339902516	0.00146597687867008	0.0209509983488617	0.00513483691705309	0.00352942287155066	0.0293240288770531	-0.0391466510582448	-0.0319167781484757	-0.0119180688872121	-0.00552569349043888	-0.0219964257586212	-0.00996390057297356
0.0526116129330233	0.05364276595998	-0.0317608579670916	-0.0311354114537432	0.0167515246609181	0.00146916759019108	0.020947818813213	0.00513664182041786	0.00349347567853042	0.0293559862836881	-0.0391678237481801	-0.03190167395716	-0.0119447401062834	-0.00552710723827568	-0.0220014157855708	-0.00996996348365706
0.0526140841977697	0.0536561225242761	-0.0317693614088728	-0.0310817770459386	0.0167655294258034	0.00149014609934641	0.0209504018366816	0.00515265824230412	0.00347730558840103	0.0293553283042107	-0.0391978742716163	-0.0319159217972662	-0.0119472532805506	-0.00552973217126515	-0.0220402952480668	-0.00997936099521649
0.052566923413953	0.0536407459210749	-0.0318132141345101	-0.0309597351242286	0.0167286057409472	0.00148165383343742	0.0209352711026694	0.00514199785718296	0.00344994845017176	0.0294090632948653	-0.0392091381538377	-0.0318886512720467	-0.0119611993721067	-0.0055064849600476	-0.0220489886796759	-0.00996679791784858
0.0525422498820424	0.053640212273176	-0.0318392734745769	-0.0308475489248394	0.0167222829912344	0.00148643990071892	0.0209294400913346	0.00514448169478556	0.00341711653153497	0.0294395762200148	-0.0392356668805381	-0.0318736057540602	-0.0119846212063278	-0.00550612453816826	-0.0220643191824042	-0.00997063962392683
0.0525403388078915	0.0536454537572508	-0.0318465042639082	-0.0307890432337276	0.0167336712050344	0.00149791752149672	0.0209313064619966	0.00515421587949584	0.00339967099498761	0.0294401685412429	-0.0392574933589987	-0.031882579979459	-0.0119934836730043	-0.00550899673733076	-0.0220882020213547	-0.00997643990161299
0.0525056139758961	0.053614685184024	-0.0318606431392602	-0.0307790422250679	0.0167183029837373	0.00147705077106366	0.0209248789384817	0.005139741727977	0.00342900626260117	0.0294440451719219	-0.0392383057833678	-0.031875752918512	-0.0119619802861786	-0.0054859646616536	-0.02209317668148	-0.00995845932018272
0.0524910392415272	0.0536006245397776	-0.0318583423065653	-0.0307759814330615	0.0167132500925064	0.00146341480996189	0.0209234470298525	0.00512898914190997	0.00343629153430957	0.029436734754501	-0.0392236444359892	-0.0318663665828248	-0.0119563713953044	-0.00548475906443704	-0.0220778894852566	-0.00995043644090729
0.0525007426925889	0.0536025495837688	-0.031834467849519	-0.0307924071712681	0.0167289214593376	0.0014686926156214	0.0209285236698119	0.00513183060742385	0.00344393862488134	0.0294139164173801	-0.0392243121943548	-0.0318795289663409	-0.0119520547146564	-0.00549772028225306	-0.0220797418860783	-0.00995888260634334
0.0525412189078294	0.0536241832784335	-0.0318039605123056	-0.0308700822772184	0.0167600546453958	0.00148531951952809	0.0209386685678266	0.00514289192696117	0.00345196010717274	0.0293754015677156	-0.0392188164591868	-0.031898530743096	-0.011954784421448	-0.005521035945688	-0.0220723462526317	-0.0099801419092884
0.0525629811250247	0.0536293828529874	-0.0317846569870004	-0.0309384199419224	0.0167695457548852	0.0014917260882826	0.0209438010871471	0.00514891851605994	0.0034674414841761	0.0293464923802307	-0.0392052349804622	-0.0319143194565856	-0.0119467908788372	-0.00552437473751602	-0.0220699629978791	-0.00997652930859081
0.0525865272908243	0.0536245423033288	-0.0317438552744812	-0.0310649880918846	0.0167931142724293	0.00149182527414862	0.0209538244475513	0.00515297396069455	0.00349907898146855	0.02931896480995	-0.0391901154223222	-0.0319301794162607	-0.0119208754281253	-0.0055291258801968	-0.0220660640154557	-0.00997564781166885
0.0525633080192874	0.0535850509618283	-0.0317317140862899	-0.0311751109458638	0.0167622954077775	0.00144574016803386	0.0209443514988543	0.0051149354825837	0.00356341149296302	0.0293086424949637	-0.0391270569602617	-0.0319140149140674	-0.0118749160505731	-0.00550681464827832	-0.0220144943500452	-0.00994361357091231
0.0526322589599799	0.053634421774378	-0.0316893170180103	-0.0312291393031644	0.0168077099615586	0.00148784666363557	0.0209745445146614	0.00514933062634833	0.00353687578134248	0.0292617666958888	-0.0391528997678041	-0.0319479490531026	-0.0119128735036103	-0.00555362339211981	-0.0220112351863069	-0.00998771775367472
0.0526419274864408	0.0536388152891475	-0.0316999215237703	-0.0312653589080702	0.0168004582174669	0.00147999142244356	0.0209825590120326	0.00514849383291529	0.00353393792393063	0.0292721057746834	-0.0391446170494994	-0.0319412756603987	-0.0119172195209228	-0.00555367787449692	-0.0219921118719413	-0.00998410654996116
0.0526599374045357	0.0536511255124063	-0.0316862478440997	-0.0312956958132322	0.0168097956587131	0.00149616849749309	0.0209861520549538	0.00515494789912676	0.00354101783898685	0.0292727483873365	-0.0391602465068098	-0.0319611519491556	-0.0119027411784519	-0.0055505989216982	-0.0220272544021612	-0.00998795663794358
0.0526359120732143	0.0536391477713463	-0.0317187221348253	-0.0312517271379205	0.0167702582167397	0.00147042208184863	0.02095709758113	0.00513014025674942	0.00353011298166072	0.0293179240568488	-0.0391402165498098	-0.0319251181431256	-0.0119157247480124	-0.00553325117403283	-0.0219867502472401	-0.00997950488457142
