0.0525700875827774	0.0535499880596981	-0.0319036814232089	-0.0311681749201626	0.0168437968529817	0.00163390413777877	0.0209486947221988	0.00529444932722441	0.00351697155290503	0.0292510266826781	-0.0391158964548584	-0.0318411635939674	-0.0117922970181462	-0.00558781038526421	-0.0221004298225558	-0.010099465300079
0.0525505326003471	0.0535312600918126	-0.0319086854199988	-0.0311942119084849	0.0168204644257384	0.00161110815240242	0.0209378792718505	0.00527748714715089	0.00353101124239102	0.0292801985031603	-0.0390973864164813	-0.0318251793027138	-0.0117734293518578	-0.00556905447769815	-0.0220895640807824	-0.010082430476836
0.0525905003134013	0.0535738876624569	-0.0319087496812641	-0.0311647718670692	0.0168399132373826	0.00164685138575451	0.0209441852577549	0.00530104867977484	0.003483538931136	0.0292729369801804	-0.0391271784978722	-0.0318339160408278	-0.0118234721137252	-0.00559746075093279	-0.0220851356414122	-0.010112177854738
0.0525493270031306	0.053545320736059	-0.0319404011483969	-0.0311421756504089	0.0168077029766384	0.00162610756991596	0.0209261460029955	0.00528473050933844	0.00350314001403928	0.0293124087639044	-0.0391212566825756	-0.0318176006643594	-0.0117912869986936	-0.00556071588003229	-0.0221023031781379	-0.0100791433734171
0.0525300220808413	0.0535465570669242	-0.0319686691202127	-0.0310509064928778	0.0167855817345478	0.00161484927563062	0.020913948935443	0.00527215346213024	0.00347230159161109	0.0293518889295326	-0.0391318444245272	-0.0317911962692376	-0.0118178115344419	-0.00555427159270902	-0.0220913885419236	-0.0100812151007313
0.052524508184881	0.0535550353629929	-0.0319780275162193	-0.0309914215159621	0.0167876674317023	0.00163244708343709	0.0209143135482745	0.00528682319141307	0.00345650589320133	0.0293581767546447	-0.0391555302887297	-0.031796374889031	-0.0118236830583135	-0.00555866790144657	-0.0221239033451859	-0.0100878689356588
0.052488524670276	0.0535524453546042	-0.0320200683535717	-0.030869378197268	0.016765072612026	0.00163484151406187	0.0209118800020969	0.00528644600572538	0.00342172937279693	0.0294003349386555	-0.0391810308351852	-0.0317782224785653	-0.0118450485320447	-0.0055465728137282	-0.0221371998391688	-0.010083753420711
0.052459608497871	0.0535475796592331	-0.0320536783923123	-0.0307428603387309	0.0167488969339605	0.00163232275185856	0.0208979171467325	0.00528815172322413	0.0033870688020669	0.0294363729356376	-0.0392051413825323	-0.0317635751010269	-0.0118691814311363	-0.00553773688974821	-0.0221487040026431	-0.0100770409124542
0.0524268212827231	0.0535262365372463	-0.0320696570956298	-0.0306988246081858	0.016737925021401	0.00161692519389691	0.0208913708795751	0.00527293297921812	0.00339344184320471	0.0294577439973049	-0.0392030375245854	-0.0317441262893827	-0.0118566840120177	-0.00551857865078195	-0.0221600782466028	-0.0100724113073839
0.0524544829634706	0.053550523104581	-0.0320588486302017	-0.0306644797558462	0.0167702805684841	0.00164481039208893	0.0209051968305048	0.00529652664247473	0.00337007449136072	0.0294234689941667	-0.0392235662048836	-0.0317664878127262	-0.0118787102591944	-0.00555200428763084	-0.0221758013018431	-0.0100954657348056
0.0524426127901808	0.0535329755881996	-0.0320520550968713	-0.0306977405485798	0.0167709720755782	0.00164188091658126	0.0209081458637888	0.00529978860018117	0.00339609052492267	0.0294151527482453	-0.0392167503198088	-0.0317777544889157	-0.0118479333040635	-0.00553479484138428	-0.0222027365508958	-0.0100778539571588
0.0524051386936174	0.0534951662154694	-0.0320570297569966	-0.0307188531682018	0.0167435562640198	0.00159837184901498	0.0208925764767917	0.00526488495423018	0.00342868914722671	0.0294231644516485	-0.0391721041072433	-0.0317526213492598	-0.0118272481615541	-0.0055148696581864	-0.0221571962685521	-0.0100516255820245
0.0524445797436928	0.053514982433913	-0.0320177228173879	-0.0307793244158416	0.016782349113506	0.00162574295708453	0.0209178688726269	0.00529064673669895	0.00343140628116205	0.0293762383611486	-0.0391857484502493	-0.0317840576808521	-0.0118298060393102	-0.00554749063223489	-0.0221626151695985	-0.0100770492943584
0.0524888306097782	0.053539183785222	-0.0319833290706073	-0.0308479051557666	0.0168203191393994	0.00165754390150832	0.0209430537006919	0.00532021250667721	0.00342903140831368	0.0293214262958081	-0.039191923119655	-0.0318197590046834	-0.0118348854732377	-0.00557016088904869	-0.0221772611501528	-0.0100943774842474
0.0524898881266878	0.0535155649762529	-0.0319651277657006	-0.0309624285094355	0.0168175768597516	0.00162581140930192	0.0209404008280219	0.00529272684591732	0.00347188668735465	0.0293219473708507	-0.0391544546110278	-0.0318100290109252	-0.0118020437757127	-0.00555926860457881	-0.0221472804759181	-0.0100751703508401
0.0525236783763681	0.0535227566500314	-0.0319355619957223	-0.031067017909678	0.016830065896966	0.00162149193468594	0.0209491571239122	0.00528983788294647	0.0035018547887331	0.0292756289684032	-0.0391242629922048	-0.0318276701252365	-0.0117884371512755	-0.00557543450375611	-0.0221150548483497	-0.0100810320958235
0.0525425362637682	0.0535253648192125	-0.0319099315297522	-0.0311467982705591	0.0168365409179379	0.00162709523762408	0.0209511841477375	0.00529021087768207	0.00352368545814579	0.0292549466198619	-0.039110724819985	-0.0318418704678858	-0.0117763071389564	-0.00557991183756731	-0.0221061434872322	-0.010079876790032
0.0525712820041218	0.0535491708240415	-0.0318990671849629	-0.0311611913970043	0.0168463770824822	0.00163601498064577	0.0209532419052114	0.00529595667299112	0.00350285502929747	0.0292493153772432	-0.0391194182515941	-0.0318428748994023	-0.0118006914951732	-0.00559622721403566	-0.0220905182208739	-0.0100942252129883
0.0525666258563549	0.0535484262315543	-0.0319094900827992	-0.0311837512920798	0.0168289133851425	0.00161662903328288	0.0209396674114069	0.00527317326047102	0.0035174660852511	0.0292705425495556	-0.039105813024141	-0.0318301190382384	-0.0117846052240855	-0.0055802303499258	-0.0220834173510572	-0.0100840174506924
0.0525558453306073	0.0535484863018675	-0.0319307088732074	-0.0311558185964309	0.0168090356994016	0.00161174936807148	0.0209281269263478	0.00526956764469357	0.00350849605080438	0.0293016044894283	-0.0391064011544169	-0.0318114846682828	-0.0117942681626103	-0.00557288361092015	-0.0220732542922502	-0.0100880924531034
0.0525378857039375	0.0535462175998053	-0.0319514401161897	-0.0310970893878745	0.0167976921890905	0.00161857782600257	0.0209273781429086	0.00527744663461406	0.00349033525843444	0.0293233192091667	-0.0391283393915998	-0.0318052373557076	-0.0117984814664401	-0.00556167421107581	-0.0220951031224553	-0.0100814875126168
0.0525546159846623	0.0535737884765909	-0.0319608613764776	-0.0310245915047337	0.0168070687458895	0.00163622452825004	0.0209275904844809	0.00529223231357125	0.00344358658490617	0.0293423517195704	-0.0391607605969322	-0.0318030580606232	-0.0118409833085219	-0.00557757747725576	-0.0221077653856892	-0.0101018611276878
0.0524835821407833	0.053530001409203	-0.0320078670950672	-0.0309525071288654	0.0167534022074523	0.00159822656267602	0.020899315527745	0.00525991169108888	0.00347521430331043	0.0293846412200798	-0.0391407557856447	-0.0317750289730762	-0.0118033429708592	-0.00553461742441266	-0.0221059995978772	-0.0100641760865362
0.0524967179816029	0.0535655113462223	-0.0320296893825757	-0.0308118098824394	0.0167646605017377	0.00163487643866258	0.0209026836562376	0.00528451397681403	0.00339907727677551	0.0294151443663412	-0.039197469146248	-0.0317724878591285	-0.0118684158838887	-0.00555415983398674	-0.0221312864057763	-0.0100978671503505
0.0524820580312083	0.053565938823335	-0.0320461598242712	-0.0307366381718681	0.0167681278160963	0.00164737385778115	0.0209005406827379	0.00529383744821995	0.00338068458505685	0.0294310839541058	-0.0392203992420911	-0.0317719039198046	-0.0118714976306555	-0.00554872556611605	-0.0221765682460747	-0.0100977525976601
0.0524440223470655	0.0535404871713206	-0.0320608826389471	-0.0306979626690403	0.016751818027564	0.00162493969126817	0.020892344577443	0.00527924874401077	0.00339332030559424	0.0294487488171457	-0.0392104904343773	-0.0317555578096876	-0.0118581466542955	-0.0055312171652874	-0.022179578746656	-0.0100810935631208
0.0524221818987646	0.0535235417550554	-0.0320740506103993	-0.0306675000353158	0.0167421592799913	0.00161313517622771	0.0208942640334981	0.00527575907790769	0.00339539622386053	0.0294428675143859	-0.0391991608939065	-0.0317485645076411	-0.0118556460528846	-0.00552766603188706	-0.0221603366886481	-0.0100763801390088
0.0524475902442742	0.0535390035742824	-0.032045758889855	-0.0306738535186772	0.0167763295093274	0.00163874468743738	0.0209109104951811	0.00529870873152717	0.00338752282187614	0.0294059591963541	-0.0392196406797636	-0.031775950982535	-0.0118618430740348	-0.0055494645706671	-0.0221843704018736	-0.0100938871428534
0.0524516945833498	0.0535314403027523	-0.032027349434328	-0.030726567314007	0.016785395935672	0.00162688988097189	0.0209124443836444	0.00528466345410507	0.00341163197223925	0.0293872200525963	-0.0392016782591257	-0.0317812343761306	-0.0118460487726091	-0.00554690250195891	-0.022178544978475	-0.0100830549286967
0.0524379845820945	0.0535028663914342	-0.0320126056648917	-0.03081566974931	0.016784314670034	0.00161235286517177	0.0209164369639977	0.00527551320871868	0.00345713174204609	0.0293672292111491	-0.0391679578586469	-0.0317841708365584	-0.0118012642586248	-0.00553955715993729	-0.0221575650723356	-0.0100750390343415
0.0524611563561745	0.053511397772896	-0.0319980840159159	-0.0308633306534088	0.0167918849264842	0.00161386579887459	0.0209241636826591	0.00527769669475516	0.00345810823388197	0.0293468374352857	-0.0391562748812169	-0.0317889163913031	-0.0118138552756733	-0.0055522822874525	-0.0221345274087223	-0.0100778399873185
0.0525042714742448	0.0535202700184608	-0.03195027503151	-0.0309978672002694	0.0168235112479044	0.00161922882055984	0.0209394285271381	0.00527952814081646	0.00348962279657993	0.0293035630610362	-0.039143468728628	-0.0318121412507762	-0.0117928013293804	-0.00556632057995446	-0.0221361381313071	-0.0100804118349149
0.0525212629909829	0.0535155579913328	-0.03193171889266	-0.031091516818585	0.0168216825958112	0.00159963053162462	0.0209395891803013	0.00526060040421491	0.00351729844716769	0.0292814166732331	-0.0391050642407017	-0.0318112876935348	-0.011781241286545	-0.00556946798497057	-0.0220901116985216	-0.0100766301991499
0.0525866376525626	0.0535568598241341	-0.0318929651587266	-0.0311529212515558	0.0168624256350011	0.00164189348943752	0.0209595003936589	0.0052959119695022	0.00350269856708628	0.0292379383393155	-0.0391255202778304	-0.0318498933471612	-0.0118007585504065	-0.0056044079525063	-0.0221071255670042	-0.0101102737655072
0.0525773379298851	0.0535480965433236	-0.0319024883988486	-0.0311985425589731	0.016841994743585	0.00162206609512163	0.020945417397668	0.00528042081361065	0.00352263492615639	0.0292630379513547	-0.0391065673955163	-0.0318359472556051	-0.0117814480401812	-0.00558632678822599	-0.0220981639144616	-0.0100915220488932
0.0525627729744044	0.0535406617943241	-0.0319185956246967	-0.03118925820312	0.0168140410931755	0.00160314254947216	0.0209334228927997	0.00526312894530641	0.0035272254156739	0.029289264929505	-0.0390950031617288	-0.031818906844426	-0.0117770363646193	-0.00557440492652714	-0.0220759155468244	-0.010084539922719
0.0525676163180311	0.0535538199868882	-0.0319288620603218	-0.0311564081236909	0.0168191750094801	0.0016205475734827	0.0209328794660127	0.00527463310878075	0.00350336911941995	0.0293008361482127	-0.0391196641207831	-0.0318168798206007	-0.0117922648875135	-0.00557597653355915	-0.0220885959708507	-0.0100942252129883
0.0525466294269716	0.0535534861077054	-0.031954743983417	-0.0310776168275019	0.0168008256242663	0.00161388815061905	0.0209210120866909	0.00526806309289492	0.00348296337371628	0.0293300959786887	-0.0391270387994693	-0.0317983711792077	-0.0118086026157263	-0.00556640858994825	-0.0220910532657568	-0.0100931285805259
0.0525789081399331	0.0535512313754834	-0.0319004935056559	-0.0311799179679058	0.0168590994160294	0.00164227766004534	0.0209608680410228	0.00530212994541287	0.00350364153130549	0.0292405576843688	-0.0391242420374444	-0.0318485704032863	-0.0117988097576868	-0.00560069337197464	-0.0220878318205871	-0.0100981549290603
0.0525642761292191	0.0535378287107144	-0.0319138291151916	-0.0311908395890402	0.0168339173819324	0.00162147656786162	0.0209446714081969	0.00528396635907487	0.00351554104125989	0.0292637671770176	-0.03910105489654	-0.031828624265328	-0.011790866506501	-0.00558792214398648	-0.0220664551709837	-0.0100858530877057
0.0525611748246759	0.0535434222347644	-0.0319208866785034	-0.0311710974107501	0.0168298773041221	0.00162812062390096	0.0209456157694001	0.00529018573196956	0.00350383431510142	0.0292802683523617	-0.0391161814396002	-0.0318294680436812	-0.0117949289360558	-0.00558252978563664	-0.0220766866820081	-0.0100907201800609
0.0525345622789338	0.0535328805932856	-0.0319523272010478	-0.031113756804318	0.0168069974997041	0.00162258577318022	0.020941243209391	0.00528963532026235	0.00348770473750886	0.0293124185427926	-0.0391240408717443	-0.0318092313330449	-0.0118043306385673	-0.00556785865936979	-0.0220756948233479	-0.0100807876236186
0.0525319736675291	0.0535427419035425	-0.0319674104376031	-0.0310336439612381	0.0168002291120862	0.00162592037405614	0.0209338042694395	0.00528762785421346	0.00345608121005668	0.0293420611468924	-0.0391499423526159	-0.0317988559326656	-0.0118310814857282	-0.00557017904984106	-0.022084877199367	-0.0100844491187571
0.0525073909395803	0.0535343418385794	-0.0319964635144429	-0.0309553192577147	0.0167802284917508	0.00161973313179411	0.0209220067393192	0.00528034537647311	0.00345362670911869	0.0293577115589632	-0.0391528215366985	-0.0317872735380857	-0.0118296020796421	-0.00556179295471823	-0.0220907962206955	-0.0100813156835813
0.0524926667279204	0.0535472220313218	-0.0320268339472215	-0.030829316886284	0.0167781553674525	0.00164103993219613	0.0209198218562987	0.00529595248203903	0.0034052184185646	0.0293966091822516	-0.0391959101120722	-0.0317829317117252	-0.0118616265415104	-0.00555751818359115	-0.0221283192116999	-0.0100942294039404
0.0524835975076076	0.0535565035932068	-0.0320506553188748	-0.0307291084279547	0.0167720589291524	0.00164938272081407	0.0209148430052212	0.00530487641601281	0.00336543790137027	0.0294197711774434	-0.0392173845505577	-0.0317706773678276	-0.0118928239888339	-0.00556169237186818	-0.0221429093128931	-0.0101012199120188
0.0524485904848385	0.0535335888641881	-0.0320648752193004	-0.0306966802377022	0.0167601189066611	0.00163739799483394	0.0209037747007638	0.00529224348944348	0.00338608672229489	0.0294323063151307	-0.0392163158577759	-0.0317651830296437	-0.0118658719759729	-0.00553829428637556	-0.022165980504123	-0.010080906367261
0.0524298206074322	0.053516942402505	-0.0320677753581435	-0.0306848952804381	0.016760504474253	0.0016325309024788	0.020901232189832	0.00528987979246733	0.00339847517665924	0.029426969836142	-0.03920994002267	-0.0317662056219525	-0.0118509354227406	-0.00553097967800256	-0.0221700205819333	-0.010075603415889
0.052436290040468	0.0535182262308271	-0.0320572602593613	-0.0306844831701497	0.0167677562183447	0.00163604990524648	0.0209058017245891	0.00528948723995533	0.00339358992351173	0.0294073547833985	-0.0392024871128782	-0.0317686545349544	-0.0118582123125449	-0.00554160932947509	-0.0221609136430518	-0.0100809357039256
0.0524376870244964	0.0535111966071959	-0.0320384959698911	-0.0307244369133636	0.0167722153913635	0.00162580163041372	0.0209071093016397	0.00528413399715829	0.00341733865199549	0.0293884563834615	-0.039193199963057	-0.0317747900888074	-0.0118394033195857	-0.00554124052569158	-0.022158175554356	-0.0100741966529723
0.0524662944634312	0.053518905165065	-0.0320116543187683	-0.0308039001588702	0.0167937820307949	0.00163415838887195	0.0209204952026004	0.00528913799394822	0.00343816768385979	0.0293533389989542	-0.0391800152277965	-0.0317927189818286	-0.0118283420000484	-0.00555760479660092	-0.0221568148919123	-0.0100832295517003
0.0524574445696109	0.0535025003816188	-0.0320093730438498	-0.0308527149717766	0.0167795677183053	0.00160883525938812	0.0209123158611138	0.00526636296333229	0.00346744986608027	0.0293476407011021	-0.0391512918391874	-0.0317878896080422	-0.0118041783673082	-0.0055430971174654	-0.0221368757388742	-0.0100566966340478
0.0524990341811221	0.0535107858938916	-0.0319597815078237	-0.0309839937518828	0.0168213361437721	0.00161300805068112	0.0209365828706721	0.00527040164415856	0.00348876644537049	0.0293057688988172	-0.0391374183908008	-0.0318093989711283	-0.0117884050206429	-0.00556239365785047	-0.0221252374649331	-0.0100790553634233
0.0525321315267243	0.0535172176083586	-0.0319287405227113	-0.0310804471171435	0.016834339271109	0.00161765162559171	0.0209452274078402	0.0052773698004925	0.00350860920651069	0.0292649043220168	-0.0391148934203259	-0.0318245366900607	-0.0117819062509425	-0.00558251581579636	-0.0220966328199664	-0.010087778131697
0.0525568455711717	0.0535282300334549	-0.0319140400597799	-0.0311399320940592	0.0168371709577347	0.00162162325118461	0.0209468073967764	0.00528145318480768	0.00351823582345078	0.0292481558804996	-0.0391084407510985	-0.0318371947623425	-0.011782472029474	-0.0055875742949634	-0.0220867603338373	-0.0100821077735255
0.0525760946140998	0.0535403935733907	-0.0319040446390563	-0.0311766965227361	0.0168452664801796	0.00162252151191491	0.020945023448172	0.00528507835836152	0.0035129202992225	0.0292564302169001	-0.0391029603827549	-0.0318332790161108	-0.0117919002746821	-0.00559812012739422	-0.0220734568549343	-0.0101032706845725
0.0525890907565165	0.0535547531722192	-0.0319026714037563	-0.0311763067641922	0.0168514453405375	0.00163571882003174	0.0209467543113833	0.00529688985832212	0.0035032294210171	0.0292581387283669	-0.0391169204441512	-0.0318410252925486	-0.0118033569406995	-0.00560452529916469	-0.0220853382040963	-0.0101058760597856
0.0525633499288082	0.0535398752923161	-0.0319334190222226	-0.0311447153673727	0.0168176578848252	0.00161107322780171	0.0209303118093683	0.00527287011493684	0.00350721641343431	0.0292940440118663	-0.0391065408528198	-0.0318149100731206	-0.0117958383726583	-0.00558355098096144	-0.0220688118830397	-0.0100886121311619
0.0525613019502225	0.0535542781976495	-0.0319489227509705	-0.0310890511417748	0.0168190744266301	0.001628024232003	0.0209320412755956	0.00528512725280252	0.00348080503339231	0.0293094974491891	-0.039137579043964	-0.0318153934295945	-0.0118066035315816	-0.00557960869203314	-0.0220975701962495	-0.0100954210313166
0.0525412887570308	0.0535503806122101	-0.0319705899732518	-0.0310291121450498	0.0168042915416409	0.00162122091978441	0.0209155596580278	0.00527293717017021	0.0034623117588236	0.0293478223090258	-0.0391444717631604	-0.0317938547298437	-0.0118179218961801	-0.00557141398372221	-0.0220979138543205	-0.0100905343811851
0.0524957470777031	0.0535338738489299	-0.0320129130013779	-0.0309180798544681	0.0167645836676161	0.00160958683679543	0.0209028303395605	0.00527042259891898	0.00345244346364658	0.0293790588719021	-0.0391484839012902	-0.0317750010333957	-0.0118224034209434	-0.00555403550240821	-0.0220984167685708	-0.0100792132226185
0.0524807029567007	0.0535452271381291	-0.0320415022795203	-0.0307954148778814	0.0167599331077854	0.00162210241670637	0.0208927930093161	0.00527665733863799	0.00340107775790426	0.0294184412486483	-0.0391932111389293	-0.0317623289912735	-0.0118560441933327	-0.00554601262313278	-0.0221248602792454	-0.0100775605905128
0.0524697631747738	0.0535452620627298	-0.0320528667445918	-0.0307258883797691	0.016767768791201	0.0016390799636042	0.0208900339658599	0.00528780108023299	0.00338707578698704	0.0294327365862115	-0.0392160196971619	-0.0317673455609197	-0.0118580432774774	-0.00554749761715503	-0.0221637173899969	-0.0100881427445284
0.0524395883197592	0.0535247431613199	-0.0320656519424202	-0.030686705771739	0.0167556094422173	0.00162421605354143	0.0208842672157904	0.00527416651611525	0.00339476478707966	0.0294379445426696	-0.0392053579150567	-0.0317515652293343	-0.011850510739596	-0.00553654526237193	-0.0221637173899969	-0.0100752457879777
0.0524292450500125	0.05351699269393	-0.0320670321626404	-0.0306729762127073	0.0167634381407128	0.00162379695833289	0.0208914924171856	0.00528076586866568	0.00339763139830606	0.0294224603716982	-0.0392059781759653	-0.0317564546734339	-0.0118460571545133	-0.00553763490991413	-0.022162884787516	-0.0100768048221534
0.0523982850899738	0.0534898101787043	-0.0320727793549334	-0.0306770023206773	0.0167404577534446	0.00158979716104831	0.0208842700097585	0.00525353864995106	0.00342167908137191	0.029425497414976	-0.0391751579143295	-0.0317411241707056	-0.0118274632970945	-0.00552639477642117	-0.0221295611305012	-0.0100538523745659
0.0524549816867687	0.053525093804311	-0.0320136464179929	-0.0307341208066488	0.0168035469491538	0.00163974353101772	0.0209206488708435	0.00529934994719624	0.00341469555821365	0.029364422670236	-0.0392108857808573	-0.0317997625753	-0.0118313622795179	-0.00556263673307142	-0.0221779624361351	-0.0100921059882171
0.0525036330525438	0.0535488229750184	-0.0319864750786394	-0.0308176129540936	0.0168372002943993	0.00166269039066915	0.0209361525995913	0.00531977105972422	0.00341289903675306	0.0293179450116092	-0.0392004782498453	-0.0318189264022024	-0.0118501014232756	-0.00558969072576651	-0.0221715558673806	-0.010104273719105
0.0524636779123459	0.0534971331689814	-0.0319990493318795	-0.0308983600279224	0.0167983180379353	0.00160235045952802	0.0209178786515151	0.00526519787865256	0.00347348204311514	0.0293424746541649	-0.0391393364498718	-0.0317867301112986	-0.0118024600769532	-0.00555069950454826	-0.0221195335791449	-0.0100643437246196
0.0525183377064273	0.0535177736080019	-0.0319361417440941	-0.0310263139860408	0.0168476357650919	0.00162826591023992	0.0209503655150968	0.00529012985260842	0.0035004703775609	0.0292667567228385	-0.0391416289006625	-0.0318321390771436	-0.0117758964256521	-0.00558193746440858	-0.0221385674865326	-0.0100871103733314
0.0525310516580703	0.0535111085972021	-0.0319208573418388	-0.0311277280415866	0.0168476986293731	0.00161395660283644	0.0209477461700435	0.00528002267316254	0.00353104337302367	0.0292510839590232	-0.0391064067423531	-0.0318351607535971	-0.0117562310814835	-0.0055829251321167	-0.0221045523224237	-0.0100798502473355
0.0525595305744744	0.0535326361210806	-0.0319086504953981	-0.0311612305125571	0.016851814144321	0.0016255599521768	0.0209455808447994	0.00528829561257906	0.00351989264650853	0.0292360216772284	-0.0391091979164419	-0.0318449927271894	-0.0117720086191009	-0.00559186303593076	-0.0220908926125935	-0.0100804956539566
0.0525566527873758	0.0535291548368817	-0.0319058509394051	-0.0311959595355045	0.016843370772853	0.00161389792950725	0.0209433289065455	0.00528081336612264	0.00352434623159125	0.0292570826084414	-0.0390979270493003	-0.0318295867873236	-0.0117674879787848	-0.00558796824445942	-0.0220751290448164	-0.0100887378597245
0.0525629853159768	0.0535414329295078	-0.0319191655941803	-0.0311694880851493	0.0168343923565021	0.00161540248130589	0.0209355351326507	0.00527936748765319	0.00350633771048041	0.0292710370819017	-0.0391065478377399	-0.0318239918662896	-0.0117837754155726	-0.00558997291654026	-0.0220610404608894	-0.0100925083196173
0.0525683651014704	0.0535545017150941	-0.0319329859571738	-0.0311342463690634	0.0168338936332039	0.00162800188025854	0.0209316612959398	0.00528921762203784	0.00348827051604038	0.0292841952744657	-0.0391246597356689	-0.0318250717349436	-0.0117961876186654	-0.00558696241595893	-0.0220804934634857	-0.010097499743551
0.0525330940487199	0.0535425882352994	-0.0319681228994576	-0.0310553894146251	0.0168006565891989	0.00160985226376083	0.0209130422928086	0.00526961514215054	0.00347412186180017	0.029328787004654	-0.0391257773228916	-0.0317979814206638	-0.0118037872117802	-0.00556592942442649	-0.0220733856087489	-0.0100813841357987
0.0525328998679399	0.0535496807232118	-0.0319666854028923	-0.031007326179126	0.0168156168911596	0.00163433440885954	0.0209216099958551	0.00529170565059252	0.00345792383199022	0.0293339795942878	-0.0391622036814336	-0.0318095749911159	-0.0118096363839074	-0.00556507307321705	-0.0221229100895417	-0.0100943411626626
0.0524996083415578	0.0535477486943005	-0.0320105269526573	-0.0308870165176113	0.0167900814201035	0.00163575514161648	0.0209149170453748	0.0052935063630052	0.00342530285794173	0.0293684138536053	-0.0391748421959391	-0.0317904740284948	-0.0118366917735865	-0.00555775147992391	-0.0221301841853779	-0.0100878465839144
0.052447729942677	0.0535266262957902	-0.0320550739793568	-0.0307727991034447	0.0167520387510405	0.00161237521691623	0.0208930123358086	0.00527142283948336	0.00340849434611134	0.0294260813542999	-0.0391847216669883	-0.0317546665338774	-0.0118423467649337	-0.0055315999389112	-0.0221265408510316	-0.0100700322435835
0.0524482803543842	0.0535387549111253	-0.0320609161665638	-0.0306924753157765	0.0167675424797884	0.00162975649219829	0.0209008494162082	0.00528446787634109	0.00337886990280388	0.0294229660799165	-0.0392143684620402	-0.031756463055338	-0.0118623152546364	-0.00554714278321181	-0.0221518961111481	-0.0100859103640509
0.0524503842123311	0.0535399646992939	-0.0320548113463594	-0.0306740770361217	0.0167818280384634	0.00164256683573923	0.0209098599631917	0.00529379134774701	0.00338139844389539	0.0294045733881978	-0.039220691211753	-0.0317731570144781	-0.0118614183908902	-0.00555368905036915	-0.0221729710122014	-0.0100935518666866
0.052429911411394	0.0535195366018458	-0.0320546534871642	-0.030677428400806	0.0167804436272912	0.0016304982907174	0.0209025523397389	0.00527946527653518	0.0033967107858313	0.0293999479740796	-0.0392116820617535	-0.0317734908936609	-0.0118378806069947	-0.00553770615609958	-0.0221763894321191	-0.0100698352688355
0.0524594422567716	0.0535313425138703	-0.0320320069790789	-0.0307108400678146	0.0168080075191566	0.00164670749639958	0.0209143806035078	0.00529527215081717	0.00339593266572745	0.0293708725454953	-0.0392081015916886	-0.0317888199994051	-0.0118468618173137	-0.00556371939569347	-0.0221745747498661	-0.0100970331508855
0.0524433308399714	0.05350128360853	-0.0320207151571769	-0.0307875023603442	0.0167988251431376	0.00162020251842767	0.02091007090778	0.00527692555957145	0.00344316609271361	0.029364327675322	-0.0391734969003197	-0.0317859547851628	-0.0118108266142996	-0.00554730902431119	-0.0221572926604501	-0.0100750348433894
0.0524666967948314	0.0535147924440852	-0.0320036300425088	-0.0308304316795387	0.0168058743245452	0.00162065793522095	0.0209136555687971	0.00527729156938691	0.00344507437289647	0.0293282379899309	-0.0391601221752312	-0.0317916684498392	-0.0118159814853646	-0.00556455618912652	-0.0221217226531175	-0.0100841683249674
0.0525163009037138	0.0535327241310744	-0.0319576916197171	-0.0309422071656236	0.0168535114799156	0.00164520573856899	0.0209395668285569	0.00530123587563465	0.00345238898126947	0.0292913631995157	-0.0391733935235016	-0.031823178821585	-0.0118096950572366	-0.00558138146476525	-0.0221481144753831	-0.0100966350104374
0.0525254106365634	0.0535161070060559	-0.03193760718034	-0.0310574178354344	0.016846662067224	0.00161967026751283	0.0209425521834257	0.00528182478255925	0.00349887083084831	0.029256082367877	-0.0391193791360413	-0.0318234344696623	-0.0117848049928016	-0.00558154770586464	-0.0221025490473269	-0.0100804397745955
0.0525625592358481	0.0535306579916964	-0.0319041913223793	-0.0311507587202798	0.0168684773698124	0.00163551765433164	0.0209580195905888	0.00529246421291997	0.00351614872931227	0.0292223759372384	-0.0391139700138831	-0.0318487366443857	-0.0117705222280946	-0.00559609869150504	-0.0221089639979856	-0.0100929791032349
0.0525715446371191	0.0535347483609317	-0.0319039901566792	-0.0311843533921961	0.0168566309452511	0.00162885683448396	0.0209470448840612	0.00528240592791509	0.00351869682818017	0.029234579989711	-0.0390994860834761	-0.0318374713651802	-0.0117787923735431	-0.00559768566536137	-0.0220815831110279	-0.0100911462601896
0.0525951257275195	0.0535528532739405	-0.0318924343047958	-0.0312006031104151	0.0168631353028876	0.0016429384334908	0.0209468660701056	0.00529581697458827	0.00350957731644241	0.0292352281903002	-0.0391111089905928	-0.0318439757228167	-0.0117892529899482	-0.00560573229336528	-0.0220929601489556	-0.0101054737283854
0.0525807647317069	0.0535473659206767	-0.031919200518781	-0.031172764012696	0.0168390960017259	0.00162614109753264	0.0209379812516846	0.0052878262259455	0.00349769736426441	0.0292684764101775	-0.0391038558495171	-0.0318230209623898	-0.01180220582586	-0.00559633338482182	-0.0220700831385056	-0.0100978853111428
0.0525434037908499	0.0535262099945497	-0.0319543709886814	-0.0311278481822131	0.0168105416481843	0.0016123835988204	0.0209315551251537	0.00528229416919281	0.00350175420588305	0.0293017246300548	-0.0391101031620924	-0.0318049048735088	-0.011783597998601	-0.00557008126095906	-0.0220802420063605	-0.0100787186902724
0.0525414410282899	0.0535434920839658	-0.0319698342048924	-0.0310275293621456	0.0168066342838567	0.00162347425502232	0.0209280724439707	0.00528679106078041	0.00345669728001323	0.0293229853299839	-0.0391425760558338	-0.0317999832987765	-0.0118219046976453	-0.00557693905555476	-0.0220898043620353	-0.0100810167289992
0.0525208480867264	0.053536824279198	-0.0319865379429207	-0.030983905741889	0.0167993629819885	0.0016231543456798	0.0209231480752704	0.00528884043635016	0.00345841137941615	0.0293426031766955	-0.0391510990553914	-0.0317916977865038	-0.0118121886737274	-0.00556637366534754	-0.0221085868122979	-0.0100928030832473
0.0524892860265715	0.0535356829432467	-0.0320229503316224	-0.0308531717855539	0.0167782168347498	0.00162581280628595	0.0209162623409942	0.00528794496958792	0.00341460056329972	0.0293892945738786	-0.0391785483945666	-0.0317732813460566	-0.0118437060303934	-0.005557657881994	-0.0221222004216552	-0.0100855848667723
0.0524744752019018	0.0535390887903081	-0.0320483558831639	-0.0307416505505622	0.0167754536003415	0.00163525362435026	0.0209124932780854	0.005290747319549	0.00337920378198668	0.0294128616944387	-0.0392050491815864	-0.0317640863971813	-0.0118708103145135	-0.00555762714834537	-0.0221384194062256	-0.0100935784093831
0.0524504023731234	0.053526370647713	-0.0320603140664475	-0.0306833795527672	0.0167640542106693	0.00162671525796833	0.0209020103099358	0.00528301361596746	0.00337898026454213	0.0294228082207213	-0.0392062114722981	-0.0317545645540434	-0.0118654905993331	-0.00554861939532988	-0.022149237650542	-0.0100865376098797
0.0524502193682157	0.0535298980323849	-0.0320611452719444	-0.0306663070109555	0.0167727224965659	0.00163522708165372	0.0209035036858623	0.00528895498904049	0.00338074186140202	0.0294122540063863	-0.0392142175877652	-0.0317658116724565	-0.0118602868338271	-0.00555103757468314	-0.02216828552777	-0.0100864300421095
0.0524410719167974	0.0535166378599868	-0.032051696071976	-0.0306808188810431	0.0167812329232672	0.00163070644133764	0.0209075884671615	0.0052875859446926	0.00339662836377362	0.029398591502588	-0.0392045672220966	-0.031768879449383	-0.011846143767523	-0.00554916561608501	-0.0221771647582549	-0.0100816076532433
0.0524712551537162	0.0535318454281205	-0.0320184953495557	-0.0307189872786686	0.016809203337485	0.00164714335541646	0.0209202926399163	0.00530341936167113	0.00339299341133158	0.0293635747009307	-0.0392103926454953	-0.0317879371054992	-0.0118544502345562	-0.0055715313303806	-0.0221793244955629	-0.0100986089488696
0.0524579670416375	0.0535036934059791	-0.032015466688182	-0.0308066172928056	0.0167978821789184	0.0016215394321429	0.0209106925656727	0.00528060940645449	0.00344405597153973	0.0293562321528771	-0.0391701930330924	-0.031783120304569	-0.0118128424622527	-0.00555339288975512	-0.0221557769327792	-0.010075262551786
0.0524477061939485	0.0534865035175089	-0.0320113777159307	-0.0308437896408188	0.016786280226562	0.00160191320352712	0.0209113170175334	0.00526581115464105	0.00346569106318844	0.0293446749040097	-0.039144646386164	-0.0317803724369851	-0.0117959012369396	-0.00554787340585869	-0.02212636343406	-0.0100595730241624
0.0525136633978681	0.0535166979303	-0.0319536236022262	-0.0309669505467356	0.0168406592268538	0.00162866544767206	0.0209388068692454	0.0052890094714176	0.00346868340297739	0.0292917878826604	-0.0391478231278447	-0.0318102595132899	-0.0118018495949328	-0.00558354958397742	-0.0221272602978063	-0.0100966573621818
0.0525357804490066	0.0535135798619485	-0.0319184531323258	-0.0310964900817263	0.0168533438418321	0.00162941423111131	0.0209466635074214	0.00529011588276814	0.00351274986717103	0.0292521247121244	-0.0391220180388711	-0.0318329800615287	-0.0117657850552541	-0.00558373957380529	-0.0221296407585908	-0.0100846656512816
0.0525476897378492	0.0535156096797418	-0.0319147692854427	-0.0311483056163258	0.0168419402612078	0.00161450142660754	0.0209395514617326	0.00527801939806573	0.00351933944083326	0.0292481642624038	-0.0390931214242424	-0.0318240882581876	-0.0117763392695891	-0.00558792354097051	-0.0220782135855512	-0.0100820546881324
0.0525757928655497	0.0535357108829273	-0.0319039887596951	-0.0311705833206276	0.0168463505397857	0.0016230020744207	0.0209429782635544	0.00528540245865613	0.00350781292561446	0.02925161341597	-0.0391034409452606	-0.0318270317035355	-0.0117926714098658	-0.00560204285854612	-0.0220696682342491	-0.0100992361946984
0.052587445109331	0.053546692574375	-0.0319089438620441	-0.0311792711643006	0.0168420212862815	0.00162792644312101	0.0209400348182064	0.00528965627502278	0.00350605412272264	0.0292566942468815	-0.0391047974167523	-0.0318273376430378	-0.0117938937708907	-0.00560259466723736	-0.0220778866912886	-0.0101017996603906
0.0525785616878941	0.0535416536529843	-0.0319207553620047	-0.0311673898151386	0.0168367811991908	0.00162945893460022	0.0209412320335188	0.00529259692640268	0.00350244571297713	0.0292772480728922	-0.0391184864632471	-0.0318249110817803	-0.0117893661456545	-0.00558776288780724	-0.0220971636738972	-0.0100941427909306
0.0525581643240946	0.053540165864994	-0.0319558601736558	-0.0310843656573433	0.0168065714195754	0.00161697408833791	0.0209276519517782	0.00528462713252033	0.00347283943046205	0.0293093326050738	-0.0391198401407707	-0.0317977439333789	-0.0118183912828137	-0.0055795723704484	-0.0220737292668199	-0.0100868239916055
0.0525371508903385	0.0535355809634126	-0.0319770971248564	-0.0310187660813351	0.0167953033464018	0.00161033282626662	0.0209194907710839	0.00527644360008163	0.00345788331945339	0.0293455619888678	-0.0391376349233252	-0.0317830169277509	-0.0118228197221839	-0.00557126031547908	-0.0220831644969481	-0.0100839881140278
0.0525339056964404	0.0535522958773131	-0.0319870701938355	-0.0309424390649723	0.0168082631672338	0.00164817013867737	0.0209278014290692	0.00530686013333322	0.00343541562532372	0.0293416685943804	-0.0391745865478619	-0.031806289284681	-0.0118292388637947	-0.00557553368962213	-0.022141283223484	-0.01009793979352
0.0524660066847213	0.0535206066916116	-0.0320506106153858	-0.0308028468329128	0.0167528140771763	0.00160787553136057	0.0208949276009116	0.00527456745053142	0.00340864382340238	0.0294229227734116	-0.0391666013871552	-0.0317481915129055	-0.0118533955116147	-0.00554338629315929	-0.0221114157049555	-0.0100719167750379
0.0524388870337769	0.0535140282938216	-0.0320714494261383	-0.03071679960168	0.0167465709555532	0.00160464989523886	0.0208910090607117	0.00526997835799793	0.00339343765225263	0.0294434570416459	-0.0391909494217872	-0.0317376261226983	-0.0118513014325561	-0.00553208329538504	-0.0221309134110407	-0.0100708955797131
0.0524572140672462	0.0535320200511241	-0.0320529212269689	-0.0306822228499917	0.0167781525734845	0.00163562801606989	0.020907615009858	0.00529811780728314	0.0033759348393601	0.0294161641646819	-0.0392191810720183	-0.0317652095723402	-0.0118617410942007	-0.0055534753118128	-0.0221724667009672	-0.0100936287008081
0.0524378979690847	0.053514536796008	-0.0320634754413039	-0.030678606058342	0.0167709287690733	0.00162616903721321	0.0209034980979261	0.00528738477899251	0.00338884995670318	0.0294141483167289	-0.0392032484691737	-0.0317613245597571	-0.0118515975931701	-0.00554306358984871	-0.0221676429151169	-0.0100744550950176
0.0524378267228993	0.0535080953026528	-0.0320521472978171	-0.0307005596623492	0.0167818545811599	0.00162652247417241	0.0209097076919326	0.00528675473919567	0.00340496137350337	0.0293947875150785	-0.0391975306135453	-0.0317741139485376	-0.0118360226182369	-0.00554463240291267	-0.022173883242772	-0.0100716206144238
0.0524423976546404	0.0535024067836889	-0.032027593906533	-0.0307462578038881	0.0167899347367805	0.00161757060051806	0.0209119316905059	0.00528207204873228	0.00342117756410569	0.0293740339203517	-0.0391814708851541	-0.0317781707901562	-0.0118250590875815	-0.00555094677072129	-0.022160282206271	-0.0100717435490183
0.0524790573095152	0.0535182793162202	-0.0320024006965638	-0.0308176464817103	0.0168150161880274	0.00163196791791533	0.0209258149177807	0.00529425654342848	0.00343409966636892	0.029324907580007	-0.0391738684980713	-0.0318004079819212	-0.0118215247179895	-0.00557152993339657	-0.0221492152987975	-0.0100868058308132
0.0524778070088097	0.0535052496461868	-0.031988764735462	-0.0308929034083072	0.0168111507332207	0.00161303738734572	0.0209251234106867	0.00528055632106141	0.00346179487473307	0.0293237690380238	-0.0391519400397766	-0.0317953774424347	-0.0118011385300623	-0.00556120203047419	-0.0221330759423168	-0.0100740862912341
0.052522250658691	0.0535181549846417	-0.0319391578326115	-0.0310181989058195	0.0168451561184414	0.00162502630427793	0.0209464330050567	0.00529444513627233	0.00348820066683896	0.0292675851343674	-0.0391377383001433	-0.0318245380870447	-0.0117864227003065	-0.00558732283783828	-0.0221247303597308	-0.0100891429850928
0.052548613144292	0.0535212269525202	-0.0319119683324657	-0.0311209847996813	0.0168561406038571	0.0016196493127524	0.0209517177956364	0.00529005162150283	0.00350926578900406	0.0292376435756854	-0.0391108617244198	-0.0318362182705067	-0.0117743876829013	-0.0055926551258749	-0.0220987478537855	-0.0100884850056154
0.0525641839282732	0.0535267394514965	-0.0319061205573226	-0.031167216589119	0.0168521312596954	0.00161628816917993	0.020947328471819	0.00528461176569602	0.00352128264561685	0.029234528301302	-0.0390983084259401	-0.0318368972047445	-0.0117719820764043	-0.00559885494099319	-0.0220800254738361	-0.0100876887247191
0.0525865803762174	0.0535448220127609	-0.0319014043392425	-0.0311956927115551	0.016854858172519	0.00162002091050397	0.0209444450967842	0.00528492469011839	0.00351303485191284	0.0292409656037051	-0.039101840001564	-0.0318337232570318	-0.0117880976841566	-0.00560370526953999	-0.0220705706859315	-0.0100946177655003
0.0525921515485229	0.0535552882171021	-0.0319055785275195	-0.0311911273677501	0.0168546402430105	0.00162881073401102	0.0209440036498313	0.00529639672296008	0.0035037644659	0.0292506047935015	-0.0391098363381429	-0.0318358187330745	-0.0117942164742013	-0.00560741007118346	-0.0220789246504217	-0.0101027482125459
0.0525429553589768	0.0535244204580093	-0.0319527630600647	-0.0311414394398259	0.0168019795330738	0.00159065630622581	0.0209190814547636	0.00526032100740921	0.00350924064329155	0.0293072217622068	-0.0390875963524099	-0.0317947362267657	-0.0117852534246747	-0.00557314484693347	-0.0220472969320174	-0.0100736462412651
0.0525641308428801	0.0535624938607209	-0.0319482843292695	-0.0310661056791074	0.0168255466536339	0.00162823797055935	0.0209276729065386	0.00529233708737338	0.00346436672232946	0.0293060902051437	-0.0391422603374434	-0.0318134139032261	-0.0118157328222076	-0.00558916266580375	-0.0220943836756806	-0.0101015328364411
0.0525092042248492	0.0535253815830209	-0.0319861789180254	-0.0310106593830179	0.0167817959078307	0.00159289148067134	0.0209044187104009	0.00526121507718743	0.00347774703535402	0.0293574908354867	-0.0391266224982289	-0.0317768548312014	-0.0117970551457471	-0.00555647044556981	-0.0220852054906136	-0.0100710981423972
0.0525084889690267	0.0535518236967115	-0.0320125763282271	-0.030872860878451	0.0167768561723061	0.0016162714053716	0.0209020047219997	0.00527484964130517	0.00342195708119358	0.0293724218007829	-0.0391594125073448	-0.0317747537672226	-0.0118458937073819	-0.00556883096025359	-0.0220942802988625	-0.0100960650409538
0.0524827593171906	0.0535482222718861	-0.0320354673085174	-0.030781355630619	0.0167809437475733	0.00162811503596485	0.0209047958960886	0.00528423458000834	0.00339754618228032	0.0294044490566193	-0.0391998496070325	-0.031771828482667	-0.0118499868705853	-0.00555542270754847	-0.0221430993027209	-0.0100940561779208
0.052453327657679	0.0535326486939369	-0.0320541924824348	-0.0307111655650932	0.0167722992104053	0.00162242092906486	0.0209101435509495	0.00528464249934464	0.00338528066251047	0.0294205255488188	-0.0392099693593346	-0.0317604011533143	-0.0118548763146849	-0.00554542588984083	-0.0221555436364464	-0.0100897143515604
0.0524356152971822	0.0535229159062107	-0.0320599243079036	-0.0306830344977122	0.0167681990622817	0.00161825372570797	0.0209125477604625	0.00528528092104565	0.00338746135457889	0.0294172300634956	-0.0392100238417117	-0.0317591815862574	-0.0118502592824709	-0.00554212761054965	-0.0221582132729248	-0.0100847396914351
0.0524364409147431	0.0535185559190578	-0.0320581375653312	-0.030670653028268	0.0167731821043112	0.00161677711358989	0.0209133286745344	0.00528416193683886	0.00338495656221587	0.0294054269454392	-0.03920738773285	-0.031760635846631	-0.0118510206387664	-0.00554820868202552	-0.0221524479198394	-0.0100843387570189
0.052483125327006	0.0535497282206688	-0.0320189186357163	-0.0307150743264048	0.016822459318931	0.00166182984850762	0.0209326098480952	0.00531571421810558	0.00337978492734252	0.0293515285076533	-0.0392328994551777	-0.0318068229325799	-0.0118528842154603	-0.00557132876769648	-0.0221969586249541	-0.0101018932583205
0.0524532592054616	0.0535052887617396	-0.0320219626639143	-0.0307806361838443	0.0167920120520308	0.00161057310751952	0.020913897247034	0.00527730973017928	0.00342812755964727	0.0293687351599318	-0.0391696705610657	-0.0317781945388847	-0.0118210148188191	-0.00555309393517303	-0.0221415751931459	-0.0100830549286967
0.0524588778752241	0.0535005362220748	-0.0320079397382366	-0.0308379376747236	0.016794523829314	0.00160617819576599	0.0209157384719835	0.00527409946088188	0.00345705909887661	0.0293380545966988	-0.0391521160597642	-0.0317864339506845	-0.01179925818956	-0.00555617009400369	-0.0221285804477132	-0.0100766315961339
0.0524938066668876	0.0535104757634372	-0.0319716474901614	-0.0309281115967764	0.0168211377720401	0.00161428489408313	0.0209245604261232	0.00528082035104279	0.00346541166638275	0.0293137959690447	-0.0391524359691067	-0.0318015954183454	-0.0117953536192004	-0.00556688356451793	-0.0221247205808426	-0.0100835452700907
0.0525444333680789	0.053529117118313	-0.0319247088268052	-0.0310573940867059	0.0168584875370249	0.00163377561524816	0.0209431347257656	0.00529615364773913	0.00349136204169536	0.0292500711456026	-0.0391333252275974	-0.0318352571454951	-0.0117842448022061	-0.00559399623054221	-0.0221206078598628	-0.0100970010202528
0.0525321133659319	0.0535025814066924	-0.0319219190497004	-0.0311464029240791	0.0168359304359174	0.00159972971749064	0.0209370061568327	0.00526825447970682	0.0035376036100213	0.0292513410040845	-0.0390875306941606	-0.0318208668130179	-0.0117566445887559	-0.00557488967998501	-0.0220798201171839	-0.0100764863097949
0.0525727306765593	0.0535329392666148	-0.0319083249981195	-0.031171633852617	0.016854955961401	0.00162148215579774	0.0209535953421706	0.00528582714180078	0.00351118803902721	0.0292394987704752	-0.0391002222940591	-0.0318338936890833	-0.0117899668487867	-0.00560202050680167	-0.0220660248999029	-0.0101001302644766
0.0525665867408021	0.0535274211797024	-0.0319098197710299	-0.0311941839688044	0.016838954906339	0.00160557050771361	0.0209515641273933	0.00527206126118436	0.00352364075465688	0.0292578299948966	-0.0390912117470755	-0.0318258219153669	-0.0117766871186122	-0.00558981366036101	-0.0220636751727671	-0.0100924161186714
0.0525922856589896	0.0535537235949902	-0.0319073443153315	-0.0311742741524308	0.0168559813476779	0.00163155999857902	0.0209506868214234	0.00528949003392339	0.0034943096779954	0.0292627194389962	-0.0391194699400032	-0.0318333823929289	-0.0117994467824038	-0.00560457139963763	-0.0220816962667342	-0.0101105713231053
0.0525405371796235	0.0535217787612115	-0.0319607691755318	-0.0311139733368425	0.0168030705776001	0.00159389311821975	0.0209234135022358	0.00526045092692386	0.00349830644930082	0.029317298208004	-0.0390946413428654	-0.0317932204990948	-0.0117959417494764	-0.00557015390412854	-0.0220502292014932	-0.0100798195136868
0.0525462662111242	0.0535457244644433	-0.0319642267110022	-0.0310316001736045	0.0168147451731259	0.00162479021397712	0.0209256109581126	0.00528638593541216	0.00346074015179159	0.0293257765040727	-0.0391476303440488	-0.0318083232934264	-0.0118172806805111	-0.00557410317797699	-0.022101765339287	-0.0100851098922026
0.0525351057057209	0.0535441528574112	-0.0319802151932079	-0.0309928268818947	0.0168113183713041	0.00163014764772625	0.0209212677347681	0.00528792122085943	0.0034563522249582	0.0293422874583051	-0.0391511018493595	-0.0317981602346194	-0.0118164382991419	-0.0055708244564622	-0.0221205477895496	-0.0100984385168181
0.0525007510744931	0.0535442422643891	-0.032032406516511	-0.0308426902143884	0.0167742815307416	0.00161863649933177	0.0208995865426465	0.00527415254627496	0.00341162638430314	0.0293949705199862	-0.0391623000733316	-0.0317655490394591	-0.0118614994159638	-0.00556280018020275	-0.0221019734899072	-0.0100890284324024
0.052475613743885	0.0535393109107686	-0.0320479773004922	-0.0307629084565232	0.0167797437382929	0.00163715212564493	0.0209067251310319	0.00529307050398832	0.00339808960906739	0.0294161907073785	-0.0392061681657932	-0.0317730955471808	-0.0118501810513653	-0.00554833021963599	-0.0221655558209784	-0.0100916799080884
0.0524452544869786	0.0535201945813232	-0.0320664230776039	-0.0306987645378726	0.016765120109483	0.00162196970322367	0.020904126740739	0.00528276076185831	0.00338603643086987	0.0294310266777607	-0.0392010328525046	-0.0317531633790628	-0.011864402348775	-0.00554299374064729	-0.0221473000336945	-0.0100824095220756
0.0524485946757906	0.0535243394329356	-0.0320628817230918	-0.0306690716423478	0.0167804184815786	0.00163349063050635	0.0209118478714642	0.00529609218044188	0.00337969831433276	0.0294089752848715	-0.0392114389865326	-0.0317658493910252	-0.0118660018954875	-0.00555731142995494	-0.0221600083974014	-0.0100908934060804
0.0524563996255576	0.0535256623768106	-0.0320554120494917	-0.0306761082508991	0.0167950854168934	0.00163970860641701	0.020913014353128	0.0052992256156177	0.00338070833378533	0.0293906286936258	-0.0392110995194137	-0.0317721260402651	-0.0118670035330359	-0.0055627387129055	-0.0221628428779951	-0.0100931020378294
0.052441741072147	0.0535003196895504	-0.0320375264629753	-0.0307283177349946	0.0167916697909438	0.00162404422450593	0.0209090622853115	0.00528324830928424	0.00342078920254578	0.0293812004484177	-0.0391909787584518	-0.0317798555528945	-0.0118217147078174	-0.00554382494614422	-0.0221734781174038	-0.0100763787420248
0.0524556159175176	0.053495933159701	-0.0320218411263038	-0.0307960044051414	0.0168003366798564	0.00161232632247523	0.0209105542642539	0.00527991231142429	0.00344293419336488	0.0293587760607929	-0.039165950392598	-0.0317824092396986	-0.0118171828916291	-0.00555733098773134	-0.0221386373357341	-0.0100770325305501
0.0524741189709746	0.0535032826926747	-0.0319929668634196	-0.0308622368149146	0.0168163810414232	0.00162394503863991	0.0209244081548641	0.00528482550425237	0.0034604314183213	0.0293254230671135	-0.0391606795718586	-0.0318050557477839	-0.011798523375961	-0.00556084440256291	-0.0221536171954712	-0.0100788919162919
0.0525143576989302	0.053514441801094	-0.0319534210395421	-0.0309782814841904	0.0168470308710075	0.0016304102807236	0.0209363048708504	0.00529104487714706	0.00347268576221892	0.0292911410790552	-0.0391480452483052	-0.0318178577094206	-0.0117967743519574	-0.00557800495436847	-0.0221373842410605	-0.0100876482121823
0.0525324095265459	0.0535111924162438	-0.0319277696188116	-0.0310777774806651	0.0168485424077263	0.00161974011671425	0.0209393139744477	0.00528437567539521	0.00350707671503147	0.0292559734031228	-0.0391135425367704	-0.0318274102862072	-0.0117787225243416	-0.00558331069970855	-0.0221060554772384	-0.0100840356114847
0.0525634840392749	0.0535280288677548	-0.0319087203445995	-0.0311385015824141	0.0168570640102999	0.00162613830356458	0.0209409288879846	0.00528438126333132	0.00351255848035913	0.0292323084936808	-0.0391068090737533	-0.0318379323699096	-0.0117832096370411	-0.00559436922527781	-0.022090426019928	-0.0100849240933268
0.0525756657400031	0.053530442856156	-0.0319090109172774	-0.0311893518010499	0.0168534877311871	0.00162133267850669	0.0209417782542739	0.00528165435050778	0.00352040394266295	0.0292511063107677	-0.0390960578846703	-0.0318313609570397	-0.0117779569770941	-0.00559135173977635	-0.0220829605372799	-0.0100978210498775
0.0525516194539212	0.0535128785759662	-0.0319227306974209	-0.0311895934792868	0.0168210595409345	0.00159471594181251	0.020929265468331	0.0052582339132707	0.00353256748259872	0.0292759656415541	-0.0390775688010536	-0.0318115531205002	-0.0117679168528815	-0.00557773533645098	-0.0220558213285591	-0.0100733864022358
0.0525899275499496	0.0535558581865857	-0.0319137927936069	-0.0311547499036491	0.0168520809682704	0.00163713675882062	0.0209444171571037	0.00529689963721032	0.0034859836531858	0.0292673797777152	-0.0391255160868783	-0.0318300184553884	-0.0118081751386136	-0.00560679539821093	-0.0220811262972506	-0.0101095096152436
0.0525556986472843	0.0535399577143738	-0.0319504356846733	-0.0310950120726242	0.0168195507981838	0.00162409730989901	0.0209343281384502	0.00528180382779882	0.00347795099502217	0.0293092585649203	-0.0391248986199377	-0.0318099773225161	-0.0118090552385515	-0.00557846176814578	-0.0220842192198896	-0.0100905860695942
0.0525416100633574	0.053540755392254	-0.0319758118995502	-0.0310087413239469	0.0168021988595663	0.00161175216203954	0.0209183620079889	0.00527120211600686	0.00344902085277686	0.0293457296269512	-0.0391355003317297	-0.0317840562838681	-0.0118355490406512	-0.00557918400888849	-0.0220674847482127	-0.0100943034440939
0.0525417832893769	0.0535583629789487	-0.0319930283307169	-0.0309237655794639	0.0168016791815077	0.00163890394361662	0.0209182893648194	0.00528766976373431	0.00342914456401998	0.029343019477936	-0.0391653231467692	-0.0317961094620656	-0.0118452999891698	-0.00558281057942636	-0.0221073882000015	-0.0101051272763464
0.0524899174633524	0.0535366049527055	-0.0320329806769467	-0.0308202420780351	0.0167775742220967	0.00163162984778045	0.0209036168415686	0.00528028390917586	0.00341078400293398	0.029404633458511	-0.039184756591589	-0.031776539112811	-0.0118468743901699	-0.00554893511372032	-0.0221390704007829	-0.0100856463340695
0.0524555069527634	0.0535244791313385	-0.0320594339665096	-0.0307160717730012	0.0167610674588165	0.0016254272386941	0.0208943967469808	0.00528076447168165	0.00338991864948495	0.0294305726579514	-0.0391978211862232	-0.0317577524715963	-0.0118587766940924	-0.00554277720812288	-0.0221487822337487	-0.0100807177744171
0.0524509611667348	0.0535257895023572	-0.0320644267874273	-0.0306731424538067	0.0167659764606925	0.00162486006317854	0.0208915720452752	0.00527878913626541	0.00337591807555175	0.0294300948894137	-0.0392026798966741	-0.0317494683563075	-0.0118708773697469	-0.00554779238078504	-0.0221461307580627	-0.0100894433366589
0.052462998978108	0.0535335804822839	-0.0320531489353656	-0.0306675195930922	0.0167875808186925	0.00164751495316803	0.0209032075252482	0.0052987394651758	0.00337347195651793	0.0294032853689236	-0.0392191405594815	-0.031774623847708	-0.0118663497445106	-0.00555468649696547	-0.0221803834094564	-0.0100945269615384
0.052422250350982	0.0534971010383488	-0.0320614428295425	-0.0306846871298179	0.0167634618894412	0.00160891209350968	0.0208927678636036	0.00526959139342205	0.00341175909778584	0.029410816509821	-0.0391835356275482	-0.0317544863229378	-0.0118340081672678	-0.00553157619018271	-0.022159597684097	-0.0100673262855204
0.0524575605192853	0.0535202965611573	-0.0320218634780483	-0.0307288374130532	0.0167934076390752	0.0016304982907174	0.0209092131595866	0.00528862949176186	0.00340983125982657	0.0293701754504651	-0.0391931748173445	-0.0317827892193543	-0.011838975842473	-0.00555641456620867	-0.0221713826413611	-0.0100861743940323
0.0524678129850701	0.0535111477127549	-0.032011298087841	-0.0308038345006209	0.0167954123111561	0.00162179647720414	0.0209095190990888	0.00528435332365075	0.00343944033630971	0.0293447321803549	-0.0391611964559491	-0.0317866630560652	-0.0118262646847981	-0.00555966255407483	-0.022143986387579	-0.0100813086986612
0.0524988874977991	0.0535257266380759	-0.0319829281361911	-0.0308769414687981	0.0168227987860499	0.00163760474847015	0.0209257744052439	0.00529658531580392	0.00344510091559301	0.0293188320964673	-0.0391638283738587	-0.031809970337596	-0.011821744044482	-0.00557125752151102	-0.02215169215148	-0.0100929483695863
0.0525161961299117	0.0535159896593976	-0.0319491909719039	-0.0310113564780481	0.0168372240431278	0.00162614668546875	0.0209385009297432	0.00529020109879387	0.00349153387073086	0.0292791437802188	-0.0391317452386612	-0.031819640261041	-0.0117865093133163	-0.00557491482569752	-0.0221365963420685	-0.010084982766656
0.0525498117565884	0.0535245489805399	-0.0319174752435059	-0.0311127006843925	0.0168522877219066	0.00163007919550886	0.0209501447916203	0.00529154080647716	0.00350936916582217	0.0292453241938739	-0.0391095737051456	-0.0318326727250424	-0.0117852590126108	-0.00558946720832196	-0.0221112955643291	-0.0100946624689892
0.0525618900804985	0.053525831411878	-0.0319147399487782	-0.0311674317246594	0.0168459035048966	0.0016198504784525	0.020944386423455	0.00528386018828871	0.00352301211184407	0.0292451984653113	-0.0390921086108218	-0.0318295798024034	-0.0117816519998493	-0.00559115755899639	-0.0220833475018558	-0.0100899155172605
0.0525536841963153	0.0535148539113824	-0.031910361800833	-0.0311974752631754	0.0168367141439574	0.00161110815240242	0.0209362922979942	0.00527556489712773	0.0035359733296601	0.0292633229360965	-0.0390888480500994	-0.0318239723085132	-0.0117618064447411	-0.00557611762894603	-0.0220889158801932	-0.0100800164884349
0.0525981879165099	0.0535611234193889	-0.0319098910172154	-0.0311731328164795	0.0168509983056484	0.00163556235782055	0.0209384618141904	0.00528967024486306	0.00349115947901123	0.0292573340655665	-0.0391083820777693	-0.0318263625481859	-0.0118142645919936	-0.00560539701719845	-0.0220721059713788	-0.0101129615627779
0.0525646924304595	0.053539720227089	-0.0319326129624382	-0.0311589520316067	0.0168315173633715	0.00162166935165755	0.0209314084418307	0.00527863826199034	0.0035055414295842	0.0292896644669371	-0.0391083722988811	-0.0318154898214924	-0.0117862704290474	-0.00557472064491757	-0.0220971077945361	-0.0100893259900005
0.0525380896636056	0.0535404983471928	-0.0319619426421157	-0.0310670458493585	0.0168029029395167	0.0016148478786466	0.0209248551897532	0.00527306848666888	0.00347317191266082	0.0293219361949785	-0.0391176524637821	-0.031792248198211	-0.0118116885534452	-0.00557056741140097	-0.0220822480754254	-0.0100859774192843
0.0525448524632874	0.0535583699638689	-0.0319652381274388	-0.0310085834647517	0.0168156113032235	0.00164007321924844	0.0209261641637879	0.00529516458304698	0.00344464130784765	0.0293327670121511	-0.0391550790628885	-0.0318034114975824	-0.0118327089721214	-0.00558139543460553	-0.0221111810116388	-0.0101000464454349
0.0525069886081801	0.0535499433562092	-0.0320193069972762	-0.030882877253935	0.0167735229684142	0.00162460581208537	0.0209012866722091	0.005279652472395	0.00342264719130363	0.0293726872277483	-0.0391506310657419	-0.0317723425727895	-0.0118552842340212	-0.00556675504198731	-0.0220951101073754	-0.0100890270354184
0.0524692085721145	0.0535385383786009	-0.0320491074605712	-0.0307860103814018	0.0167574911797036	0.00162764006139517	0.0208921615725352	0.00528279848042708	0.00340657069910415	0.0294156193409108	-0.0391870699971402	-0.031759160631497	-0.0118478690427982	-0.0055422184145115	-0.0221397297772443	-0.0100788625796273
0.0524473038625483	0.0535303799918747	-0.0320584057862646	-0.0307116908310879	0.0167593463744934	0.00163054578817436	0.0208935026772025	0.00528677709094013	0.00338944926285139	0.0294307738236515	-0.0392064713113274	-0.0317555396488952	-0.0118563180022023	-0.00553718927200905	-0.0221648307862676	-0.0100776332336823
0.0524113804182566	0.0535079570012339	-0.0320823039920394	-0.0306574026347581	0.0167349340785961	0.00160179725385275	0.0208793274802658	0.00525966023396375	0.00339505535975758	0.0294398891444372	-0.039180972161856	-0.0317310239761798	-0.0118548469780203	-0.00552876685530149	-0.0221323802442706	-0.0100623041279381
0.052456075525263	0.0535417221052017	-0.0320608994027554	-0.0306519124875262	0.0167860664880057	0.00164653706434811	0.0209000168137272	0.00529876740485637	0.00336902954730743	0.0293968983579455	-0.0392199843378346	-0.0317682033091132	-0.0118754189648234	-0.00555879363000913	-0.0221694701702261	-0.010090431004367
0.0524448018641534	0.053521999484688	-0.0320415064704724	-0.0307103259776921	0.0167978374754295	0.00164357825217584	0.020910804324395	0.00529663560722895	0.00340344285186444	0.0293816013828339	-0.0392077439637773	-0.0317852437202923	-0.0118357530003194	-0.00554400515708389	-0.0222005251251787	-0.0100755978279528
0.0524462253908784	0.0535115095316183	-0.0320275883185969	-0.030767754594118	0.0167952376881525	0.00162750036299233	0.0209068187289618	0.00527935072384485	0.00342308305032051	0.0293740395082878	-0.0391790066053279	-0.0317781204987312	-0.0118301273456368	-0.005545777929816	-0.0221633611590697	-0.0100720285337601
0.0524853870441481	0.0535293699724221	-0.0319972332526425	-0.0308285275903079	0.0168209882947491	0.0016535862457557	0.0209141514981272	0.00529931222862747	0.00342978997064113	0.029320977863935	-0.0391749148391086	-0.0318026166136702	-0.0118324505300761	-0.0055690670505544	-0.0221583753230721	-0.0100903779189739
0.0524874769322547	0.0535145172382316	-0.0319860909080316	-0.030918616296335	0.016816618528708	0.00162436133988039	0.0209086864966078	0.00527545174142143	0.00346111594049524	0.0293256605543984	-0.0391460252094001	-0.031792591856282	-0.0118087688568257	-0.00555580129022018	-0.0221328161032875	-0.0100731782516156
0.0525189565703519	0.0535073507101656	-0.0319520855228109	-0.0310932867973491	0.0168209631490365	0.00160394022735241	0.0209135899105477	0.00525891983242867	0.00351713779400441	0.0292892355928404	-0.0391009110071851	-0.0318002054192371	-0.0117655992563783	-0.00555583761180492	-0.0220984977936444	-0.0100636703783179
0.0525647301490283	0.0535375227712122	-0.0319111622726813	-0.03115862374036	0.0168552926345518	0.00163771091925632	0.0209415938523822	0.00529163999234318	0.00351659855816943	0.0292375779174361	-0.0391070828826228	-0.0318418048096365	-0.0117797507045866	-0.00559117851375682	-0.0221055413871159	-0.0100875224836197
0.0525704424167207	0.0535373118266239	-0.0319115743829697	-0.0311900153684634	0.0168463868613704	0.00162902866351946	0.0209366219862249	0.00528298008835078	0.00351390656994659	0.0292556954033012	-0.0390997165858408	-0.0318285376523182	-0.0117862648411113	-0.00558580152223129	-0.0220854792994832	-0.01008498416364
0.0525566681542001	0.0535294160728951	-0.0319252145350235	-0.0311819519766512	0.0168261752964467	0.00161087345908564	0.0209247923254719	0.00526732827929595	0.00351776783380125	0.029276700455153	-0.0390868028654817	-0.0318121594115686	-0.0117824035772566	-0.00558019682230912	-0.0220625967010971	-0.0100783959869618
0.0525835992123007	0.0535611974595424	-0.0319240997417688	-0.0311456778893683	0.0168468255143554	0.00164497942715638	0.0209389605374885	0.00529980257002146	0.00347826950738066	0.0292724508297385	-0.0391263458953912	-0.0318272272812995	-0.0118152410838295	-0.00559917624731973	-0.0220866499720991	-0.0101016669469079
0.0525528557847864	0.0535513976165828	-0.0319584865036293	-0.0310758384668336	0.0168152997757852	0.00163249737486212	0.0209252714909937	0.00529288610209657	0.00346449105390799	0.0293088743943124	-0.0391274732615022	-0.0318067628622666	-0.011822626938388	-0.00557828714514222	-0.0220881126143769	-0.0100859858011884
0.0525385548592871	0.0535542851825696	-0.0319806105396879	-0.0310030346441906	0.0168062962137218	0.00163397678094825	0.0209209394435214	0.00529128096744787	0.00343832135210291	0.0293379358530564	-0.0391505584225724	-0.0317924982583521	-0.0118407723639336	-0.00557627129718916	-0.0220906118188038	-0.0100872333079259
0.0525160745923012	0.0535533296454942	-0.0320040742834299	-0.0309177347994131	0.0167931589759182	0.00164189488642155	0.0209188439674787	0.0052978803199983	0.00342545233523277	0.0293520230399994	-0.0391638968260761	-0.0317909056965596	-0.0118444995173215	-0.0055712365667506	-0.0221141426177791	-0.0100921674555144
0.0524673519803407	0.0535379334845166	-0.0320532439302795	-0.030794952476168	0.0167610884135769	0.00162225189399742	0.0208976140011983	0.00528393702241027	0.00339423113918079	0.0294145897636819	-0.0391790918213537	-0.0317552504732013	-0.0118600744922548	-0.00554631018073085	-0.0221165077117393	-0.0100735666131755
0.0524543167223712	0.0535397621366098	-0.0320651168975373	-0.0307220676284513	0.0167684155948061	0.00163697750264138	0.0208990403218913	0.00530112132294432	0.00337878189281009	0.0294236380292342	-0.0392129142016666	-0.0317609543589895	-0.0118628950030083	-0.00554416860421522	-0.0221605671910128	-0.0100733696384275
0.0524289195527338	0.0535247138246553	-0.0320729008925439	-0.0306807001374006	0.016758932867221	0.00162646659481127	0.0208942291088973	0.00529418669422706	0.00338051974094149	0.0294279686797224	-0.0392052978447435	-0.0317536285747443	-0.0118599054571874	-0.00553713339264791	-0.0221610868690714	-0.0100652838948707
0.0524228538480823	0.053519989224671	-0.0320689753674239	-0.0306707396412777	0.0167677087208877	0.00163209085250984	0.0209032284800087	0.00529779929492465	0.00338048900729286	0.0294145939546339	-0.0392067814417817	-0.0317589343200844	-0.0118569634088234	-0.00554190269612106	-0.0221674207946564	-0.0100670357128424
0.0524487748867303	0.0535347790945803	-0.0320453565584548	-0.0306947300479984	0.0168003576346168	0.00165327332133332	0.0209235168790539	0.00531475728404609	0.00337755394384908	0.0293771925012401	-0.0392174278570626	-0.0317840646657723	-0.0118616866118236	-0.00556079690510594	-0.0221830740006952	-0.010083068898537
0.0524306560038812	0.0535079430313937	-0.0320378156386692	-0.030745616588219	0.016782104641301	0.00161955292085444	0.0209123493887305	0.00528269091265689	0.00341513560818262	0.0293788772639784	-0.0391784380328283	-0.0317717851761621	-0.011834900840062	-0.00554677397942829	-0.0221534719091322	-0.0100605076064775
0.0524523134472744	0.0535092827390769	-0.0320138112621082	-0.03081940109365	0.016798844700914	0.00162361954136128	0.0209167289336597	0.00528646696048581	0.00344016816498853	0.0293409449566537	-0.0391653860110505	-0.0317878351256651	-0.0118167302688039	-0.00555464319046059	-0.0221446443670564	-0.0100659181256197
