0.0523599001598239	0.0534927089205633	-0.0321950280302796	-0.030627209618951	0.0168054272896561	0.00172387829111556	0.0208662028153184	0.00531779293033992	0.00336561392135786	0.0294783523056927	-0.0391940968268033	-0.0316772498699725	-0.0117670982202409	-0.00550814038612132	-0.0222706746781677	-0.0101703790033315
0.0523460742088943	0.053484247388303	-0.0321980133851485	-0.0306084243747204	0.0168083874988124	0.0017238657182593	0.0208661902424622	0.00531699804642773	0.00336886470319208	0.0294695554972655	-0.0391912260246248	-0.0316790282306407	-0.011760427621505	-0.00550656598512125	-0.0222727436115138	-0.0101677540703421
0.052329173496118	0.053467950172627	-0.0321955127837375	-0.030615624430403	0.0168043166873535	0.00171206120321884	0.0208660756897719	0.00531500594720315	0.00338453048208719	0.0294607237642376	-0.0391820198998773	-0.031675410042007	-0.0117452759327323	-0.0055014725813535	-0.0222639621699109	-0.0101605596025955
0.052347826026866	0.0534747562788136	-0.0321673160581071	-0.0306486044293469	0.0168232597907793	0.00172119189082883	0.0208811966448959	0.00532038154174465	0.00339104601559591	0.0294312976926622	-0.0391818969652828	-0.0316933473169324	-0.0117429178236923	-0.00551261492596447	-0.0222727575813541	-0.0101715007815064
0.0523854412188162	0.0534889021390858	-0.0321342606220258	-0.0307330744656115	0.0168565834477941	0.00173384018422248	0.0208997457988257	0.00533124169558187	0.00340369430898956	0.0293914864418192	-0.0391739201864803	-0.0317169312013008	-0.0117415124577597	-0.00553414244984299	-0.0222709498840213	-0.0101861439680927
0.0523798560766704	0.0534734375258908	-0.0321362024298254	-0.0307878110938145	0.0168400012473763	0.00171001601860118	0.0208920148892122	0.00530699284681592	0.00343168148701566	0.0293887176194748	-0.039138266360106	-0.0317086135583953	-0.0117254164077838	-0.00552269556271381	-0.0222352737059025	-0.010168438592516
0.0524094330225209	0.0534742701283717	-0.0320945331902246	-0.0309078567253478	0.0168639679053686	0.0017058641820686	0.0208973178405843	0.00530252808586098	0.0034673828108469	0.0293549273697945	-0.0391237991935073	-0.0317211920025876	-0.0116975381945119	-0.00553355292258298	-0.0222270650277513	-0.010170154088903
0.0524199076087663	0.0534627058945842	-0.032069127638683	-0.0310149299631929	0.0168657476630208	0.00169070131742374	0.0209017127523378	0.00529842933472148	0.00350680290616189	0.0293209890398072	-0.0390872848249715	-0.0317322644979971	-0.0116687128260687	-0.00553559531323258	-0.0221980608453525	-0.0101610206073249
0.0524765860447688	0.053497747841954	-0.0320326104761792	-0.031089456267143	0.0169034271162363	0.00173043713112916	0.020920281464044	0.00533177254951269	0.00349597907390941	0.029280772663596	-0.0391023107851816	-0.0317626908101369	-0.011684632856057	-0.00556669217770603	-0.0222097340438943	-0.0101888764688523
0.0524640425251773	0.0534847572874734	-0.0320415553649134	-0.0311245974003789	0.0168810041255956	0.001709712873067	0.0209103754502982	0.00531567510255278	0.00350663666506251	0.0293057353712005	-0.0390800973421451	-0.0317443665706356	-0.0116793173318288	-0.00554966433938317	-0.0221862689031683	-0.010172072147974
0.0524758288794254	0.0534953813510098	-0.0320416377869711	-0.0311166778979216	0.0168819722355273	0.00171705123016849	0.0209121035195414	0.00533215532313648	0.0034948642806547	0.0293066811293877	-0.0390876899503398	-0.0317464830014387	-0.0116962082657168	-0.00556226373833582	-0.0221855243106811	-0.0101795529974464
0.0524559456057484	0.0534892220484283	-0.0320675336799066	-0.0310824699500167	0.0168562998600364	0.00170208534027163	0.0209039549117035	0.00532063160188575	0.00348671567281671	0.0293363516731681	-0.0390861155493397	-0.0317257978589294	-0.0117075755247564	-0.00554830647090751	-0.0221690189443849	-0.0101643887358175
0.0524714060279913	0.0535166183022104	-0.0320771072114536	-0.0310139911899258	0.016867379340366	0.00173106856791002	0.0209119051478094	0.00534328928584328	0.00344774959731097	0.0293418655691285	-0.0391243663690229	-0.031734320858487	-0.0117306271582099	-0.00556523372638032	-0.0221980384936081	-0.0101875968314823
0.0524421489914833	0.0535049297368443	-0.0321053137159722	-0.0309650841760736	0.0168478676644406	0.00171517787458633	0.0208953662538965	0.00532965611870958	0.00344276655528146	0.0293847376119778	-0.0391280753616184	-0.0317137782083485	-0.0117270047786242	-0.00554393111693038	-0.0222067542769616	-0.010172709172691
0.052397555864311	0.0534828895198273	-0.032136182872049	-0.0308760362231477	0.0168121258280725	0.0017069733873872	0.0208843901503849	0.00531959643672066	0.00344470976006505	0.0294081608431829	-0.0391303342847925	-0.031702067291238	-0.0117143103847576	-0.00552424062704929	-0.0222166574967393	-0.0101565726101783
0.0524002827771345	0.0535093539852624	-0.032167162389864	-0.030735063770868	0.0168137798571622	0.00172798402717519	0.0208767682055257	0.00533090641941504	0.00337367591618608	0.0294475222651687	-0.039174344869625	-0.0316856387590633	-0.0117736766180309	-0.00553727169406673	-0.0222257099532437	-0.0101814053982682
0.0523610764203759	0.0534900183293245	-0.0321897166970034	-0.0306541295011794	0.0167991604193044	0.00171899722892013	0.0208721176456949	0.00532670289447342	0.00337014294357811	0.0294755052522427	-0.0391892548801607	-0.0316698598244619	-0.011767643044012	-0.00552044222747591	-0.0222496053650505	-0.0101730695945704
0.0523614633849518	0.0534942721456912	-0.0321886815318384	-0.0306102013384046	0.0168127349131089	0.00173067182444594	0.0208819817499199	0.0053403444435113	0.00335445900389063	0.0294614976933894	-0.0392014742994576	-0.0316785700198793	-0.0117816729546097	-0.00553301927468411	-0.0222628529645923	-0.0101809527754429
0.0523437258787424	0.0534771828400711	-0.0321973665815433	-0.0306015861379011	0.0168105095175516	0.00172203147822994	0.0208773647177058	0.00533436395488547	0.00336839391957449	0.0294556960187192	-0.0391916074012646	-0.0316786049444801	-0.0117639829458574	-0.00551973255958946	-0.022267648810762	-0.0101687389440821
0.0523469137962954	0.0534729052749759	-0.0321845450621301	-0.030615720822301	0.0168166478653726	0.00172065963991399	0.0208785186265133	0.00533243332295815	0.00338085781107638	0.0294364651365835	-0.0391823398092198	-0.0316870846375328	-0.0117603256416709	-0.00552537358109637	-0.0222594317507066	-0.0101705801690316
0.0523589851352853	0.0534630942561441	-0.0321537429612867	-0.0307107590427409	0.0168295015154185	0.00171319555424995	0.0208814928055099	0.0053199177430472	0.00342607678709349	0.0294068504721642	-0.0391564103886676	-0.0317004719354775	-0.0117353126426414	-0.00552610979167936	-0.0222533283274863	-0.0101629791789328
0.0523951460668619	0.0534829160625238	-0.032127595611226	-0.0307705094466221	0.0168543077608118	0.00172794351463836	0.0208945420333197	0.00533448688947998	0.00342336803506231	0.029370167068561	-0.0391464680533371	-0.0317155412021925	-0.0117451963046427	-0.00555079030851011	-0.0222393626781538	-0.0101874138265745
0.0524234447723263	0.0534866502008319	-0.0320890151033121	-0.0308921015394749	0.0168836122947767	0.00173212468783554	0.0209082450496548	0.00533607526032033	0.00345142087133776	0.0293421617297425	-0.039141258699895	-0.0317359245961517	-0.0117198256777019	-0.00555197355398221	-0.0222512300574756	-0.0101824056388325
0.0524349838604014	0.0534757928409627	-0.032067015398832	-0.0310095543686514	0.0168825002954901	0.00171000204876089	0.0209126762829931	0.00532041227539328	0.0034962193551623	0.0293077456312174	-0.0390963037538593	-0.0317399423222175	-0.0116904498975515	-0.00555397962304707	-0.0222105219428863	-0.0101725652833361
0.0524627545059031	0.0534832457507546	-0.0320425081080208	-0.031086412238945	0.0168923895454275	0.00171597974341866	0.0209207326898852	0.00532822281309638	0.00351006486386834	0.0292844648923832	-0.0390859227655438	-0.0317547964533921	-0.0116859697697723	-0.00556360344601911	-0.0221986433876924	-0.0101799986353515
0.0524758749798983	0.0534942428090266	-0.0320409658376534	-0.0311160953555817	0.0168842535104458	0.00171618090911876	0.0209148988845824	0.00532594293516194	0.00350689091615568	0.0292944337704103	-0.0390802677741966	-0.0317487838341336	-0.0116956033716325	-0.00556485514370861	-0.0221804937711947	-0.0101856536266987
0.052469330109725	0.0534916094941329	-0.032051601077062	-0.0311184380977974	0.0168637164482434	0.00170114237605242	0.0209045318661072	0.00531153025094035	0.0035133324095109	0.0293137498685717	-0.0390735357081635	-0.031732306407518	-0.011692291122501	-0.00555718430440835	-0.0221684643417256	-0.0101751217641082
0.0524816445239359	0.0535100035828356	-0.0320559610642148	-0.0310976747241825	0.0168709570164629	0.00171853063625462	0.0209070562162466	0.00532878440067582	0.0034917615791275	0.0293231809077478	-0.0390988839833598	-0.03173957212145	-0.0117043624614909	-0.00555989026247147	-0.0221923374017879	-0.0101832368443295
0.0524673072768518	0.0535114690190815	-0.032081988273649	-0.0310363066127964	0.0168534011181773	0.00171771619456603	0.0208998938791327	0.00532197969147321	0.00346852833775023	0.029349993222206	-0.0391060239687293	-0.0317221698914075	-0.0117210019382539	-0.00555285924185625	-0.022187429796896	-0.0101825090156506
0.0524603684571825	0.0535175165629407	-0.0320959008375884	-0.0309698423036745	0.0168495244874983	0.00172514954658145	0.0208941173501751	0.00532661907543171	0.00344303757018298	0.0293774984407423	-0.0391301065763958	-0.0317142000975251	-0.0117387590022396	-0.0055501421079209	-0.022207019703927	-0.0101878608614637
0.0524177520624104	0.0534965813602902	-0.0321284589473556	-0.0308863501562298	0.016817547523087	0.00170837176839968	0.0208827933976404	0.00531288113449587	0.00344394002186537	0.0294032336805145	-0.0391275053921348	-0.0316980314043798	-0.0117297875708088	-0.00553097828101853	-0.0222100064557798	-0.0101719827409962
0.0523936652637917	0.0535008589253853	-0.0321683037258153	-0.0307540417988946	0.016797126410559	0.00170858131600395	0.0208673343723815	0.00530772626343086	0.00340364820851662	0.0294526394176649	-0.0391585659350235	-0.031675313650109	-0.0117604010788084	-0.00552053163445373	-0.0222213080565701	-0.0101731142980593
0.0523789396551477	0.0535031206425274	-0.0321794530553464	-0.0306666646388667	0.0168024503166914	0.00172353882399664	0.0208678303017116	0.00532040389348911	0.00338056304744637	0.029469139196025	-0.0391873954944188	-0.0316728284155224	-0.0117728244577735	-0.00552385785342549	-0.0222528421770444	-0.0101901197846377
0.0523685754306406	0.0535038205315257	-0.0321861962972517	-0.0306233399731922	0.0168102804121709	0.00172899963456388	0.0208664514784755	0.00532546237265615	0.00337267986657379	0.0294630441547089	-0.0391980055881149	-0.0316753248259812	-0.0117741138740318	-0.00552429790339445	-0.0222702695527994	-0.0101877658665497
0.0523542353895885	0.0534908886503743	-0.0321971612248911	-0.030601581946949	0.0168042552200562	0.00172132041335945	0.0208653660218854	0.00531966069798597	0.00337841169204255	0.0294582483085392	-0.0391844953555757	-0.031671090567391	-0.0117725394730317	-0.00552203059831627	-0.0222606038203065	-0.0101828834073703
0.0523566968754467	0.0534857281913731	-0.0321797687737368	-0.030619304086334	0.0168220500026107	0.00172742523356381	0.0208706885310338	0.00532344093676697	0.00338903156462688	0.0294362569859632	-0.0391861912941863	-0.0316864434218637	-0.0117591926876238	-0.00552352537122672	-0.0222748837910454	-0.0101820088953684
0.0523835231597451	0.0534966847371083	-0.0321566528790179	-0.0306553756109328	0.0168420813565947	0.00173324087807427	0.0208779346871894	0.00532699905508745	0.00339352845621448	0.0294063098393452	-0.0391777604955745	-0.0316990903182733	-0.0117675256973536	-0.00554252016306164	-0.0222681293732678	-0.0101932476318774
0.0523622750326723	0.0534607291621839	-0.0321509448022777	-0.0307405497271478	0.0168268905522693	0.00170030278865132	0.0208706564004012	0.00530181702099049	0.00345091376613543	0.0294011549682802	-0.0391366472556171	-0.0316950586223672	-0.0117153259921463	-0.00552138938264721	-0.0222463727440086	-0.0101684511653723
0.052425392168062	0.0535026791955744	-0.0321052620275631	-0.0308036081892083	0.0168745402804959	0.00174665611569954	0.0209012740993528	0.00534088367934628	0.0034313741505294	0.0293532509889604	-0.0391613724759367	-0.0317330831306378	-0.0117408111717774	-0.00555950329789559	-0.0222684157549937	-0.0102039946300083
0.0524198545233732	0.0534728228529183	-0.032087240933596	-0.0309373554400927	0.0168687120631292	0.00171121183692954	0.0209013690942668	0.00531408952568048	0.00348701323041477	0.0293352410708655	-0.039107923867008	-0.0317249415077199	-0.0117005500920773	-0.00554407500628532	-0.0222282217305269	-0.0101800056202716
0.0524496493987321	0.0534738733849076	-0.0320557473256585	-0.0310703706713463	0.0168765798771775	0.00170206997344732	0.0209107791786825	0.00530327128136411	0.0035197585360418	0.0293038368699058	-0.0390798053724832	-0.03173417277818	-0.0116772148708659	-0.00554660075340876	-0.0221991421109905	-0.0101767646173256
0.0524904916237881	0.0535028691854023	-0.0320359827956239	-0.0311036021274152	0.0168972161252458	0.00172460611979438	0.0209231005778135	0.00532323697709882	0.00350420730983702	0.0292828094663095	-0.0390845160026271	-0.0317565189346992	-0.0116981528674844	-0.00557929576761076	-0.0221848984618364	-0.0102055704279924
0.0524966313685931	0.0535079807499624	-0.032035743911355	-0.0311232339439671	0.0168894977884886	0.00171956999237179	0.0209191820376136	0.0053187149397987	0.00351027999940872	0.0292938889466392	-0.0390845229875473	-0.0317515191288613	-0.0116974669483265	-0.00557375951990599	-0.0221890852229697	-0.0102004141599434
0.0524987044928914	0.0535182122609868	-0.0320446007900954	-0.031108599139285	0.0168859382731841	0.00171824565151282	0.0209147061007865	0.00532212916876425	0.00349701982701061	0.0293141116874351	-0.0390897588836859	-0.0317470320161619	-0.0117078213939454	-0.00557427919796458	-0.02219096835744	-0.0102060076839933
0.0524856021796885	0.0535147211978997	-0.0320739751732618	-0.0310555849923891	0.0168691032186572	0.00171372640818076	0.0209076834620754	0.00531655939344279	0.00347752491489349	0.0293392308572508	-0.0390962003770412	-0.0317291771632942	-0.0117202531548146	-0.00556576737427919	-0.0221812271878096	-0.010201966209199
0.0524609984969793	0.0535086694630884	-0.0320885429227105	-0.0309889488542317	0.0168596540186887	0.00171661537115161	0.0209066385180221	0.00531998479828057	0.00346534880210147	0.0293697018728795	-0.0391225698475623	-0.0317236283427332	-0.0117237791425024	-0.00555295423677019	-0.0222086918938091	-0.0101984961008723
0.0524366686231397	0.0535058866709038	-0.0321241380757556	-0.0308959097179365	0.0168309208511914	0.00170406486663995	0.0208883883186744	0.00530850717750277	0.00343710737298219	0.029396088107209	-0.039115339058231	-0.031693576422313	-0.0117530040483778	-0.00555359126148716	-0.0221785058629222	-0.0101935675412199
0.0524300427278927	0.0535247864678248	-0.032142073953697	-0.0307895251932174	0.0168395388456629	0.0017391920300355	0.0208930724061218	0.00533695116930618	0.00340115598900985	0.0294169325058976	-0.0391776207971717	-0.0317121605008436	-0.0117626474291262	-0.00554338629315929	-0.0222508458868678	-0.0102034120876684
0.0523822742560237	0.053499123871222	-0.0321823992946624	-0.0306964329715291	0.0168098976385471	0.0017175527474347	0.0208723718967881	0.00532069865711911	0.00339136313097037	0.0294665952881092	-0.0391765954108948	-0.0316822566607304	-0.0117664723713961	-0.00552043384557174	-0.0222516756953807	-0.0101836112360491
0.0523370706468309	0.0534702370354816	-0.0322116214065696	-0.0306239322944203	0.0167822625004962	0.00168701188260458	0.0208617240845232	0.00529681861213667	0.00339452869677885	0.0294908609006835	-0.0391633045048481	-0.0316517102079642	-0.0117617421834758	-0.00550470659937938	-0.0222355461177881	-0.0101679510450901
0.0523514917129566	0.0534874073661753	-0.0321912994799077	-0.0305954519810321	0.0168141402790416	0.00172298003038526	0.0208790732291726	0.00532491894586908	0.00338514515505971	0.0294536941406064	-0.0391949056805558	-0.031684048991239	-0.0117654036786143	-0.00552524366158172	-0.0222746798313773	-0.0101878175549588
0.0523747598789346	0.053502070110538	-0.0321744239128439	-0.0306133557283408	0.0168408953171546	0.00174425889110671	0.0208894444385999	0.00534282269317778	0.00337537744273274	0.0294293977943835	-0.0391996218986359	-0.0317004104681802	-0.0117786582630763	-0.00554276742923468	-0.0222859898140716	-0.0102037990522443
0.0523434381000326	0.0534692954682464	-0.0321764649065095	-0.0306459739084213	0.0168133956865544	0.00170004015565397	0.0208712207819487	0.00530568946071737	0.00341383781002018	0.0294361410362889	-0.0391564229615239	-0.0316798985516904	-0.0117503679395161	-0.00552187553308911	-0.0222518656852085	-0.0101701890135037
0.052383763440998	0.0534857267943891	-0.0321372348010224	-0.030729365473016	0.016849898879218	0.0017218135487215	0.0208892167302032	0.00532592058341748	0.00343140907513011	0.0293908591959905	-0.0391611363856359	-0.0317129539877717	-0.0117368423401525	-0.00554263750972003	-0.022268090257715	-0.0101903474930343
0.0523919860889895	0.0534831311980642	-0.0321273134204523	-0.0307873486921011	0.0168492925881496	0.00171378647849398	0.0208883869216903	0.00531858641726808	0.00345058407790471	0.0293724832680801	-0.0391369545921033	-0.031715124900952	-0.0117306537009065	-0.0055439367048665	-0.0222438414089491	-0.0101830636183099
0.0524054376481995	0.0534706547337061	-0.0320924041865652	-0.0309123438380473	0.0168643087694715	0.00169979009551288	0.0208973234285204	0.00531189905472386	0.00348497922166934	0.0293489426902166	-0.0391139364862664	-0.0317205829175512	-0.011699700725788	-0.00554217510800661	-0.0222307474776503	-0.0101714449021453
0.0524409252334744	0.053479387280868	-0.0320562907524456	-0.0310166887660848	0.0168822055318601	0.00170740505545199	0.0209114874495849	0.00531573656985003	0.00350868743761628	0.0293008347512287	-0.0390885965929743	-0.0317384712980355	-0.011691750489682	-0.00556194103502525	-0.0222108390582608	-0.0101820913174261
0.0524823933073751	0.0535008281917367	-0.0320352074694881	-0.0310745741962879	0.0169002489775716	0.00172073228308347	0.0209176174155018	0.00532528635266856	0.0035017863365157	0.0292754934609525	-0.0390813490398346	-0.0317527708265508	-0.0117080616751983	-0.00558379545316642	-0.0221872747316688	-0.0102013529332105
0.0524976930764548	0.0535075225392011	-0.0320310612208916	-0.0311139244424015	0.0168995672493657	0.00172143636303381	0.0209145887541281	0.00532943260126502	0.00350772072466859	0.0292789244537263	-0.0390846012186529	-0.0317540337001125	-0.0117051671242913	-0.00558114677144847	-0.0221863918377628	-0.0102005594462823
0.0524969820115843	0.0535078843580645	-0.0320348344747525	-0.0311222127486423	0.0168846404750217	0.00171475738239376	0.0209086697327995	0.00532065255664617	0.00351313403777886	0.0292940384239302	-0.0390773327107528	-0.0317471675236127	-0.0117024360205157	-0.00557602403101612	-0.0221823643328088	-0.0101983871361181
0.052483814040132	0.053503098290783	-0.0320575242893427	-0.031092398315507	0.0168662421953669	0.00170266229467538	0.0209040848312181	0.0053102562015064	0.00350365410416175	0.0293212153512198	-0.0390780954640324	-0.031728774831894	-0.0117061492040633	-0.00556527563590117	-0.0221735828912059	-0.010193226677117
0.0524805031879846	0.0535138690376424	-0.0320809517114999	-0.0310227754254968	0.0168554211570825	0.00171446122177973	0.0208961695197129	0.00531854590473126	0.00347110717026676	0.0293424243627398	-0.0390988406768549	-0.0317200604455245	-0.0117303812890209	-0.00556337853159053	-0.0221787489381431	-0.0101973645438092
0.0524788421739748	0.0535231827301601	-0.0320841102923882	-0.030982482215164	0.016865561864145	0.0017324026876572	0.0208988670958718	0.00533007241995006	0.0034516094641816	0.0293662666891535	-0.0391355715779151	-0.0317266835468034	-0.0117344339396875	-0.0055540201355839	-0.0222269686358534	-0.0102025347816986
0.0524294979041216	0.0534992747454971	-0.0321300347453397	-0.0308835226605562	0.0168243089257847	0.00170525370004817	0.0208770154716987	0.00530770670565446	0.00344786275301728	0.0294004508883298	-0.0391186876289472	-0.0316970367517515	-0.0117394547002858	-0.0055368232621936	-0.0222044073437938	-0.0101814040012841
0.0524044178498587	0.0535048389328824	-0.032169665785243	-0.0307372765935691	0.0168034309994794	0.00170815802984333	0.0208609878739402	0.00530591716911401	0.00339678761995287	0.0294492880529807	-0.0391524625118032	-0.0316748652182359	-0.0117768282139991	-0.00552891214164045	-0.0222120977408704	-0.0101817183226905
0.0523835105868889	0.0535040705916668	-0.0321848286498879	-0.0306592103320909	0.0168040037629311	0.00171333525265279	0.0208581408204902	0.00531243549659079	0.00338502222046521	0.0294691727236417	-0.0391752249695629	-0.0316697997541487	-0.0117775742034703	-0.0055254783548985	-0.0222475559894807	-0.0101900192017876
0.0523427521808746	0.0534779078747818	-0.0321935123026088	-0.0306225199435675	0.0167904474299189	0.00169968951266283	0.0208551792143499	0.00530095787581299	0.00339862325696626	0.0294766270304176	-0.0391713916453888	-0.0316616525432947	-0.0117548536552314	-0.00550881512940707	-0.022260285307948	-0.0101691538483386
0.0523678950994188	0.0534980887060569	-0.0321786288347696	-0.0305977570046791	0.0168184290200089	0.00173216380338833	0.0208730578159461	0.00532929709381426	0.00337300536385242	0.0294420237360327	-0.0391936120733454	-0.0316809448927277	-0.0117835113855912	-0.00553610940335506	-0.0222719333607773	-0.010191463683273
0.052354847268593	0.0534816434100739	-0.0321796961305673	-0.0306156775157961	0.0168146348113876	0.00171909362081809	0.0208747174329719	0.00532512290553723	0.00339104880956397	0.0294320827976862	-0.0391738922467997	-0.0316807828425804	-0.0117698935852818	-0.00552980062348254	-0.0222626517988922	-0.0101807963132317
0.052365552357203	0.0534827148968238	-0.0321552223673728	-0.0306638469220813	0.0168296984901665	0.00171571711042131	0.0208825614982917	0.0053242721422639	0.00340834766278835	0.0294078074062237	-0.0391673892861473	-0.031695782260094	-0.0117533993948578	-0.0055336912240018	-0.0222647542598551	-0.0101825858497722
0.0523875730164436	0.0534846189860545	-0.032126809109218	-0.0307458736332802	0.016849014588328	0.00172289621134355	0.0208852926020673	0.00533205474028644	0.00343269290345227	0.0293700147973019	-0.039150241307198	-0.0317130336158614	-0.0117378160380204	-0.00554698632100062	-0.022258469228711	-0.0101849285919879
0.0523932140379505	0.053478748859167	-0.0321196705208326	-0.0308018116677477	0.0168428762405069	0.00170953825006345	0.0208806294693803	0.00531525461036022	0.00344845926519743	0.0293655304785705	-0.0391258248203486	-0.0317107900595117	-0.0117322644234913	-0.0055406523954156	-0.0222339633348839	-0.010169273988965
0.0524192594081771	0.0534733229732004	-0.0320794317928769	-0.0309258359097941	0.0168608302792406	0.00170042432626179	0.0208907827492991	0.00531313678257308	0.00348990498735368	0.0293274263422103	-0.0391002264850112	-0.0317233014484705	-0.0117034697886967	-0.00555338730181901	-0.0222080073716351	-0.0101814277500126
0.0524664285738979	0.0534917030920628	-0.0320388787435149	-0.0310299433505468	0.0168906544912642	0.00172099491608082	0.0209070618041827	0.00532957229966787	0.00350303244626909	0.0292782594893288	-0.039092754017443	-0.0317505635917859	-0.0117028146031874	-0.00557537443344289	-0.0222065475233254	-0.0101908308495081
0.0524760230602053	0.05348920528462	-0.0320295971816298	-0.0310946237110643	0.0168891625123218	0.00171740187315963	0.020911493037521	0.00532559927709094	0.00351955597335767	0.0292735712109293	-0.0390771022083881	-0.0317561235882191	-0.0116933765790911	-0.00557232900826085	-0.0221901581067035	-0.0101887018458488
0.0524954774597856	0.053503787003909	-0.0320275994944691	-0.0311107756404013	0.0168910931442491	0.00171647148179668	0.0209114567159363	0.00532500416189481	0.00350177236667542	0.0292818497382819	-0.0390775185096286	-0.0317478674126109	-0.0117126801043964	-0.00558206598693919	-0.0221701449135119	-0.0101982600105715
0.0524717315252699	0.0534867689444743	-0.0320494008272172	-0.0311022456559236	0.0168614687009416	0.00169169736703603	0.0209056815839626	0.00530865665479381	0.00351472799655533	0.0293065847374898	-0.0390645405280042	-0.0317290779774282	-0.0116961928988925	-0.00556504233956842	-0.0221599161964555	-0.0101809010870339
0.052496624383673	0.0535159309860684	-0.0320519782627497	-0.0310710719573286	0.0168792760563524	0.00172204405108619	0.0209215890410947	0.00533361656843025	0.00348117104320777	0.0293085670578262	-0.0391029478098986	-0.0317456923084786	-0.0117181045933789	-0.00558000264152916	-0.0221877958067114	-0.0102012258076639
0.0524670544227427	0.0535075728306261	-0.0320857950551266	-0.0310071892746913	0.016852500063479	0.00171033313397564	0.0208995963215347	0.00532058689839683	0.00347098004472018	0.0293493156849522	-0.039105718029227	-0.0317210369373604	-0.011720271315607	-0.00555811888672339	-0.022197249197632	-0.0101825607040597
0.0524459893005776	0.0535017292464351	-0.0321050943894797	-0.0309390932882241	0.0168384310373284	0.00170491423292925	0.0208890365192636	0.00531147995951533	0.00345230655921179	0.0293826994122802	-0.0391155625756756	-0.0317028970997509	-0.0117372460685368	-0.00555182547367519	-0.0221907769706281	-0.0101840904015708
0.052409535002355	0.0534931028700594	-0.0321442308970369	-0.0308168054973251	0.0168125938177221	0.00170308278686795	0.020880566605099	0.00531054258323223	0.0034326160693307	0.0294082265014322	-0.0391293522050205	-0.031690825760761	-0.011747861750169	-0.00554131875679717	-0.0221992021813038	-0.0101806691876852
0.0524119280359957	0.0535185405522335	-0.0321628261514397	-0.0306902932267241	0.0168220723543551	0.00173399664643367	0.0208799868567272	0.00533461680899463	0.0033758663871427	0.0294321442649834	-0.0391803798406279	-0.0316927019103112	-0.0117925414903511	-0.00555381198496366	-0.0222350753341705	-0.0102015219682779
0.0523621688618861	0.0534864839597325	-0.0321917311479725	-0.0306317134954588	0.0167988670526584	0.00170672332724611	0.0208645152586121	0.00531670887073384	0.00338650162655134	0.0294702050948387	-0.0391734326390544	-0.0316671580573509	-0.011774910154928	-0.0055254294604575	-0.0222451601618719	-0.0101826389351653
0.052354502213538	0.0534825724044528	-0.032190971188661	-0.0305970459398086	0.0168043879335389	0.00170978551623648	0.0208676445028358	0.00531816173412343	0.00338444526606145	0.0294561011440874	-0.0391799593484353	-0.0316699520254078	-0.011776385370062	-0.00552896103608144	-0.0222552855021102	-0.010179040304308
0.0523728432168476	0.0534923079861472	-0.0321822414354672	-0.0305974356983525	0.0168249417595496	0.00172790300210154	0.0208756366484626	0.0053293725309518	0.0033785122748926	0.0294329126061991	-0.0391913685169957	-0.0316860550603038	-0.0117808878495858	-0.00553634689063989	-0.0222774235080091	-0.0101826710657979
0.0523696650781828	0.0534825584346126	-0.0321667111640228	-0.0306388576717803	0.0168345488187133	0.0017264235960154	0.0208802145651239	0.00532854132545487	0.00340260326446333	0.0294176868772729	-0.0391792357107086	-0.0316976598066282	-0.0117571321361818	-0.0055324395263123	-0.0222898776206228	-0.0101803283235822
0.0523596375268266	0.0534591868918165	-0.0321586114506258	-0.0306939910434474	0.0168241189359568	0.0016985593525838	0.0208756408394147	0.00530635442511492	0.00343450758570523	0.0294113697154963	-0.0391445821248987	-0.0316894483345089	-0.0117364260389121	-0.00552568091758263	-0.0222530112121119	-0.0101676241508274
0.0524037249457806	0.0534815260634155	-0.0321229059358425	-0.0307628246374815	0.0168618137559967	0.0017259276666853	0.0208959012987794	0.00533332040781622	0.00343880889952885	0.02935637185128	-0.0391487521222236	-0.0317234355589373	-0.01173534337629	-0.00555408020589712	-0.0222608915990164	-0.0101891614535941
0.0524197651163954	0.0534766226494757	-0.0320994449860686	-0.0308549222065416	0.0168671921445062	0.0017135811218418	0.0208976587046872	0.00532405840370755	0.00345916295682346	0.0293496132425503	-0.0391246429718605	-0.0317223263536187	-0.0117259416737785	-0.00555084758485527	-0.0222460360708578	-0.0101834924924067
0.0524326914096107	0.0534614527999106	-0.032065396294343	-0.0309840412493397	0.0168772350626868	0.00170344041477923	0.0209070534222786	0.00531704694086873	0.00351337292204772	0.0293025251019031	-0.0390894096376788	-0.0317374738514392	-0.0116841816302158	-0.00555151115226879	-0.022229846422952	-0.0101729578358481
0.0524685757383496	0.0534762817853727	-0.0320407548930651	-0.0310596921254327	0.0168923993243157	0.00171223442923837	0.0209176355762941	0.00532420927798262	0.00351771893936025	0.029273946999633	-0.0390807944371753	-0.0317471870813891	-0.0116939172119102	-0.00557291434456877	-0.0222011593559276	-0.0101865826210776
0.05248793654	0.0534889594154309	-0.0320396331148902	-0.0310882981673835	0.0168898554163999	0.0017147643673139	0.0209150469648894	0.0053290190939926	0.00351372216805484	0.0292705760771723	-0.0390720954176301	-0.0317510273904833	-0.0117049994862079	-0.00557988389788674	-0.0221793175106427	-0.0101946250581294
0.0524902289907907	0.0534886143603759	-0.0320436438560359	-0.0311160241093962	0.0168794297245955	0.00170263994293093	0.0209056047498411	0.00531584413762022	0.00352128963053699	0.0292897887985157	-0.0390656008388818	-0.0317385201924765	-0.0116986837214152	-0.00556789079000244	-0.0221745887197064	-0.0101884881072924
0.0524796496307432	0.0534861039800768	-0.0320540220503833	-0.0310935675911388	0.0168635753528566	0.00169905667889794	0.0208972158607502	0.0053121267631205	0.00351533708159173	0.029311060674317	-0.0390690276407036	-0.031729117092981	-0.0117021105232371	-0.00556197456264193	-0.0221709747220248	-0.0101833318392434
0.0525071450703913	0.0535187850244385	-0.0320573720180836	-0.0310581372822091	0.0168851922837129	0.00174038784836385	0.0209121943235033	0.00534655124354973	0.00347761013091923	0.0293089847560507	-0.0391122307687677	-0.0317465039561992	-0.0117302262237938	-0.00557612042291408	-0.0222058182976625	-0.0102104417112996
0.052451362101151	0.0534923051921791	-0.0320999004028619	-0.0309836542847639	0.0168373665354987	0.00170297801306581	0.0208864968022998	0.00531627161473293	0.00347439846463781	0.0293721354190571	-0.039100757338942	-0.0317046321539142	-0.0117299957214291	-0.0055426752282888	-0.0221900309811569	-0.0101816680312655
0.0524494775696966	0.0535004118904962	-0.0321132066757329	-0.0309145720275726	0.0168381642133789	0.00171432571432897	0.0208823770963999	0.00532247841477137	0.00345230795619582	0.0293782528121177	-0.0391240548415846	-0.0317056226155904	-0.0117404186192654	-0.00554746548652238	-0.0222021749633163	-0.0101902804378009
0.0524102055546886	0.0534941757537932	-0.0321533280570302	-0.0307915703778351	0.0168131079078445	0.00171168820848324	0.0208718717765059	0.00532319367059393	0.00342508353144926	0.0294236715568509	-0.0391452666470726	-0.0316890376212046	-0.011757875331685	-0.0055317522101703	-0.0222193858065469	-0.0101847819086649
0.0524047140104728	0.0535072361574753	-0.0321754492991208	-0.030680519926461	0.0168155288811658	0.00172541916449894	0.0208702247323364	0.0053331918852856	0.00338014115826978	0.0294483548676497	-0.0391784072991797	-0.0316814086914252	-0.0117915077221701	-0.00553813782416437	-0.0222415964556153	-0.0101977836390178
0.0523698913895954	0.0534867186530493	-0.0321956091756355	-0.0306291542207187	0.0168000181674979	0.00171046724444237	0.0208611066175826	0.0053191563867517	0.00339198897981512	0.0294691433869771	-0.0391783611987068	-0.0316681527099791	-0.0117729096737992	-0.005517304601348	-0.0222637903408754	-0.0101832089046489
0.0523698103645218	0.0534888504506767	-0.0321900352093619	-0.030607375239715	0.0168159856949432	0.00172174090555202	0.0208674628949121	0.00532712198968196	0.0033859400389719	0.0294495269372495	-0.0391871817558625	-0.0316794766625138	-0.0117722977947948	-0.00552739920793763	-0.0222758071974882	-0.0101868662088354
0.052352490556537	0.0534740340380709	-0.0321944804125405	-0.0305982305822647	0.0168075171777626	0.00170294588243316	0.0208628388777779	0.00531163502474248	0.00339577760050029	0.0294438970916149	-0.0391674200197959	-0.03166986261843	-0.0117696351432365	-0.00552198729181139	-0.0222567607172442	-0.010172759464116
0.0523901797886407	0.0534963005665005	-0.0321534384187685	-0.0306491436651818	0.0168543706250931	0.00173746116682424	0.0208889499062538	0.00533962359975261	0.00339750287577544	0.0294000248082012	-0.039190058145977	-0.0317074987651406	-0.0117644900510597	-0.00554601122614876	-0.0222965873349115	-0.0101971857298536
0.052368199641937	0.0534615352219683	-0.0321577606873525	-0.0307104628821269	0.0168218628067509	0.00169071528726402	0.0208705683904074	0.00529701279291663	0.00343958282868061	0.0294072360397561	-0.0391323990271865	-0.0316823390827881	-0.011745454746688	-0.00552876406133343	-0.0222335637974517	-0.0101659687247537
0.0524307160741944	0.0534997329562584	-0.0321095493715464	-0.030780715811934	0.0168785007302166	0.00174053592867087	0.0209065533019964	0.00534097727727619	0.00343330059150464	0.0293419228454736	-0.0391575014331939	-0.0317295920675507	-0.0117450761640163	-0.00556738927273623	-0.0222717643257099	-0.0102106512589039
0.0524134395727145	0.0534618257946462	-0.0320983721023348	-0.0308949988843499	0.0168597713653471	0.00169476095301043	0.020897256373287	0.00530530529010955	0.00348097825941184	0.0293490544489389	-0.0391036993873059	-0.0317121563098915	-0.011711435391627	-0.0055412810382284	-0.0222262324252704	-0.0101742165184577
0.0524668965635474	0.0534878571950325	-0.0320537664023061	-0.031002317991384	0.0168925976960477	0.00171721607428384	0.0209199797154939	0.00532503349855941	0.00349409035150294	0.0292844495255589	-0.0390934483185051	-0.0317435241892665	-0.0117081804188407	-0.0055740347257596	-0.0222175906820703	-0.0101952578918943
0.0524591293323492	0.0534696740509181	-0.0320518106246663	-0.0310782803949154	0.0168745710141445	0.00168971225273159	0.0209091055918164	0.0053082585143457	0.00353031135339276	0.0292871876142547	-0.0390610271131727	-0.0317347958330567	-0.0116818165362557	-0.00555862319795766	-0.0221843424621931	-0.0101772535617356
0.0525157337281983	0.0535163319204845	-0.0320254928425542	-0.0311133852065665	0.0169099859562499	0.0017329279536519	0.0209239792807674	0.00534474634018496	0.00350019098075521	0.0292641080411205	-0.0390947908201564	-0.0317604682085476	-0.0117114898740041	-0.00558697778278325	-0.0222060809306599	-0.0102093185361407
0.0524839481505988	0.0534894413749208	-0.0320451414229144	-0.0311269317606904	0.0168751158379156	0.0017008518033745	0.020905403584141	0.00531588884110913	0.00352269779043767	0.0292987294962978	-0.0390634327196697	-0.0317345862854524	-0.0116955544771915	-0.00556377806902267	-0.0221771815220632	-0.010185470621791
0.0524830303320921	0.0535007052571422	-0.0320613478346286	-0.031080374473974	0.0168605634552912	0.00169671533366624	0.0208945392393517	0.00531170766791196	0.00349947293096458	0.0293215268786582	-0.0390744088231813	-0.0317186508886398	-0.0117139737116067	-0.00556398063170679	-0.0221652247357636	-0.0101902999955773
0.0524660639610665	0.0534988263136239	-0.0320838127347902	-0.0310277375127658	0.0168461004796446	0.00170093841638427	0.0208884805196202	0.00531266739593951	0.0034904414292206	0.0293467382494197	-0.0390933197959745	-0.0317122596867096	-0.0117121646172899	-0.00555177797621823	-0.0221842698190236	-0.0101849146221476
0.0524625938527398	0.053511002426416	-0.0320965588170658	-0.0309512777829203	0.0168440385312186	0.00170817479365167	0.0208870220682945	0.00532403884593115	0.00345033681173167	0.0293764381298647	-0.0391175770266446	-0.0317015587890516	-0.0117477094789099	-0.00555728209329034	-0.0221907797645962	-0.0102009017073693
0.0524387026318851	0.0535085465284939	-0.0321260826775232	-0.0308692217350569	0.0168258246534556	0.00171322908186663	0.0208793135104255	0.00532882491321264	0.00344104128000632	0.0293845322553256	-0.0391307394101607	-0.0316978009020151	-0.0117490477896092	-0.00554878563642927	-0.0222052832527796	-0.0101930534510974
0.0524116681969664	0.0535103458439226	-0.0321645835573475	-0.0307511486449717	0.016810480180887	0.00171880584210823	0.0208710321891048	0.00533218885075317	0.0033989641210692	0.0294370029754344	-0.0391645240719049	-0.0316796624613896	-0.0117758810588278	-0.00553341881211625	-0.0222316694871091	-0.0101896001065791
0.0523840176920912	0.0535029683712683	-0.032190334163944	-0.0306566245146542	0.0167972689029299	0.0017135517851772	0.0208563009925247	0.00532899115431203	0.00337889085756431	0.0294655894596087	-0.0391773330184618	-0.0316610001517534	-0.0117856725198832	-0.00552394306945123	-0.0222474512156786	-0.0101852205616499
0.052370756122709	0.0534979098921013	-0.0321885530093077	-0.0306234391590582	0.0168081472175595	0.00172197140791671	0.020863088937919	0.00533633789331768	0.00338011321858921	0.0294570664600511	-0.0391903040151661	-0.031674038203691	-0.0117741907081533	-0.00551869739442437	-0.0222827292533492	-0.0101834394070136
0.0523509860047383	0.0534831912683775	-0.0322011258655639	-0.0306013668114086	0.0167993965096052	0.00171143256040603	0.0208612896224904	0.00532468145858424	0.00338613701371991	0.0294560047521895	-0.039175428929231	-0.0316636111149026	-0.0117746489189147	-0.00551294182022713	-0.0222680776848588	-0.0101759180450044
0.0523703384244845	0.0534922618856742	-0.0321791582917164	-0.0306155643600898	0.0168254097491991	0.00172877332315127	0.0208735565392442	0.00533779774162742	0.00338345061343319	0.0294270327004233	-0.0391855808121658	-0.0316825695851528	-0.0117770000430346	-0.00552682644448596	-0.0222841974835631	-0.0101877239570289
0.0523535634402708	0.0534722011950256	-0.0321686641476946	-0.0306380837426285	0.0168150497156441	0.00170701389992403	0.0208747523575726	0.00532155919928064	0.00341102149021882	0.0294139681057892	-0.039162860263927	-0.0316871405168939	-0.0117547712331738	-0.00552024385574387	-0.0222712669993957	-0.0101660986442684
0.0523666908991862	0.0534691012874664	-0.0321519604096663	-0.0307097364504321	0.0168256290756916	0.00170118707954133	0.0208842588338862	0.00531381012887479	0.00343346962657209	0.0293871977008519	-0.0391412391421186	-0.0316922297297096	-0.0117419119951918	-0.00552861877499447	-0.0222456225635854	-0.0101700255663723
0.0524128304876781	0.0534908998262465	-0.0321144932980231	-0.0308015294769739	0.0168648396234023	0.00172873001664639	0.0209030845906537	0.00533849204268956	0.00343593390639828	0.029352692195349	-0.0391490343129974	-0.0317170569298633	-0.0117410570409664	-0.00554852859136803	-0.0222595421124449	-0.0101962609264268
0.0524421392125951	0.0534895866612597	-0.03207496982589	-0.0309258889951872	0.0168871075488159	0.00172746155514855	0.0209089239838927	0.00533831881667004	0.00346504146561521	0.0293137163409551	-0.0391223407421816	-0.031730931775234	-0.0117233935749106	-0.00556302928558342	-0.0222415210184778	-0.0101902203674877
0.0524439734526245	0.0534738971336361	-0.0320539801408625	-0.031030493762254	0.0168771177160284	0.00170488769023271	0.0209054832122306	0.00531932123086705	0.00350695238345294	0.0292973562609978	-0.0390815474115667	-0.0317308633230166	-0.0116973747473806	-0.00555453422570637	-0.022203879283831	-0.0101763161854525
0.052495251148373	0.0535104673815331	-0.032038197015309	-0.0310735180763624	0.0168952030712608	0.0017231295076763	0.0209144043522363	0.00533090222846296	0.00348677155217785	0.0292704475546417	-0.0390826398530769	-0.0317438245408326	-0.0117278597328496	-0.00558497450768644	-0.0221745062976487	-0.0102010567725965
0.0524937004961014	0.0534997525140348	-0.0320340032692556	-0.0311277517903151	0.0168917078172216	0.00171927662572582	0.0209128536999647	0.00532984331456939	0.00351224415895273	0.0292849901583779	-0.0390816200547362	-0.0317499349489731	-0.011695726306227	-0.00556629683122598	-0.0221947206565405	-0.0101943149276751
0.052487446198606	0.0535017907137323	-0.0320394976074395	-0.0311160799887574	0.0168821678132913	0.00171709034572128	0.0209098851089043	0.00532674061304219	0.00350522990214585	0.0292955220209684	-0.0390810347184282	-0.0317458403887856	-0.0117028299700117	-0.00556202345708293	-0.0221940235615103	-0.0101845430243961
0.0524687671251615	0.0534959862450941	-0.0320747393235254	-0.03104640261637	0.0168517317222633	0.00170124994382261	0.0208972186547182	0.00531592935364596	0.00348458387518929	0.0293296377679274	-0.0390836428876094	-0.0317170667087515	-0.0117242583080242	-0.0055553556523151	-0.022165093419265	-0.0101785457719619
0.0524690213762547	0.0535137866155847	-0.0320863985522268	-0.0309802777743671	0.0168542882030354	0.00171896090733539	0.0208965564842887	0.00532811943627827	0.00345712196315788	0.0293443535976831	-0.0391134293810641	-0.0317220874693498	-0.0117374151036042	-0.00555210626746491	-0.0221971597906542	-0.0101933342448871
0.0524452810296751	0.0534990987255095	-0.0321084625179723	-0.0309486304981864	0.0168420590048503	0.00170764813067294	0.020886897736716	0.00531863950266117	0.0034519335644762	0.0293913118188157	-0.0391151756110997	-0.0316958046118384	-0.0117365461795385	-0.00554580586949657	-0.0221899206194187	-0.0102025236058263
0.0524390253351957	0.0535155747551411	-0.0321352147621172	-0.0308341867726072	0.0168340822260478	0.00172671696266138	0.0208840618591382	0.00533294741308062	0.00341796170687219	0.0293978189704202	-0.0391472028669361	-0.0317015015127065	-0.0117633431271724	-0.00554955816859701	-0.0222115096105945	-0.0102056724078265
0.0523925574554571	0.0534992146751838	-0.0321723396126735	-0.0307258241185038	0.0168077085645745	0.00171525191473983	0.0208682158693034	0.00532213056574828	0.00339914293502485	0.0294520456994528	-0.0391635182434044	-0.0316753709264542	-0.0117665380296454	-0.00552452281782304	-0.0222379056238122	-0.0101902483071683
0.0523787901778567	0.0535016971158024	-0.0321932594484996	-0.030637220406499	0.0168051395109462	0.00171981306759274	0.0208639480830965	0.00532318249472171	0.00337071291306172	0.0294666204338217	-0.0391865167914649	-0.0316679934537999	-0.0117871449410492	-0.00552277798477149	-0.0222472696077549	-0.0101877211630608
0.0523548081530402	0.0534869463614459	-0.0321983095457625	-0.0306082064452119	0.0168005811520614	0.00170832566792675	0.0208603732009677	0.00531659012709142	0.00338358891485201	0.0294682758598954	-0.0391833190950238	-0.0316627393968689	-0.0117693739072232	-0.00551388059349425	-0.0222592487457989	-0.0101844117078974
0.0523533022042575	0.0534852839504521	-0.032195635718332	-0.0306021798561132	0.016811659235407	0.00171824146056073	0.0208683443918341	0.00532250495746791	0.00338422873353704	0.0294523083324502	-0.0391876637153523	-0.0316736777818117	-0.0117652919198921	-0.00551561005972148	-0.022270790627842	-0.0101850235869019
0.0523690057017214	0.0534916220669892	-0.0321712150405306	-0.0306349572923729	0.016835319953897	0.0017309498242676	0.0208777894008505	0.00532989360599441	0.0033899410012294	0.0294247612043931	-0.0391847230639724	-0.031692395970809	-0.0117615019022229	-0.00552514168174764	-0.0222823115551247	-0.0101970362525626
0.0523749819993951	0.0534825109371556	-0.0321559627689079	-0.03069029182974	0.0168372282340799	0.00171803889787661	0.020877618968799	0.00531856965345974	0.00341315049387818	0.0294100844901901	-0.0391606195015454	-0.0316974390831517	-0.0117490435986571	-0.00552638499753297	-0.0222614042921548	-0.0101910376031444
0.052400014556201	0.0534892150635082	-0.0321236211916651	-0.0307683231666175	0.0168637807095087	0.00173509188191198	0.0208944707871343	0.00533025821882584	0.00343402562621541	0.0293627644501942	-0.0391547647414821	-0.0317208874600694	-0.0117331976088223	-0.00553890337141197	-0.0222701899247098	-0.0101997338287215
0.0524124211713578	0.0534836732278673	-0.0321109240038304	-0.0308443177007815	0.0168600046616798	0.00171649662750919	0.0208880125299707	0.00531890492962657	0.00344808627046183	0.0293631905303229	-0.039128544748252	-0.0317114089234363	-0.0117305587059925	-0.00553586213718202	-0.0222369961872096	-0.0101921775421116
0.0524494649968404	0.0534887764105232	-0.0320684934079341	-0.030979538769816	0.0168891359696252	0.00172495257183344	0.0209072643668669	0.0053285231646625	0.00349156739834754	0.0293044124273255	-0.0391105446090453	-0.0317426720290091	-0.0116961747381001	-0.00554995910301317	-0.0222371680162451	-0.0101995466328617
0.0524328478718219	0.0534599775847766	-0.0320648375007316	-0.0310639934392564	0.016864382809625	0.00169096814137317	0.0209064722769227	0.00531090021114352	0.00352649339604299	0.0293037544478481	-0.0390631239861994	-0.0317263426827005	-0.0116774761068792	-0.00553919534107392	-0.0221847629543856	-0.0101760647283274
0.0524650232079653	0.0534836816097714	-0.0320498953595633	-0.0310872727811066	0.0168772685903035	0.00170792193954252	0.0209155806127883	0.00532637879417882	0.0035060080222497	0.0292875829607347	-0.0390760097668779	-0.0317380438209228	-0.0116992802335954	-0.00556267584862422	-0.0221642999323368	-0.0101919679945073
0.0524757324875274	0.0534924909910549	-0.0320412871439799	-0.0311123486444174	0.0168779419366052	0.0017052648759204	0.0209146446334892	0.00532146420436671	0.00350601081621776	0.0292961464728292	-0.0390780409816552	-0.0317400079804668	-0.0116967740442483	-0.00555809094704282	-0.0221748695134961	-0.0101882771627041
0.052502023726943	0.0535225373235389	-0.0320438967101451	-0.0310948416405727	0.0168912021090033	0.00172766691180073	0.0209224509802402	0.00533646781283233	0.00347921666255195	0.0292982754764885	-0.0390990683852516	-0.0317449644797998	-0.0117241940467589	-0.00557741961806055	-0.0221797813093402	-0.0102156748134702
0.0524597384173856	0.0534972393397676	-0.0320814210981335	-0.0310625168271383	0.0168567622617498	0.00170339710827435	0.0208993211156811	0.00531405320409574	0.00348948030420903	0.0293401891882943	-0.0390889388540612	-0.0317176017536344	-0.0117045650241751	-0.00553950686851226	-0.0221770055020756	-0.0101886250117272
0.0524507404432583	0.0535052957466597	-0.0321023325520554	-0.0309698143639939	0.0168428916073312	0.00170483739880769	0.0208913513217987	0.00531377241030602	0.00345605187339209	0.0293701279530082	-0.039110431453339	-0.0317044938524954	-0.0117316679113111	-0.00554170991232514	-0.0221835671360573	-0.0101910515729846
0.052436882361696	0.053504915767004	-0.0321149836394171	-0.0309128174156329	0.0168353367177053	0.00170950891339885	0.0208856292752182	0.00531506881148443	0.0034440936901085	0.029385975339827	-0.0391266364680691	-0.0316974083495031	-0.0117364511846246	-0.00553571964481112	-0.0222014261798771	-0.0101919679945073
0.0524155825462142	0.0535141260827036	-0.0321497168533166	-0.0307838688048862	0.0168225752686054	0.00172448597916793	0.0208782545965319	0.00532611197022938	0.00340196204879427	0.0294189902633715	-0.0391555135249214	-0.0316900532285933	-0.0117670493257999	-0.00553813223622826	-0.0222205131726579	-0.0101972416092147
0.0523923381289647	0.0535135463343318	-0.0321747270583781	-0.030682926929942	0.0168171898951757	0.00173137171344419	0.0208753279149923	0.00533167895158278	0.00337105098319661	0.0294476018932583	-0.0391841000090957	-0.0316797476774153	-0.0117841693650686	-0.0055308441705518	-0.0222436011276962	-0.0101999894767987
0.0523644124182358	0.0535011327342549	-0.0322006858155949	-0.0306128178894899	0.0167988754345626	0.0017133701772535	0.0208629813701488	0.00531738780497167	0.00336840509544671	0.029468648854631	-0.0391829237485437	-0.0316590359922094	-0.0117851835754733	-0.00551900612789466	-0.0222466046433574	-0.010188956096942
0.0523826081352065	0.0535183226227251	-0.0321892626771942	-0.0306009030127112	0.01682397784057	0.00174535692055308	0.0208765949795061	0.0053418420103898	0.00336158921037187	0.0294413587716351	-0.0392044247297257	-0.0316840461972709	-0.0117888925680688	-0.0055315217078056	-0.0222880433805935	-0.0102045562175877
0.0523476681676707	0.053481058073766	-0.0321953688943826	-0.0306230801341629	0.0168073663034876	0.00171808360136552	0.0208712934251181	0.00532388936864011	0.00339202809536792	0.0294502282232318	-0.039182546562856	-0.0316726062950619	-0.0117604429883293	-0.00550497202634478	-0.0222786151353854	-0.010173983222125
0.0523451452145154	0.0534739530129973	-0.0321796751758069	-0.0306343649711448	0.016811660632391	0.0017089221801069	0.0208752971813437	0.00531320802875853	0.00339822232255009	0.0294313661448796	-0.0391701161989708	-0.0316754645243841	-0.0117564839355926	-0.00551171945920223	-0.0222593674894413	-0.0101705829629997
0.0523708483236549	0.0534757174038252	-0.0321533238660781	-0.03069853822646	0.0168308370321497	0.00171137947501295	0.0208799002437175	0.00531673820739844	0.00341748812928654	0.0294038050469822	-0.039155052520192	-0.0316849877645061	-0.0117459576609382	-0.00553168096398485	-0.0222447508455516	-0.0101924220143166
0.0523845220033255	0.053474773042622	-0.0321350233753053	-0.0307763055333561	0.0168469917554547	0.0017139443376892	0.0208901317547419	0.00531807372412964	0.00343878375381634	0.0293759715371992	-0.0391407082881878	-0.0317031653206844	-0.0117225609724296	-0.00553045720597592	-0.0222475280498002	-0.0101874431632391
0.0524022525246146	0.0534697941915446	-0.0321065416649332	-0.0308669586209308	0.0168580838086407	0.0017031540330534	0.0208989439299934	0.00531068088465105	0.00345617899893868	0.029356866383626	-0.0391211449238533	-0.0317078088955949	-0.0117116477331993	-0.00553257503376306	-0.0222270929674319	-0.010182184915356
0.0524430067396768	0.0534801500341475	-0.0320603783277128	-0.0309780845094424	0.0168828118229284	0.00171764494838058	0.0209122725546089	0.00533042445992523	0.00349087589125346	0.0292962777893278	-0.039110431453339	-0.0317440564401813	-0.0116912783090804	-0.0055499800577736	-0.0222284941424124	-0.0101907610003067
0.0524889717051651	0.0535055513947369	-0.0320372344933134	-0.0310575575338373	0.0169022676194927	0.00173473146003264	0.0209174008829774	0.00533765385227249	0.00349081861490829	0.0292666715068127	-0.0391006763138683	-0.0317624868504687	-0.0117044337076764	-0.00556744934304945	-0.0222154309447623	-0.0101987978494224
0.0524771979237733	0.0534905366103991	-0.0320545291555857	-0.0311063681557915	0.0168680526866678	0.00169734257949502	0.0208975804735816	0.00530214251826912	0.00351331005776644	0.0292981930544308	-0.0390597223300901	-0.0317262490847706	-0.0116962697330141	-0.00555114933340542	-0.0221605071206995	-0.0101895609910263
0.0524922923362008	0.053502412371625	-0.032042027545515	-0.0311304787031387	0.0168824094915282	0.00171388985531209	0.0209021695661151	0.00531813100047481	0.00351588749329895	0.0292985576672623	-0.0390783343483012	-0.0317381332279007	-0.0116890654863793	-0.00555916662474473	-0.0221869198977256	-0.010201623948112
0.0524756360956295	0.0534970214102592	-0.0320643611291779	-0.0310986540099864	0.0168604782392655	0.00169960289965306	0.0208929788081919	0.0053072862134619	0.00350528857547504	0.0293278342615466	-0.0390753210537518	-0.0317196301744437	-0.0117005137704925	-0.0055462291556572	-0.0221734236350267	-0.0101879935749464
0.0524752030305806	0.0535092170808276	-0.0320802392496454	-0.0310422242371409	0.016854613700314	0.00171935345984738	0.0208887012430967	0.00532247701778734	0.0034788604316247	0.0293404769670042	-0.0390995140231567	-0.0317172022162023	-0.0117200575770506	-0.00554485172940514	-0.0221901734735278	-0.0101946404249538
0.0524508424230924	0.0535069176451168	-0.0321061868309899	-0.0309572624624982	0.0168355728080061	0.00171014733509985	0.0208783775311264	0.00531244387849496	0.00345686910904873	0.0293803552730805	-0.0391146880636737	-0.031701821422049	-0.0117340022716227	-0.0055337848219317	-0.0221956021534624	-0.0101881779768381
0.0524430221065011	0.053513849479866	-0.0321300780518446	-0.030883565967061	0.0168293171135267	0.00171596158262629	0.0208788273599836	0.00532033683825574	0.00343443075158366	0.0293915562910207	-0.0391267999152005	-0.0316940402210105	-0.0117509644516962	-0.00554017462687786	-0.0221982592170846	-0.0102034190725886
0.0524095322083869	0.0535111155821223	-0.0321588517318787	-0.0307712330843488	0.0168189165674349	0.00172677284202252	0.0208704831743816	0.00532857764703961	0.00340319837965946	0.0294382197485232	-0.0391658330459396	-0.031687587551783	-0.0117634660617669	-0.00552227786448931	-0.0222443107955826	-0.0101932560137816
0.0523801606191886	0.0535060850426358	-0.0321941018298688	-0.0306582911166002	0.0167988656556744	0.00171657904956687	0.0208600211609925	0.00531778035748367	0.00337331270033868	0.0294736682182453	-0.0391743504575611	-0.0316606998001873	-0.0117917200637424	-0.00551859122363821	-0.0222359526401404	-0.0101927656723876
0.0523723850060862	0.0535047914354255	-0.0321967365417464	-0.0306111261418314	0.0168059539526348	0.00172205802092647	0.0208697469637986	0.00532743910505641	0.00336184904940117	0.0294669654888768	-0.0391930337219577	-0.0316690118551566	-0.01178738103135	-0.0055173143802362	-0.0222646718377974	-0.0101919135121302
0.0523557203836108	0.0534909654844958	-0.0322051310187734	-0.0306010133744494	0.0168042649989444	0.00171804448581272	0.0208675886234747	0.00532586191008829	0.00337920378198668	0.0294599121165171	-0.0391834573964426	-0.0316690691315018	-0.0117742284267221	-0.00551240956931229	-0.0222720604863239	-0.0101841923814049
0.0523417561312623	0.0534753695548021	-0.0321958718086328	-0.0306168104698432	0.0168099032264832	0.00170890821026661	0.0208703658277232	0.00531898316073217	0.00339686724804249	0.0294471772101137	-0.0391734605787349	-0.0316722374912784	-0.0117573249199778	-0.00550987823425272	-0.0222682774535748	-0.0101754696131312
0.0523486530414108	0.0534758515142919	-0.0321691489011525	-0.0306589085835407	0.0168226115901901	0.00171216178606889	0.0208759886884378	0.00532040389348911	0.00341067084722767	0.0294235863408251	-0.0391683965116318	-0.0316856359650953	-0.0117416884777473	-0.00551283844340902	-0.0222762668052336	-0.0101770440141313
0.0523713037404482	0.0534787879747198	-0.0321440618619695	-0.0307296658245821	0.016836500405401	0.001715701743597	0.0208817191169225	0.00532164162133832	0.00342601252582818	0.0293911176380357	-0.0391483162632068	-0.0316943671152731	-0.0117410542469983	-0.00553209726522533	-0.0222492128125385	-0.0101840093764972
0.0523999488979517	0.0534912951727265	-0.0321219434138469	-0.0307900253134996	0.016857657728512	0.00172849951428169	0.0208919464369948	0.00533222656932194	0.00343317765691014	0.0293623188122891	-0.0391461802746272	-0.0317144264089377	-0.0117397676247081	-0.0055421206256295	-0.0222499154955048	-0.0101926916322341
0.0524190638304131	0.0534836774188194	-0.0320856399898994	-0.030912575737396	0.0168741128033832	0.00172003239408521	0.0208966221425381	0.0053268886933492	0.00347082218552496	0.0293315446511262	-0.0391193539903288	-0.0317264027530137	-0.0117104602967751	-0.00554294344922227	-0.0222391154119808	-0.0101862724906233
0.0524446621657505	0.0534835935997776	-0.0320583205702389	-0.0310301179735503	0.0168792369407996	0.00170743159814853	0.0208985723322418	0.00531712656895835	0.00350565179132244	0.0293022023985925	-0.0390838314804532	-0.0317327674122473	-0.0116896228830067	-0.00554877166658899	-0.0222058951317841	-0.0101891502777219
0.0524746190912567	0.053498485449521	-0.0320349797610914	-0.0310933231189338	0.0168921841887753	0.00172122821241357	0.0209076303766823	0.0053272127936438	0.0035169897136974	0.0292783586751948	-0.0390849881832288	-0.0317507549785978	-0.0116872927136472	-0.00556307119510427	-0.0222058448403591	-0.0101964537102227
0.0524784426365426	0.0535019513668956	-0.0320419521083775	-0.0311115383936809	0.0168813449896985	0.00170833265284689	0.0209051507300318	0.00531541246955543	0.00350554701752031	0.029299527174178	-0.0390732744721502	-0.0317334533314053	-0.0117022222819593	-0.00556087932716362	-0.022175847402316	-0.0101965417202165
0.0524849148635465	0.0535122010387124	-0.0320471921954682	-0.0311045073730656	0.0168803740857987	0.00171122860073788	0.0209133440413587	0.00532365048437124	0.00349845173563977	0.0293022219563689	-0.0390808614924087	-0.0317363688370727	-0.0117116868487521	-0.00556918160324474	-0.0221721914951136	-0.0102043969614085
0.052489065303095	0.0535225205597306	-0.0320581068316825	-0.0310722160872479	0.0168750697374427	0.0017207434589557	0.0209048433935456	0.00532692920588603	0.00347931165746589	0.0293164977361557	-0.0390988392798709	-0.0317309443480902	-0.0117218191739105	-0.00556715457941945	-0.0221820555993385	-0.0102038451527173
0.0524743564582594	0.0535231897150802	-0.0320808623045221	-0.0310099008206905	0.0168603608926071	0.00172201611140562	0.0208961695197129	0.00532648077401289	0.00346131710619534	0.0293432066737958	-0.0391119164473613	-0.0317234132071928	-0.0117314988762437	-0.00555267204599644	-0.0222009218686428	-0.0101959116804196
0.0524484703442121	0.0535133745052963	-0.0321025462906118	-0.0309547618610873	0.0168407109152628	0.00171077038997654	0.020878553551114	0.00531527975607273	0.00345311122201218	0.0293828558744914	-0.0391188035786216	-0.0317023830096284	-0.0117334462719794	-0.00553966612469151	-0.0222028022091451	-0.0101887172126731
0.0524328157411892	0.0535207869025513	-0.0321350094054651	-0.0308442632184044	0.0168241398907173	0.00172082029307726	0.0208690009743274	0.00532367563008375	0.0034248055316276	0.029400505370707	-0.039133452353144	-0.0316954847024959	-0.0117569016338172	-0.00554170851534111	-0.0222114830678979	-0.0101982474377152
0.0524147625165895	0.0535268512102188	-0.0321630538598363	-0.030740365325256	0.0168217999424696	0.00173676407179404	0.0208594637643652	0.00533327151337522	0.00338744039981847	0.0294422877660141	-0.0391744161158104	-0.0316864029093269	-0.0117744854717833	-0.00553262672217211	-0.0222524021270755	-0.0101988886533843
0.0523744986429213	0.0535028817582586	-0.032194309980489	-0.0306612038282995	0.0168011832521776	0.00171775670710286	0.0208496653183896	0.00531728163418551	0.00338220170971175	0.0294723871838912	-0.0391729045790916	-0.0316618914275636	-0.0117702246704965	-0.00551146800207711	-0.0222590936805718	-0.0101867600380492
0.0523296386917995	0.0534692200311089	-0.0322052623352721	-0.0306179084992896	0.0167808431647233	0.0016888782532666	0.0208476983648775	0.00529843911360968	0.00340050778842065	0.0294825795793628	-0.0391629133493201	-0.0316468040000563	-0.0117487669958194	-0.00549497241466909	-0.022256456174726	-0.0101647212180163
0.0523507764571341	0.053488077918509	-0.0321969321195104	-0.0305919204054082	0.0168052666364928	0.00170943487324534	0.0208612588888417	0.00531253607944084	0.00337698676833352	0.0294543199894512	-0.0391812934681825	-0.0316633959793622	-0.011770835152517	-0.00551784523416701	-0.0222587206858362	-0.010177714566465
0.0523849802140868	0.053507417765399	-0.0321701044382279	-0.0306211285474752	0.0168402974079904	0.00173896711560692	0.0208836385729776	0.00534115190027975	0.00337408662949045	0.0294148523966792	-0.0391942071885416	-0.031692738231896	-0.011777266866984	-0.00554408059422143	-0.0222835478859899	-0.0102023182491741
0.0523848600734603	0.0534968370083674	-0.0321531254943461	-0.0306886615493788	0.0168418536481981	0.0017229772364172	0.020875851784003	0.00532473733794538	0.00340590713169064	0.029404875136748	-0.0391636830875198	-0.0316952500091791	-0.0117551693736219	-0.0055360870516106	-0.0222757108055903	-0.0101902119855835
0.0523768986614822	0.0534737881688819	-0.032140456246192	-0.0307707413459708	0.0168421623816684	0.00170918201913619	0.0208806085146199	0.00531606067014464	0.00345000293254887	0.029379792288517	-0.0391357923013916	-0.0317006856740338	-0.0117147169071098	-0.00552634588198017	-0.0222612310661353	-0.0101785262141855
0.0523932224198547	0.0534734822293797	-0.0321215396854627	-0.0308306593879353	0.0168489866486474	0.00170154470745262	0.0208877010025324	0.00531213374804064	0.00345468143206017	0.0293699198023879	-0.0391206978889642	-0.0316992258257241	-0.01172208599786	-0.00553478785646414	-0.0222327032552902	-0.010179972092655
0.0524427888101684	0.0534936113722457	-0.0320763095335733	-0.0309468088310133	0.0168824821346977	0.00171407425720384	0.020908008959354	0.00532231636462406	0.00347807392961668	0.0293071910285581	-0.0391074307316459	-0.0317280917067041	-0.0117096905585755	-0.00556280437115483	-0.0222216936241619	-0.0101957174996397
0.0524509946943515	0.0534811195410633	-0.0320494175910255	-0.0310603752506227	0.0168848989170669	0.00170708095515739	0.020912035067324	0.00532205093765866	0.00352032152060527	0.0292863396449494	-0.0390831315914549	-0.0317427963605876	-0.011674372008368	-0.00555406204510475	-0.0222161475975689	-0.010184538833444
0.052464863951786	0.0534879479989943	-0.0320469700750077	-0.031093332897822	0.0168771987411021	0.00170125832572678	0.0209033067111143	0.00531184736631481	0.00351510238827495	0.0292882730708448	-0.0390650378543184	-0.0317313410915543	-0.0116933151117939	-0.00556314802922583	-0.0221705388630079	-0.0101861146314281
0.0524807937606625	0.0534965911391784	-0.0320396903912354	-0.0311144175777635	0.0168847913492967	0.00170672751819819	0.020905601955873	0.00531836709077562	0.00351203321436443	0.0292895401353586	-0.0390762877666995	-0.031736578384677	-0.0116913327914575	-0.00556404908392419	-0.0221816099614334	-0.010190480206517
0.0524911523972335	0.0535108613310291	-0.0320491354002518	-0.0311004603103352	0.0168813142560499	0.00171523095997941	0.0209033542085712	0.00532519415172268	0.00349693321400085	0.0292996305509961	-0.0390873421013167	-0.0317418212657358	-0.0117054716668095	-0.00556039597068977	-0.0221922396129059	-0.0101868047415381
0.0524586809004761	0.0534896327617327	-0.0320826350772542	-0.0310557735852329	0.0168472110819472	0.00169547760581703	0.0208934132702247	0.00531292863195284	0.00349242374955699	0.0293410986248968	-0.0390731655073959	-0.0317079751366943	-0.0117112551806873	-0.00554990741460412	-0.0221628414810111	-0.0101873132437245
0.0524799751280218	0.053522639303373	-0.032090822800645	-0.0309797399355161	0.0168568824023762	0.00172361146716612	0.020894456817294	0.00532809848151785	0.00344646157803673	0.0293504123174146	-0.0391180324434379	-0.0317152911420514	-0.0117482766544255	-0.00555733517868343	-0.0221921068994232	-0.0102009324410179
0.052417046585476	0.0534773015837135	-0.0321307737498908	-0.0309307979970632	0.0168131093048286	0.00168457693944298	0.0208681627839104	0.00529760232017664	0.00346826849872094	0.0294046069158145	-0.0391004276507113	-0.0316760051572031	-0.0117137739428906	-0.0055207314031698	-0.0221878908016254	-0.0101702742295294
0.0524330560224421	0.0535174062012024	-0.0321385242172807	-0.0307995653174299	0.016835220768031	0.00173605859485967	0.0208825628952757	0.00534056796095585	0.0033995871759459	0.0294037631374613	-0.0391619117117717	-0.0316999829910675	-0.0117678372247919	-0.00554567036204581	-0.0222329016270222	-0.0102018293047642
0.052393188892238	0.053500941347443	-0.0321804477079746	-0.0306947272540304	0.0168086529257778	0.00172241006090165	0.0208678191258394	0.00532756762758703	0.00337889784248445	0.0294554040490572	-0.0391713581177721	-0.0316717890594052	-0.0117800999505937	-0.00552889817180016	-0.0222369836143534	-0.010190577995399
0.0523694555305786	0.0534915801574683	-0.0321961120898857	-0.0306305512047471	0.0168070254393846	0.00171774273726257	0.0208712431336931	0.00532421905687082	0.00337123538508837	0.0294667182227037	-0.0391861954851384	-0.0316657051939613	-0.0117771006258846	-0.00552169671913347	-0.0222553302055991	-0.0101865281387005
0.0523413663727184	0.0534726105113459	-0.032205403430659	-0.030601531655524	0.016797667043378	0.00170317638479785	0.0208701548831349	0.00531148554745144	0.00338881084115038	0.0294669040215795	-0.0391764207878912	-0.0316604008456052	-0.0117593687076114	-0.00551140793176388	-0.0222597041625922	-0.0101779380839095
