0.0524936110891236	0.0535398068400987	-0.0320114727108446	-0.0309803867391213	0.0168094310458816	0.00163069666244944	0.0209152676883659	0.00528375401750255	0.00344735704479897	0.029375715889122	-0.0391528997678041	-0.0317711467544611	-0.0117848874148592	-0.00555934543870037	-0.0221170930480472	-0.0101184084035049
0.0524872017264011	0.0535531564194746	-0.0320351599720311	-0.0308854756442279	0.0168091237093954	0.00165651851523143	0.0209151391658353	0.00529978580621311	0.00342147931265584	0.0293862491486966	-0.0391853042093282	-0.0317758350328606	-0.0117974882107959	-0.00555893751936407	-0.0221582146699088	-0.0101322385453866
0.0524347254183561	0.0535299161931772	-0.0320788743962496	-0.0307842390056537	0.0167799379190729	0.00164005086750398	0.0208989397390413	0.00528785556261009	0.0034050563684173	0.0294443692722165	-0.0391987096680653	-0.0317480015230777	-0.0117977731955377	-0.00552909235258012	-0.0221726930123798	-0.0101114681868515
0.0524173245852977	0.05352641814517	-0.0320961858223302	-0.0307010346369189	0.0167743164553423	0.00163934678755364	0.0208924018537881	0.00528806790418242	0.00338340870391234	0.0294631782651756	-0.0392174739575355	-0.0317371273994002	-0.0118130282611285	-0.00552814240344077	-0.0221802367261334	-0.0101112334935347
0.0524076253251881	0.0535213233444182	-0.0320958715009238	-0.0306703219430532	0.0167794811052955	0.00164406440261774	0.0208960912886073	0.00529099737969009	0.00338414770846339	0.0294526072870323	-0.0392216746885091	-0.031740702281529	-0.011810009378643	-0.00552773867505654	-0.022195680384568	-0.01011433898903
0.0524011530981842	0.0535139793993806	-0.0320957052598244	-0.030664813635029	0.0167855705586756	0.00164226369020506	0.0208945140936391	0.00528763204516554	0.00338746554553098	0.0294428940570824	-0.0392155628833846	-0.0317428382701085	-0.0118057527683083	-0.00552549372172281	-0.0221950224050906	-0.0101102835443954
0.0523914943506115	0.0534989115296497	-0.0320831910768975	-0.0306927561095662	0.016787311200775	0.00163439308218873	0.0208965453084165	0.00527949321621575	0.00341044034486298	0.0294294802164412	-0.0392031828109244	-0.0317465291019117	-0.0117819956579203	-0.0055205791319107	-0.0221990261613162	-0.0101008091987144
0.0524223425519279	0.0535145158412475	-0.0320506441430025	-0.0307413236562996	0.0168131973148224	0.00164610819025137	0.0209079251403123	0.00528756498993218	0.00341299123769894	0.0293943460681255	-0.0391989108337654	-0.0317650782558415	-0.0117928334600131	-0.00554303984112023	-0.0221912226085332	-0.0101159385357426
0.0524619805767513	0.0535334561507054	-0.0320205056095726	-0.0308254695922696	0.0168431793860411	0.00167251398235726	0.0209230656532127	0.00530961219186928	0.00342951755875558	0.0293446218186166	-0.0391954602832151	-0.0317970552202529	-0.0117816268541368	-0.00556095755826921	-0.0222093638431268	-0.0101275083574663
0.0524375822506943	0.0534935904174853	-0.0320193111882283	-0.0309144197563135	0.0168180434524171	0.00162596507754505	0.0209086809086717	0.00527090874936089	0.00347394025387648	0.0293659104582263	-0.0391471260328145	-0.0317728161503751	-0.0117457425253978	-0.00553177875286684	-0.0221688527032855	-0.0100945744589954
0.052495346143287	0.0535196371846959	-0.0319663529206935	-0.0310135651097971	0.0168590211849238	0.0016516765685888	0.0209330065915592	0.00529411684502564	0.00348241854994518	0.0292921566864439	-0.0391424698850477	-0.0318061132646934	-0.011749825909713	-0.00557164728005496	-0.0221573122182265	-0.0101200931662432
0.0525278777103576	0.0535307334288339	-0.0319396775106701	-0.0311157251548141	0.016875280682031	0.00165488264693411	0.0209410629984513	0.00529575830125907	0.00350144966336485	0.0292661266830417	-0.0391251151524621	-0.0318194921807339	-0.0117430659039993	-0.00558178519314947	-0.0221385046222514	-0.0101298063961931
0.052540021692517	0.0535370659574349	-0.0319400952088946	-0.0311606228245047	0.0168691856407148	0.00165055339342992	0.0209357502681911	0.00528968561168737	0.00350807276464376	0.0292688382290409	-0.0391115630104021	-0.0318209604109479	-0.0117401978957889	-0.0055807947314733	-0.0221209515179338	-0.0101239879577146
0.0525243293709253	0.0535215300980544	-0.0319492831728498	-0.0311831324281552	0.0168417586532841	0.00162216528098765	0.0209216896239447	0.00526764539467041	0.00352691388823555	0.0292974023614707	-0.0390946441368335	-0.031798922987899	-0.0117250671617767	-0.00556271356719298	-0.0221029821123758	-0.0101066891044902
0.0525421353293521	0.0535424876524493	-0.0319483080779979	-0.0311647900278616	0.0168522779430184	0.00164544741680591	0.0209267997915208	0.00528817826592067	0.00350276562231965	0.0293026019360247	-0.0391191053271717	-0.0318091684687637	-0.011744230988679	-0.0055734507864357	-0.022118703770632	-0.0101249365098699
0.0525135949456507	0.0535272242049544	-0.0319771837378661	-0.0311273704136754	0.0168261068442293	0.00163436374552414	0.020916252562106	0.00528031324584046	0.0035027237127988	0.0293347688902639	-0.0391180072977254	-0.031791463093187	-0.0117374332643966	-0.00555306320152441	-0.0221220984418212	-0.0101087287011717
0.0525128168255468	0.0535455791781043	-0.0319963349919122	-0.0310347852971894	0.0168203219333675	0.00164241456448013	0.0209119875698671	0.00528557009673954	0.00346101954859728	0.0293597399797726	-0.0391413159762402	-0.0317795677741847	-0.0117815067135104	-0.00556175383916543	-0.0221221166026135	-0.0101220685016595
0.0524865940383487	0.0535326333271126	-0.032021998985499	-0.0309752444409125	0.0168042021346631	0.00163107803908921	0.0209156714167501	0.00528067087375174	0.00345591915990938	0.0293790700477743	-0.0391481598009956	-0.0317689995900094	-0.011775498285204	-0.00555002336427848	-0.0221293627587691	-0.0101165518117311
0.0524559344298761	0.0535326850155216	-0.0320557207829619	-0.0308530404690552	0.0167888087676536	0.00163732116071238	0.0209089728783337	0.00528539407675195	0.00342380668804725	0.0294153762656899	-0.0391765618832781	-0.0317630246893197	-0.0117909587074469	-0.00553774527165238	-0.0221543673758945	-0.0101168801029778
0.0524211299697912	0.053524993221461	-0.0320886029930238	-0.0307482582850168	0.0167679517961087	0.00163275861087544	0.0208932121045246	0.00527942336701433	0.00340201094323527	0.0294534161407848	-0.0391952283838664	-0.0317390217097427	-0.0118022714841093	-0.00552802505678238	-0.0221653672281345	-0.0101081210131193
0.0524227392953919	0.0535378678262672	-0.0320882900686014	-0.0306917754267782	0.0167863696335399	0.00165443980299709	0.0208980177295825	0.00529589660267789	0.00338030739936917	0.029451024504128	-0.0392238386167692	-0.0317494599744034	-0.0118121956586475	-0.00553372475161848	-0.0222050639262872	-0.0101223143708485
0.0523841741543024	0.0535042871241912	-0.0321105384362386	-0.0306645370321914	0.0167640318589248	0.00162376482770023	0.0208844865422829	0.0052711448396617	0.00340356718344297	0.0294609179450176	-0.0391987236379056	-0.0317266919287076	-0.0117970272060665	-0.0055194056653268	-0.0221798818921902	-0.0100995686768971
0.0523875800013638	0.0535050331136624	-0.0320955320338049	-0.0306605053362853	0.0167786135782139	0.0016315292649304	0.0208879370928332	0.00527667410244633	0.0034012956874127	0.0294401615563228	-0.0392056442967825	-0.0317400498899877	-0.0117910732601372	-0.00552279474857983	-0.0221886800976014	-0.0101045447340065
0.0524233148528117	0.0535301955899829	-0.032059551313168	-0.0306968772124502	0.0168144154848952	0.00166196675294241	0.0209063046388393	0.00529982492176591	0.00339657388139651	0.0293999451801115	-0.0392183009720804	-0.0317736054463512	-0.0117984325719991	-0.00554705197924996	-0.0222143901916611	-0.0101243316157856
0.0524183960720475	0.053510167029967	-0.0320506120123699	-0.0307748638458388	0.016811463657643	0.00163717727135745	0.0209038445499652	0.00528165155653972	0.00343403400811958	0.0293930147423464	-0.0391804608657015	-0.0317673036513989	-0.0117752328582386	-0.00554253832385401	-0.0221873236261098	-0.0101114137044744
0.0524143084967802	0.0535005138703303	-0.0320395898083854	-0.0308275888170408	0.0168081583934317	0.00162441721924152	0.0209063283875678	0.00527287011493684	0.00346023304658926	0.02937473380935	-0.0391575251819223	-0.0317687313690759	-0.011761215520497	-0.00554182027406339	-0.0221635162242968	-0.010101576142946
0.0524674791058873	0.0535273317727246	-0.0319951363796158	-0.0309250242620736	0.0168495496332109	0.00164359082503209	0.0209272677811703	0.00528895917999258	0.00345443975382325	0.0293335577051112	-0.0391610609484984	-0.0317914002289057	-0.0117728426185659	-0.00556862420661738	-0.0221594076942691	-0.0101186794184064
0.0525095017824473	0.0535392242977588	-0.0319549018426123	-0.0310501702822948	0.016872483920006	0.00165358345178764	0.0209347346608024	0.00529658252183586	0.00349044981112477	0.0292803619502916	-0.0391394007111371	-0.0318221548322922	-0.0117479637300031	-0.00558107273129496	-0.0221595404077519	-0.0101217178586683
0.0525114170475503	0.0535249121963873	-0.0319513772519085	-0.0311313140995877	0.0168511310191311	0.00163173881253467	0.0209236635623769	0.0052743802546716	0.00352412690509878	0.0292832159886618	-0.0391007168264052	-0.0318126623258188	-0.011728077662358	-0.00556956856782062	-0.0221231811044432	-0.0101076879480705
0.0525457018295767	0.0535481105131639	-0.0319274413275649	-0.0311768473970112	0.0168724964928623	0.00165898279505763	0.0209381670505604	0.00529954552496022	0.00351359643949228	0.0292733337236445	-0.0391216185014389	-0.0318324911171187	-0.011737356430275	-0.00558121662064989	-0.0221444851108772	-0.010128477864382
0.0525366256243438	0.0535418506277323	-0.0319400714601662	-0.0311850742359548	0.0168492939851336	0.00164051885715352	0.020930342543017	0.00528955289820467	0.00351659017626526	0.0292951476292488	-0.0391049007935704	-0.0318118395022261	-0.0117409564581163	-0.00557507128790871	-0.0221202572168716	-0.010121751386285
0.0525299382617996	0.0535445957013483	-0.0319605945525282	-0.0311445994176983	0.0168367281137977	0.00163219981726406	0.0209248398229289	0.0052843407507945	0.00349725172635933	0.0293210044066315	-0.0391127727985707	-0.0317947669604143	-0.0117613230882672	-0.00557286265615972	-0.0221020223843482	-0.0101219567429372
0.0524983314981558	0.0535372852839274	-0.0320002702959204	-0.0310469683949016	0.0168076918007662	0.00162323537075345	0.0209096168879708	0.00526871548443621	0.00348998601242733	0.0293480709721829	-0.0391209325822809	-0.0317817596421253	-0.0117540154648144	-0.00555744134946959	-0.0221093551535136	-0.0101121904275942
0.0525118277608547	0.0535574647182184	-0.0320007438735061	-0.0309899532857482	0.0168243843629222	0.00165186376444861	0.0209209003279686	0.00529247119784012	0.00344787113492144	0.0293684739239185	-0.0391666460906441	-0.0317853401121903	-0.0117813334874908	-0.00555981482533394	-0.0221570803188777	-0.0101343451973015
0.0524648863035305	0.0535393346594971	-0.032045561915107	-0.0308847240668206	0.0167899375307485	0.001640886263953	0.0209083358536167	0.0052850476247129	0.00343854766351552	0.0294097548019594	-0.0391752990097164	-0.0317680650076944	-0.0117829679588041	-0.00553482836900096	-0.0221688401304293	-0.0101164442439609
0.0524645077208588	0.0535643923620155	-0.0320679122625783	-0.0307625703863883	0.0168021876836941	0.00167115192292951	0.0209125617303028	0.00530433857716186	0.00337918282722626	0.0294300068794199	-0.0392222139243441	-0.0317675495205879	-0.0118301957978542	-0.00555022732394664	-0.0221971583936701	-0.0101305020942392
0.052412679613403	0.0535274281646226	-0.0321003167041024	-0.0307115804693497	0.0167729348381382	0.0016379651703495	0.0208944847569745	0.00528469698172175	0.00339599692699276	0.0294686586335192	-0.039207679702512	-0.0317352009584249	-0.0118085760730298	-0.00552071743332952	-0.0221937106370879	-0.0101170631078855
0.0523985086074184	0.0535167663825174	-0.0320980144744235	-0.0306783210736002	0.0167750582538615	0.00163950744071691	0.0208981057395763	0.00528516636835532	0.00340361887185202	0.0294560746013909	-0.03921494401946	-0.0317445439876072	-0.0117963720205572	-0.00551944338389557	-0.0222115026256743	-0.0101096646804708
0.052400700475359	0.0535160525236788	-0.0320907040570026	-0.030668149632889	0.0167848273631725	0.00164306276506933	0.0208996047034388	0.00528731353280705	0.00339816644318896	0.029439535707478	-0.0392124615788414	-0.0317464871923908	-0.0118041266788991	-0.0055285614986493	-0.0222045274844202	-0.0101142453911001
0.0524129184976719	0.0535185475371537	-0.0320706629241303	-0.0306992492913305	0.016801694548332	0.00165157039780264	0.0209069500454605	0.00529385421202829	0.00340812693931185	0.0294107382787154	-0.0392103912485112	-0.0317597054552681	-0.0117988376973674	-0.005538806979514	-0.0222111296309387	-0.010115617229416
0.0524115773930046	0.0535067011125924	-0.0320570730635015	-0.0307456068093308	0.0167965536471073	0.00163581241796164	0.0209028596762251	0.00527791741823165	0.00342824350932163	0.0294023116710558	-0.0391803058004744	-0.031755235106377	-0.0117905899036634	-0.00553827053764708	-0.0221824076393137	-0.0101124879851923
0.0524441774122926	0.0535227831927279	-0.032030440959983	-0.0308251231402306	0.0168256444425159	0.00165455435568742	0.020919835826139	0.00529728520480218	0.00344316329874555	0.0293572170266172	-0.039182350985092	-0.0317829847971183	-0.0117734125880495	-0.00554923406830241	-0.0221973274287376	-0.0101237867920145
0.0524482747664481	0.0535079039158409	-0.0320199286551689	-0.0309121091447305	0.0168223433692567	0.00162787335772793	0.0209120867557331	0.00527561099760067	0.00346359977809784	0.0293612920290282	-0.039146804726488	-0.0317688291579579	-0.0117657166030367	-0.00554187335945647	-0.0221577131526426	-0.0101060101702523
0.052488179615221	0.0535178574270436	-0.0319715971987363	-0.031037026059571	0.0168524581539581	0.00164169372072145	0.0209344231333641	0.00529251590132903	0.0035024093913924	0.0292961213271166	-0.0391308832995156	-0.031803735597877	-0.0117371664404471	-0.00556211705501283	-0.0221657527957264	-0.01011738022326
0.0525169588831912	0.0535269671598932	-0.0319444496081113	-0.0311222853918118	0.016866149994421	0.00164805418900301	0.0209436222731915	0.00529865285216604	0.00351404487136541	0.0292700494141936	-0.0391161409270633	-0.031817826975772	-0.0117379808821357	-0.00557826479339776	-0.0221439472720262	-0.0101236037871067
0.0525174045210963	0.05352426120183	-0.0319522741156547	-0.031156954344446	0.0168470378559277	0.00163486526279035	0.0209344566609808	0.00528539687072001	0.00352244773029658	0.0292856718865838	-0.0390991102947724	-0.0318051996371388	-0.0117376470029529	-0.00556800673967681	-0.0221178418314864	-0.0101145080240974
0.0525487807823754	0.053551748259574	-0.0319369911103834	-0.0311720697116339	0.0168654054019338	0.00165835135827676	0.0209396366777583	0.00530472554173774	0.00350556657529671	0.0292784466851886	-0.0391209535370414	-0.0318179680711589	-0.0117528070736297	-0.00558714542086666	-0.0221297385474728	-0.0101349878099546
0.0525307038090472	0.0535432825363615	-0.0319605889645921	-0.0311622293561374	0.0168403099808466	0.00164456591988395	0.0209270582335661	0.00528919666727741	0.00350635447428876	0.0293101470467623	-0.0391127001554013	-0.0317992093696248	-0.0117499851658923	-0.00556581626872019	-0.0221237426920226	-0.0101173466956433
0.0525093592900764	0.0535361537268643	-0.0319865826464096	-0.0311137470254298	0.0168211559328325	0.00163926995343208	0.0209155261304112	0.00527998914554586	0.00349462120543375	0.0293429161011179	-0.0391214382904993	-0.0317837405654777	-0.0117522189433538	-0.00555253793552971	-0.0221192485944031	-0.010109477484611
0.05251758612902	0.0535545506095351	-0.0320035015199782	-0.0310271773221704	0.0168173128297702	0.00164615568770834	0.0209075926581136	0.00528057168788572	0.00345611054672128	0.02936884552167	-0.0391484154490728	-0.0317762736858456	-0.0117848063897856	-0.00555533050660259	-0.0221307359940691	-0.0101224848028999
0.0524885470220205	0.0535431023254219	-0.0320221247140616	-0.0309655354019148	0.0168031599845779	0.0016431787147437	0.0209006594263803	0.00527965107541097	0.00346211897502767	0.0293827217640247	-0.0391586567389854	-0.0317716063622065	-0.0117711760166199	-0.00554199070611486	-0.0221547012550773	-0.0101173480926273
0.0524452041955536	0.0535344047028607	-0.0320751681976221	-0.0308247222058144	0.0167636393064129	0.00162938489444672	0.0208821270362588	0.00527195928135029	0.00342018430846146	0.0294467790696656	-0.039172383504049	-0.031733387673156	-0.0118073886366056	-0.00552695077606449	-0.0221415165198167	-0.0101121652818817
0.0524438281662855	0.0535494125022784	-0.0320899999770522	-0.0307214026640538	0.0167735285563503	0.00165628382191465	0.0208832320506253	0.00529499135702745	0.00338288902585375	0.0294580988312481	-0.0392159149233597	-0.0317425644612389	-0.011828568311461	-0.00553688752345891	-0.0221843103315604	-0.0101226161193986
0.0524035293680166	0.0535207589628707	-0.0321060247808426	-0.0306742167345246	0.0167615494183063	0.00164052723905769	0.0208740915841271	0.0052811793759381	0.00339480390263246	0.0294743722981956	-0.0392134995379745	-0.0317310742676049	-0.0118072433502666	-0.00551091339941781	-0.0222058113127424	-0.0101020287657712
0.0524050786233042	0.0535238504885257	-0.0320964512492956	-0.0306559930778734	0.0167823658773143	0.00165995788990949	0.0208867943598979	0.00529953714305605	0.00338455143684762	0.0294493676810703	-0.0392250931084267	-0.0317445230328468	-0.0118119302316821	-0.00552485390303778	-0.0222155720401492	-0.010117086856614
0.0523955120766773	0.0535101041656857	-0.0320891422288587	-0.0306708569879361	0.0167849586796711	0.00165282768342825	0.0208859449936086	0.00529397155868668	0.00339988473354396	0.029435263730319	-0.0392123302623427	-0.031746154710192	-0.0117980945018643	-0.00551980240879088	-0.0222167790343498	-0.010105307487286
0.0524283705380107	0.0535293057111568	-0.0320605976542053	-0.030706148995447	0.0168167889607595	0.00167278918821086	0.0209057276844356	0.00530850158956666	0.00339671218281533	0.0293995693914079	-0.0392192132026509	-0.0317676333396296	-0.0118099171776971	-0.00554438793070769	-0.0222247572101363	-0.0101251097358894
0.0524158102546108	0.0535016132967607	-0.0320559917978635	-0.0307815847359997	0.0168078496599614	0.00164715313430466	0.0209061090610753	0.00529033101830852	0.00343587383608506	0.0293906524423543	-0.0391779951888913	-0.0317629157245655	-0.0117823113763108	-0.00553779276910935	-0.0221908035133247	-0.0101059975973961
0.0524332725549665	0.0535083914632668	-0.0320373895585405	-0.0308316917591324	0.0168212439428263	0.0016550935915224	0.0209145412566711	0.00530227243778377	0.0034431660927136	0.0293563481025515	-0.0391725581270526	-0.0317764999972582	-0.0117796682825289	-0.00554632554755516	-0.0221800467363056	-0.0101101494339287
0.0524774535718505	0.0535207882995353	-0.0319903922218552	-0.0309482421366265	0.0168550761020274	0.00166205895388829	0.0209307602412415	0.0053081649164158	0.00345694873713836	0.0293187887899624	-0.0391652351367754	-0.0317971837427835	-0.0117751616120531	-0.00556421532502357	-0.0221706003303051	-0.0101190091066371
0.052493186405979	0.0535112413106848	-0.0319700549283689	-0.0310627305656946	0.0168561908952821	0.00164234192131065	0.0209325679385743	0.00529081716875042	0.00350106828672508	0.0292918521439257	-0.0391248036250238	-0.031805993124067	-0.0117419273620161	-0.00556209470326838	-0.0221413446907812	-0.0101103170720121
0.0525208075741896	0.0535231492025434	-0.031943551347381	-0.0311425765848251	0.0168671376621291	0.00165483095852505	0.0209384408594299	0.00529550544714992	0.00352247566997715	0.0292707465092238	-0.0391212999890804	-0.0318267634826021	-0.0117301088771354	-0.00556876111105217	-0.0221493298514879	-0.0101107026396039
0.0525333161691804	0.0535293099021089	-0.0319468007322312	-0.0311707034612541	0.0168589485417543	0.00164746885269509	0.0209397512304486	0.00529589939664595	0.00351602998566985	0.0292853785199378	-0.0391108924580684	-0.0318142101841224	-0.0117448694103801	-0.00557621262385996	-0.0221202809656001	-0.0101221327629248
0.0525411700133884	0.0535396000864625	-0.0319514638649182	-0.0311677222973373	0.0168510220543768	0.00164837130437747	0.0209321153157491	0.00529255501688182	0.00350962341691535	0.0292964733670918	-0.0391143709482993	-0.0318093514736714	-0.0117507842407565	-0.00557734418092301	-0.0221136341155927	-0.0101262594537448
0.0525241798936343	0.0535347246122032	-0.0319763665022095	-0.0311300847536427	0.0168243089257847	0.00163401869046911	0.0209180085710297	0.00527715187098406	0.00350447972172256	0.0293270477595386	-0.0391134126172558	-0.0317886118487849	-0.0117520610841586	-0.00556118666364988	-0.0221041821216562	-0.0101180144540089
0.0525511305095113	0.0535696995043396	-0.031976685014568	-0.0310711040879612	0.0168484432218603	0.00167717432107619	0.0209283071372875	0.00531344551604336	0.00346220698502147	0.0293230188576005	-0.0391613403453041	-0.0318087340067308	-0.0117842755358548	-0.00557766548724956	-0.0221515063526042	-0.0101421152224678
0.0525096903752912	0.0535480406639624	-0.0320141465382751	-0.0310157611686899	0.0168126804307318	0.00164782648060637	0.0209044578259537	0.00529098201286578	0.00346236344723265	0.0293791217361834	-0.0391527796271777	-0.0317765474947152	-0.0117809451259309	-0.00554880938515775	-0.022148108887447	-0.0101180647454339
0.0524879072033354	0.0535456588061939	-0.0320364438003533	-0.0309248691968464	0.0168006202676142	0.00166006266371162	0.0209041323286751	0.00530008895174729	0.00344661524627986	0.0293863287767862	-0.039170271264198	-0.0317746378175483	-0.0117896525273803	-0.00554949251034767	-0.0221656228762118	-0.010120424251458
0.0524492205246354	0.0535337495173513	-0.0320802937320225	-0.0307948672601422	0.0167705390105294	0.00164752752602428	0.0208902784380649	0.00528889491872727	0.0034061851315123	0.029448470817324	-0.0391912777130339	-0.0317396307947792	-0.0118193761565538	-0.00553026581916402	-0.0221642552288479	-0.0101148991796254
0.0524215350951594	0.0535300698614204	-0.0321085603068543	-0.0306953042084341	0.0167618972673294	0.00164223854449255	0.0208851682704888	0.00528420943429582	0.00338460172827264	0.0294677464029487	-0.0392057532615368	-0.0317257643313127	-0.0118290013765098	-0.00552415541102355	-0.0221768532308165	-0.0101120744779199
0.0524273046391969	0.0535361299781358	-0.0320983204139257	-0.0306621090739499	0.0167864199249649	0.00166445897244918	0.0208960116605177	0.00530267476918396	0.00337552971399184	0.0294512536095087	-0.0392306950143808	-0.0317458781073544	-0.0118302949837202	-0.00553483675090513	-0.0222157871756896	-0.0101218617480232
0.0524013095603954	0.0535119900941241	-0.0321076857948525	-0.0306622655361611	0.0167783509452165	0.00165247843742113	0.0208955422738841	0.00529404699582421	0.00339700974041339	0.0294506948158973	-0.0392176862991078	-0.0317432182497642	-0.0118081220532205	-0.00552001754433126	-0.0222139766843887	-0.0101084507013501
0.0524154330689231	0.0535163682420693	-0.0320888237165003	-0.0306837483565507	0.0167972130235687	0.00166043286447917	0.0209022673549971	0.00530264962347145	0.00340288545523708	0.0294201818907478	-0.0392166609128309	-0.0317584425817064	-0.0118042356436533	-0.00553229144600528	-0.0222216684784494	-0.0101115603877974
0.0523900037686531	0.0534877202905977	-0.0320801889582204	-0.0307187442034476	0.0167805679588697	0.00162930386937307	0.0208912772816452	0.00527760030285719	0.00343693414696266	0.0294190712884451	-0.0391820310757495	-0.0317492266780706	-0.0117796417398324	-0.00551809110335602	-0.0221964263740392	-0.0100881287746881
0.0524566049822098	0.0535276111695303	-0.0320384205327535	-0.030797898715484	0.0168314335443298	0.00167359804196334	0.020918561776705	0.00531235028056505	0.00342680182180426	0.0293590275179181	-0.0391960526044432	-0.0317835659424741	-0.0117963678296051	-0.00556121460333045	-0.0222005907834281	-0.0101318781235073
0.052438845124256	0.0535027658085842	-0.0320357285445307	-0.0308687216147747	0.0168133607619537	0.00164262830303648	0.0209123801223791	0.00529032123942032	0.00346628478140053	0.0293634182387195	-0.0391577319355586	-0.0317740790239369	-0.0117672560794361	-0.00553932246662051	-0.0221817608357085	-0.010105403879184
0.0524961913186242	0.0535243045083349	-0.0319775329838732	-0.0309948608906401	0.0168616992033063	0.00166745270922216	0.0209384785779987	0.00530998239263682	0.00348449307122744	0.0292977627833501	-0.0391560192331397	-0.0318105431010476	-0.0117583237635581	-0.00557124913960685	-0.0221852337380032	-0.0101266017148318
0.052500207647706	0.0535070866801842	-0.0319666546692437	-0.0310918744464963	0.0168474094536793	0.00164004248559981	0.0209303132063524	0.00528894241618423	0.00352053945011371	0.0292863787605022	-0.0391090875547037	-0.0318003129870073	-0.0117383929924241	-0.00556676342389148	-0.022136178643844	-0.0101116553827113
0.0525487765914233	0.0535406128998831	-0.0319419126851157	-0.031145318864473	0.016872039679085	0.00166612557439513	0.0209396995420396	0.00530771648454266	0.00351041271289142	0.0292596670288941	-0.0391231034954612	-0.0318234484395025	-0.011752230119226	-0.00559074824267605	-0.0221366494274616	-0.0101316392392384
0.0525233850097221	0.0535203398676622	-0.0319564860225005	-0.0311773042107885	0.0168401213880028	0.00163420728331295	0.02091998530343	0.00527894978942868	0.00353491022481444	0.0292934628665105	-0.0390962814021148	-0.0317994426659575	-0.0117312641829269	-0.00556072984987258	-0.0221174939824634	-0.0101063594162595
0.0525370503074885	0.0535405318748095	-0.0319614397278654	-0.0311574921832969	0.0168395039210622	0.00164700086304555	0.020925827490637	0.00529234686626158	0.00351006346688431	0.0293026354636413	-0.0391107345988732	-0.0317971991096078	-0.0117563344583016	-0.00557536186058663	-0.0221107353737337	-0.0101256629415647
0.0525231433314852	0.0535403265181573	-0.0319821639859276	-0.0311181349522632	0.0168227135700242	0.0016424816197135	0.0209187377966926	0.00528990633516387	0.0034986151827711	0.0293290510346354	-0.0391222052347309	-0.0317899389836119	-0.011760429018489	-0.00556092682462059	-0.0221179591781448	-0.0101132172108552
0.0525357944188469	0.053564712271358	-0.0319863884656296	-0.0310514149950641	0.0168367728172866	0.00166975074794897	0.0209239681048951	0.00530937470458444	0.00346028194103025	0.0293386175812623	-0.0391561575345585	-0.0317975162249823	-0.0117868264286907	-0.00557178977242587	-0.0221514644430833	-0.0101377147227782
0.0525214934933476	0.0535622130669311	-0.0320132287197684	-0.0309913069632717	0.0168230530371431	0.00166242356671972	0.0209128634788529	0.00530213693033301	0.00343907432649425	0.0293699589179407	-0.0391610707273866	-0.0317782001268208	-0.0118078105257822	-0.00556604118314877	-0.0221454029293839	-0.0101301556422002
0.0524671005232156	0.0535371232337801	-0.0320597091723632	-0.0308893047774499	0.0167866755730421	0.00165181766397567	0.0208986142417627	0.00529179924852243	0.00344049366226716	0.0294055764227303	-0.0391687932550959	-0.0317612686803959	-0.0117919296113467	-0.00553411171619436	-0.0221654189165436	-0.0101086644399064
0.0524376032054547	0.0535359679279885	-0.0320958002547384	-0.0307638821543911	0.016768801162398	0.00164981299189484	0.0208913122062459	0.00529218621309831	0.00339570775129887	0.0294499292686497	-0.0391930602646542	-0.0317330537939732	-0.0118296076675782	-0.00552941086493861	-0.0221646966758009	-0.0101118090509545
0.0524243877365455	0.053536677595875	-0.0321039865811451	-0.0306958713839497	0.016774987007676	0.00165823401161837	0.0208880879671082	0.00530199304097808	0.00338392279403481	0.029459222006407	-0.0392180774546358	-0.0317388484837232	-0.0118290544619029	-0.00552212978418229	-0.0222044436653785	-0.0101151003453255
0.0524018851178151	0.053519248823136	-0.0321130110979689	-0.0306666744177549	0.0167676835751752	0.00164945536398355	0.0208858807323433	0.00529196269565376	0.00339575245478778	0.0294599652019102	-0.0392138250352532	-0.0317332549596733	-0.0118188341267507	-0.00551204355949683	-0.0222079473013219	-0.0101062434665851
0.0524046050457186	0.0535200017975273	-0.0321025351147396	-0.0306591488647936	0.0167820264101954	0.00165736089660059	0.0208960884946392	0.00529729777765843	0.0033886152633864	0.0294430155946929	-0.0392183917760422	-0.0317426049737757	-0.0118234455710287	-0.00552065596603227	-0.0222115976205883	-0.0101106313934185
0.0524217181000671	0.0535278612296714	-0.0320873666621586	-0.0306782903399516	0.016802872205868	0.0016682154625017	0.0209083288686966	0.00530611833481411	0.00338903156462688	0.0294160957124645	-0.0392160308730341	-0.0317569184721313	-0.0118283042814796	-0.00553948451676781	-0.0222106895809698	-0.0101231567522176
0.0524168160831113	0.0535105539945428	-0.0320727556062049	-0.0307453525582376	0.0167964279185448	0.00164447092497002	0.0209018398778844	0.00528483248917251	0.0034280507255257	0.0294066562913843	-0.0391870923488846	-0.031755137317495	-0.0117971529346291	-0.00552699687653743	-0.0221973525744501	-0.010107808088697
0.0524121683172486	0.0534948644669192	-0.0320583596857917	-0.0308130322434643	0.0167918472079154	0.0016299436880581	0.0209013048330015	0.00527381447614008	0.00346768176542899	0.0293818696037673	-0.0391607605969322	-0.0317652389090048	-0.0117600252901048	-0.00551946294167197	-0.0221860635465161	-0.0100905511449934
0.0524749417945673	0.0535253620252445	-0.0320092878278241	-0.0309070339017551	0.0168467528711859	0.00166377165630718	0.0209284719814029	0.00530422262748749	0.00345761090756785	0.0293419591670584	-0.0391784981031416	-0.0317933699763858	-0.0117734936131231	-0.00555376309052266	-0.0221999789044236	-0.0101276676136455
0.0524896254936904	0.0535141400525439	-0.0319784438174598	-0.0310446996928394	0.0168522723550823	0.00165149915161718	0.0209333432647101	0.00529429705596531	0.00351196895309912	0.0292995565108426	-0.0391345559705265	-0.0318067600682986	-0.0117329265939208	-0.00555407741192906	-0.0221819200918877	-0.0101133191906892
0.0525095744256168	0.0535153805743612	-0.0319610206326569	-0.0311234784161721	0.0168533117111995	0.00164131793201779	0.0209342261586161	0.00528682039744501	0.00352416182969949	0.0292823344917398	-0.0391077003495634	-0.0318065924302152	-0.0117309931680254	-0.0055635880791948	-0.0221402005608619	-0.010113553884006
0.0525514001274288	0.0535460751074344	-0.0319508226492492	-0.0311546535117511	0.0168678906365205	0.001662781194631	0.0209421219123449	0.00530298629662231	0.00350490021391513	0.0292670514864685	-0.0391180436193101	-0.0318183885633515	-0.0117555074437568	-0.00558486135198014	-0.0221271639059083	-0.0101357659300585
0.0525436482630549	0.0535389937953942	-0.0319490303187406	-0.0311844888996469	0.0168565177895448	0.00165084955404395	0.0209364934636943	0.00529250751942486	0.00352207054460889	0.0292848700177515	-0.0391128538236444	-0.0318113212211515	-0.0117392982380746	-0.00556885331199805	-0.0221377767935725	-0.0101223283406887
0.0525553046977883	0.0535549641168075	-0.0319608208639408	-0.0311569403746057	0.0168509410293032	0.00165897441315346	0.0209344259273322	0.00529895599770021	0.00349512551666802	0.0292984263507636	-0.0391232138571994	-0.0318051633155541	-0.0117680984608052	-0.00557923569729754	-0.022120174794814	-0.0101334706852997
0.0525350232836632	0.0535468867551549	-0.031987338414769	-0.0311102112588538	0.0168327383274124	0.00165201463872369	0.020925633309857	0.00529284558955974	0.00348472357359213	0.0293291069139966	-0.0391264855937941	-0.0317902407321621	-0.0117689562089987	-0.00556538599763942	-0.0221250558570094	-0.0101252983287332
0.0524997396580565	0.0535346254263372	-0.0320128766797932	-0.0310396817262091	0.0168106645827788	0.00163528296101486	0.0209138190159284	0.00528136657179791	0.00347782666344364	0.0293733731469063	-0.0391396633441345	-0.031771433136187	-0.0117652583922754	-0.0055421304045177	-0.0221434192120635	-0.0101122351310831
0.0524979445335799	0.0535490129648462	-0.0320306756532998	-0.0309532098118317	0.016803214466955	0.00164323319712081	0.0209092746268838	0.00528381827876786	0.00344668369849726	0.0293831115225686	-0.0391542883699284	-0.0317614488913356	-0.0118019445898467	-0.00555355913085451	-0.0221337478916345	-0.0101274189504884
0.0524836869145855	0.0535616444944316	-0.0320596183684013	-0.0308375814437963	0.01679923865041	0.00167028160187978	0.020901968400415	0.0053035800148344	0.00341356120718255	0.0294103834447722	-0.0391975809049703	-0.0317682410276819	-0.0118177221274641	-0.00554452623212651	-0.0221878586709927	-0.0101312159530778
0.0524325335504155	0.0535369779474411	-0.0321042226714459	-0.0307392016375603	0.0167615410364021	0.00164156938914291	0.0208801852284593	0.00528108158705611	0.0033994893870639	0.0294662725847986	-0.0391900385882006	-0.0317275734256295	-0.0118225403253782	-0.00552205295006072	-0.0221786623251334	-0.0101153587873708
0.0524245190530442	0.0535380159065742	-0.0321103819740274	-0.030678261003287	0.0167685022078159	0.00165139158384699	0.0208822066643484	0.00529043439512663	0.00338416586925576	0.0294642483549414	-0.0392146604317022	-0.0317329727688995	-0.0118294148837823	-0.00552363014502885	-0.0221992832063774	-0.010114879621849
0.052400848555666	0.0535173628946975	-0.0321128630176619	-0.0306612066222676	0.0167633836583356	0.00164455195004367	0.0208834360102935	0.00528290185724519	0.00340300838983159	0.0294599121165171	-0.0392060997135758	-0.0317331515828552	-0.0118090077410946	-0.00551437652282435	-0.0222145717995848	-0.010104128432766
0.0524172687059365	0.0535267422454646	-0.0320965546261137	-0.0306568340622585	0.0167857270208868	0.00166016743751376	0.0208990291460191	0.00529751151621479	0.00339017010661007	0.0294362108854903	-0.0392133500606835	-0.0317471074532995	-0.0118271880912409	-0.00553548495149433	-0.022217821184435	-0.0101184866346105
0.0524208952764744	0.053520332882742	-0.0320785782356355	-0.0306901996287942	0.0167953662106831	0.00165534504864753	0.0209008005217672	0.00529429845294934	0.00340613484008727	0.0294152058336384	-0.0392017439173751	-0.0317529803741551	-0.0118154478374657	-0.00553755807579256	-0.0222151333871643	-0.0101167376106069
0.0524437932416848	0.0535198509232522	-0.0320522157500345	-0.0307710361096008	0.0168178171410045	0.00166165801947212	0.0209156295072293	0.00529978440922909	0.00342836225296405	0.0293836102458668	-0.0391888595336806	-0.0317706955286199	-0.0118030998956382	-0.00554888063134321	-0.022211144997763	-0.0101245732940225
0.0524626231894044	0.0535262533010546	-0.0320366044535165	-0.0308256986976503	0.0168243089257847	0.00165889618204786	0.0209218307193316	0.00530185054860717	0.00343825150290149	0.0293552109575523	-0.0391704989725946	-0.0317800064271696	-0.0118015031428937	-0.00555781155023713	-0.0221926726779548	-0.0101244294046675
0.0524854485114453	0.0535184343814474	-0.0320047713784601	-0.0309399789760982	0.0168380370878323	0.00164622693389379	0.0209204714538719	0.00528837663765271	0.00347345969137069	0.029336149110484	-0.0391468689877533	-0.0317836008670748	-0.0117766438121073	-0.00555733797265148	-0.0221780727978734	-0.0101193290159797
0.052491370326742	0.0535021385627554	-0.03197560374893	-0.0310566564791389	0.0168396673681935	0.00162966289426838	0.0209235545976227	0.00527782521728578	0.00353188575439283	0.0292969651054698	-0.0391099453028971	-0.03179504635722	-0.0117309135399358	-0.00555555123007909	-0.0221625620842054	-0.0101067910843243
0.0525399532402996	0.0535324601010931	-0.0319453939693146	-0.0311085446569079	0.016862813996561	0.00165254130170241	0.0209391016328754	0.00529352871474966	0.00351401693168484	0.0292633159511764	-0.0391118102765751	-0.0318121552206165	-0.0117637580314288	-0.00559011680589519	-0.0221322628976122	-0.0101336900117922
0.0525572688573323	0.0535450371483013	-0.0319430987245558	-0.0311492541684811	0.0168595660086949	0.00165474713948335	0.0209359654037315	0.00529124185189507	0.00351604395551013	0.0292695674547037	-0.0391104538050835	-0.0318150455805714	-0.0117642791064714	-0.00558614518030229	-0.0221290512313308	-0.010132110022856
0.0525618900804985	0.0535489654673893	-0.0319456524113598	-0.031164369535669	0.0168485857142312	0.00165096410673429	0.0209301260104926	0.00529148213314797	0.00351907820481994	0.0292833528930966	-0.0391060337476175	-0.0318081891829597	-0.0117618483542619	-0.00558541316067138	-0.0221295485576449	-0.0101333896602261
0.0525457367541774	0.0535438091993402	-0.0319700982348738	-0.0311368475533244	0.0168284314256527	0.00163930348104876	0.0209183312743403	0.00528375541448657	0.00351289375652596	0.0293138253057093	-0.0391064737975864	-0.0317903231542198	-0.0117646576891432	-0.00557248686745607	-0.0221208690958761	-0.0101243302188015
0.0525125416196932	0.0535285401639092	-0.0319988453722114	-0.031078802866942	0.016800220730182	0.0016283483322976	0.0209086054715342	0.00527519190239214	0.00350779476482209	0.0293458078580568	-0.0391104999055564	-0.0317727798287904	-0.0117608383348093	-0.00554857329485695	-0.022128471482959	-0.0101082397567618
0.0525405497524798	0.0535665395264673	-0.0319941277571473	-0.0310179153180618	0.016830017002525	0.00166936518035712	0.0209234484268365	0.0053065304451025	0.00345754944027059	0.0293486255748422	-0.0391621980934975	-0.0317882905424584	-0.0117981419993212	-0.00557074482837258	-0.0221726594847631	-0.0101385473252591
0.0524798759421558	0.0535344535973017	-0.0320440280266438	-0.0309261725829449	0.0167783285934721	0.00163356886161194	0.0208959222535398	0.00527708202178264	0.00346194155805606	0.0293932061291583	-0.0391374435365133	-0.0317484038544779	-0.0117977061403043	-0.00554601262313278	-0.0221417358463092	-0.0101128763467522
0.0524666828249911	0.0535448192187928	-0.0320724873852715	-0.0307965604047847	0.016771550426966	0.00164869540467207	0.0208921392207908	0.00529042042528634	0.00341242685615144	0.0294334783847306	-0.0391880981773851	-0.031739669910332	-0.0118254949465984	-0.00554472180989049	-0.0221712010334374	-0.0101219790946816
0.052447878022984	0.0535432029082719	-0.0320927450506681	-0.0307056404932607	0.0167693306193448	0.00165353874829873	0.0208868572241792	0.00529010051594382	0.00339082808608747	0.0294549737779765	-0.0392069253311366	-0.0317340442556494	-0.0118354708095456	-0.00553701744297355	-0.022200488803594	-0.0101243777162585
0.0524319118925228	0.0535357080889592	-0.0320971106257571	-0.0306664648701507	0.01676889895128	0.00165449288839017	0.0208824692973458	0.00529002647579032	0.00339077639767842	0.029456866691335	-0.0392141295777714	-0.0317336936126582	-0.011831119204297	-0.00552998362839027	-0.0222194724195567	-0.0101191767447205
0.0524320809275902	0.0535364359176381	-0.0320986403232682	-0.0306469392243849	0.0167741865358277	0.00165716531883661	0.0208838676783583	0.00529323534810368	0.00338689976699945	0.0294416800779617	-0.0392100489874243	-0.0317375478915927	-0.0118355769803318	-0.00553694479980407	-0.022219191625767	-0.0101206617387428
0.0524344837401192	0.0535347260091872	-0.0320888390833246	-0.0306657482173441	0.016789419249674	0.00165842819239833	0.0208876115955545	0.00529304535827581	0.00339967378895566	0.0294193171576342	-0.039204293413227	-0.031746052730358	-0.0118270050863332	-0.00553717949312085	-0.0222311162814339	-0.0101164707866574
0.0524188710466172	0.0535081386091576	-0.0320733828520337	-0.0307209682020209	0.0167887598732126	0.00163228782725785	0.0208885615446939	0.00527501867637261	0.00343629712224568	0.029414746225893	-0.0391810811266102	-0.0317439404905069	-0.0117907617326989	-0.00552930050320036	-0.0222160623815432	-0.0101071836368362
0.0524485960727747	0.0535168306437827	-0.0320479940643005	-0.0307945976422247	0.0168076443033092	0.00164576313519634	0.0208948172391733	0.00528596823718765	0.00345113588659595	0.0293750467337724	-0.0391694833652059	-0.0317628975637731	-0.0117839472446081	-0.00554765407936622	-0.0222033917364051	-0.0101158365559085
0.0524933889686631	0.0535445691586517	-0.0320198755697758	-0.030859507108123	0.0168363886466788	0.0016691877633855	0.0209080718236353	0.0053036484670518	0.00344217283706937	0.0293469729427365	-0.0391714726704625	-0.0317847128663615	-0.0118025662477393	-0.00556696598657561	-0.0222046881375835	-0.010134612021251
0.0524829716587629	0.053507910900761	-0.0319922725623575	-0.0310029172975322	0.0168355602351499	0.00163883269743117	0.0209232696128809	0.0052886266977938	0.00350553863561614	0.0293204847285729	-0.0391272846686583	-0.0317853848156792	-0.0117464647661406	-0.00555261756361933	-0.0221893338861267	-0.0101069196068549
0.0525049029110256	0.0535108208184923	-0.0319655580367813	-0.0310818147645074	0.0168360338127355	0.00162947150745648	0.0209268500829458	0.00528299824914315	0.00351772452729637	0.0292910516720774	-0.0391001231081931	-0.0317865205636943	-0.011749433357201	-0.0055682372420415	-0.0221389935666613	-0.0101091729420928
0.0525588907557894	0.0535482683723591	-0.0319377664365192	-0.0311332600983393	0.0168635571920642	0.00166356629965499	0.0209320664213081	0.00530359258769066	0.00350260077820429	0.0292624721728232	-0.0391154256712408	-0.0318141836414258	-0.0117701673941514	-0.00559075941854828	-0.0221361241614669	-0.0101373277582023
0.0525341054651565	0.0535241312823154	-0.031952091110747	-0.0311697577030668	0.0168323345990282	0.00163196372696325	0.0209165124011353	0.00527659447435671	0.00352830807829595	0.0292975225020972	-0.0390906794961607	-0.0317897280390236	-0.0117437448382371	-0.00556216874342189	-0.0221221068237253	-0.010111195774966
0.0525283443030231	0.0535248074225852	-0.0319650942380839	-0.0311445616991295	0.0168164257449121	0.00162287215490605	0.0209095218930569	0.00527018511163415	0.00351988705857241	0.0293145601193082	-0.0390893998587906	-0.0317767137358145	-0.0117550492329954	-0.00556379483283101	-0.0221005094506454	-0.0101114807597078
0.052565354600889	0.053563337639074	-0.0319603598592114	-0.0311119546949213	0.0168472893130528	0.00166678914180864	0.0209269967662688	0.0053067707263554	0.0034776380705998	0.0293051458439405	-0.0391353368845984	-0.0318007460520561	-0.0117867705493296	-0.00558769303860582	-0.0221371257990153	-0.0101393352242512
0.0525353711326863	0.0535509002902687	-0.0320031732287315	-0.0310355438595168	0.0168131037168924	0.00164438291497623	0.020908300929016	0.00528581736291258	0.00346189266361506	0.0293482525801066	-0.0391273894424605	-0.0317722573567638	-0.0118042593923818	-0.00556575340443891	-0.0221214446532958	-0.0101182002528847
0.0525212364482863	0.0535435605361832	-0.0320117199770176	-0.030997062537469	0.016815241102456	0.00165286819596507	0.0209132993378698	0.00529602372822448	0.00345906796190952	0.0293706182944022	-0.0391546893043446	-0.0317733833258907	-0.0117913931694798	-0.00556102321651855	-0.0221583781170402	-0.0101242659575362
0.05249245159238	0.0535402566689559	-0.0320476350394052	-0.0308890994207978	0.0167947934472315	0.00165975672420939	0.0209070897438633	0.00529998417794516	0.00343316648103791	0.0293921472152647	-0.0391669562210985	-0.0317639019952896	-0.011807996324658	-0.00555491699933017	-0.0221674487343369	-0.0101216913159718
0.0524464237626104	0.0535202686214767	-0.0320972167965432	-0.0307698808038093	0.0167585333297888	0.00163847227555183	0.0208847324114719	0.00528147134560005	0.00340656231719998	0.0294554864711149	-0.0391770424457839	-0.031725484934507	-0.0118253468662914	-0.00552861458404239	-0.0221611734820811	-0.0101071906217564
0.0524250596858632	0.0535125167571028	-0.0321074273528072	-0.030691466693308	0.0167552741660505	0.00163720241706996	0.0208837754774124	0.005282794289475	0.00339628470570262	0.0294687675982735	-0.0392001499585986	-0.0317201386766301	-0.0118218781549487	-0.00552378241628795	-0.0221913441461437	-0.0101054876982257
0.0524470077019343	0.0535350459185297	-0.0320905978862164	-0.0306626119882002	0.0167900744351833	0.00167303086644779	0.0209007390544699	0.00531571701207363	0.00337556324160853	0.0294366914479961	-0.039227465187307	-0.0317501361146732	-0.0118412138108866	-0.00554720844146114	-0.0222289188255571	-0.0101257174239418
0.0524121054529673	0.0535041446318203	-0.0321049812337734	-0.03065533649538	0.016769343192201	0.00164391771929475	0.0208861992447018	0.0052902024957779	0.00339385814444519	0.029447587923418	-0.03919933551691	-0.0317294272234353	-0.01182537759994	-0.00552598546010083	-0.0222039631028727	-0.0101029521722141
0.0524046734979359	0.053492398790109	-0.0320971245955973	-0.0306728714389052	0.0167691308506287	0.00163657517124118	0.0208861210135962	0.00528180941573493	0.00341825507351816	0.0294320646368938	-0.039189713090922	-0.0317330370301648	-0.011804512246491	-0.00552501315921702	-0.0222008003310323	-0.0100979565573283
0.0524352017899098	0.0535084655034203	-0.0320656575303564	-0.030722496502548	0.0167943617791667	0.0016448187739931	0.0208965327355603	0.00528681201554084	0.00342459877799138	0.0293996951199705	-0.0391865880376504	-0.0317494474015471	-0.011807802143878	-0.00554522332715671	-0.0221983234783499	-0.0101149480740664
0.0524603838240068	0.0535137768366965	-0.0320386426532141	-0.0308092967081722	0.016817353342307	0.00165994252308518	0.0209121705747748	0.00529876181692026	0.00344899850103241	0.0293583583625684	-0.0391783486258505	-0.0317781777750764	-0.0117846764702709	-0.00555495471789894	-0.0222108711888935	-0.0101147776420149
0.0524620196923041	0.0535031863007768	-0.032026859092934	-0.0308853555036015	0.0168143623995021	0.00163768437655978	0.0209042845999342	0.00527797888552891	0.00346715230848221	0.0293587872366652	-0.0391478566554614	-0.0317664836217742	-0.0117764021338704	-0.00554699330592076	-0.0221726678666673	-0.0101028376195237
0.0525138980911849	0.053522051173097	-0.0319815744586676	-0.0310054737783043	0.0168459007109285	0.00165076014706613	0.0209217636640982	0.0052901829380015	0.0034936614774062	0.0292980798987245	-0.0391306681639753	-0.0317946691715323	-0.0117685119680777	-0.00557618468417939	-0.0221573122182265	-0.0101219036575441
0.0525305361709638	0.0535203831741671	-0.0319572026753071	-0.0311037013132812	0.0168523687469803	0.00164560527600113	0.0209261753396601	0.0052829270029577	0.00352281653408009	0.0292780387658523	-0.0391087550725049	-0.0318038026531103	-0.0117498175278088	-0.00557613159878631	-0.0221432445890599	-0.0101161955808038
0.0525375099152338	0.0535215678166232	-0.0319596166637083	-0.0311390394212651	0.0168392259212406	0.00163393766539546	0.0209226214122917	0.00527805432266644	0.00352708571727105	0.0292849231031445	-0.0390912760083408	-0.0317954431006841	-0.0117540196557665	-0.00557595278483067	-0.0221118627398447	-0.0101177154994268
0.0525669681174419	0.053543649943161	-0.0319468552146083	-0.0311531224172559	0.0168518979633627	0.00165297995468735	0.0209307560502894	0.00529810244045882	0.00350815239273338	0.0292808536886696	-0.0391077506409884	-0.0318086320268967	-0.0117751658030052	-0.00558786766160937	-0.0221200895787882	-0.010133877207652
0.0525512213134731	0.0535362403398741	-0.0319613056173987	-0.0311450869651242	0.0168330666186591	0.00164168114786519	0.020925581621448	0.00528805533132616	0.00350829767907234	0.029308804545111	-0.0391077171133717	-0.0317955674322626	-0.0117704160573084	-0.00557198674717388	-0.0221188267052265	-0.0101220419589629
0.0525421856207771	0.0535365029728714	-0.0319837523567679	-0.0311054629101411	0.0168241873881742	0.00164737525476518	0.0209169035566632	0.0052907766562136	0.00349570805900789	0.0293321788818751	-0.0391203067334362	-0.0317871464125391	-0.0117765236714809	-0.00556501859083994	-0.0221280635636227	-0.01011954415152
0.0525322824009994	0.0535482585934709	-0.0320043844138842	-0.0310173313787379	0.0168131889329182	0.00165045839851598	0.0209034240577726	0.00529166932900778	0.00346025679531774	0.0293602289241825	-0.039141698749864	-0.03177393792855	-0.0118040400658894	-0.00556092961858864	-0.022132155329842	-0.0101252899468291
0.0525311494469523	0.0535612519419196	-0.0320183472692486	-0.0309502691604518	0.01681210068236	0.00166123892426358	0.0209047944991046	0.00529869476168689	0.00343395577701399	0.0293673884673284	-0.039159371994808	-0.0317697958709056	-0.0118267424533358	-0.00557073504948438	-0.0221414243188708	-0.0101338883835242
0.0524935580037305	0.053556070528158	-0.0320586879770384	-0.0308312866337641	0.0167828017363312	0.00166055021113756	0.0208889065997489	0.00529498856305939	0.00341066945024364	0.0294107997460127	-0.0391753493011414	-0.0317511503250778	-0.0118385176317117	-0.00555077075073371	-0.022166319971242	-0.0101262622477129
0.0524666967948314	0.0535479177293679	-0.0320917406191517	-0.0307210645939189	0.0167676081380377	0.0016530903164256	0.0208793232893137	0.00528547230785755	0.00338593165706773	0.0294472833808998	-0.0391963096495044	-0.0317339562456556	-0.0118483915148248	-0.00554048336034815	-0.022180507741035	-0.010120869889363
0.0524508633778528	0.0535369793444251	-0.0320968675505361	-0.0306801022282365	0.0167770768957826	0.00166200028055909	0.0208796725353208	0.00529386818186857	0.0033890525193873	0.029453086452554	-0.0392150711450066	-0.0317386584938954	-0.0118304961494203	-0.00553235570727059	-0.0222214198152923	-0.0101276284980927
0.0524012578719864	0.0534975885857747	-0.0321189804107225	-0.0306529071401545	0.0167483702709818	0.00162703516731085	0.0208702107624961	0.00526835785652493	0.00341095024403336	0.0294664681625626	-0.0391856185307346	-0.0317160008099378	-0.0118082407968629	-0.00551289432277016	-0.0222007737883358	-0.0100948231221525
0.0524419422378471	0.053525487753807	-0.0320833028356198	-0.0306616871847733	0.0168005434334926	0.00167169814368464	0.020905061323054	0.00530895281540785	0.00338368530674997	0.0294193995796918	-0.0392182702384317	-0.0317534804944373	-0.0118282637689428	-0.00555015048982507	-0.0222310338593762	-0.0101305817223289
0.0524136435323827	0.0534955126675084	-0.0320817396104919	-0.0306967584688078	0.0167893438125365	0.00164444997020959	0.0209025118272021	0.00528279987741111	0.00341452931711427	0.0294204040112083	-0.0391866662687559	-0.031742864812805	-0.011806673380783	-0.00553291869183406	-0.0222075435729377	-0.0101080302091575
0.0524444107086254	0.0535083313929536	-0.032061075422743	-0.0307434177353582	0.0168020731310038	0.00164305298618114	0.0209038194042527	0.00527869833230356	0.00342030724305597	0.0293915814367332	-0.0391717017758431	-0.031750274416092	-0.0118157370131596	-0.00555787441451841	-0.0221729766001375	-0.0101192172572574
0.0524644071380087	0.0535124357320292	-0.0320413025108042	-0.0308118224552956	0.0168170627696291	0.00165071125262514	0.0209033639874594	0.00528637895049202	0.00344783621032073	0.029354312696822	-0.0391636188262545	-0.0317715393069731	-0.01179189608373	-0.00555982739819019	-0.0221783717524554	-0.0101181304036832
0.0524886978962955	0.0535067751527459	-0.0320051876797006	-0.0309254643120425	0.0168372184551917	0.00164368721693006	0.0209096168879708	0.00528395937415473	0.00347391510816396	0.0293338329109648	-0.0391453853907151	-0.0317800385578023	-0.0117716509911896	-0.00556434803850628	-0.0221731023287001	-0.0101125257037611
0.0525212224784461	0.0535101530601267	-0.031967455141092	-0.0310416905892421	0.0168541415197124	0.00164646162721057	0.0209218237344114	0.00528841016526939	0.00350880897522676	0.02927978918684	-0.0391184040411894	-0.031800644072222	-0.0117520680690787	-0.00557813627086715	-0.0221550616769566	-0.0101173508865954
0.0525283764336558	0.0535040747826189	-0.0319568143137472	-0.0311208814228632	0.0168447775357696	0.00163452719265546	0.0209211769308063	0.00527853209120418	0.00353082684049926	0.0292710063482531	-0.039088339547913	-0.0317997262537153	-0.0117386779771659	-0.00557605616164877	-0.0221238348929685	-0.0101089675854406
0.0525753220819321	0.0535434878930137	-0.0319330250727266	-0.0311532621156588	0.0168744899890709	0.00167034167219301	0.0209383277037236	0.00531287135560767	0.00350269297915017	0.0292532436963312	-0.0391162945953065	-0.0318271225074974	-0.0117679517774822	-0.00560184308983006	-0.0221369930855326	-0.0101342851269883
0.052558039992516	0.0535247752919525	-0.031951111824943	-0.0311741204841877	0.0168471943181389	0.00164331422219446	0.0209267006056548	0.0052900013300778	0.00351907261688383	0.0292876835435848	-0.0390907060388572	-0.0318030538696711	-0.0117583223665741	-0.00558340709160651	-0.0221132597238731	-0.0101228005212904
0.0525414619830503	0.0535228153233606	-0.0319719813693442	-0.0311383060046501	0.0168265259394379	0.00163156418953111	0.0209190185904823	0.0052822299079275	0.00350394747080772	0.0293150937672071	-0.0390959740656285	-0.0317837796810305	-0.0117695359573705	-0.00557452646413761	-0.0220946784393106	-0.0101138751903326
0.0525605475788471	0.0535512439483397	-0.0319763874569699	-0.0310803060217567	0.0168481596341025	0.00166915702973688	0.0209314433664314	0.00531597824808696	0.00346503028974298	0.0293124311156489	-0.0391408368107184	-0.0318017979810295	-0.0117964278999183	-0.0055877167873343	-0.0221338191378199	-0.0101366991153895
0.0525333748425096	0.0535403432819656	-0.032008254059643	-0.0310110980360029	0.0168215456913764	0.00165152848828178	0.020914194804632	0.00530016019793274	0.00344820641108827	0.0293633553744382	-0.0391440037735109	-0.0317737842603069	-0.0118103013483049	-0.0055699848690611	-0.0221307052604205	-0.0101245774849746
0.0524703540990179	0.0535019318091192	-0.0320437151022214	-0.0309318946295255	0.0167744170381924	0.00162357763184042	0.0208981127244964	0.00527663498689353	0.00346319325574556	0.029398101161194	-0.0391336660917003	-0.031748068578311	-0.0117865079163322	-0.0055370048701173	-0.0221273189711355	-0.0100981465471562
0.052478262425603	0.0535371539674287	-0.0320698931859306	-0.0307841984931169	0.0167845158357341	0.00165444119998111	0.0209022436062686	0.00529688147641795	0.00338775192725681	0.0294256343194108	-0.0391910248589247	-0.0317407413970818	-0.0118503263377042	-0.00555549395373392	-0.0221485349675757	-0.0101266715640332
0.0524385769033226	0.0535162662622352	-0.0320975311179496	-0.0307031398918497	0.0167677408515204	0.00164113073615798	0.0208902071918794	0.0052866332015852	0.00339086999560833	0.0294547698183083	-0.039199283828501	-0.0317301354943377	-0.0118302209435667	-0.00553165581827234	-0.0221838171961984	-0.010110410669942
0.0524440363169058	0.0535259725072649	-0.0320876907624532	-0.0306722441930764	0.0167932050763911	0.00167182526923123	0.0209049872829005	0.0053116503915668	0.00337648106011522	0.0294381680601142	-0.0392285143223124	-0.0317490618339553	-0.0118348421667328	-0.00554193203278566	-0.0222315325826743	-0.0101205080704997
0.0524257274442288	0.0535106811200894	-0.0321073630915419	-0.0306475930129103	0.0167826746107846	0.0016616077280471	0.0209018775964531	0.00531028414118697	0.0033667105538202	0.0294397522400024	-0.0392081099735928	-0.0317333289998268	-0.0118478089724849	-0.0055390961552079	-0.022202209887917	-0.0101138053411311
0.0524223132152633	0.0535014554375655	-0.0320891855353636	-0.0306775611142887	0.0167999357454402	0.00167015168236514	0.0209140201816285	0.00532012449668342	0.00338783854026658	0.0294142097840261	-0.0392135805630482	-0.0317548704935456	-0.0118195954830462	-0.0055400293405389	-0.0222298757596166	-0.0101053507937909
0.0523990841648381	0.0534740019074383	-0.0320776799749053	-0.0307156317230322	0.0167856697445416	0.00163939009405852	0.0209110194599354	0.00529533082414637	0.00342265697019183	0.0294072528035644	-0.0391812431767575	-0.0317448848517102	-0.0117956400009263	-0.00552767441379123	-0.0222017628530279	-0.010089888974564
0.0524583735639898	0.053509531402234	-0.0320416587417315	-0.0307765500055611	0.0168298493644416	0.00167183504811943	0.0209261641637879	0.0053159070019015	0.00341153837430934	0.02935333061705	-0.0391857009527923	-0.0317728790146564	-0.0118188061870702	-0.00557225357112331	-0.0221881380677984	-0.0101205429951004
0.0524610962858613	0.0535010782518778	-0.0320282295342659	-0.0308495996973931	0.016832080347935	0.0016604985227285	0.0209269199321473	0.00530785618294551	0.00344193255581648	0.0293408541526919	-0.0391642921725562	-0.0317790299353337	-0.0117915412497868	-0.00556043368925854	-0.0221890139767842	-0.0101101759766252
0.0524767508888842	0.0534906707208658	-0.0319985380357251	-0.0309659544971233	0.0168373860932751	0.00164016681717834	0.0209275094594073	0.0052862504279614	0.00347915659223873	0.029315135676728	-0.0391274034123008	-0.0317795579952965	-0.0117711704286838	-0.00556140878411041	-0.0221539580595741	-0.0100950354637248
0.0525155381504343	0.0535006018803241	-0.0319571356200738	-0.0310771474408683	0.0168629187703632	0.00165526122960582	0.02094649307537	0.0053060834102134	0.00350484573153802	0.0292654100302351	-0.0391179863429649	-0.0318053225717333	-0.0117567912720789	-0.00557959611917688	-0.0221533699292982	-0.0101098029818896
0.0525177020786943	0.0534965743753701	-0.0319564916104366	-0.0311262807661332	0.0168423733262567	0.00163339703257644	0.0209343071836897	0.00528459919283976	0.00351928076750407	0.0292710831823746	-0.0390865416294684	-0.0317903734456448	-0.0117561696141862	-0.00557644871416077	-0.0221069495470166	-0.0101000618122592
0.0525481591244828	0.0535220469821449	-0.0319382386171208	-0.0311554358228071	0.0168602016364278	0.00165448869743808	0.0209416301739669	0.0052985382994757	0.00350402849588137	0.0292688843295138	-0.0391051690145038	-0.031806095103901	-0.0117667280194733	-0.00558899642470437	-0.022120816010483	-0.010116498726338
0.0525477498081624	0.0535268232705382	-0.0319436994276881	-0.0311631318078198	0.0168517009886147	0.00165785682593069	0.0209354094040882	0.0052995594948005	0.00350594376098439	0.0292821766325446	-0.0391060477174577	-0.0318055432952098	-0.0117623987659691	-0.0055805544502204	-0.0221309036321525	-0.0101149410891463
0.0525582649069446	0.0535407805379665	-0.0319587100210738	-0.0311234029790345	0.0168486932820014	0.00166839427645734	0.0209297418398847	0.00530540307899154	0.00347479520810189	0.0292981455569739	-0.0391194042817538	-0.0317952517138722	-0.0117950895892191	-0.0055857973312792	-0.0221239648124832	-0.0101225979586062
0.0525237621954098	0.0535257461958523	-0.0319941068023869	-0.0310488962328608	0.016814749364078	0.00164891193719648	0.020911690012269	0.00529352033284549	0.00346722634863571	0.029339929349265	-0.0391218992952286	-0.0317726010148348	-0.0117981210445608	-0.00556415246074229	-0.022119441378199	-0.0101063175067386
0.0525017135964887	0.0535205061087616	-0.0320146801861739	-0.0309825436824612	0.016802379070506	0.00164360479487238	0.0209019125210539	0.00528488278059754	0.00345530308995283	0.029370854384703	-0.0391404833737592	-0.0317614796249842	-0.0117998519077721	-0.0055532545883363	-0.0221296212008144	-0.0100992417826345
0.0524913689297579	0.0535311720818188	-0.0320386147135335	-0.0308820013449492	0.0167976893951225	0.00166269737558929	0.0209048447905296	0.00530276836711387	0.00342638412357975	0.0293800004391373	-0.0391636802935517	-0.0317633529805664	-0.0118192043275183	-0.00555778780150865	-0.0221560591235529	-0.0101162249174684
0.0524533569943436	0.0535209880682514	-0.0320830415996065	-0.0307616511708976	0.0167713450703138	0.00165197692015492	0.0208938561141617	0.00529171263551266	0.0033902944381886	0.0294365140310245	-0.0391822909147788	-0.0317313145488578	-0.0118448333965043	-0.00553938393391776	-0.0221605210905398	-0.0101070076168487
0.0524413275648746	0.0535264600546908	-0.0320967921133986	-0.0306831783870671	0.0167814885713444	0.00166634490088759	0.020903194952392	0.00530999217152502	0.00336483161030192	0.029444444709354	-0.0392153756875248	-0.0317355879230008	-0.0118570192881846	-0.00554312086619388	-0.0221930470696744	-0.0101139632003263
0.0524127396837163	0.0535080198655152	-0.0321020000698567	-0.0306532717529859	0.0167711620654061	0.0016524868193253	0.0208970258709223	0.00529924098244202	0.00337835441569738	0.0294446011715652	-0.0392055856234533	-0.0317318328299323	-0.0118377744362085	-0.0055310062206991	-0.0222036417965462	-0.0100985181449077
0.0524120439856701	0.0535053348622125	-0.0320936656631429	-0.0306474630933956	0.016785442036145	0.00166439750515193	0.0209042426904133	0.00531065992989062	0.00337975978163001	0.029428639232056	-0.0392134338797252	-0.0317417374466941	-0.0118357655731756	-0.00553507703215803	-0.0222174132650987	-0.0101059640697794
0.0524342686045788	0.0535189764112504	-0.0320873554862863	-0.0306521276230666	0.0167965578380594	0.00166786901046264	0.020904473192778	0.00530606245545297	0.00337312829844693	0.0294040369463309	-0.0392026310022332	-0.0317392717698838	-0.0118589820507445	-0.00555643831493716	-0.0221928640647667	-0.0101157024454418
0.0524141380647287	0.0534898157666404	-0.0320740925199202	-0.0307222143117743	0.0167876478739259	0.00163763548211878	0.0208957867460891	0.00528387555511302	0.00342561857633216	0.0294008937322669	-0.0391718889717029	-0.0317441360682709	-0.0118040554327137	-0.00553329587752174	-0.0221955602439416	-0.0100901683713696
0.0524580313029029	0.0535088762167247	-0.0320370389155494	-0.0308025520692828	0.0168239862224741	0.00166581544394081	0.0209178646816748	0.00531167553727931	0.00343500072106727	0.0293428406639803	-0.0391745991207181	-0.0317762164095004	-0.0118002388723479	-0.00555896126809255	-0.0222050876750157	-0.0101093964595373
0.0524663182121597	0.0535004440211289	-0.0320189395904767	-0.0308884554111606	0.0168311555445082	0.00165926079487929	0.0209226647187966	0.00530927831268648	0.00345475407522965	0.0293368671602746	-0.0391570809410013	-0.0317771831224481	-0.0117873922072222	-0.00555445180364869	-0.0221954373093471	-0.0101018024543586
0.0524905754428298	0.0535003154985983	-0.031989988493471	-0.0309931230425087	0.0168310940772109	0.00163845690872751	0.0209230949898773	0.00529278831321458	0.00348761672751507	0.0293017134541826	-0.0391171998409569	-0.0317798820955911	-0.0117775294999813	-0.00556998067810902	-0.0221422792730962	-0.0100956724884418
0.0525378410004486	0.053522882378594	-0.0319497413836111	-0.0310912779343162	0.0168645239050119	0.00165959327707806	0.020939179863981	0.00530815793149566	0.00350575796210861	0.029256621603712	-0.0391156436007492	-0.0318120993412554	-0.0117645291666125	-0.00559182671434602	-0.0221528823818722	-0.0101165573996672
0.0525507644996958	0.0535269322352925	-0.0319397459628875	-0.0311474660289247	0.0168642598750305	0.00166261495353161	0.020942223892179	0.00530733510790289	0.00351367467059787	0.0292541447510296	-0.0391061622701481	-0.0318170125340834	-0.0117609263448031	-0.00559307422108343	-0.0221425963884707	-0.0101149662348588
0.0525404268178853	0.0535185838587384	-0.0319550233802227	-0.0311580272281798	0.0168388794692015	0.00163287595753383	0.0209257618323877	0.00528157472241815	0.00351768680872759	0.0292819167935153	-0.0390840899224985	-0.031788078200886	-0.0117628597706985	-0.00557875792875981	-0.0221050789854025	-0.0101057908437599
0.0525541424070766	0.053535942782276	-0.0319573116400613	-0.0311414506156982	0.0168434978983996	0.00165059250898272	0.0209289721016851	0.00529394920694222	0.00350028876963719	0.0292894409494926	-0.0391039243017345	-0.0317963120247498	-0.0117743793009972	-0.00558786347065729	-0.0221155032802228	-0.010120081990371
0.0525404407877255	0.0535336182008527	-0.0319808480269728	-0.0311021338972013	0.016830802107549	0.00164621156706948	0.0209214619155481	0.00529432918659796	0.00348614011539699	0.029312731467215	-0.0391097134035484	-0.0317824986466764	-0.0117823812255122	-0.0055750559210844	-0.022116933791868	-0.0101161704350913
0.0525524185287855	0.0535602139827864	-0.0319898138704674	-0.0310344556089587	0.0168415952061528	0.00167341084610353	0.0209253036216263	0.00531636521266284	0.00344615005059839	0.0293265420513203	-0.0391496811166026	-0.0317889387430476	-0.0118105248657495	-0.00558382059887894	-0.0221552921793213	-0.0101294725170103
0.0524934043354874	0.0535172930454961	-0.0320233023715976	-0.0309892883213506	0.0168000153735298	0.00164039173160693	0.0209017616467788	0.00528748117089047	0.00346842915188421	0.0293724469464954	-0.0391332134688751	-0.0317582106823576	-0.0117824566626497	-0.00554690110497488	-0.0221525708544339	-0.0100952799359298
