0.0526339283558939	0.0536444730744628	-0.0316095953304583	-0.0308196623296633	0.0166968606758846	0.00138964846532327	0.0209284258809299	0.00505906729731766	0.00342008093164336	0.0294503190271937	-0.0393346264351459	-0.0319826235936729	-0.0121495184070788	-0.00553816296987688	-0.0219831683801911	-0.00980544626256183
0.0526365490979313	0.0536398742030411	-0.0316059240564315	-0.0308286644947427	0.0167065222174254	0.00139356560853906	0.0209318512857677	0.00506242564692207	0.00342460157195944	0.0294416521382811	-0.0393243837482493	-0.0319855684360049	-0.0121485740458756	-0.00554385707677687	-0.021978156001497	-0.00982191391028928
0.0526161014427068	0.053614732681481	-0.0315946322345295	-0.0308682228914765	0.0167054535246436	0.00137841531675045	0.0209314307935751	0.00505503141045945	0.00345840160052795	0.0294288934831492	-0.0393090239088564	-0.0319914204021001	-0.0121101248544603	-0.00552927954843993	-0.0219895959037061	-0.00979616050972468
0.052623868673905	0.0536084630171613	-0.031574526840392	-0.0309226382133529	0.0167064481772719	0.00136514955641622	0.020934370047971	0.00504160918791404	0.00348188210807825	0.0294129231617359	-0.0392884938315742	-0.0319963936652414	-0.0120972614255263	-0.00553208469236907	-0.0219684399775791	-0.0097948752844185
0.0526680580726931	0.0536311947412723	-0.0315438378952548	-0.0309889111356629	0.016741652174789	0.00139085406253982	0.0209547771906587	0.00506255277246866	0.00348543603544665	0.0293589660506208	-0.0392907290060197	-0.0320244004010439	-0.0121001000970721	-0.00555886208222653	-0.0219690658264239	-0.00981758465678509
0.0526850412075271	0.0536256473176953	-0.0315203280510399	-0.0310850725312617	0.0167518403793085	0.00138045631041602	0.0209551529793624	0.00505468076746831	0.00350612955986018	0.0293532398130882	-0.0392720918420961	-0.0320230858390732	-0.0120850839157503	-0.00555694402315545	-0.0219586988079487	-0.00981088332440059
0.0526974366468116	0.0536149757567019	-0.0314966002773166	-0.0312016690092288	0.0167474720102515	0.0013574018829944	0.0209513657556612	0.00503205102319133	0.00355954045022016	0.0293166402285266	-0.0392239112599386	-0.032025286088918	-0.0120517448919111	-0.00555825020322206	-0.021921157656152	-0.00979826436767154
0.0527261348897081	0.0536246079615781	-0.0314750098891568	-0.031277375764683	0.0167510468923803	0.00135847336974422	0.0209521019662442	0.00502956858257277	0.00357447001853228	0.0292928565754421	-0.0392063665375252	-0.0320309424772492	-0.0120497122801497	-0.00556770638811068	-0.0218933981865225	-0.0098087487328051
0.0527812878191516	0.0536625947512799	-0.0314514623263731	-0.0313263149091679	0.0167856362169249	0.00139737658096869	0.0209668876452014	0.00506122982859371	0.0035582314761855	0.0292664032858793	-0.0392312328532318	-0.0320613520255807	-0.0120688565492757	-0.00559201391020583	-0.021915269368472	-0.00983314566187807
0.0527562622472658	0.0536384856009168	-0.0314576230259386	-0.0313634774782929	0.0167615047148174	0.0013710546079045	0.0209552731199888	0.00504098753002137	0.00358271501826823	0.029294910141964	-0.0392087833198945	-0.0320457197743022	-0.0120432107164813	-0.00556540695239984	-0.0219085778149757	-0.00980839389886188
0.0527510584817598	0.0536453741291611	-0.0314830327684322	-0.03132062499322	0.0167423534607713	0.00136345920574179	0.0209436991073131	0.00503030758712382	0.00355983102289808	0.0293178695744717	-0.0392083544457977	-0.0320244367226287	-0.0120685981072304	-0.00556821908124913	-0.0218753812835075	-0.00980530516717496
0.0527479404134083	0.0536489839358907	-0.0314984666479786	-0.0312897013547661	0.0167409564767428	0.0013726793003296	0.0209404469284948	0.00503948297822272	0.003550745038777	0.0293394054802543	-0.0392307173661253	-0.0320210057298548	-0.012066463515635	-0.00556179295471823	-0.0218944808491446	-0.0098180121338978
0.0527579749496847	0.0536736588647853	-0.0315064252659887	-0.0312129021578017	0.0167487111350848	0.00139724247050195	0.020944826473424	0.00505716181110284	0.00350051927200189	0.0293604370748028	-0.0392628829233805	-0.0320261033245746	-0.0121070780322943	-0.00556986333145062	-0.0219218854848308	-0.00983339153106708
0.0527091531518582	0.0536453783201132	-0.0315441158950765	-0.0311492052740401	0.0167111322647193	0.0013680008008183	0.0209311863213702	0.00503623499035656	0.00350728626263574	0.029396529554162	-0.0392505950518662	-0.0319944811941065	-0.012099752248049	-0.00554682427085331	-0.021911341049384	-0.0098085866826578
0.052681847702038	0.0536482700770521	-0.0315807420223346	-0.031014147652137	0.0166951367975934	0.00137636873514875	0.0209256067671605	0.00504323946827524	0.00346386520506325	0.0294332171487173	-0.0392865282750461	-0.0319826710911299	-0.0121264989042579	-0.00553937275804553	-0.0219268671298763	-0.00981072406822134
0.0526678680828652	0.0536550328767339	-0.0315991696386539	-0.0309088360111518	0.0166941882454381	0.00138963589246701	0.0209148234474449	0.00505284093950283	0.00343178067288168	0.0294564084805737	-0.0393172940543048	-0.031978009355427	-0.0121469381775782	-0.00553828730145542	-0.02195660472889	-0.00981743937044613
0.0526261541397755	0.053629412189652	-0.0316177942297213	-0.0308512858571155	0.0166775753113717	0.00137311236537842	0.0209035078768144	0.005037189130448	0.00343930762282701	0.0294786428783706	-0.039311756409616	-0.0319616534664218	-0.0121310293234622	-0.00551911509264888	-0.021970446046644	-0.00980182108900799
0.0526412178185544	0.0536439617783084	-0.0316142193475925	-0.0308192795560395	0.0166983386849867	0.00139289226223734	0.0209121342531901	0.00505053172490379	0.00342439761229129	0.0294546580595861	-0.0393256382399068	-0.0319762058490462	-0.0121432794764077	-0.00553871896952021	-0.0219825173856339	-0.00981827336991112
0.0526161866587325	0.0536213446068877	-0.0316161835071365	-0.0308290668261429	0.0166864950543934	0.00137242085828434	0.0209084043058341	0.00503301075121888	0.00344854029027108	0.0294515986645637	-0.0393054294689512	-0.031970548063731	-0.0121221319321849	-0.00552007482067643	-0.0219752949782068	-0.00979927159315605
0.0526312098249745	0.0536293269736263	-0.0315889339366774	-0.0308652068029591	0.0167133422934523	0.00138668406521488	0.0209200523586634	0.00504725160640497	0.00345439924128643	0.0294227006529511	-0.0393096958581741	-0.0319896560112722	-0.0121164964986141	-0.00553453360537095	-0.0219903125565127	-0.00981013174699328
0.0526789182265303	0.0536546612789823	-0.0315554859480841	-0.0309359179435275	0.0167469690960013	0.00141340417872717	0.0209354848412257	0.00506657329250256	0.00345738180218718	0.0293767552452392	-0.0393138211520101	-0.0320185023344758	-0.0121295177867434	-0.00556405048090821	-0.0219892522456351	-0.00982360007001163
0.0526497939035051	0.0536132211447622	-0.0315544354160947	-0.0310199828544239	0.0167216669212779	0.00137495917826404	0.0209282652277667	0.00503740426598838	0.00351411052961475	0.029383863099976	-0.0392628368229075	-0.0320065665029367	-0.0120762312279619	-0.0055319980793593	-0.021971773181471	-0.0097994601859999
0.0526886649840969	0.0536247783936296	-0.0315144243965357	-0.0311225089092563	0.0167484233563749	0.00137426767116996	0.0209410741743236	0.00503874676763973	0.00352329849356991	0.0293498674936435	-0.0392525536234741	-0.0320139635333673	-0.0120763639414446	-0.00555309672914108	-0.0219492188743316	-0.00980699132689731
0.0527118800646818	0.053624211218114	-0.0314836767780693	-0.0312316385075913	0.0167574227274862	0.00136746435895137	0.0209479724814561	0.00503710670839032	0.00355878468186076	0.0293047085879396	-0.0392222306881524	-0.0320293946189457	-0.0120514277765367	-0.00556255989894985	-0.0219254673518798	-0.00980315520875516
0.0527486472873267	0.0536438123010173	-0.0314649921166887	-0.0312918778558824	0.0167686642579632	0.00137273797365879	0.0209530449304634	0.00504191093646418	0.00355992322384396	0.0292852835250239	-0.0392130231664208	-0.0320405271846684	-0.012067298912084	-0.00558153792697643	-0.0218971267368945	-0.00981764053614623
0.0527665566225715	0.0536567371972486	-0.0314575881013379	-0.0313268527480188	0.0167703909302224	0.00138096900355446	0.020955084527145	0.00504880086169253	0.00355536905591119	0.0292862055344827	-0.0392181808314539	-0.032045170759579	-0.0120708472515163	-0.00558363340301912	-0.021893813090779	-0.00982402754712433
0.0527758311995365	0.0536618767014893	-0.0314615010536016	-0.0313467024940792	0.0167637734168796	0.00138280044961577	0.0209510374644145	0.00504835242981939	0.00355914510374011	0.02929579303587	-0.0392184280976269	-0.0320448815838851	-0.0120625561513074	-0.0055796561894901	-0.0219042080489347	-0.00982067618244007
0.0527510459089036	0.0536504577540407	-0.0314800725592759	-0.031328237159191	0.0167385857948465	0.00136939219691064	0.0209372939355426	0.00503702288934861	0.00356129366517587	0.0293318268419	-0.0392152066524573	-0.0320263715455081	-0.0120568089590143	-0.00555993915691247	-0.0219024618188991	-0.00980782113541021
0.0527527614052905	0.0536652937244229	-0.0315102306504823	-0.0312383216791834	0.0167228222270694	0.00137235939098708	0.0209281464841242	0.00503522916185607	0.00351873035579685	0.029352742486774	-0.039225695208543	-0.0320064617291345	-0.012099796951538	-0.00556982421589782	-0.0218803838833134	-0.00981737091822874
0.052755241051941	0.0536770716967668	-0.0315107684893332	-0.0311930831453899	0.0167360754145474	0.00139687785767053	0.0209320342906754	0.00505395852672559	0.00350415562142797	0.0293699966365095	-0.039268209623481	-0.0320221093472373	-0.0120988372235104	-0.00556450589770149	-0.0219410255630047	-0.00982687180660627
0.0526943395332205	0.0536459650534052	-0.031555532048557	-0.0310910851505202	0.0166898589919339	0.0013675146503764	0.0209137799003756	0.00503326779628012	0.00350105571386882	0.0294048499910355	-0.0392492483592627	-0.0319899829055349	-0.0121018253723473	-0.00554456115672721	-0.0219143976504383	-0.00980399898710835
0.0527075633840338	0.0536780314247944	-0.0315766851807159	-0.0309705952780658	0.0167030604910029	0.00140036333282153	0.0209203652830857	0.00506260725484577	0.00343332154626507	0.0294314625367776	-0.0393066560209281	-0.0319911088746618	-0.0121528627868429	-0.00555699710854854	-0.02194815716647	-0.00983371283739362
0.0526587164404948	0.0536490104785872	-0.0316076507286907	-0.0308914114293649	0.016676364126219	0.00137945606985165	0.0209009555869944	0.00504520921575537	0.00344033161211987	0.0294750177048168	-0.0393099054057783	-0.0319698830993334	-0.012137403761584	-0.00552674122846022	-0.0219757252492875	-0.00980634033234004
0.0526530642431157	0.0536515613714232	-0.0316052339463215	-0.030848023899409	0.0166927060453839	0.00139488156749386	0.0209065016135873	0.00505003998652577	0.0034277950774485	0.0294650292690133	-0.0393225089956831	-0.0319740600815785	-0.0121458499270201	-0.00553570148401874	-0.0219941402927506	-0.00981606054721005
0.0526303157551963	0.0536296622497931	-0.031611397439855	-0.0308369541979676	0.0166856037785833	0.00138509709135855	0.0209059484079121	0.0050477880482719	0.00344445271500381	0.0294590445894354	-0.0393113498872638	-0.0319740991971313	-0.012127828833053	-0.00552554820409992	-0.0219967722106602	-0.00980396266552361
0.0526297974741217	0.0536223490384041	-0.0316092335115949	-0.0308300964033719	0.0166816880323515	0.00137317942061179	0.0209032173041364	0.00503926784268234	0.00344813656188685	0.0294498985350011	-0.0392992170809766	-0.0319701918328037	-0.0121305152333397	-0.00553525305214561	-0.0219704013431551	-0.00980262575180838
0.0526537976597306	0.0536338098953736	-0.0315719116862907	-0.030885869593724	0.0167150535988872	0.00138756835610489	0.0209160863210066	0.00504907467056211	0.00346563238985925	0.0294080281297002	-0.0393039612387373	-0.0320010428280881	-0.0121087949256652	-0.00554243355005187	-0.0220035322163739	-0.00981150498229325
0.0526892279686604	0.0536465755354256	-0.0315478807670332	-0.0309647014024498	0.0167370952128881	0.00139827763566704	0.0209280472982582	0.00505544771169993	0.00347667694558822	0.0293707482139168	-0.0392886251480729	-0.0320137581767152	-0.0121140447916442	-0.00556625771567318	-0.0219816470645841	-0.00982518145593184
0.0526721973363694	0.0536207830193082	-0.0315465159136374	-0.0310366726226118	0.0167224338655095	0.00136593605842424	0.020919689142816	0.00502587775076959	0.00351838669772585	0.0293751082010696	-0.0392534644570606	-0.0320042796400821	-0.0120787499901652	-0.00554233995212197	-0.0219602773999008	-0.00979811209641243
0.0527172822019198	0.0536307532943193	-0.031500447571331	-0.0311577282735977	0.0167503749430627	0.00137159244675546	0.0209326545515841	0.00503030479315577	0.00354167861243231	0.0293259134085075	-0.0392371015831353	-0.0320246406822968	-0.0120636611656739	-0.00556325978794811	-0.0219449427062205	-0.00980877248153359
0.0527517681496463	0.0536423510557236	-0.0314657828096488	-0.0312630077839503	0.016768164137681	0.0013799939087026	0.0209427994495987	0.00504462946738356	0.003563558176286	0.0292880020559433	-0.0392215922664514	-0.0320483810288764	-0.0120519739972918	-0.00557687479428945	-0.0219377258867295	-0.00981592783372734
0.052755974468556	0.0536408129763082	-0.031464661031474	-0.0313241803175724	0.0167558078139493	0.001362586090724	0.0209357851927918	0.00503272017854096	0.00358113083837996	0.0292936388864981	-0.0391940730780748	-0.032037804462797	-0.012053601483685	-0.00557237790270184	-0.0219015118697598	-0.00981024629968361
0.0527812207639183	0.0536598454867119	-0.031450277683917	-0.031361518906685	0.0167722475219962	0.00137974105459345	0.0209459664123912	0.00505228913081159	0.00357065904610265	0.0292907443355911	-0.0392157430943242	-0.0320526124934986	-0.0120574124561146	-0.00557815582864354	-0.0219175045429176	-0.00981948874601588
0.0527791155089874	0.0536639316649952	-0.0314666880552993	-0.0313421888386832	0.0167499586418222	0.00136607994777917	0.0209323500090659	0.00503663871874079	0.00355974720385637	0.0293120637088494	-0.0392032303083814	-0.0320312707684959	-0.0120758344844978	-0.00557753417075088	-0.0218893678876004	-0.00981377089038741
0.0527368567421266	0.0536386378721759	-0.0314977262464435	-0.031303199014449	0.0167140030668978	0.00133689695142471	0.020916600411129	0.00501056261486561	0.00357654174584648	0.0293526405069399	-0.0391964269961628	-0.0320098941188924	-0.0120534743581384	-0.00554998843967777	-0.0218805082148919	-0.0097915225227502
0.0527542519872489	0.0536698464953716	-0.0315018110277427	-0.0312173180243156	0.0167303701317752	0.0013681726298538	0.0209290112172379	0.00504009485722719	0.00352254551917857	0.0293545459931548	-0.0392398955511922	-0.0320164599438262	-0.0120943724625555	-0.00557434625319794	-0.0218993227957872	-0.00982531277243051
0.0527388376654789	0.0536669715022411	-0.0315189687855802	-0.0311692086883436	0.01672481292931	0.00137189140133755	0.0209267844246965	0.00504307602114391	0.00350985811023213	0.0293814658753831	-0.0392589979107973	-0.0320095001693964	-0.0120963757376523	-0.00556211146707672	-0.0219301821729758	-0.00981835299800074
0.0526980610986723	0.0536574650259274	-0.0315684178292355	-0.0310442023665252	0.0166857350950819	0.00136079795116758	0.0209058562069662	0.00502934506512821	0.00348964514832439	0.0294177357717139	-0.0392598766137512	-0.0319817686394475	-0.0121162310716487	-0.00554957912335743	-0.0219167334077339	-0.00980783231128244
0.0527027633469121	0.0536834237831442	-0.0315777971800026	-0.0309451310531951	0.0167074693725967	0.00139981012714626	0.0209124583534847	0.00506071294450318	0.00343598699179137	0.0294380395375835	-0.0393184521540644	-0.0319921314669706	-0.0121451011435808	-0.00555627626478985	-0.0219766947562033	-0.00982908043835526
0.0526552742718487	0.0536551125048235	-0.0316122551880485	-0.0308770392576801	0.016680141571032	0.00137643858435018	0.0208942500636578	0.00504377870411023	0.00343983987374185	0.0294733413239826	-0.0393081619697108	-0.0319681843667548	-0.012138141369151	-0.00552908816162803	-0.0219807767435344	-0.00980452984103916
0.0526269476267037	0.0536352571708271	-0.0316253155917305	-0.030829414675166	0.0166659859318716	0.00135841609339906	0.0208898397850799	0.00502819255330474	0.00344206806326724	0.0294803527868215	-0.0392998094022047	-0.0319499970316883	-0.0121374554499931	-0.00552554121917978	-0.021962790574168	-0.0097967360671444
0.0526417067629643	0.0536497257344098	-0.0316047002984226	-0.030816555437184	0.0166982241322963	0.00138450756409855	0.0209099186365209	0.00504818199776793	0.00343051919630399	0.0294435911521126	-0.0393288820368209	-0.0319820424483171	-0.0121388342732292	-0.00553463139425294	-0.0219984569733986	-0.00980227231484918
0.0526391195485436	0.0536393377611742	-0.0315938317626812	-0.0308597781230245	0.016701694240623	0.00137423134958522	0.0209143051663703	0.00504186204202319	0.00345292123218432	0.0294320855916543	-0.0393080893265413	-0.0319794217062797	-0.0121205673100731	-0.00553804562321849	-0.0219866720161345	-0.0098091510642053
0.0526909979474244	0.0536687526568774	-0.0315546715063955	-0.0309149869318291	0.0167452801423109	0.00140389211447741	0.0209315607130898	0.00506555489114581	0.00344429345882457	0.0293902654777784	-0.0393188181638799	-0.0320087024915162	-0.0121428072958061	-0.00557347313818015	-0.0219921034900371	-0.00983503438428454
0.0526435773245784	0.0536131065920718	-0.0315651670474013	-0.0310023277702722	0.016709057743437	0.00135381163404127	0.0209129067853578	0.0050221128788129	0.00351976272699388	0.0293940079979906	-0.0392561117417946	-0.0319902301717079	-0.0120716742660611	-0.00553032449249321	-0.0219643775480244	-0.00978813064552911
0.0526562270149561	0.0536103782822643	-0.0315357535486822	-0.0310677750750214	0.0167247919745495	0.00134714941720955	0.020923030728612	0.00502110565332838	0.00352501398995685	0.0293812661066671	-0.0392489605805529	-0.0319927796675598	-0.0120732849886459	-0.0055394006977261	-0.0219371768720063	-0.00979383173734924
0.052720776058975	0.0536397456805105	-0.0314874542228823	-0.0311800730331329	0.0167658493351459	0.00137195705958689	0.0209579860629721	0.00504636033059482	0.00353370602458191	0.029309245992064	-0.0392419672785064	-0.032031227461991	-0.0120776910762717	-0.0055800389631139	-0.0219267190495693	-0.00982045545896357
0.0527364921292951	0.0536353451808208	-0.0314717381525622	-0.031286263377072	0.0167666344401699	0.00136368970810648	0.020955574868539	0.00503746713026966	0.00356596238579898	0.0292895568991669	-0.0392127731062797	-0.0320381090053152	-0.0120487874767229	-0.0055718554306752	-0.0219135957816059	-0.00980760041193371
0.0527550175344965	0.0536453992748736	-0.0314621310933985	-0.0313319098302018	0.0167648644614058	0.00136484780786607	0.0209561741746872	0.00504150860506399	0.00356931095651519	0.0292875634029583	-0.0392066752709955	-0.0320372861817224	-0.012056055984623	-0.00558046504324258	-0.0218947127484933	-0.00981545006518961
0.0527845176462254	0.0536715466249343	-0.0314546921534469	-0.0313373454950566	0.0167714987385569	0.00137575126820818	0.0209534430709115	0.00504382899553525	0.00354965958218689	0.0292917613399638	-0.0392141896480846	-0.0320385197186196	-0.0120849833329002	-0.00559857414720346	-0.0218845468957182	-0.0098291558754928
0.0527564857647104	0.0536556964441474	-0.031473448061013	-0.0313299275098655	0.0167451655896205	0.00135824705833161	0.0209405880238817	0.00503104100373876	0.00356297842791419	0.0293213746073991	-0.0392051623372927	-0.03202283158798	-0.0120644895772027	-0.0055742805949486	-0.0218867848641318	-0.00981465238730936
0.0527606655409235	0.0536715885344551	-0.0314908153664548	-0.0312725729335931	0.0167461267146321	0.00137628491610705	0.0209430690675162	0.005043423870167	0.00353054604670954	0.0293322822586932	-0.0392342419568291	-0.0320268325502375	-0.0120904623042598	-0.00557839331592838	-0.021894943250858	-0.00981572527104322
0.0527331547344511	0.053660193335735	-0.0315180132485048	-0.0312187233902482	0.0167269531088415	0.00136553791797613	0.0209322997176408	0.0050363202063823	0.00352214598174643	0.0293770122903004	-0.0392434466845926	-0.0320082093561541	-0.012088066476651	-0.00555507625550941	-0.0219056455455	-0.0098164363359137
0.0527288869482442	0.0536652462269659	-0.0315309311598159	-0.0311615238792031	0.0167309554680831	0.00137991148664492	0.0209348939169817	0.00504763158606071	0.00350178493953168	0.0293807911320974	-0.0392654170524081	-0.0320094820086041	-0.0120987715652611	-0.00556128864348395	-0.0219257830702702	-0.00981690432556323
0.0526828940430753	0.053653272676858	-0.0315812826551536	-0.0310291945671075	0.016689812891461	0.00136509926499119	0.020913800855136	0.00503429457954103	0.00347505923808327	0.029434084675799	-0.0392715344454687	-0.0319771320494571	-0.0121198422753623	-0.00554190269612106	-0.0219239879457936	-0.009803441590481
0.0526506055512256	0.0536435817986526	-0.0316103301440573	-0.0309154144089418	0.0166789820742884	0.00136166687523328	0.0209049369914755	0.00503099630024985	0.003450549153304	0.0294672197399699	-0.0392980114837601	-0.0319616995668947	-0.0121301590024124	-0.00553049352756066	-0.021942217190381	-0.00980021316039123
0.052637517207863	0.0536426528042737	-0.0316180093652617	-0.0308481258792431	0.0166835069055565	0.00136970093038093	0.0209060196540975	0.00503650460827405	0.00343614205701852	0.0294704928735486	-0.0393148996236801	-0.0319637461484964	-0.0121340831305484	-0.00553238364695116	-0.0219643803419924	-0.00980690890483963
0.0526351171893021	0.0536429349950475	-0.0316123404040742	-0.0308242849498135	0.0166920368900343	0.00138024257185967	0.0209122921123853	0.00504253119737282	0.00343219976809022	0.0294535865728362	-0.0393168749590963	-0.0319763162107845	-0.0121364831491093	-0.00554019278767023	-0.0219745811193682	-0.0098098677170119
0.0526347414005985	0.0536398099417758	-0.0316075529398087	-0.0308345849130553	0.0167016299793577	0.00138429242855816	0.0209155373062834	0.00504738571687171	0.00343928946203464	0.0294369387141691	-0.0393162896227884	-0.0319842245373696	-0.0121306228011099	-0.00553900395426201	-0.0219814165622195	-0.00980592961903568
0.0526397579702446	0.0536371598630738	-0.0315884100676668	-0.0308772893178212	0.0167148049357301	0.00138895137029307	0.0209204644689518	0.00505883958892102	0.00345293380504057	0.0294166531090919	-0.0393101778176639	-0.0319972234737543	-0.0121176713621821	-0.0055421010678531	-0.0219903251293689	-0.00980636687503659
0.0526307138956444	0.0536129613057329	-0.0315758847088676	-0.0309522263350757	0.0167128016606333	0.00136683152518648	0.0209252784759138	0.00504597336601894	0.0034883249984175	0.0294057538397019	-0.0392804416156342	-0.0319932588330816	-0.0120935454480106	-0.00553659415681293	-0.0219618182732842	-0.00979486969648239
0.0526731472855088	0.0536412013378681	-0.0315404027115289	-0.0310004069172331	0.016749311838217	0.00139545153697748	0.0209491152143914	0.00506661380503938	0.00348136103303564	0.0293479843591731	-0.0392879196711385	-0.0320265755051762	-0.012105002114028	-0.00556693804689503	-0.0219664576572427	-0.00981048378696845
0.0526765251928896	0.0536173324687579	-0.0315176905451942	-0.0311211482468126	0.0167505663298746	0.00136346898462999	0.0209429936303787	0.00504149323823968	0.00352047937980048	0.0293486800572193	-0.0392475272749397	-0.0320114182284675	-0.0120731704359556	-0.00555562527023259	-0.021932055528558	-0.00980290375163004
0.052724951644236	0.0536354052511341	-0.0314734662218054	-0.031228580509553	0.0167804631850676	0.0013795077582607	0.0209578030580643	0.00505268168332359	0.00354617410703589	0.029287694719457	-0.0392358470914778	-0.0320448885688053	-0.0120626972466942	-0.00558131720349994	-0.0219230575544307	-0.00981482701031292
0.0527364516167583	0.0536322201275492	-0.0314658331010739	-0.0313000502124489	0.0167715113114132	0.00136523616942598	0.0209532768298121	0.00504144993173479	0.00356594422500661	0.0292783405144025	-0.0392036717553343	-0.0320393788637971	-0.0120556452713186	-0.00558244596659493	-0.0218879094362747	-0.00980949611926033
0.0527512065620669	0.0536407389361547	-0.0314631928012601	-0.0313306469566401	0.0167671555152125	0.00136443430059365	0.0209525196644687	0.0050410280425582	0.00356576820501902	0.0292859652532298	-0.0392038477753219	-0.0320430641076641	-0.0120575423756292	-0.00558007388771461	-0.0218797706073249	-0.0098106779677484
0.0527429322256663	0.0536361079341004	-0.0314746410853733	-0.0313289524150136	0.0167424526466373	0.00134250304833091	0.0209424124850228	0.00502198016533019	0.0035694297001576	0.0293067034811322	-0.0391892115736558	-0.0320249857373519	-0.012058217118915	-0.00557348431405238	-0.0218518127659634	-0.00980321667605242
0.0527658539396052	0.0536620918370297	-0.0314702489675878	-0.0313111716022994	0.0167608816599407	0.00137063271872791	0.0209470281202529	0.0050463547426587	0.00354661974494096	0.0293063570290931	-0.0392259466656681	-0.0320402408029426	-0.0120709240856378	-0.00558578894937503	-0.0218816635206835	-0.00981983519805494
0.0527543665399392	0.0536646636846261	-0.0314963544081276	-0.0312542850156766	0.0167449015596392	0.00137264577271292	0.0209344454851085	0.00504731726465431	0.00352234714744653	0.0293344992723464	-0.0392343271728548	-0.0320255096063625	-0.0120896758022518	-0.00557812090404283	-0.0218808574608991	-0.00981605635625796
0.0527420744774728	0.0536639051222986	-0.0315157543253308	-0.0311841214928474	0.0167323189244949	0.00136840033825044	0.0209243438935988	0.00504329534763638	0.00350372954129929	0.0293707328470925	-0.0392500837557118	-0.0320096161190708	-0.0121052759228976	-0.00557244216396715	-0.021897351651323	-0.00981415506099523
0.0526933951720172	0.0536559283434961	-0.0315597844679397	-0.0310438167989334	0.0167099476222631	0.00137287348110956	0.0209301581411252	0.00504846139457361	0.00349836791659807	0.0293767259085746	-0.0392645872438952	-0.0320122508309485	-0.0120976735358147	-0.005564236279784	-0.0219296247763484	-0.00981388404609371
0.0526715994272053	0.0536607982298193	-0.0315933372303351	-0.0309306080072353	0.0167056532933597	0.00138263839946847	0.0209257967569884	0.00505610289720928	0.00343318743579834	0.0294372069351026	-0.0393077065529175	-0.0319905053775615	-0.0121430950745159	-0.00555389021606925	-0.0219444914803793	-0.00980934943593734
0.0526259390042352	0.0536323039465909	-0.0316184340484064	-0.030871930487088	0.0166906147602933	0.00136520822974541	0.0209204141775267	0.00504215959962125	0.00343936070822009	0.0294687047339922	-0.0393063836090426	-0.0319705410788108	-0.0121280928630343	-0.00553441765569659	-0.021954344408732	-0.00980056100941432
0.0526117023400011	0.0536255998202383	-0.0316160857182545	-0.0308303771971616	0.0166918231514779	0.00136518727498499	0.0209208849611443	0.00504166925822726	0.00343379652083475	0.0294612182965837	-0.0393117242789834	-0.0319718807864941	-0.0121283373352393	-0.00553531032849077	-0.0219568240553825	-0.00980134192348623
0.0526284940880232	0.053638837640892	-0.0316076758744032	-0.0308212297457432	0.0167099783559118	0.00138372245907455	0.0209285348456842	0.00505452709922518	0.00341744063182958	0.0294371510557414	-0.0393211734789519	-0.0319812852829737	-0.0121471966196235	-0.00554750879302726	-0.0219630099006605	-0.00980960648099858
0.0526255213060106	0.0536258065738745	-0.0315981093277763	-0.0308542656240482	0.0167065361872657	0.00137455824384787	0.0209247350491268	0.00504598873284325	0.00344705669323286	0.0294232035672013	-0.0393064883828447	-0.0319861356115205	-0.0121197263256879	-0.005539886848168	-0.0219686425402632	-0.00980015169309398
0.052640759607793	0.0536218894306588	-0.0315716280985329	-0.0309287025210205	0.0167227803175485	0.00137381504834474	0.0209321278886053	0.00504674310421862	0.00347543782075498	0.0293984769498976	-0.0392941111043526	-0.0320011168682417	-0.0121005317651369	-0.00554644149722952	-0.0219687375351772	-0.00980076077813039
0.0526640990199565	0.0536302308222927	-0.0315465228985575	-0.0309961558948345	0.0167410011802317	0.00138968897786009	0.0209434644139963	0.00505843725752083	0.0034875790089463	0.0293621148526209	-0.0392824169510504	-0.0320195975699541	-0.0120977112543835	-0.00556013892562853	-0.0219639724226561	-0.00981009961636062
0.0526746183096908	0.0536181972018715	-0.0315254312336959	-0.0310879405394722	0.0167457984233854	0.00136826762476774	0.0209406397122907	0.00504264854403121	0.00351356570584365	0.0293575914183368	-0.0392567431785754	-0.0320117157860656	-0.0120822969326135	-0.00555594517957511	-0.0219394385891484	-0.00980181550107187
0.0526954864571078	0.0536120197384977	-0.0314976787489866	-0.0311971371930405	0.0167517132537619	0.00135482584444592	0.0209461298595226	0.00503217954572195	0.00355656208027149	0.0293117172568103	-0.039219513554217	-0.03202135776983	-0.0120535386194037	-0.00556753176510713	-0.021905204098547	-0.00979867228700785
0.0527594655316431	0.0536475003388524	-0.0314565431572846	-0.0312936659954388	0.0167954863513096	0.00139050761050077	0.0209722450789505	0.00506296627974108	0.00355268125864044	0.029263736443369	-0.0392294740503399	-0.0320578497866213	-0.0120621580108593	-0.00560116275860819	-0.021915611629559	-0.00982812350429577
0.0527404595639359	0.053627399135667	-0.0314723751772791	-0.0313313133180217	0.0167633375578627	0.00136128689557754	0.0209602352072579	0.00503754536137525	0.0035756295152759	0.0292898362959726	-0.0391991497180342	-0.0320384331056098	-0.0120489774665508	-0.00557651576939413	-0.0218865166431983	-0.00980244833483676
0.0527621337711374	0.053644044200366	-0.0314635532231394	-0.0313517945008629	0.0167724500846803	0.00136879009679438	0.0209679619259193	0.00504706021959307	0.00356330671916088	0.0292901645872193	-0.0392065551303691	-0.0320394012155415	-0.012062686070822	-0.00559013496668756	-0.0218786334623257	-0.00982315303512252
0.0527324338906925	0.0536284929741613	-0.031493476621029	-0.0313206529329005	0.0167354635355429	0.0013391349198383	0.0209456157694001	0.00502348471712884	0.00356615097864282	0.0293303362599416	-0.0391963347952169	-0.0320114335952918	-0.0120589924450508	-0.00557213622446492	-0.0218485647780972	-0.00979952165329715
0.0527668178585849	0.0536704094799351	-0.0314930449529642	-0.0312641183862529	0.0167614432475201	0.0013857229402033	0.0209556586875807	0.00505865099607718	0.00351819111996187	0.029320195552879	-0.0392438923224976	-0.0320307385175811	-0.0120964246320933	-0.00559383278341088	-0.0218848123226836	-0.0098302259652586
0.0527321055994458	0.0536561490669726	-0.0315252091132354	-0.0311974207807983	0.0167309107645942	0.00136502522483769	0.0209349162687261	0.00504056843481283	0.00351130678266964	0.0293684082656691	-0.0392423277003858	-0.0320047434387795	-0.0120995315245726	-0.00556774829763154	-0.021889349726808	-0.00981305982551692
0.0527164970968958	0.0536549574395963	-0.0315445280053649	-0.0311284949858183	0.0167226783377145	0.00137194728069869	0.0209319588535379	0.00504268486561595	0.00350030273947748	0.0293842263158234	-0.0392606631157593	-0.0320015541242426	-0.0121070263438852	-0.0055646930935613	-0.021906433444492	-0.00981185981623648
0.0526847296800887	0.0536567623429611	-0.0315743061169155	-0.0310105727700082	0.0167102675316057	0.00138331873069033	0.020930098070812	0.00505077060917265	0.00346207566852279	0.0294245879783735	-0.039290105951143	-0.0319965082179318	-0.0121258297489082	-0.00555269579472492	-0.0219382232130436	-0.00981436879955159
0.0526574242302685	0.0536530379835412	-0.0316031091336142	-0.0309049747472971	0.0166991000412822	0.00138638930158488	0.0209189082287441	0.00505294711028899	0.00343541841929178	0.029455195898437	-0.0393131869212612	-0.0319813677050314	-0.0121414452363783	-0.00554461843307238	-0.0219545316045918	-0.00981518743219226
0.0526541315389134	0.0536599600394023	-0.0316127273686501	-0.0308441626355544	0.0167025799284971	0.00139357957837934	0.0209164202001894	0.00505738812251546	0.00341335026259425	0.029456619425162	-0.0393259120487764	-0.0319744456491704	-0.0121571654976506	-0.00555135329307357	-0.0219653568338283	-0.00982290576894948
0.0526169563969322	0.0536287304614461	-0.0316290259813101	-0.0308252348989528	0.0166782570395776	0.001367446198159	0.0209053965992208	0.00503811672784289	0.00343829061845429	0.0294632760540576	-0.0393036091987621	-0.0319630280987058	-0.0121294088219892	-0.00552960923667064	-0.021957292045032	-0.00979926181426785
0.052640070894667	0.053644334773044	-0.0316102700737441	-0.0308341504510224	0.0167095746275275	0.00139391345756214	0.0209244877829537	0.00505839255403192	0.00343114085419665	0.0294304441354208	-0.0393248852655155	-0.0319897803428507	-0.0121313953332776	-0.0055440009661318	-0.0219827925914875	-0.00981508405537415
0.0526330175223073	0.0536324757756264	-0.0315978997801721	-0.0308778383325444	0.0167105902349162	0.00138028867233261	0.0209275821025767	0.00504273376005695	0.00345607282815252	0.0294165958327467	-0.0393055859311623	-0.0319916481104968	-0.0121121630541579	-0.00553397760572763	-0.021984436841689	-0.00979580707276548
0.0526311902671981	0.0536123200900638	-0.0315773976425704	-0.0309550580217013	0.016713278032187	0.00136616795777297	0.0209306051760143	0.00503534092057835	0.00349244470431741	0.029401782214109	-0.0392754948951894	-0.0319905025835934	-0.0120849330414752	-0.00553868823587158	-0.0219604031284634	-0.00980065181337617
0.0526579816268959	0.0536271756182224	-0.0315623185969673	-0.0309944501773358	0.0167232161765654	0.00137107695964896	0.0209331672447225	0.00504018286722098	0.00349317392998027	0.0293723589365016	-0.039266048489189	-0.0319980435033791	-0.0120958490746735	-0.00555718151044029	-0.021934952873433	-0.00980948913434019
0.0526998799718773	0.0536370662651439	-0.0315179168566068	-0.0311125456191654	0.0167528210620965	0.00137774895536887	0.0209443319410779	0.00504620666235168	0.003513435786329	0.0293372555218346	-0.0392564707666899	-0.0320195347056728	-0.0120841926399401	-0.00556646866026147	-0.0219363722092059	-0.00981524470853743
0.0527323528656188	0.0536420688649498	-0.0314791854744179	-0.0312364678813777	0.0167693124585524	0.00138391384588645	0.0209541178141973	0.00505411498893678	0.00355391060458548	0.0292915643652158	-0.0392345925998202	-0.0320437905393589	-0.012061018071892	-0.00557583823214033	-0.0219334259698899	-0.00981703703904594
0.0527535032038096	0.0536487799762225	-0.0314630866304739	-0.0313122347071451	0.0167763588459919	0.00138528289023434	0.020961074794659	0.00505327121058359	0.00356281218681481	0.0292780694995009	-0.0392165938575976	-0.0320508033991818	-0.0120611689461671	-0.00558220289137398	-0.0219109792305206	-0.00982208294535672
0.0527596988279758	0.0536493653125304	-0.0314724701721931	-0.0313255521558883	0.0167595545251136	0.00136783036876683	0.0209477126424268	0.00503838913972844	0.00355680375850841	0.0292965138796286	-0.0391995129338816	-0.0320310179143867	-0.0120778615083231	-0.00558253397658872	-0.0218688643530147	-0.00981805544040268
0.0527562147498089	0.0536488316646316	-0.0314712827357689	-0.0313360323300698	0.0167543717143681	0.00136953189531349	0.0209463072764942	0.00503658144239562	0.00356807183168194	0.0293039821562448	-0.0392064838841836	-0.0320351278413985	-0.0120611172577581	-0.00557166823481539	-0.021886452381933	-0.00981572806501127
0.0527968809548773	0.0536896319801667	-0.0314666028392735	-0.0313021387035714	0.0167784976285395	0.00140963930677048	0.0209586985248266	0.0050686422258487	0.00351841463740642	0.0292969944421344	-0.0392417912585188	-0.0320479493608116	-0.0121085616293325	-0.00560118650733668	-0.0219033195670926	-0.00984584983463286
0.0527476051372415	0.0536638925494424	-0.0315078767323943	-0.0312453778455112	0.0167339156772394	0.00138396693127953	0.0209333614255025	0.00504513796956992	0.0035301367303892	0.0293416406546999	-0.0392341595347714	-0.0320228385729001	-0.0120888376118347	-0.00556253056228525	-0.0219073778056953	-0.009810658409972
0.0527263123066798	0.0536568601318431	-0.0315313153304237	-0.0311890877710686	0.0167182331345359	0.0013728217927005	0.0209183941386216	0.00503352344435733	0.00351400715279664	0.029391180502317	-0.0392417283942376	-0.031997796237206	-0.0120975240585237	-0.0055533132616655	-0.0219047095662009	-0.00981585798452592
0.0526911222790029	0.0536444688835107	-0.0315604480353532	-0.0310937883146153	0.0166948001244426	0.0013672254746825	0.0209135801316595	0.00502940234147338	0.00350615330858866	0.0294067512862982	-0.039249112851812	-0.0319859358428044	-0.012098962952073	-0.0055414528672639	-0.0219181066430338	-0.00980569632270293
0.0526823268675598	0.0536608862398131	-0.0315894941272729	-0.0309655228290585	0.0166933807886697	0.00138887313918747	0.0209083833510737	0.00504751843035441	0.00344796054189927	0.0294480237824349	-0.0392947439381175	-0.0319768722104278	-0.0121417106633437	-0.00554401214200403	-0.0219454540023749	-0.00981954322839299
0.0526413505320371	0.0536450109133137	-0.0316244354917926	-0.0308731933606497	0.0166727221888569	0.00137255077779898	0.020894162053664	0.00503220189746641	0.00343858957303638	0.0294820375495598	-0.0392981022877219	-0.0319545037021641	-0.0121434373356029	-0.00552622574135372	-0.0219515616165473	-0.00980716594990086
0.0526512844854634	0.0536578058900304	-0.0316171166924675	-0.0308303576393852	0.0166959107267452	0.00139229714704122	0.0209051688908242	0.00504984720272985	0.00342369073837289	0.0294640541741615	-0.03932471343648	-0.0319713918420842	-0.0121502224870291	-0.00553920232599405	-0.0219865546694761	-0.00982050016245248
0.0526384196595454	0.0536418788751219	-0.0316161457885678	-0.030837366308256	0.0167007261306913	0.00139852071088799	0.0209088443558031	0.00505390264736446	0.00343948084884654	0.0294488871185645	-0.0393228037593131	-0.0319793616359665	-0.0121320183881543	-0.00552859782023404	-0.0220052980041859	-0.00980906864214762
0.0526172944670671	0.0536191667087873	-0.0316205071727046	-0.0308457957098837	0.0166817914091696	0.00136843246888309	0.0209001243814974	0.00503340330373088	0.00345928170046588	0.0294502477810082	-0.0392917376284883	-0.0319638299675381	-0.0121187665976604	-0.00551898936408632	-0.0219766235100178	-0.00979349227023033
0.0526301159864802	0.0536203429693392	-0.031592888798462	-0.0308822821387389	0.0166974739518731	0.00137208977306959	0.0209076261857302	0.0050346019160273	0.00347172324022332	0.0294233278987799	-0.0392894884842024	-0.0319774282100711	-0.0121117341800611	-0.00553162648160773	-0.0219720944877976	-0.00979975914058199
0.0526742774455878	0.0536400739717572	-0.0315579139063256	-0.0309587977479455	0.0167325382509873	0.00139776633951263	0.0209245632200913	0.00505375177308938	0.0034816194750809	0.0293751095980536	-0.0392871694907152	-0.0320059546239322	-0.0121117621197417	-0.00555890119777932	-0.0219778444740587	-0.00982135651366193
0.0526704301515734	0.0536255648956376	-0.0315496465548452	-0.0310192396589207	0.0167229242069035	0.00137715523715678	0.0209188830830315	0.00503859449638063	0.00350808114654793	0.0293706364551945	-0.0392601490256368	-0.0320025599527431	-0.0120944199600124	-0.00554564940728538	-0.0219589376922176	-0.00980166742076486
0.052711842346113	0.0536339859153612	-0.0315075861597164	-0.0311465160797854	0.0167480419797351	0.00137413216371919	0.0209310368440791	0.00503630903051007	0.0035357917217364	0.0293288107533825	-0.0392329525405708	-0.0320134731919734	-0.0120820873850092	-0.00556764911176552	-0.0219295507361949	-0.00982013554962105
0.0527473411072601	0.0536433778389845	-0.0314714168462356	-0.0312535096895408	0.0167705543773537	0.00138508870945438	0.0209471566427835	0.00504630445123368	0.00355591248269826	0.0292859890019583	-0.0392200960965569	-0.0320417886612461	-0.0120695885689066	-0.00557933488316356	-0.0219253220655408	-0.0098206678005359
0.0527604657722075	0.0536432255677254	-0.0314640812831022	-0.0313117764963837	0.01676320484438	0.00138216482188282	0.0209455068046459	0.00504550397938537	0.00356988651393491	0.0292820592858862	-0.0392060550100869	-0.0320426114848389	-0.0120661422093084	-0.00557977772710058	-0.0219034578685114	-0.00981811551071591
0.0527787690569483	0.0536583549047536	-0.031460686611913	-0.0313263749794811	0.016763447919601	0.00138216202791476	0.0209376361966295	0.00504787047032958	0.00355747850179416	0.0292908630792335	-0.0392049849203211	-0.0320390156479497	-0.0120825735354511	-0.00558796125953928	-0.021889446118706	-0.00982553908384312
0.0527618529773477	0.0536475632031337	-0.0314710089268993	-0.0313310870066091	0.0167501751743466	0.0013682857855601	0.020928431468866	0.00503363660006363	0.00357042435278587	0.0293111403024066	-0.0391987892961549	-0.0320284837853591	-0.0120647997076571	-0.00557047800442314	-0.0218946051807231	-0.00981225795668459
0.0527728681964121	0.053667899099636	-0.0314840665366133	-0.0312883993656515	0.016751422681084	0.00138325726339307	0.0209314894669043	0.00504532237146167	0.00353628904805053	0.0293260894284951	-0.0392210111210956	-0.0320262304501212	-0.0120924306547559	-0.00558136749492496	-0.0218936482466636	-0.00982748368561074
0.0527545104292942	0.0536691885158942	-0.0315109626701132	-0.0312205017509165	0.0167311650156873	0.00138155154589433	0.0209186302289224	0.00504198497661769	0.0035195182547889	0.0293568607956899	-0.0392363961062009	-0.03201193231859	-0.012098472610679	-0.00556519181685946	-0.0219121624759927	-0.00981779001343728
0.0527317828961352	0.0536592908840526	-0.0315268952729577	-0.0311700943762176	0.0167209768111678	0.00137735360888882	0.0209137840913277	0.00503812231577901	0.00351111818982579	0.0293876209870125	-0.0392497135549442	-0.0320012886972772	-0.0120958532656256	-0.00554996608793331	-0.0219293691282712	-0.00981686940096252
0.0527001942932837	0.0536588159094829	-0.0315710232044486	-0.0310439914219369	0.0166944844060522	0.0013766998203635	0.0209009486020742	0.00503628388479756	0.00348520693006598	0.0294173432192019	-0.039260157407541	-0.0319852457326944	-0.0121203116619958	-0.00554780355665726	-0.021924792608594	-0.00981665147145408
0.0526928349814218	0.0536752388537215	-0.0315851997983694	-0.0309378262237103	0.0167056099868548	0.00140653381127522	0.0209038263891728	0.00506401681173048	0.00344045314973034	0.0294427292129671	-0.0393128907606471	-0.0319922027131561	-0.0121439430438212	-0.00554785384808229	-0.021982130421058	-0.00982919638802962
0.0526358757516296	0.0536417936590962	-0.0316281891878771	-0.0308535000768006	0.0166619500450134	0.00136528785783504	0.0208750974126276	0.00502049098035585	0.00344104966191049	0.0294920525280598	-0.0392913283121679	-0.0319437064126082	-0.0121453358368976	-0.00551806595764351	-0.0219510908329297	-0.0098023812796034
0.0526420392451631	0.0536481806700743	-0.0316119674093386	-0.030828091731291	0.0166865090242337	0.0013868517032983	0.0208886369818314	0.00503702568331667	0.00344211695770823	0.0294657165851553	-0.0393165019643607	-0.0319660413932552	-0.0121321315438606	-0.00553255547598666	-0.0219918883544968	-0.0098178989781915
0.0526371651678878	0.0536420995985984	-0.0316121252685339	-0.0308204488316713	0.0166952918628206	0.00138709617550328	0.0208961234192399	0.00503885712937798	0.0034397686275564	0.0294538911153544	-0.0393127035647873	-0.0319695743658631	-0.0121382349670809	-0.00553289214913752	-0.0219884252310902	-0.00981588871817455
0.0526485477937517	0.0536440721400466	-0.0315926960146661	-0.0308566083662639	0.0167139835091214	0.0013966012548329	0.0209137421818068	0.00505169261863144	0.00345126301214254	0.0294255770430657	-0.0393118933140508	-0.031989841810148	-0.0121287969429847	-0.00554167079677234	-0.0220051834514956	-0.00981878885701762
0.0526486399946976	0.0536318261780532	-0.0315786116216912	-0.0309136695758903	0.0167148356693787	0.00137773917648067	0.0209167624612763	0.00504020661594947	0.00347064476855335	0.0294139122264281	-0.0392830567697354	-0.031983312306799	-0.0121242343931478	-0.00554761356682939	-0.0219692614041879	-0.00981480745253652
0.052651899158436	0.0536236859521193	-0.0315660541322594	-0.0309740681803606	0.0167167537284498	0.00136597796794509	0.0209193510726811	0.00503110526500407	0.00349650154593605	0.0293887399712193	-0.0392603739400654	-0.0319915195879662	-0.0121002328105548	-0.00554728248161465	-0.0219486125832632	-0.00980587094570648
0.0526731235367803	0.0536236538214867	-0.0315355761317105	-0.0310645801725483	0.0167350947317594	0.0013649623605564	0.0209276561427303	0.00502993319540419	0.00351895527022544	0.0293715640525894	-0.0392553098729622	-0.0320029064047821	-0.0120794331153551	-0.00554720285352503	-0.0219539197255873	-0.00980601483506141
0.0527169092071842	0.0536381810583986	-0.0314950314642526	-0.0311757367947086	0.0167593449775094	0.00137428164101024	0.0209384506383181	0.00503893955143565	0.00354228909445275	0.0293125093467545	-0.0392326913045575	-0.0320216385636197	-0.0120753888465928	-0.00557561331771175	-0.021925579110602	-0.00981922611301853
0.0527436977729139	0.0536493010512651	-0.0314689358026011	-0.0312761743584185	0.0167724095721435	0.00138184770650836	0.0209460837590496	0.00504842786695693	0.00356442849733573	0.0292839996967017	-0.0392186432331673	-0.0320441579461584	-0.0120597090978574	-0.0055803630634085	-0.0219220140073614	-0.00982019841390233
0.052783809375323	0.0536755992756008	-0.0314479349417013	-0.0313274366873427	0.0167934998400211	0.00140821298607743	0.0209578980529783	0.00507007692844593	0.00354989008455158	0.0292693048217064	-0.0392307453058058	-0.0320644407572676	-0.0120778461414988	-0.00559624258085997	-0.0219272764461966	-0.00983636850403172
0.0527569048599189	0.0536534556817658	-0.0314661893320011	-0.0313500049643224	0.0167585039931242	0.00136946204611206	0.0209386154824335	0.00503268944489234	0.00356860547958082	0.0293095225949016	-0.0392000046722596	-0.0320308391004311	-0.0120637128540829	-0.00557030757237167	-0.0218927136643486	-0.00981398742291182
0.0527582655223627	0.0536617453849906	-0.0314865769169124	-0.0313087240862815	0.0167461630362169	0.00136849812713243	0.0209327788831626	0.00502736693574392	0.00354564744405716	0.0293283176180205	-0.0392044331116299	-0.0320171402750481	-0.0120843910116721	-0.005575674785009	-0.0218727787022625	-0.00981906406287123
0.052747237730442	0.0536626534246091	-0.0315043325839141	-0.0312706674473783	0.0167407455321545	0.00137597757962079	0.0209330163704474	0.00503913792316769	0.0035362289777373	0.0293469058875031	-0.0392279108252121	-0.0320157181453071	-0.0120820524604085	-0.0055654684196971	-0.0218967705059672	-0.00981898303779758
0.0527452484251855	0.0536763326922158	-0.0315128933020405	-0.0311962361383422	0.016738756226898	0.00138675112044824	0.0209330163704474	0.00505116316168465	0.00350328250641018	0.0293667095330905	-0.0392560963749702	-0.0320131923981836	-0.0121099697892332	-0.00556750242844253	-0.0219181387736665	-0.00982723083150159
0.0527279691297375	0.0536758619085982	-0.0315361628650025	-0.0311338985200403	0.0167261931495301	0.00138429103157413	0.0209231802059031	0.00504834544489925	0.00349552505410016	0.0293830919647922	-0.0392628703505242	-0.0320024649578291	-0.012115313253142	-0.00556330169746896	-0.0219264326678434	-0.00982401357728405
0.0526715086232434	0.0536555218211438	-0.0315873483598051	-0.0310099804487801	0.0166861164717217	0.00137353984249113	0.0209048070719608	0.00503520261915953	0.00347639196084642	0.0294398653957087	-0.0392753426239303	-0.0319770957278723	-0.0121192024566773	-0.00553245629012064	-0.0219360662697037	-0.00980546162938615
0.0526617520867887	0.0536685193605446	-0.0316036986608742	-0.0308977188122533	0.0166945989587425	0.00139558983839629	0.0209070310705341	0.00505291637664036	0.003427966906484	0.0294561262898	-0.0393150057944662	-0.031973150644976	-0.0121530988771437	-0.00554073761144133	-0.0219609996406436	-0.00982009084613214
0.052647677472702	0.0536651065285631	-0.0316219083476851	-0.030833539969002	0.0166945165366848	0.00139468040179376	0.0209022994856297	0.00505209634701566	0.00341123243480711	0.029467711478348	-0.0393262417370071	-0.0319650970320519	-0.0121649606685294	-0.00553795901020873	-0.0219677428825489	-0.00981787103851093
0.052629758358569	0.0536526635918216	-0.031623376577899	-0.030827207440401	0.0166935847483378	0.00139285454366857	0.0208979031768922	0.00504526369813248	0.00343566987641691	0.0294584424893191	-0.0393229713973965	-0.0319720861431463	-0.0121370810582734	-0.00552691026352766	-0.0219944238805084	-0.00980208372200534
0.0526352708575452	0.0536535716314401	-0.0316063082270394	-0.0308343013252975	0.0167083732212631	0.00140149628686861	0.0209049802979803	0.00505263139189856	0.00343550503230155	0.0294390998484611	-0.0393226221513894	-0.0319828904176224	-0.0121395928355566	-0.00553646284031425	-0.0219994167014261	-0.00980933406911303
0.0526249192058944	0.0536384367064758	-0.0316057969308849	-0.0308631602213574	0.0166944899939883	0.00137900763797851	0.0208957909370412	0.00502830989996313	0.00345644582288811	0.0294380465225037	-0.0392942382298992	-0.0319745336591642	-0.0121247987746952	-0.00552372513994278	-0.0219776488962947	-0.00979154487449466
0.0526522763441236	0.0536461913648178	-0.0315744611821426	-0.0309385093489002	0.0167229647194403	0.00138676229632047	0.0209067642465847	0.0050403113897516	0.00347296236505656	0.0294042045844143	-0.0392857459639902	-0.0319912541610008	-0.0121158147704082	-0.005545139508115	-0.0219693577960858	-0.00981215457986648
0.0526618778153512	0.0536418900509942	-0.0315539744113653	-0.0310071389832662	0.016738757623882	0.00139066407271195	0.0209412879128799	0.00505120926215759	0.00348920230438737	0.0293690131597535	-0.0392757868648513	-0.0320099947017425	-0.0121028828892568	-0.0055516983481286	-0.0219737708686317	-0.0098086551348752
0.0526820335009138	0.0536358047885662	-0.0315216146733301	-0.0311102308166302	0.0167523642483192	0.00137854383928106	0.0209514970721599	0.00504277706656183	0.00350654167014857	0.0293470581587622	-0.039252747804254	-0.0320073851355773	-0.0120950653666336	-0.00556057757861347	-0.0219419922759524	-0.00980700669372162
0.0527278420041909	0.053653271279874	-0.0314836963358457	-0.0312113626814023	0.016774055219329	0.00138747196420693	0.0209593299616075	0.00504877711296405	0.00353292650749403	0.0292929767160686	-0.0392356165891131	-0.0320340409878243	-0.0120875230498639	-0.00558611584363769	-0.0219201448427313	-0.00981815043531662
0.0527606152494985	0.0536653915133049	-0.0314533594306838	-0.0313071119667127	0.0167930597900521	0.00140129093021642	0.0209669798461473	0.00506049501499474	0.00355322747939556	0.0292687083095262	-0.039231341817986	-0.0320597622577563	-0.0120703513221861	-0.00559263696508252	-0.0219303316502668	-0.00982487272246155
0.0527585588890086	0.0536632233940927	-0.0314662116837456	-0.0313401925485066	0.0167724291299199	0.00138291779627416	0.0209552228285638	0.00504549699446523	0.00355704962769742	0.0292904118533923	-0.0392079618932857	-0.0320375222720232	-0.0120793143717127	-0.00558581968302365	-0.0218937418445935	-0.0098145462165232
0.0527699582786808	0.0536767238477437	-0.0314660775732789	-0.0313421818537631	0.0167660812344946	0.00138231429917387	0.0209534123372629	0.00504413353805346	0.00355043351133865	0.0293000901587415	-0.0392131474979994	-0.0320382151761014	-0.0120835388514148	-0.00558901598248076	-0.0218909925800255	-0.00981997769042584
0.052751703888381	0.0536683265767487	-0.0314886011467697	-0.031314883388863	0.0167447423034599	0.00136958078975448	0.0209392483161984	0.00503061771757814	0.00354726654854614	0.0293290203009868	-0.0392115758909674	-0.0320189633392052	-0.0120818107821716	-0.00557633555845446	-0.0218788038943772	-0.00980953244084507
0.0527385624596253	0.0536659586888204	-0.0315143936628871	-0.031247089150946	0.0167291198310697	0.00137148208501721	0.0209288114485218	0.00503178140527384	0.00352873834937672	0.0293518428290597	-0.0392261478313682	-0.0320076072560379	-0.0120927393882262	-0.00556721464973267	-0.0218840328055957	-0.00980707235197096
0.0527453001135945	0.0536844533603732	-0.0315255374044821	-0.0311696529292647	0.0167365280373726	0.00139098258507044	0.0209311681605778	0.00505170658847172	0.00348952081674585	0.0293694434308342	-0.0392621020093086	-0.0320124031022076	-0.0121244020312312	-0.00557433507732571	-0.0219131249979883	-0.0098175455412323
0.0527170516995551	0.0536752039291208	-0.0315478179027519	-0.0311104613189949	0.0167275021235647	0.00139447364815756	0.0209305017991962	0.0050592656690497	0.00348921208327557	0.0293842668283602	-0.0392709714609052	-0.0320120412833442	-0.0121110762005837	-0.0055626409240235	-0.0219430944963508	-0.00981937419332555
0.0526779571015188	0.0536701286861454	-0.0315938862450583	-0.0309759275661025	0.0166970576506326	0.00138262582661221	0.0209067628496007	0.00504330512652458	0.00344354607236935	0.0294443022169831	-0.0392870214104082	-0.0319724353891534	-0.0121474885892854	-0.00554831485281168	-0.0219310483030734	-0.00980956317449369
0.052629758358569	0.0536435440800839	-0.0316356923890939	-0.0308785270456704	0.0166601688903771	0.0013519284995709	0.0208834863017185	0.00501759223849681	0.00344550464397724	0.0294905172426125	-0.0392850181353114	-0.0319371056630737	-0.0121394950466746	-0.00552608324898282	-0.0219198584610055	-0.00980072026559356
0.0526575415769269	0.0536737859903319	-0.0316058528102461	-0.0308483298389113	0.0167108626468018	0.00139973888096081	0.0209086543659752	0.00505760186107181	0.0034244716524448	0.0294525416287829	-0.0393383046940928	-0.031983753753752	-0.0121421772560092	-0.00554432227245835	-0.022002403453279	-0.0098200545245474
0.0526221238408534	0.0536457219781842	-0.0316263395810234	-0.0308434697314763	0.0166896829719464	0.00137920740669458	0.0209030762087496	0.00504315006129743	0.00344531325716534	0.0294617603263867	-0.0393101540689354	-0.0319670472217557	-0.0121269235874025	-0.00552906860385163	-0.0219862110114051	-0.00980082224542764
0.0526257518083753	0.0536457960183377	-0.0316165425320318	-0.0308459884936796	0.0166936015121462	0.00137910263289245	0.0209062124378934	0.00504201710725035	0.00344368856474025	0.0294430589011978	-0.039302033400778	-0.0319661238153128	-0.0121357678932867	-0.00553679532251302	-0.0219709601367665	-0.0098050173884651
0.0526130336657803	0.053628138140218	-0.0315957554096884	-0.0308906025756124	0.0166934003464461	0.00135954485649405	0.0209077323565164	0.00502925426116637	0.00347685855351192	0.0294317712702478	-0.0392848672610363	-0.0319702365362926	-0.012104117823138	-0.00552912867416485	-0.0219701554739661	-0.00979486969648239
0.0526599164497753	0.0536523115518465	-0.0315674245735913	-0.0309480800864792	0.0167254192203783	0.00138045491343199	0.0209232779947851	0.00504757151574749	0.00347226527002636	0.0293832121054187	-0.0392801845705729	-0.0319896266746076	-0.0121269054266102	-0.00556199691438638	-0.0219491336583058	-0.00982107711685623
0.0526645795824623	0.0536411720012035	-0.0315470034610633	-0.0310321533792798	0.0167327869141444	0.00137454567099162	0.0209283658106167	0.00504521620067551	0.00350605272573861	0.0293675351506514	-0.0392674524581376	-0.0320033366758629	-0.0120892511191071	-0.0055506282583628	-0.0219632906944502	-0.00980713801022029
0.0527078623386159	0.0536502565883406	-0.031504771236899	-0.0311478585814367	0.0167614069259354	0.00138130567670532	0.0209444241420238	0.00504755056098706	0.00352725195837044	0.0293206062661834	-0.0392496730424074	-0.0320200460018272	-0.012084972157028	-0.00557449014255287	-0.0219448407263864	-0.00981401256862433
0.0527338644023376	0.0536491012825491	-0.0314709907661069	-0.0312736025108221	0.0167818881087766	0.00138506775469396	0.0209624689847194	0.00505336899946559	0.00355544449304872	0.0292862809716202	-0.0392270460920985	-0.0320422119474068	-0.0120576066368945	-0.0055806969425913	-0.0219354236570506	-0.00981990644424039
0.0527295421337536	0.0536367994411945	-0.0314764976771471	-0.0313245728700844	0.0167609584940622	0.00135986895678865	0.0209524246695548	0.00503326639929609	0.00357633499221027	0.029290787642096	-0.0391947785550092	-0.0320269093843591	-0.0120528764489742	-0.00557437978081462	-0.0218856547040528	-0.00980431330851475
0.0527593020845118	0.0536598091651272	-0.0314680165871103	-0.0313517428124538	0.0167707806887663	0.00136919941311471	0.0209529485385655	0.00503991464628752	0.00356165967499133	0.0292935466855522	-0.0392068163663824	-0.0320327781142626	-0.0120655177574477	-0.0055839812520422	-0.0218822027565185	-0.00981610525069896
0.0527756998830378	0.0536792020974102	-0.0314657674428245	-0.03135351698217	0.0167759579115758	0.00138349614766194	0.0209535436537616	0.00504909283135448	0.00355653274360689	0.0292962652164716	-0.0392196322978595	-0.0320420624701157	-0.0120733716016557	-0.00558868350028199	-0.0219008748450428	-0.0098258813449301
0.0527383682788453	0.0536588578190038	-0.0315021155702609	-0.0313092200156116	0.0167328595573139	0.00135262419761708	0.0209327746922105	0.00502065722145524	0.00355199114853038	0.0293441161103983	-0.0392026044595366	-0.0320037781228159	-0.012075007469953	-0.00556597831886748	-0.0218665914600004	-0.00980695360832854
0.0527430761150212	0.0536793012832762	-0.0315163396616387	-0.0312216989662288	0.0167362709923114	0.00137139128105536	0.020940947048777	0.00503777027580384	0.00351197314405121	0.0293523108187092	-0.0392396720337477	-0.0320073851355773	-0.0121024637940483	-0.00557488269506487	-0.0218873869642481	-0.00982321170845172
0.0527309712484147	0.0536803392424094	-0.0315294727084902	-0.0311702801750934	0.0167361690124773	0.0013787324321249	0.0209410909381319	0.00504104340938251	0.00349642610879852	0.0293752087839197	-0.0392585494789242	-0.0320037320223429	-0.0121101653669972	-0.00557067078821907	-0.0219116064763494	-0.00982550415924241
0.0527057864203496	0.0536813283071015	-0.0315615642255919	-0.0310640143940168	0.0167174438385598	0.00138631526143137	0.0209297865433736	0.00504534053225404	0.00347383408309031	0.0293964261773439	-0.0392746147952515	-0.0319964174139699	-0.012125426020524	-0.0055626409240235	-0.0219273588682543	-0.00982422452187235
0.0526575667226394	0.0536613388626383	-0.0316057606093002	-0.0309500498339593	0.0166844009753348	0.00136858334315816	0.0209059973023531	0.00503201190763854	0.00345167651941496	0.0294581770623537	-0.0392885469169673	-0.0319619133054511	-0.0121325185084365	-0.0055348646905857	-0.0219392793329691	-0.00980681949786181
0.052661521584424	0.0536778330530623	-0.0316060078754732	-0.0308696520061376	0.0167069301367617	0.00140045553376741	0.0209154730450181	0.00505805029294494	0.00342179084009419	0.0294555158077795	-0.0393322906778503	-0.0319801537259106	-0.0121477190916501	-0.00554745011969806	-0.0219895274514887	-0.00982476934564344
0.0526552589050244	0.0536735149754304	-0.0316033075053462	-0.0308564463161166	0.0167196664401491	0.00141205189818763	0.0209207438657575	0.00506745618640854	0.00341977499214113	0.029446213291134	-0.0393357817409374	-0.0319849858936651	-0.0121496455326254	-0.00554890717403974	-0.0220053566775151	-0.00983024971398708
0.0526215846050185	0.0536441992655932	-0.0316197709621216	-0.0308419973103103	0.0166991796693718	0.00138354085115085	0.0209059344380718	0.00504372841268521	0.00343552039912586	0.029456080189327	-0.0393093298483586	-0.0319663347599011	-0.0121374764047535	-0.00553175360715432	-0.0219759320029237	-0.009807172934821
0.0526401253770441	0.0536527264561029	-0.0315977880214498	-0.0308615886143254	0.016723733060656	0.00139680661148508	0.0209245422653308	0.00505867055385358	0.00343595625814274	0.0294231448938721	-0.0393177005766571	-0.0319873118720724	-0.0121386722230819	-0.00554886386753486	-0.0219862026295009	-0.00981757767186495
0.0526177415019562	0.053622832394878	-0.0315911816839792	-0.0309179694927298	0.016705081926892	0.00135848594260048	0.0209106744048803	0.00502365794314837	0.00347904064256437	0.0294276948708528	-0.0392782371748372	-0.0319741564734765	-0.0121007287398849	-0.00552848885547982	-0.0219600832191209	-0.00979436398826409
0.0526620189107381	0.0536475073237726	-0.031558035443936	-0.03097865587591	0.016738071704724	0.0013881676622531	0.0209336729529408	0.00504911518309894	0.00347604411182333	0.0293708306359745	-0.0392815466300007	-0.032004176263264	-0.0121092685032509	-0.00556018502610147	-0.0219599505056382	-0.00981361023722413
0.052673795486098	0.0536386532390002	-0.0315351276998374	-0.0310599296127176	0.0167445956201369	0.00137622903674591	0.0209372464380856	0.00503735537154738	0.00349647081228743	0.029364032911692	-0.0392614552057034	-0.032002949711287	-0.0120973354656798	-0.0055567009479345	-0.0219462516802551	-0.00980862859217866
0.0527326196895682	0.0536634357356651	-0.0314924191041194	-0.0311745325944761	0.016776016584905	0.00138925451582724	0.0209521494637012	0.00505149843785148	0.00351711823622802	0.0292985590642463	-0.0392428864939972	-0.0320309620350256	-0.0120951729344038	-0.00558808838508587	-0.0219269677127263	-0.0098296224681583
0.0527440302551127	0.0536544168067773	-0.031466770477357	-0.0312992888561534	0.0167810569032796	0.00138656113062038	0.0209583967762764	0.00505155431721262	0.00356046944459908	0.0292801747544318	-0.0392191377655134	-0.0320508886152075	-0.0120564261853905	-0.00557676722651925	-0.0219356066619583	-0.00981177460021074
0.0527557844787281	0.0536605160390456	-0.0314634652131456	-0.031343257531465	0.0167784613069548	0.00138322792672848	0.0209533424880615	0.005048332872043	0.00356165129308716	0.0292845305506325	-0.0392052377744302	-0.032044431755028	-0.012063223909673	-0.00557936282284413	-0.0219112684062145	-0.00981559954248066
0.0527493527642611	0.0536521173710665	-0.0314697628171459	-0.0313485269552203	0.0167605854993266	0.00136152997079849	0.0209437144741374	0.00503097115453734	0.00356234978510139	0.0293035351213557	-0.0391911282357428	-0.0320240413761486	-0.0120660793450271	-0.0055769655982513	-0.021879188064985	-0.0098084637480633
0.0527623461127098	0.0536707657108624	-0.0314719686549269	-0.0313329631561593	0.016760994815647	0.00137611029310349	0.0209426709270681	0.00503875654652793	0.00354644232796935	0.0293124828040579	-0.0392158869836792	-0.0320295776238534	-0.0120754153892893	-0.00557740564822026	-0.0218873618185355	-0.00981999026328209
0.0527544489619969	0.0536721892375874	-0.0314945732534913	-0.0312904571231254	0.0167508401387441	0.00138229474139747	0.0209381265380235	0.00504538802971101	0.00353107969460841	0.029336146316516	-0.0392280309658385	-0.0320214932772807	-0.0120858382871256	-0.00557392576100537	-0.021895974225071	-0.00982022076564679
0.0527271826277295	0.0536664252814859	-0.0315250582389603	-0.0312144583980094	0.0167246466882106	0.001374809700973	0.0209260817417302	0.00503940055616504	0.00351018360751076	0.0293750187940918	-0.0392378629394308	-0.0320001669191023	-0.012096117295607	-0.00555575099879515	-0.0219048450736517	-0.00980948913434019
0.0527185841910343	0.0536668793012952	-0.0315398257571251	-0.0311551075315604	0.0167215914841403	0.00137955525571766	0.0209209701771701	0.00504367672427615	0.00349812065042503	0.0293898226338414	-0.039257458434398	-0.0319978800562477	-0.0120988372235104	-0.00555205597603988	-0.0219256922663083	-0.00981234317271032
0.0527024308647133	0.0536773692543649	-0.0315753133424	-0.0310287461352344	0.0167032253351182	0.00139299563905545	0.0209147410253872	0.00505550778201315	0.00345617341100257	0.0294211891162323	-0.0392856146474915	-0.0319900276090238	-0.0121317543581729	-0.00554862917421808	-0.0219442372292861	-0.00981930993206024
0.0526474413824012	0.0536523311096229	-0.0316176517373504	-0.0309214172493121	0.0166658043239479	0.00137137731121508	0.0208980847848159	0.00503409061987288	0.0034453062722452	0.0294751420363953	-0.0392912514780464	-0.0319518773721906	-0.0121343960549707	-0.00552237006543518	-0.0219494046732074	-0.00980120921000352
0.0526326179848752	0.0536480800872243	-0.0316286082830856	-0.0308511252039522	0.0166715668830653	0.00137711751858801	0.0208990864223643	0.00503971906852354	0.00342724187177323	0.0294799658222456	-0.0393089806023515	-0.0319515239352314	-0.0121415975076374	-0.00552313421569875	-0.0219674914254238	-0.00980293448527867
0.0526267604308439	0.0536447929838053	-0.0316256145463126	-0.0308210858563883	0.016681713178064	0.00138413456936295	0.0209078916126956	0.00504700434023194	0.00342563114918842	0.0294629100442421	-0.0393160675023279	-0.0319654504690111	-0.0121404142621653	-0.00552917058368571	-0.0219786016394021	-0.0098044334491412
