0.0524441536635642	0.053554744790315	-0.0320409029733721	-0.0306729315092184	0.0167794866932317	0.00163108362702532	0.0209178004204095	0.00528979597342562	0.00337036227007058	0.0294022990981995	-0.0392145388940917	-0.0317705809759296	-0.01190117655634	-0.00555077773565385	-0.0221752676539442	-0.0100635502376914
0.0524389680588505	0.0535407973017749	-0.0320326328279236	-0.0307219265330644	0.0167764692077302	0.00161863370536371	0.0209190968215879	0.00528076586866568	0.00340196763673039	0.0293936936765842	-0.0391934835508148	-0.0317742913655092	-0.0118775507624508	-0.00554241818322757	-0.0221677127643183	-0.0100603762899788
0.0524417648208755	0.0535312559008605	-0.0320173637924926	-0.0307732209926213	0.016772091059785	0.00159941399910021	0.0209124611474527	0.00526364722638097	0.0034276972885665	0.0293864545053487	-0.0391705478670356	-0.0317676277516935	-0.0118657462474103	-0.00554628224105028	-0.0221386750543028	-0.0100553220017638
0.0524674511662067	0.0535407372314617	-0.031988369388982	-0.0308364275349888	0.0167926812073804	0.00161555614954902	0.0209224342164319	0.00527520726921645	0.00344319123842611	0.029341598745179	-0.03916330171088	-0.0317917187412642	-0.0118526662859519	-0.00555796801244832	-0.0221469186570547	-0.0100614868922814
0.0525233347182971	0.0535680776058826	-0.0319455839591424	-0.0309219858218117	0.016836695983165	0.00164195775070283	0.020935402419168	0.00529552919587841	0.00343076785946105	0.0293081200229371	-0.039168997214764	-0.0318161897104907	-0.0118714375603423	-0.00558340010668637	-0.0221507366144045	-0.0100815545678502
0.0525227256332607	0.0535398417646994	-0.0319258529567245	-0.0310535537776117	0.0168256262817235	0.00161144203158522	0.0209264337817054	0.00527095904078591	0.00350398658636052	0.0292784313183643	-0.0391116035229389	-0.0318179387344943	-0.0118158767115625	-0.00557062049679405	-0.0221211708444263	-0.0100628293939327
0.05254056372232	0.0535397537547056	-0.0319057573414752	-0.0311355609310342	0.0168308579869101	0.00160413440813236	0.0209331854055149	0.00526537250165611	0.00352367987020968	0.0292552986598371	-0.0390902338582556	-0.0318230111835016	-0.0118058840848069	-0.00557944803886987	-0.0220889605836821	-0.0100639902876604
0.0525855535929565	0.0535750429682485	-0.0318872542880183	-0.0311705903055478	0.0168544572381028	0.00163325454020554	0.0209501908920933	0.00529111752031654	0.00349763589696716	0.0292373013145985	-0.0391065548226601	-0.0318428860752745	-0.0118379853807968	-0.00560600610223486	-0.0220848520536544	-0.0100884249353021
0.0525645080285678	0.0535580877730951	-0.031894508826078	-0.0312118194951796	0.0168327858248694	0.00160970558043785	0.0209411258627326	0.00527338001410723	0.00352676999888062	0.0292633061722882	-0.0390938492529213	-0.0318314992584585	-0.0118021010520579	-0.00557892836081128	-0.0220925312748589	-0.0100644317346134
0.052541688294463	0.0535490367135747	-0.0319169709322716	-0.0311808832838694	0.0168058757215292	0.00158974686962329	0.0209284091171216	0.0052575563760169	0.00351865771262738	0.0292949576394209	-0.0390843483645437	-0.0318042510849835	-0.0118104592075001	-0.00556792990555524	-0.0220617738775043	-0.0100593117881491
0.0525710109892203	0.0535844837863128	-0.0319224722553757	-0.0311102322136143	0.0168258553871042	0.00162917255287439	0.0209378387593137	0.0052849791724955	0.00346840819712379	0.0292941054791636	-0.0391294569788226	-0.0318205706524039	-0.0118496446094983	-0.00559073147886771	-0.0220862294799065	-0.0100865166551193
0.0525376579955409	0.0535710461969431	-0.0319551323449769	-0.0310542005812169	0.0167970174458048	0.00161345508557022	0.0209259210885669	0.00527053575462529	0.00346299488401352	0.0293419787248348	-0.0391295058732636	-0.0317946244680434	-0.0118511910708178	-0.00556558995730758	-0.0220935426912955	-0.0100768201889777
0.0525518974537429	0.0535936675593159	-0.0319588413375725	-0.0309867863229557	0.0168178506686211	0.00164423483466921	0.0209429321630814	0.00529979558510131	0.00342256197527789	0.0293318547815805	-0.0391664072063753	-0.0318076541380768	-0.0118833761858495	-0.00558599570301124	-0.0221206092568468	-0.0100951248707026
0.0524701263906212	0.053548508653612	-0.0320234239092081	-0.0308662740987568	0.0167481271957609	0.00159929944640987	0.0209039870423361	0.00526161042366748	0.00342829799169874	0.0294109492233037	-0.0391538986113845	-0.0317605673944136	-0.0118669783873234	-0.00553493034883504	-0.0221131745078474	-0.0100516591096412
0.0524608657834966	0.053560437500231	-0.0320471460949953	-0.0307524660009105	0.0167463544230288	0.00161395520585241	0.0208975874585017	0.00527698143893259	0.00339078477958259	0.0294280413228919	-0.0391933340735238	-0.0317539806147195	-0.0118913487736999	-0.00553793246751219	-0.0221334545249885	-0.010065345362168
0.0524516247341483	0.0535627746545106	-0.032047915833195	-0.0307062076687762	0.0167617449960703	0.00163211739520638	0.0209035455953831	0.005286918186327	0.00338351068374642	0.0294287244480818	-0.0392151144515114	-0.0317659932803802	-0.011886396465319	-0.00553441067077645	-0.0221836439701788	-0.0100712783533369
0.0524396372142002	0.0535554586491536	-0.0320555447629744	-0.0306764197783375	0.0167588769878598	0.00162287913982619	0.0209016163604398	0.00528210557634897	0.00337970390226887	0.0294259234951047	-0.0392030291426813	-0.031761127585009	-0.0118944724299875	-0.00553754689992034	-0.0221691446729475	-0.0100689160533447
0.0524390309231318	0.0535503373057052	-0.0320447516643705	-0.0306827704677308	0.0167686866097077	0.00162611734880416	0.020901233586816	0.00528668488999425	0.00338781479153809	0.0294092686515175	-0.039200170913359	-0.0317670759430022	-0.011885512174429	-0.00553824259796651	-0.0221813068158992	-0.0100693435304574
0.0524364492966472	0.0535384350017828	-0.032028133142368	-0.0307251605510903	0.0167736822245934	0.0016146173762819	0.0209075926581136	0.00527864943786257	0.00341509509564579	0.0293915101905477	-0.0391899226385263	-0.0317778383079574	-0.0118594165127774	-0.00553427516332569	-0.0221805356807155	-0.0100607492847144
0.0524655359011037	0.0535480308850742	-0.0320059532269482	-0.0307894595349681	0.0167915035498444	0.0016190947100931	0.0209106841837685	0.00527744942858212	0.00342545093824874	0.0293612976169643	-0.0391746494121432	-0.0317872190557085	-0.0118643716151263	-0.00555389301003731	-0.0221505773582253	-0.0100729240005224
0.0524728267607482	0.0535419106980456	-0.0319863465561088	-0.0308461617196991	0.016799532017056	0.001621445834213	0.0209175503602684	0.0052806052155024	0.00344995264112385	0.0293336527000252	-0.0391615918024292	-0.0318052303707874	-0.0118415462930854	-0.0055516983481286	-0.0221590891819107	-0.0100658119548335
0.0525121253184528	0.0535486874675676	-0.0319448798791921	-0.0309714167046746	0.0168271406124104	0.00162607683626733	0.0209306079699824	0.00528322456055576	0.00346732413751771	0.0293058289691304	-0.0391447343961578	-0.0318168267352076	-0.0118352389101969	-0.00556327236080437	-0.022145852758241	-0.01007879412741
0.0525343429524413	0.0535455805750883	-0.0319181024893346	-0.0310812755286724	0.0168346284468029	0.00161718084197412	0.0209348771531733	0.0052764519819858	0.00350214815537907	0.0292651487942217	-0.0391129725672868	-0.031828673159769	-0.0118120377994523	-0.00556897205564047	-0.0221188965544279	-0.0100694287464832
0.052545321849921	0.053543550757295	-0.031906877722666	-0.0311512322978654	0.0168273012655736	0.00160341635834173	0.0209326461696799	0.00526787310306705	0.00352468290474211	0.0292568381362364	-0.0390894990446566	-0.0318284007478834	-0.0118020647304731	-0.0055675597047877	-0.0220869740723937	-0.0100690222241309
0.0525677169008812	0.0535579215319957	-0.0319018499771476	-0.0311818332330088	0.0168285739180236	0.00160806412420441	0.0209302978395281	0.00527193972357389	0.00352005469665583	0.0292607035910432	-0.0390920261887641	-0.0318310172989687	-0.0118084363746269	-0.00557487012220861	-0.0220798452628965	-0.0100753938682847
0.0525757719107892	0.0535688152134496	-0.0319041885284112	-0.0311898491273641	0.0168268612156047	0.00160798309913076	0.0209314685121439	0.00527328921014538	0.0035171126482919	0.0292657187637053	-0.0390964211005176	-0.0318306065856643	-0.0118110878503129	-0.00557785687406145	-0.0220800603984368	-0.0100769501084924
0.052580278581265	0.0535798038898175	-0.0319073261545391	-0.0311784134161071	0.0168311220168915	0.00162471617382361	0.0209380315431096	0.00528792122085943	0.00350241917028059	0.0292779144342738	-0.0391198988140999	-0.0318372310839273	-0.0118161030229751	-0.00557643474432049	-0.0221043874783084	-0.0100824123160437
0.0525403611596359	0.0535596901137757	-0.0319472435761683	-0.0311136129149631	0.0167965690139316	0.00160518354313773	0.0209272831479947	0.00527799984028933	0.00348778157163042	0.0293174574641833	-0.0391153809677519	-0.0318066958070333	-0.0118244597814333	-0.00555356611577465	-0.0220868162131985	-0.0100645504782558
0.0525311941504412	0.0535653870146438	-0.0319722356204373	-0.0310299084259461	0.0167852562372692	0.00160073275202307	0.0209219382871018	0.00527332553173012	0.00345393823655703	0.0293534633305327	-0.03913384630264	-0.0317896665717264	-0.0118530504565597	-0.00555287600566459	-0.0220806722774413	-0.0100729798798835
0.052538842637997	0.0535864241971283	-0.0319822450110012	-0.0309550705945576	0.0167974644806939	0.0016350245189696	0.0209270833792786	0.00529646377819344	0.0034298472469863	0.0293437668643912	-0.0391683532051269	-0.0318075437763386	-0.0118618305011786	-0.00556451707357372	-0.0221257739068	-0.0100895830350617
0.0524699741193621	0.0535517761992545	-0.0320362049160844	-0.0308336810643889	0.0167465220611122	0.00160115883215175	0.0208974868756517	0.00527068942286842	0.00341746158659	0.029421369327172	-0.0391714628915743	-0.0317657488081752	-0.0118606039492016	-0.00552209625656561	-0.0221262684391461	-0.0100603720990267
0.0524592355031354	0.0535610423943153	-0.0320532243725031	-0.0307421828014771	0.0167521672735712	0.00161353191969179	0.0208955548467403	0.00527870392023968	0.00339042854865533	0.029435999940902	-0.0392053355633122	-0.0317628752120286	-0.0118781374957427	-0.00552110020695332	-0.0221560507416488	-0.0100677579535851
0.0524519614072992	0.0535591997723818	-0.0320556481397925	-0.0307013335915009	0.0167575219133522	0.00161908772517296	0.0208959250475079	0.00528262804837561	0.00338355678421936	0.0294349396300244	-0.0392113803132034	-0.0317639355229062	-0.0118806730217544	-0.00552730141905564	-0.022173293715512	-0.0100712546046084
0.0524443450503761	0.0535482753572792	-0.0320580118367686	-0.0306868440731578	0.0167590474199113	0.00161755104274166	0.0208988810657121	0.00528227600840044	0.00338593165706773	0.0294289102469576	-0.03920777609441	-0.0317648240047483	-0.0118749453872377	-0.00552593237470775	-0.0221759703369105	-0.0100709137405054
0.0524474016514303	0.0535443805658079	-0.0320467968489882	-0.0307024511787237	0.0167686754338354	0.00161785837922792	0.0209006859690769	0.00528007994950771	0.00339989590941618	0.0294105985803126	-0.0392027748915881	-0.0317739938079111	-0.011865876166925	-0.00552520035507684	-0.0221828379103944	-0.0100696452790076
0.0524456763761552	0.0535345639590399	-0.0320281373333201	-0.0307433814137735	0.0167778578098545	0.00160969580154965	0.0209064708799387	0.00527345964219685	0.0034194941983514	0.0293921542001848	-0.0391865740678101	-0.0317813293710446	-0.0118528939943485	-0.0055282667350193	-0.0221747060663648	-0.0100640838855903
0.0524644644143539	0.0535353588429521	-0.0320047224840191	-0.0308136650772292	0.0167938518799963	0.00161350817096331	0.0209188886709677	0.00527664616276576	0.00343667291094934	0.0293543699731672	-0.0391698870935902	-0.0317921797459936	-0.011843784261499	-0.00554148639488058	-0.0221566556357331	-0.0100713803331709
0.0525114938816719	0.053561958815838	-0.0319742780110869	-0.0308785507943989	0.0168252798296845	0.00164080104792726	0.0209352738966374	0.00529902165594955	0.00342469377290532	0.0293216707680131	-0.0391771276618096	-0.0318181287243222	-0.0118581550361997	-0.00556289796908474	-0.0221625103957964	-0.0100885450759286
0.05250767173337	0.0535300405247558	-0.0319500263683529	-0.0310107166593631	0.0168200718732264	0.00160660287891064	0.0209335975158033	0.00527190898992526	0.00348450704106772	0.0293035211515154	-0.0391269479955075	-0.0318164746952325	-0.0118060307681299	-0.00554713998924375	-0.022134660122205	-0.0100659251105398
0.0525287382525192	0.0535278612296714	-0.0319252271078798	-0.0311027723189023	0.0168232122933224	0.00159660047326689	0.0209349721480873	0.00526293476452646	0.00351326256030948	0.0292754585363517	-0.0391019028658453	-0.0318224090833854	-0.0117883840658825	-0.00555392374368593	-0.0221016577715168	-0.0100667633009569
0.052557644646036	0.0535442282945488	-0.0319053508191229	-0.0311609930252723	0.0168317785993849	0.00160983829392055	0.0209423091082047	0.00527570319854655	0.00351952663669308	0.0292576050804681	-0.0391033948447877	-0.0318411119055583	-0.011787573815146	-0.00556694922276726	-0.0220966006893338	-0.0100766595358145
0.0525591100822818	0.0535450008267165	-0.0319015831531981	-0.0311896800922966	0.0168277231547502	0.00160681102953088	0.0209412264455827	0.00527236300973451	0.00351877925023785	0.0292727944878095	-0.0391065115161552	-0.0318387076960454	-0.0117834932247988	-0.00555837593178463	-0.0220962751920551	-0.0100691814803101
0.0525881226465848	0.0535744157224197	-0.0318982303915298	-0.0311761572869012	0.0168398825037339	0.00162965451236421	0.020945808553196	0.00528970796343183	0.00349148777025792	0.029271296920931	-0.0391222471442517	-0.0318450332397262	-0.0118139586524914	-0.00558168880125151	-0.0220962528403107	-0.0100968082364569
0.0525437795795535	0.0535414720450606	-0.0319394218625929	-0.0311597930159918	0.0167933936692349	0.00159087702970231	0.0209198162683626	0.00525376915231575	0.00350981899467933	0.0293259050266033	-0.0390975233209161	-0.0318028750557155	-0.0117944651373583	-0.00554272691669785	-0.0220675727582065	-0.0100744536980335
0.0525670030420426	0.0535778606850339	-0.0319422158306498	-0.0310809807650424	0.0168159689311348	0.00163341239940076	0.0209322214865352	0.00528926372251078	0.00345952756965489	0.0293196241864114	-0.0391528215366985	-0.0318237962885256	-0.0118317031436209	-0.00556150238204031	-0.0221117845087391	-0.0100900775674078
0.0525285650264996	0.0535561641260879	-0.0319686956629092	-0.0310305705963755	0.0167890644157308	0.00161484508467854	0.020919152700949	0.00527541262586863	0.00345486303998387	0.0293670615730657	-0.03914700309822	-0.0317996270678493	-0.0118354289000248	-0.00554126706838812	-0.0221091400179732	-0.010073396181124
0.0525150729547528	0.0535680189325534	-0.0320046735895781	-0.0309062641635554	0.0167721078235934	0.00162334712947573	0.0209139084229062	0.00528333352530998	0.00341942155518192	0.0293846607778562	-0.0391683853357596	-0.031791907334108	-0.0118669811812915	-0.00554662310515322	-0.0221122608802928	-0.0100827755318911
0.0524506552272326	0.0535344242606371	-0.0320521486948012	-0.0307810049876279	0.0167320982010184	0.00159929665244182	0.0208928754313738	0.00526737437976889	0.00341007852599961	0.0294465751099974	-0.0391836962807115	-0.0317592961389477	-0.011857973428276	-0.0055098768372687	-0.0221301199241126	-0.0100592614967241
0.0524585607598496	0.0535550255841047	-0.0320518874587879	-0.0307198352479738	0.0167554934925429	0.00162452478701171	0.0209000657081682	0.00528265598805618	0.00337991903780925	0.0294460987384437	-0.0392223717835393	-0.0317699649059731	-0.0118711232389359	-0.00551493531643574	-0.0221739139764206	-0.0100783121679201
0.0524498268157037	0.053549197366738	-0.0320479479638276	-0.0306964944388264	0.0167621375485823	0.00162803959882731	0.020903245243817	0.00528579082021604	0.0033828080007801	0.0294358448756748	-0.0392217626985029	-0.0317736697076165	-0.0118663567294308	-0.00552031649891335	-0.0221934438131385	-0.0100768984200833
0.0524330783741866	0.0535351981897888	-0.0320530511464836	-0.030689751196921	0.0167605435898058	0.00161830960506911	0.0209028806309856	0.00527735722763624	0.00338854541418497	0.0294328651087421	-0.0392107055699176	-0.0317698098407459	-0.0118598593567144	-0.0055131709256078	-0.0221848453764433	-0.0100675847275656
0.0524326969975468	0.0535300111880912	-0.0320445365288301	-0.0307074998790026	0.0167637384922789	0.00161363669349392	0.0209090036119823	0.00527062795557117	0.0033999210551287	0.0294151611301495	-0.0392037779261205	-0.0317771873134002	-0.0118515012012722	-0.00551480399993706	-0.0221796388169693	-0.0100558514587106
0.0524493350773257	0.053531427729896	-0.0320235845623713	-0.0307578052738673	0.0167781861011012	0.0016085935811512	0.020914488171278	0.00526732827929595	0.00341445807092882	0.0293948070728549	-0.0391841223608401	-0.0317823421844652	-0.0118477824297884	-0.00553426398745346	-0.0221530989143966	-0.0100756243706494
0.0524983552468843	0.0535580514515104	-0.0319780289132034	-0.0308504504606665	0.0168301567009278	0.00164822601803851	0.0209426094597709	0.00530032224808004	0.00342858716739263	0.0293268158601899	-0.0391990058286793	-0.031830440344565	-0.0118322675251684	-0.00555705997282982	-0.0221904905889023	-0.0100953805187798
0.0524792417114069	0.0535241857646925	-0.0319771823408821	-0.0309334676335415	0.0168090762119384	0.00160291623805955	0.0209288603429628	0.00526654596824002	0.00346325192907476	0.02934350981933	-0.0391505500406683	-0.0318054985917209	-0.0118074375310466	-0.00553672267934355	-0.0221429735741584	-0.0100637555943436
0.0525254539430683	0.0535392620163276	-0.0319359098447454	-0.0310465562846132	0.0168307238764434	0.00161273982974765	0.0209397568183847	0.00527520726921645	0.00349182863436086	0.0292845794450735	-0.0391307128674642	-0.0318319742330282	-0.0117925177416227	-0.00556105255318315	-0.0221234493253767	-0.0100773789825891
0.0525327168630322	0.0535254248895258	-0.0319182757153542	-0.031144190101378	0.0168250004328788	0.0015985003715456	0.0209417000231683	0.00526049842438083	0.00353163569425174	0.0292714128706053	-0.0391005170576891	-0.0318348143015581	-0.0117633948155814	-0.00555349906054128	-0.0221044740913181	-0.0100677244259685
0.0525653979073939	0.0535476676692268	-0.0319043701363349	-0.0311783854764265	0.0168314628809944	0.00160815911911835	0.0209418592793476	0.00526718438994102	0.00352039556075878	0.0292656489145039	-0.0391028388451444	-0.0318412488099931	-0.0117840673852345	-0.00556999185398124	-0.0220843994308292	-0.0100824737833409
0.0525715027275983	0.0535499503411293	-0.03189931584812	-0.0312044224647489	0.0168287611138834	0.00160277514267267	0.0209410574105152	0.00526709777693126	0.00352451107570661	0.0292757323452213	-0.0391039536383991	-0.031840262539269	-0.0117784095999193	-0.0055626800395763	-0.0220902751456529	-0.0100820686579727
0.0525828671926698	0.053566232189981	-0.0319120689153157	-0.0311833349908394	0.0168279662299712	0.00161192678504309	0.0209377814829685	0.00526867217793133	0.00350413606365156	0.0292896449091607	-0.0391131751299709	-0.0318339719201889	-0.0117991198881411	-0.00557149919974795	-0.0220821963870163	-0.0100938606001569
0.0525451360510452	0.0535438566967972	-0.0319464249435276	-0.0311372470907565	0.0167907491784691	0.00158597501274645	0.020924503149778	0.00524799541732614	0.00350353116956725	0.0293324694545531	-0.0391065827623406	-0.0318075088517378	-0.011790962898399	-0.00553973876786098	-0.022074128804252	-0.0100716220114079
0.0525658589121233	0.0535812986627279	-0.0319527029897515	-0.0310446857229991	0.0168029783766542	0.00162008656875331	0.0209246400542128	0.00526941118248238	0.00345326489025531	0.0293397589172135	-0.0391553738265185	-0.0318210735666542	-0.011830679154328	-0.00555511397407818	-0.0221066701502109	-0.0100909981798826
0.0525381301761425	0.0535640752466411	-0.0319783977169869	-0.0310090025599602	0.0167844585593889	0.00160588063816793	0.0209128704637731	0.00525777570250937	0.00346040487562476	0.029373899809885	-0.0391498655184943	-0.0317988908572663	-0.0118181971020338	-0.00553697693043673	-0.022112762397559	-0.0100934023893955
0.052500157356281	0.0535591830085734	-0.0320141577141473	-0.0308883674011668	0.0167626907542575	0.00161115844382744	0.0209070618041827	0.00526486399946976	0.0034317080297122	0.0294113417758157	-0.0391763271899613	-0.0317890532957379	-0.0118324994245171	-0.00552548533981864	-0.0221379723713365	-0.0100843024354342
0.052477182556949	0.0535607280729089	-0.0320397476675806	-0.0307853230652598	0.0167575749987453	0.00161898434835486	0.0209072881155954	0.0052681748516172	0.00339793733780829	0.0294464144568341	-0.039208957942898	-0.0317775840568643	-0.0118523449796253	-0.00551996166497012	-0.0221608130602018	-0.0100895523014131
0.0524451525071445	0.0535447242238789	-0.0320642898829925	-0.0307133280963693	0.0167407664869149	0.00160306990630268	0.0208943688073002	0.00525306507236541	0.00338785670105895	0.0294660616402103	-0.0392073486172973	-0.0317595685508333	-0.0118571059011943	-0.00550487423746279	-0.0221517382519529	-0.0100768118070736
0.0524607330700139	0.0535575331704358	-0.0320505868666574	-0.0306922937078528	0.0167670535353784	0.0016274794082319	0.0209069318846681	0.00527135019631388	0.0033820913479735	0.0294389280194256	-0.0392263014996113	-0.0317833494099497	-0.011859250271678	-0.00552382711977686	-0.0221837669047733	-0.0100927248521417
0.052438842330288	0.0535343013260426	-0.0320505058415837	-0.0307037014794292	0.0167623065836497	0.00161106484589753	0.020905403584141	0.00526061297707116	0.00340173014944555	0.0294334881636188	-0.0392099037010853	-0.0317746853150052	-0.0118395667667171	-0.00551268198119784	-0.0221792378825531	-0.0100774669925829
0.0524615908182074	0.0535471032876794	-0.0320259915658524	-0.0307227731053857	0.0167823281587455	0.00162435854591233	0.0209161268335434	0.00527140328170696	0.00339805887541876	0.0294044923631242	-0.0392124350361449	-0.0317921252636165	-0.011848893032091	-0.0055339664298554	-0.0221750860460205	-0.0100941916853716
0.0524534044918006	0.0535243212721433	-0.0320168105868173	-0.0307977464442249	0.01677204076836	0.00159878256231934	0.020908991039126	0.00524631903649199	0.00344110274730357	0.0293996811501302	-0.0391754708387519	-0.0317888674968621	-0.0118152368928775	-0.00552069508158506	-0.0221522928546122	-0.0100775228719441
0.0524819029659811	0.0535360112344934	-0.0319888709062482	-0.0308591466862436	0.0167963147628385	0.00161608281252775	0.0209220668096324	0.00526071355992121	0.00345120573579737	0.0293611690944337	-0.039175672004452	-0.0318111074825951	-0.0118108112474753	-0.00553553663990339	-0.0221558020784917	-0.0100885199302161
0.0525020390937673	0.0535325662718792	-0.0319596823219576	-0.0309589723709491	0.0168131875359342	0.00160886040510063	0.0209344021786037	0.00526093428339771	0.00346819026761535	0.0293385463350768	-0.0391595368389233	-0.0318179052068776	-0.0117988782099042	-0.00553806518099489	-0.0221424608810199	-0.0100832253607482
0.0525437907554258	0.0535420420145443	-0.03191276740733	-0.0311011755661578	0.0168463784794663	0.00162282884840117	0.0209558361045523	0.00527765199126625	0.00350672327807227	0.0292823526525322	-0.0391413215641763	-0.0318519706624115	-0.0117701352635187	-0.00555619384273218	-0.0221443845280271	-0.0100996552899069
0.0525343387614892	0.0535230234739808	-0.0319134351656956	-0.0311746876597032	0.0168209002847553	0.00159431081644425	0.0209419584652136	0.00525221850004417	0.00353415166248699	0.0292880327895919	-0.0390986269382986	-0.0318329912374009	-0.0117550450420433	-0.00554345055442459	-0.0220930621287897	-0.0100776360276504
0.0525671273736211	0.0535487489348649	-0.031908250957966	-0.0311882789173161	0.0168218823645273	0.00160311600677562	0.0209389619344726	0.00525561456821734	0.0035176770298394	0.0292902889187978	-0.0391060491144418	-0.0318320762128623	-0.0117811979800401	-0.00556148980918406	-0.0220717623133078	-0.010094311825998
0.0525697425277224	0.0535524369727	-0.0319046299753642	-0.0312111671036383	0.0168223293994164	0.00160447946318739	0.0209368832222382	0.00525389348389428	0.0035305292829012	0.0292969273869011	-0.0391120393819558	-0.0318382452943319	-0.0117638977298317	-0.00555165504162372	-0.0220946952031189	-0.0100908920090964
0.052547040140276	0.0535416033615593	-0.0319245607464982	-0.0311763584526012	0.016798352962536	0.00158872846826654	0.0209259378523752	0.00524104821575263	0.00351898041593795	0.0293311995960712	-0.0391055950946325	-0.0318161324341455	-0.0117727196839714	-0.00554156741995424	-0.0220716212179209	-0.0100843359630508
0.0525988556748755	0.0535988503700614	-0.0319212708491112	-0.0311140375981078	0.016835662214984	0.00164776361632509	0.0209402024562898	0.00528595706131542	0.00345914898698317	0.029311109568758	-0.0391626772590193	-0.0318412069004723	-0.0118268067146011	-0.00557696839221936	-0.0221095479373095	-0.0101250342987519
0.0525291335989992	0.0535523294049298	-0.0319709210584666	-0.031063239067881	0.0167746796711897	0.0015944700726235	0.0209037621279075	0.00523997253805071	0.00348173961570735	0.0293887525440756	-0.0391346998598814	-0.0317939399458694	-0.0117979575974295	-0.00552397939103597	-0.0221003236517696	-0.01007977900115
0.0525047967402395	0.0535502101801586	-0.031992151024747	-0.0309724867944404	0.0167609375393018	0.00159773761826606	0.020907320246228	0.0052469281215284	0.00346366124539509	0.0293961775141868	-0.0391496713377144	-0.0317866490862249	-0.0118061788484369	-0.00552793145885247	-0.0221083660888214	-0.0100843345660668
0.0525094445061021	0.0535786402021218	-0.0320167169888874	-0.0308418198933387	0.0167739001541019	0.00162748639315204	0.0209179359278602	0.00527305591381262	0.0033941235714106	0.029425591012906	-0.0392036969010469	-0.0317889303611434	-0.0118622831240038	-0.00554174623390988	-0.0221349884134517	-0.0101099957656855
0.052475416769137	0.0535677465206679	-0.0320427204495931	-0.0307501637712316	0.0167593184348128	0.00162924379905984	0.0209056564382501	0.00526806309289492	0.00338401220101263	0.0294535223115709	-0.0392220560651488	-0.0317806685975991	-0.0118601457384402	-0.00552595193248415	-0.0221660433684043	-0.0100952296445047
0.0524564429320625	0.0535538241778403	-0.0320457127893821	-0.0307247246920734	0.0167595894497144	0.00162636321799316	0.020903982851384	0.00526440020077231	0.00339047464912827	0.0294634492800771	-0.0392240872799262	-0.0317754354954285	-0.0118479835954885	-0.00551718725468961	-0.0221849948537344	-0.0100984007982493
0.0524347296093082	0.053538346991789	-0.0320660626557246	-0.0306931738077907	0.0167455874787971	0.00160324173533818	0.0208984298398709	0.0052462408053864	0.00339424231505302	0.0294622325069883	-0.039204047544038	-0.0317596872944757	-0.0118517037639563	-0.00551426895505416	-0.0221511864432617	-0.01008292081823
0.0524235886616813	0.0535221545499151	-0.0320473193210148	-0.0307194692381584	0.0167575805866814	0.00160238259016068	0.0209113840727668	0.00524848855268819	0.00342290982430098	0.0294395804109669	-0.0392081253404171	-0.0317774890619503	-0.0118138049842483	-0.00550683560303875	-0.0221794041236525	-0.0100756215766813
0.052462356365455	0.05354507486687	-0.0320112338265757	-0.0307531882416532	0.0167891957322294	0.00162646519782724	0.0209285823431411	0.00526783259053023	0.00341118493735014	0.0293980606486572	-0.0392148434366099	-0.0318013732978849	-0.0118329282986138	-0.00553755947277659	-0.0221800425453535	-0.0100975835625927
0.0524508885235654	0.0535195030742291	-0.0320100729328481	-0.0308269280435953	0.0167754033089165	0.00159910526562992	0.0209214060361869	0.00524648527759138	0.00345105905247439	0.0293895208852912	-0.0391680402807045	-0.031791070540675	-0.0118081192592525	-0.00552718966033336	-0.0221399896162736	-0.0100819610902025
0.0524835947136396	0.0535349760693283	-0.031977031466607	-0.0308854840261321	0.0168066566356011	0.00161938388578699	0.0209393377231762	0.00526224884536848	0.00345412682940088	0.0293557529873553	-0.0391780035707955	-0.0318200104618085	-0.0118046715026702	-0.0055404610086037	-0.0221548702901447	-0.0100955453628952
0.0525154333766321	0.0535331530051712	-0.0319370344168883	-0.0310128791906392	0.0168253971763429	0.00161335869367226	0.0209477070544907	0.00525765416489889	0.00348797714939441	0.0293182118355586	-0.0391500317595937	-0.0318318694592261	-0.0117816617787375	-0.00555053186646484	-0.0221367108947588	-0.0100981730898527
0.0525426941229634	0.0535380843587916	-0.0319079855310006	-0.0311163537976269	0.0168343071404764	0.00161158452395612	0.0209530630912558	0.00525277310270346	0.00351870241611629	0.0292825524212482	-0.0391232851033849	-0.031845758274437	-0.0117673203407014	-0.00556149260315211	-0.0221133170002183	-0.0100982485269902
0.0525746864541991	0.0535550116142644	-0.0318930252290398	-0.0311769200401807	0.016837577480087	0.0016201745787471	0.0209498067214855	0.0052559316835918	0.0035253255173952	0.0292653932664267	-0.0391152091387164	-0.031853909676243	-0.0117697943994158	-0.00557228151080388	-0.0220970379453347	-0.0101057293764626
0.052566139705913	0.0535468448456341	-0.0319028683785043	-0.0311915464629586	0.0168106352461142	0.00159247238546281	0.0209296147143382	0.00523397388863252	0.00353367668791732	0.0292976831552605	-0.0390972690698229	-0.0318307616508915	-0.0117688193045639	-0.00555666602333379	-0.0220678773007247	-0.0100952324384728
0.0526199724854496	0.0535963413867463	-0.0318826302708841	-0.0312074511261226	0.0168532027464453	0.00164272888588653	0.0209441307753778	0.00527043936272733	0.0035077360914929	0.0292746035821263	-0.0391393699774885	-0.0318686157271106	-0.0117875849910182	-0.00558204782614682	-0.022116840193938	-0.0101246152035433
0.052553719120916	0.0535442813799419	-0.0319258613386287	-0.0311878961436923	0.0167982817163505	0.00159037830640415	0.0209188705101753	0.00523210332701842	0.00353377307981528	0.0293364033615772	-0.0391029617797389	-0.0318217245612114	-0.0117604751189619	-0.00553806238702684	-0.022088612734659	-0.0100822167382797
0.0525611901915002	0.0535673986716448	-0.0319390209281768	-0.0310895428801528	0.016797862621142	0.00161555195859694	0.0209223629702464	0.00525193491228639	0.00348259317294873	0.0293483447810524	-0.0391394118870094	-0.0318181873976514	-0.0118035636943357	-0.0055577710377003	-0.022093815103181	-0.0101059263512106
0.0525435756198854	0.0535640668647369	-0.0319628269330057	-0.0310303345060747	0.0167854560059853	0.00160953794235443	0.0209149184423588	0.00524567502685487	0.00346602913332332	0.0293804851925951	-0.0391528690341555	-0.0318035260502727	-0.0118112540914123	-0.00554585895488965	-0.022104321820059	-0.0100987528382245
0.0525203800970769	0.053567559324808	-0.0319942926012626	-0.0309322494634687	0.0167726540443485	0.00161969122227325	0.0209174274256739	0.00525303433871678	0.00345032144490736	0.0293938347719711	-0.0391731588301848	-0.0318036992762922	-0.0118194292419469	-0.00554077952096219	-0.0221288584475349	-0.0101024352881235
0.0524666227546779	0.0535461002531469	-0.0320441607401265	-0.0308168041003411	0.0167349676062128	0.0015947452784771	0.0208943813801564	0.00523398925545683	0.00343161163781424	0.0294608439048641	-0.0391846937273078	-0.0317679602338922	-0.0118252420924893	-0.00551237185074352	-0.0221290833619634	-0.0100829459639425
0.0524617277226421	0.0535584831195752	-0.0320479828884283	-0.0307391317883589	0.0167454505743623	0.00161832636887745	0.0208984493976473	0.00525106598822069	0.00340385077120075	0.029467862352623	-0.0392201882975028	-0.0317749339781623	-0.0118385190286957	-0.00551722217929032	-0.022170545847928	-0.0100966922867825
0.0524389471040901	0.0535447996610164	-0.0320528597596717	-0.0307023003044486	0.0167439711682762	0.00161242131738917	0.0208992722212401	0.00524670320709982	0.00340429361513777	0.0294678358099265	-0.0392192313634433	-0.0317710713173236	-0.0118350586992572	-0.00551061025388364	-0.0221779708180393	-0.0100891415881087
0.0524477131788687	0.0535490730351595	-0.0320520732576636	-0.030689801488346	0.0167609850367588	0.00162281906951297	0.020906585432629	0.00525504459873373	0.00339520064609654	0.0294471199337685	-0.0392250833295385	-0.0317783761468084	-0.0118443304822541	-0.00552091021712545	-0.0221774301852203	-0.0100965358245714
0.0524445448190921	0.0535373886607455	-0.0320411376666889	-0.0307185402437795	0.0167659974154529	0.00162005304113663	0.0209149505729914	0.00525549722155895	0.0034174909232546	0.0294287300360179	-0.0392154441397422	-0.0317893676171443	-0.0118243200830305	-0.00551659074250946	-0.0221891592631232	-0.0100900929342321
0.052444638417022	0.0535286086161266	-0.0320231179697058	-0.0307784163762231	0.0167694214233066	0.00160277933362476	0.0209158935372106	0.00523603304309047	0.00344693236165432	0.0294135573924848	-0.0391908753816337	-0.0317905257169039	-0.0118040652116019	-0.00551698888295757	-0.0221712960283513	-0.010082578557143
0.0524698008933426	0.0535364931939832	-0.0319942898072946	-0.0308510204301501	0.0167898676815471	0.00161683299295103	0.020930640100615	0.0052503549233502	0.00346205890471445	0.0293694071092495	-0.0391831919694772	-0.0318133747876733	-0.011791799691832	-0.00553384768621298	-0.0221665630464629	-0.0100913683806501
0.0524979235788195	0.0535452369170173	-0.0319736996596992	-0.0309221394900548	0.0168044675616285	0.00161663601820302	0.0209347793642914	0.00525304132363693	0.00345991732819883	0.0293585930558852	-0.0391735765284093	-0.0318140187973104	-0.0118019878963516	-0.00554365591107678	-0.0221466658029456	-0.010094851061833
0.0525303252263755	0.0535469943229251	-0.031928870442226	-0.0310534420188894	0.0168280402701247	0.00162114268867882	0.0209529876541183	0.00526168306683696	0.00350669114743962	0.0293014312634088	-0.0391509649449247	-0.0318414304179168	-0.0117741460046644	-0.00555861761002155	-0.022143053202248	-0.0100987709990169
0.0525462103317631	0.0535454897711265	-0.0319114654182154	-0.0311464322607437	0.0168307378462837	0.00161244087516556	0.0209576521837893	0.00525539524172488	0.00352883474127468	0.0292833864207132	-0.0391238369120761	-0.0318461759726615	-0.0117657487336694	-0.00556068095543158	-0.0221088396664071	-0.0100969674926361
0.0525537121359959	0.0535440061740883	-0.0319074728378621	-0.0311889760123463	0.0168167372723505	0.0016027765396567	0.0209524805489159	0.00524671438297205	0.0035363812489964	0.0292895471202787	-0.0391100319159069	-0.0318418257643969	-0.0117590962957259	-0.00555863297684586	-0.0220817577340314	-0.0100945618861391
0.0525618342011373	0.0535489319397726	-0.031902949403578	-0.0312143145086544	0.0168142422588756	0.00159990154652614	0.020945559890039	0.00524381703809703	0.00354050235188035	0.0293003737464993	-0.039110381161914	-0.031838688138269	-0.0117527847218853	-0.00555632236526279	-0.0220863761632295	-0.0100933465100344
0.0526017614016547	0.0535868921867779	-0.0318982485523222	-0.0311978566398152	0.0168344775725278	0.00163104451147252	0.0209459915581037	0.00526458879361615	0.00350456773171636	0.029295351588917	-0.0391348046336835	-0.0318501252465099	-0.0117846960280473	-0.00557871182828687	-0.0221016354197723	-0.0101185969963487
0.0525663380776451	0.0535650587233971	-0.0319270781117175	-0.0311697563060828	0.0168066761933775	0.00161265321673789	0.020930885969804	0.0052463539610927	0.00351483137337343	0.0293369076728115	-0.0391292572101065	-0.0318279481250582	-0.0117699843892436	-0.00554967272128734	-0.0221047157695551	-0.0101012925551882
0.0525335829931299	0.0535587457525725	-0.0319688409492482	-0.0310635282435749	0.0167675955651814	0.00158912940268271	0.0209107149174172	0.00522852984187363	0.0034837303179479	0.0293839706677461	-0.0391257130616263	-0.0317912116360619	-0.0118025159563143	-0.00554413926755062	-0.0220672640247362	-0.010092786319439
0.0525303852966887	0.0535692496754825	-0.0319711892794	-0.031012478256223	0.0167743890985118	0.00161353611064387	0.0209190283693705	0.00525476939288013	0.0034687085486899	0.029385288023685	-0.0391703732440321	-0.0318103237745552	-0.0117959682921729	-0.00554022910925497	-0.0221245082392702	-0.010090284321044
0.0524901228200046	0.0535585362049682	-0.0320139775032076	-0.0308981784199987	0.0167459059911556	0.0016137973466572	0.0209064820558109	0.00525534355331582	0.00344371231346873	0.0294313479840872	-0.0391792985749899	-0.0317904377069101	-0.0118128284924124	-0.00552626625389055	-0.0221312654510159	-0.0100929958670432
0.052476449140334	0.0535659178685746	-0.0320396764213951	-0.0307885375255093	0.0167429835005681	0.0016251129172877	0.0208991115680768	0.00525988654537636	0.00340574228757528	0.0294612602061045	-0.0392115912577917	-0.031777177534512	-0.0118408519920232	-0.00552413725023118	-0.0221551091744136	-0.0100993828780213
0.0524568229117182	0.0535580933610312	-0.0320493337719838	-0.0307254175961515	0.0167458878303633	0.00162497740983693	0.020903982851384	0.00526055570072599	0.00339628610268665	0.0294713841493588	-0.0392255177915714	-0.0317751002192617	-0.0118476930228106	-0.00551913185645722	-0.0221783563856311	-0.0100974396732378
0.0524416460772331	0.0535486832766155	-0.0320580956558103	-0.030690928854457	0.0167392940657489	0.00161775779637787	0.0209061286188517	0.00525521363380118	0.00339867773934337	0.0294672043731456	-0.0392201533729021	-0.0317733791349386	-0.01184648602861	-0.00551770134481208	-0.0221737072227844	-0.0100941539668028
0.0524355775786135	0.0535371386006044	-0.0320445169710537	-0.0307139176236293	0.0167581254104525	0.00162867662354429	0.0209123535796825	0.00525938223414209	0.00341641384856866	0.0294518599005771	-0.0392275853279335	-0.0317887012557627	-0.0118189151518244	-0.00550919650604683	-0.0222069107391728	-0.0100897842007618
0.0524315235309629	0.0535304023436192	-0.0320457546989029	-0.0307136354328555	0.016746069438287	0.0016052212617065	0.0208995823516944	0.00523836321244993	0.00341439380966351	0.0294498845651608	-0.0391953848460775	-0.0317706270764026	-0.011836715522315	-0.00551700564676591	-0.0221518220709946	-0.0100844952192301
0.0524661030766193	0.0535469216797557	-0.0320066601008666	-0.0307863889640735	0.0167770727048305	0.00161979599607539	0.0209058422371259	0.00525291559507437	0.00343448942491286	0.0294114633134262	-0.0392008372747406	-0.0317981853803319	-0.0118192574129114	-0.00553410333429019	-0.0221661481422065	-0.0101030234183995
0.0524561467714485	0.0535225261476667	-0.0319918506731809	-0.0308672897061455	0.0167707597340059	0.00160597283911381	0.0209046478157816	0.00523797485089002	0.00348193239950328	0.0293904875982389	-0.0391655536491339	-0.0318018161418219	-0.0117767318221011	-0.00551851159554859	-0.0221637662844379	-0.0100849282842789
0.0525108289172743	0.0535501850344461	-0.03195194303044	-0.0309499590299975	0.0168067781732116	0.00162051125189796	0.0209175098477316	0.00524962988863944	0.00346551364621682	0.0293603672256013	-0.039164627448723	-0.0318126469589945	-0.0118062710493828	-0.00554948133447544	-0.0221371355779035	-0.0101092595551025
0.0525215549606448	0.0535373970426496	-0.0319211004170597	-0.0310733658051033	0.0168169230712262	0.00161076309734739	0.0209224467892881	0.00524330155099053	0.00352223957967634	0.0293160856258673	-0.0391334719109204	-0.031837706058497	-0.0117577258543939	-0.00554219745975107	-0.0221427710114743	-0.0100823732004909
0.0525639087224196	0.0535590307373143	-0.0318926494403362	-0.0311447153673727	0.016838757931591	0.00162638417275359	0.0209385596030724	0.00525811796359634	0.00352087332929651	0.0292843210030283	-0.0391241987309395	-0.0318548973439512	-0.0117761464857932	-0.00557148103895558	-0.0221161081743071	-0.0101097568814167
0.0525603813377477	0.0535513235764293	-0.031902167092522	-0.0311804069123157	0.0168191596426558	0.00160531066868432	0.0209341381486223	0.00524106777352902	0.00353460149134415	0.0293018266098889	-0.039104145025211	-0.0318374811440684	-0.0117656146232026	-0.00556501719385591	-0.0220833363259836	-0.0101096409317423
0.0525879745662778	0.0535747146770018	-0.0318926564252563	-0.0312080895478236	0.0168317324989119	0.00161658712376202	0.0209456157694001	0.00525069019951703	0.00352187217287685	0.029300362570627	-0.039116762584956	-0.0318437731601326	-0.0117796626945928	-0.00557745593964529	-0.0220866108565463	-0.0101245383694218
0.0525745090372275	0.0535682228922216	-0.0319065019339623	-0.0311952247219056	0.0168149589116822	0.00161114587097119	0.0209497187114917	0.00525110510377349	0.0035195378125653	0.0293206481757043	-0.0391238578668365	-0.0318405419360747	-0.0117772137815909	-0.00556514990733861	-0.0220928567721375	-0.0101084995957911
0.0525545293716525	0.0535619895494866	-0.0319452794166242	-0.0311262891480373	0.0167878266878815	0.00160035277236733	0.0209379644878762	0.00524154135111467	0.0034967641789334	0.0293543574003109	-0.039125106770558	-0.0318153040226166	-0.0117920972494301	-0.00555144549401945	-0.0220787947309071	-0.0101010089674305
0.0525286991369664	0.0535546889109539	-0.0319664381367192	-0.0310534811344422	0.0167707359852774	0.00159287331987898	0.0209238018637957	0.00523341369803711	0.00348376384556458	0.029393436631523	-0.0391453937726192	-0.0318012140417056	-0.0117925806059039	-0.00553295221945074	-0.0220922197474205	-0.0100971337337355
0.0525557573206135	0.0535927665046175	-0.0319687277935419	-0.0309782325897494	0.0167968106921686	0.0016365612014009	0.0209327551344341	0.00526576924512019	0.00344300683653436	0.0293740255384476	-0.0391854578775713	-0.0318233296958601	-0.0118271238299756	-0.00555906883586274	-0.0221306968785163	-0.0101248149722594
0.0524856105615926	0.0535578237431137	-0.0320216637093322	-0.0308706829803506	0.0167495968229588	0.00160830161148925	0.0209105975707588	0.00524531041402345	0.00344033999402403	0.0294488968974527	-0.0391892646590489	-0.0317907478373644	-0.0118158431839458	-0.00551448409059455	-0.0221513345235687	-0.0100924566312083
0.0524573803083456	0.053554940368079	-0.0320504304044462	-0.0307627240546315	0.0167393150205094	0.00160794398357796	0.0209103293498253	0.00524432693726741	0.0034086005168975	0.0294742661274095	-0.0392092918220808	-0.0317749004505456	-0.0118345515940549	-0.00551524404990603	-0.0221544861195369	-0.0100954741167097
0.0524473234203247	0.0535533994946956	-0.0320563298679983	-0.0306952427411369	0.0167422221442726	0.00161362272365364	0.0209091684560977	0.00524960334594289	0.00339512381197498	0.0294711606319142	-0.0392248472392377	-0.0317763072134623	-0.0118432673774084	-0.00551868482156812	-0.0221725896355617	-0.0100943551325029
0.0524325642840641	0.0535375451229567	-0.032063578818122	-0.030688767720165	0.0167405611302627	0.00160684316016354	0.0209060545786982	0.00524443310805358	0.00340906431559495	0.029470460742916	-0.0392128289856409	-0.0317706815587797	-0.0118315173447451	-0.00551390853317482	-0.0221696908937026	-0.0100965525883797
0.0524512908549655	0.0535473980513094	-0.0320400242704182	-0.0307008195013785	0.0167655238378672	0.00162516739966481	0.0209215624983981	0.00525958339984219	0.00340322631934003	0.0294372418597033	-0.039224813711621	-0.0317915399273085	-0.011835343683999	-0.00552893309640087	-0.0221890963988419	-0.0101004236311225
0.0524639615001036	0.0535500551149315	-0.032010165133794	-0.0307566569529959	0.016788632747666	0.00163575933256856	0.0209338531638805	0.005269147152501	0.00342009909243573	0.0294075335973541	-0.0392222013514878	-0.0318125533610646	-0.0118218683760605	-0.00553360740496009	-0.022207852306408	-0.0101041368146702
0.0524722903188813	0.0535417542358344	-0.0320028421435168	-0.0308174173763296	0.0167858080459604	0.00161556732542125	0.0209276757005066	0.00525226320353308	0.00343853089970718	0.0293904037791972	-0.03918392119514	-0.0318031516585531	-0.011820960336442	-0.00554608806027032	-0.0221506178707621	-0.0100992948680276
0.0524828431362323	0.0535401700559461	-0.0319835274423394	-0.030879440673225	0.0167957126627222	0.0016140725525108	0.0209320594363879	0.00525110370678946	0.00346251711547579	0.0293669148897427	-0.0391753576830456	-0.0318152411583353	-0.0117973317485847	-0.00554291131858961	-0.022154392521607	-0.0100971910100807
0.052523920054605	0.053534665938874	-0.031930246471494	-0.0310572767400475	0.0168185282058749	0.00160418749352544	0.0209453084329138	0.0052469183426402	0.00349532388840006	0.0293399083945046	-0.0391461718927231	-0.031822734580664	-0.0117751644060212	-0.00554841543566173	-0.0221339015598776	-0.010094849664849
0.0525471966024872	0.0535407763470145	-0.0319050923770776	-0.0311466306324757	0.0168319029309634	0.00160611812545277	0.0209563809283234	0.00525086063156851	0.00353165385504411	0.0292883513019504	-0.039119363769217	-0.0318484977601168	-0.0117577216634419	-0.00556521556558795	-0.022110110921873	-0.0101006080330143
0.0525813402891267	0.0535654205422605	-0.0318950662227054	-0.0311859571298608	0.0168402527045015	0.00161574194842481	0.0209598356698257	0.00525974684697352	0.00352078112835063	0.029281166613092	-0.0391254755743415	-0.0318569117949202	-0.0117727741663485	-0.00558026806849457	-0.0220958155843098	-0.0101120172015747
0.0525719846870881	0.053556020236733	-0.0319018737258761	-0.0312133058861859	0.01682260460527	0.00159838442187123	0.0209499659776647	0.00524377512857617	0.00353699592196893	0.0293021646800237	-0.0391105795336461	-0.0318423286786471	-0.0117565817244746	-0.00556546143477696	-0.022091849546653	-0.0100999151289362
0.0525931685528956	0.0535806686229311	-0.0319041815434911	-0.0311944913052906	0.0168311820872047	0.00161688607834411	0.0209513461978848	0.00525588418613484	0.00350949768835278	0.0293086858014686	-0.0391327133485929	-0.0318492856591088	-0.011782716501679	-0.00557632997051835	-0.0220989629893259	-0.0101086378972099
0.0525703041153019	0.0535686000779092	-0.031929951707864	-0.0311582577305445	0.0168141291031693	0.00161007019326927	0.020944776181999	0.005251817565628	0.00350587810273505	0.0293383479633448	-0.0391357741405993	-0.0318331015991392	-0.0117775071482369	-0.00556200110533847	-0.0221006603249205	-0.0101066695467138
0.052536290348177	0.053558770898285	-0.0319597409952868	-0.0310663864728971	0.0167857032721583	0.00159322256588609	0.0209350140576081	0.00523736157490153	0.00347984390838073	0.0293805983483015	-0.039144843360912	-0.0318057151242453	-0.0117957182320319	-0.00554728806955077	-0.0220885177397451	-0.0100985949790293
0.0525627268739315	0.0535952657090444	-0.0319677485077379	-0.0309808072313139	0.0167982817163505	0.00162602933881036	0.0209369307196952	0.00526545212974574	0.00343370431988886	0.029373507257373	-0.039182444583022	-0.0318119568488845	-0.0118421260414572	-0.00557836258227976	-0.0221008391388761	-0.0101276131312684
0.0525099921238413	0.0535753656715591	-0.0320160799641705	-0.0308702401364136	0.0167616402222681	0.00161267836245041	0.0209174553653545	0.00525295051967508	0.00342902582037757	0.0294272338661234	-0.0391913922657242	-0.0317943283074294	-0.0118303983605383	-0.00553990221499231	-0.0221371677085361	-0.0101068329938451
0.0524689906426061	0.0535570065074571	-0.0320514264540585	-0.0307675199008012	0.0167363296656406	0.00159986243097334	0.0208989173872968	0.00524404614347769	0.00341290183072112	0.0294705431649736	-0.0392012801186776	-0.0317672240233092	-0.0118327536756103	-0.00552075515189829	-0.0221494919016352	-0.0100981465471562
0.0524622641645091	0.0535610982736764	-0.0320513803535855	-0.0307194622532382	0.0167583028274241	0.00162221557241268	0.0209115251681537	0.00526009609298063	0.00339960393975424	0.0294645989979326	-0.0392324594052088	-0.0317820194811546	-0.0118329757960708	-0.00552267600493742	-0.0221968985546408	-0.0101018331880073
0.0524543390741156	0.0535552742472618	-0.0320568691038333	-0.0306930997676372	0.0167570832603673	0.0016187608309103	0.0209083833510737	0.00525469674971065	0.0033971326750079	0.0294577914947619	-0.0392227936727159	-0.0317776734638421	-0.0118430243021875	-0.0055253260836394	-0.0221853552756137	-0.0100993200137401
0.0524281763572307	0.0535306314489998	-0.0320568355762166	-0.0307018951790804	0.0167469914477457	0.00160026476237354	0.0209030524600211	0.00524281679753265	0.00341945089184652	0.0294546287229215	-0.0392093938019149	-0.0317697050669438	-0.0118171521579805	-0.00551138977097151	-0.0221773645269709	-0.0100822768085929
0.0524541658480961	0.0535476355385942	-0.0320279403585721	-0.0307305333516638	0.0167790382613585	0.00161948167466899	0.0209253315613069	0.00526017851503831	0.00341251626312926	0.0294170722043004	-0.0392182730323998	-0.0317942081668029	-0.0118238856209976	-0.00553359064115175	-0.0221864449231559	-0.010100543771749
0.052458038287823	0.0535356829432467	-0.0320123556047506	-0.0307974265348824	0.016780630823151	0.00160676912001003	0.0209223643672305	0.00524941056214697	0.00344417192121409	0.0293982799751496	-0.0391941722639408	-0.0318014445440703	-0.0118012153641838	-0.00553139458225901	-0.0221715977769015	-0.0100857413289835
0.052479982112942	0.0535409300152576	-0.0319988830907802	-0.0308605310974158	0.016784559142239	0.00160781406406332	0.0209262032793407	0.00524839914571036	0.00345766678692898	0.0293778448927814	-0.0391721166800996	-0.0318031935680739	-0.0118038584579657	-0.00554259839416724	-0.0221436189807795	-0.0100985991699814
0.0525210185187779	0.0535505398683894	-0.0319467825714389	-0.0309887868040844	0.016828545978343	0.00162363770215364	0.0209438374087319	0.00526214407156635	0.00347735727681008	0.0293376774110111	-0.0391731015538396	-0.0318337945032173	-0.0117806363924606	-0.00555214398603368	-0.0221662850466412	-0.0101032273780677
0.0525431900522935	0.0535494879394159	-0.0319228005466223	-0.0310944896005976	0.0168321655639607	0.00160971116837396	0.0209467640902715	0.00525237496225535	0.00351597969424482	0.0292985157577414	-0.0391313051886922	-0.0318411049206382	-0.0117670032253269	-0.00556604816806891	-0.0221261874140724	-0.0100992501645386
0.0525533056136436	0.0535445607767476	-0.0319066947177583	-0.031170405903656	0.0168302558867938	0.00160464989523886	0.0209473131049947	0.00524735839260916	0.00354071329646865	0.0292855419670691	-0.0391104607900036	-0.0318462108972622	-0.0117505174168071	-0.0055662144091683	-0.0221090087014745	-0.0100941860974355
0.0525799195563697	0.0535668831845383	-0.0318986103711856	-0.0311924070051202	0.0168394801723337	0.0016170034250025	0.0209504130125538	0.00525854963166113	0.0035211038316612	0.0292876807496167	-0.0391198331558506	-0.031848900091517	-0.0117746419339945	-0.00557835839132767	-0.0220954705292547	-0.0101128120854869
0.052577770994934	0.0535686908818711	-0.0319033740867226	-0.0312038315405049	0.0168259322212258	0.00160919987221955	0.020940553099281	0.00525199777656767	0.00352642075287351	0.0293026983279226	-0.0391162373189613	-0.0318409680162034	-0.0117685427017263	-0.00556928637704687	-0.0220923440789991	-0.0101086798067307
0.0525851023671153	0.0535830183500669	-0.0319142370345279	-0.0311687169499656	0.0168200090089451	0.00161726885196791	0.020937557965524	0.00525392002659083	0.00349955395603823	0.0293200209298755	-0.0391289331098119	-0.031832943739944	-0.0117940013386609	-0.00557275089743745	-0.02208738199173	-0.0101174863940461
0.052554062778987	0.0535676026313129	-0.0319347936545066	-0.0311287450459594	0.0168062026157919	0.0016170523194435	0.0209303900404739	0.00525571515106739	0.00350130437702589	0.0293470064703532	-0.0391440359041436	-0.0318299639730113	-0.0117734978040752	-0.00554672648197133	-0.0221214390653597	-0.0101001344554287
0.0525341725203899	0.0535653255473465	-0.0319612106224848	-0.0310445432306282	0.0167855076943943	0.00160793560167379	0.0209233520349386	0.00525068880253301	0.00346500793799852	0.0293874435700409	-0.0391533314358689	-0.0318017756292851	-0.011807067330279	-0.00554439910657992	-0.0221044936490945	-0.0101026127050951
0.0525377013020457	0.0535872498146891	-0.0319821793527519	-0.0309333684476755	0.0167804981096683	0.00162677532828156	0.0209218069706031	0.00526255478487072	0.00343429384714887	0.0293832609998597	-0.0391808939307504	-0.031806092309933	-0.0118420953078086	-0.00556228329611222	-0.0221143982658563	-0.0101128302462793
0.0524875635452644	0.0535652082006881	-0.032024650461185	-0.0308476746534019	0.0167540532020096	0.00161228860390646	0.0209015981996474	0.0052528289820646	0.0034306477188346	0.0294502240322797	-0.0391966100010705	-0.0317840339321237	-0.0118215792003666	-0.00552388579310606	-0.0221544330341438	-0.0101015454092974
0.0524528107735885	0.0535507731647221	-0.0320515801223016	-0.0307478922752014	0.0167397299247658	0.00160442498081028	0.0208969308760084	0.00524804989970325	0.00340546149378556	0.029478659642179	-0.0392121402725149	-0.0317642037438397	-0.0118372659340222	-0.00551565616019442	-0.0221545629536585	-0.0100935392938303
0.0524492233186034	0.0535560817040302	-0.0320584309319771	-0.0306851397526431	0.0167409480948386	0.00160593372356101	0.0208937457524235	0.00524549062496312	0.00338955822760561	0.0294748039662604	-0.0392244002043486	-0.0317597669225653	-0.0118501293629562	-0.00552597149026055	-0.0221567198969984	-0.0100952268505367
0.0524582408505071	0.0535625958405549	-0.0320535931762866	-0.0306770609940065	0.0167623037896816	0.00162574714803661	0.0209052443279617	0.00526009609298063	0.00339240667803963	0.0294497574396142	-0.0392351416145434	-0.0317816618532433	-0.011843391708987	-0.00553217549633092	-0.0221853427027574	-0.0101080246212214
0.0524352492873668	0.0535362962192352	-0.0320449793727671	-0.030710468470063	0.0167635862210198	0.00160999755009979	0.0209134334483365	0.0052565058440275	0.00342171819692471	0.0294380311556794	-0.0392204034330432	-0.0317893201196873	-0.0118070840940874	-0.00551598445144111	-0.0221987453675265	-0.0100878326140741
0.0524609300447619	0.0535492811857797	-0.0320139565484472	-0.0307469702657426	0.0167818685510002	0.00162027795556521	0.0209200034642224	0.005261488886057	0.00342012982608435	0.0294062902815688	-0.0392151968735691	-0.0317992233394651	-0.0118202953720445	-0.00553911990393638	-0.0221852910143484	-0.0101002168774863
0.0524776086370776	0.0535476089958977	-0.0320019941742115	-0.0308212409216155	0.0167898523147228	0.00161614707379306	0.0209250144459324	0.00526030843455296	0.0034414575812468	0.0293805005594195	-0.0391896446387046	-0.0318042706427599	-0.0118101881925986	-0.00554740821017721	-0.0221645667562862	-0.0100991845062893
0.0524652145947772	0.0535245084680031	-0.0319889295795774	-0.0308954375373349	0.0167850802172816	0.00159613108663333	0.0209259420433273	0.00524943431087545	0.00348031608898235	0.0293759519794228	-0.0391650018404426	-0.0318081710221673	-0.0117745259843202	-0.00553029794979668	-0.0221586323681334	-0.0100815825075308
0.052524065340944	0.0535493175073645	-0.0319446968742844	-0.0309994639530139	0.0168228756201715	0.00161032304737842	0.0209395305069721	0.00525955825412968	0.00348552264845641	0.0293243627562359	-0.0391547884902106	-0.0318269925879827	-0.0117887654425222	-0.00556738089083206	-0.0221297329595367	-0.01010373448327
0.0525351476152417	0.0535362151941616	-0.0319092959020193	-0.0311168818575897	0.0168344719845917	0.00160924597269248	0.0209501657463808	0.00525756475792107	0.00353567577206203	0.0292900486375449	-0.0391332232477633	-0.0318520530844692	-0.0117471283335541	-0.00555658918921223	-0.0221424105895949	-0.0100909534763936
0.052561915226211	0.0535515834154586	-0.0319059082157502	-0.0311656854946238	0.0168316011824132	0.00160156954545611	0.0209507818163373	0.00524982127545133	0.00352730644074755	0.0292863955243105	-0.0391094284188066	-0.031835991959094	-0.0117710544790095	-0.00557819075324426	-0.0220843952398771	-0.0101103198659801
0.052589209500159	0.0535718368899032	-0.0318902144971746	-0.031203099520874	0.016845774982366	0.00162175596466731	0.0209504493341385	0.0052633245230704	0.00352277183059118	0.029281704451943	-0.0391284246076256	-0.0318570445084029	-0.0117683024204734	-0.00558015491278827	-0.0221075712049092	-0.0101120158045907
0.0525643292146121	0.0535551149910826	-0.0319079422244957	-0.0312048904543984	0.016816714920606	0.00160049666172226	0.020936923734775	0.0052458873684272	0.00353535306875146	0.0293104907048333	-0.0391118871106967	-0.0318353214067604	-0.0117580681154809	-0.00555858827335695	-0.022091950129503	-0.0100966629501179
0.0525872774712476	0.0535852381576882	-0.031924109520657	-0.0311485039880579	0.016817892578142	0.00161638176710984	0.020934614520176	0.00525882204354668	0.00349073200189852	0.0293206761153848	-0.0391326812179603	-0.0318302098422003	-0.0118046784875904	-0.0055783989038645	-0.0220782554950721	-0.0101147971997913
0.052553129593656	0.0535687481582163	-0.0319448463515754	-0.0310984975477752	0.0167999050117916	0.00161225228232172	0.0209264840731304	0.00525399965468045	0.00349514088349234	0.0293526894013809	-0.0391458408075083	-0.03182401282105	-0.0117831705214883	-0.0055491795859253	-0.0221195782826338	-0.0100972231407134
0.052539481059698	0.0535711258250327	-0.0319670332519154	-0.0310237896359014	0.0167870834923784	0.00160327526295486	0.0209165682804964	0.00524674371963664	0.00346707547436064	0.029384996054023	-0.0391559801175869	-0.0318006245144456	-0.0118119511864425	-0.00555247926220051	-0.0221036554586775	-0.0101008357414109
0.0525162506122888	0.0535773326250711	-0.0319968798156833	-0.0309145636456685	0.0167712738241284	0.00161824394681977	0.0209138343827527	0.00525650444704347	0.00344757776827547	0.0293981765983315	-0.0391794340824406	-0.0318019279005442	-0.0118242069273242	-0.00554756886334049	-0.0221305962956663	-0.0101040166740437
0.0524669105333877	0.0535592402849186	-0.0320436717957165	-0.0307964668068548	0.0167341154459554	0.001596016533943	0.0208904893826532	0.00524131783367012	0.00342061178557417	0.0294641938725643	-0.0391921843556684	-0.0317651914115478	-0.0118350796540177	-0.00552182943261617	-0.0221332435804002	-0.010085228635845
0.0524675307942964	0.0535696506098986	-0.0320422021685186	-0.0307318087980817	0.0167606413786878	0.00162813040278916	0.0209013020390334	0.00526775435942463	0.00339731567991563	0.0294602767293485	-0.0392372063569375	-0.0317839277613375	-0.0118394214803781	-0.00552813821248868	-0.0221912295934534	-0.0100986676221988
0.0524503436997943	0.0535587667073329	-0.0320490404053379	-0.0307013419734051	0.0167601063338049	0.0016288247038513	0.0209008340493839	0.0052658335063855	0.00339436664663155	0.0294564559780307	-0.0392281301517046	-0.0317774667102059	-0.0118449856677634	-0.00552684041432625	-0.0221906470511135	-0.0100970792513584
0.0524093198668146	0.0535239119558229	-0.0320690983020184	-0.0306652746397584	0.0167292525445524	0.00159236062674053	0.0208862970335838	0.00523855599624586	0.0034096021544459	0.0294661259014757	-0.039202277565274	-0.0317546763127656	-0.0118320300378835	-0.00550896740066617	-0.0221573289820348	-0.0100657728392807
0.0524586822974601	0.0535566670403382	-0.0320271119470432	-0.0307071743817239	0.0167831300275779	0.00163861616490676	0.0209135759407074	0.00527743545874184	0.00340364401756453	0.029414547854161	-0.0392350354437572	-0.0318009122931555	-0.0118367141253309	-0.00553848427620343	-0.022199608703656	-0.0101012576305875
0.0524574068510421	0.0535413770501467	-0.0320195361026569	-0.0307595012124778	0.0167702316740431	0.00161203854376537	0.0209033821482518	0.0052540317853131	0.00342979416159321	0.0294122442274981	-0.0391932390786098	-0.031787681457422	-0.0118303676268897	-0.00553678694060886	-0.0221613886176215	-0.0100920054053671
0.0524756249197572	0.0535421384064422	-0.0319883316704132	-0.0308463586944471	0.0167903943445259	0.00162133826644281	0.0209159675773642	0.00526395735683529	0.00346263027118209	0.0293680338739495	-0.0391862862891002	-0.0318145468572732	-0.0117967715579893	-0.00553705376455829	-0.0221803862034245	-0.0100903499792933
0.0524823290461098	0.0535330174977204	-0.0319810463987048	-0.0309073580020497	0.0167817204706932	0.00159851573836991	0.0209129710466231	0.00524520284625326	0.00347116724057999	0.0293734863026126	-0.0391537435461573	-0.0317996172889611	-0.0118035455335433	-0.00553915622552112	-0.0221313255213291	-0.0100826176726958
0.0525134789959763	0.0535365183396957	-0.0319379606172992	-0.0310295857226355	0.0168073271879348	0.00160210598732304	0.0209317828335503	0.00525254818827488	0.00350933563820548	0.0293147598880243	-0.0391359599394751	-0.0318285488281904	-0.0117694675051531	-0.00555224037793164	-0.0221314009584666	-0.0100826931098334
0.05255037753512	0.0535505286925171	-0.0319122155986387	-0.0311200250716537	0.0168205552297002	0.00160572277897272	0.0209399370293244	0.00525515915142407	0.00352294365962668	0.0292858548914915	-0.0391171439615958	-0.0318406229611484	-0.011770589283328	-0.00557028242665916	-0.0221076452450627	-0.0100925544200903
0.0525665182885847	0.0535559853121323	-0.0318972818393745	-0.031184149432528	0.0168283364307387	0.00161665557597942	0.0209460194977843	0.00526472849201899	0.00353678218341257	0.029278369851067	-0.0391183481618283	-0.031855528780732	-0.0117556108205749	-0.00556652453962261	-0.0221211429047457	-0.0100948091523122
0.05256314596914	0.0535549375741109	-0.0319039845687431	-0.0311934449642533	0.0168135200181329	0.00159797231158284	0.0209383556434042	0.00525100731489149	0.00352967712264384	0.0292965222615328	-0.0391025873880193	-0.0318294191492402	-0.0117703378262029	-0.00556864516137781	-0.022084192677193	-0.0100925264804097
0.0525952360892577	0.0535883464471515	-0.0319009517164173	-0.0311744082628975	0.0168308579869101	0.00162603911769856	0.0209419249375969	0.00527198861801488	0.00350132812575437	0.0292957553173012	-0.039132322193065	-0.0318459440733128	-0.0117959375585243	-0.00558807581222961	-0.0220967836942415	-0.0101170533289973
0.0525587398815143	0.05356736235006	-0.0319339834037701	-0.0311439162925084	0.016805962334539	0.00161222993057727	0.0209291439307206	0.00525983345998328	0.00350913307552136	0.0293299800290143	-0.0391352907841254	-0.0318306289374088	-0.0117776496406078	-0.00555673447555119	-0.0221108611022963	-0.0100833203556622
0.0525731777114484	0.0535940489359556	-0.031953810798086	-0.0310548236360936	0.0168013341264527	0.00162338205407644	0.0209232640249448	0.00526754341483633	0.0034527829307655	0.0293542973299977	-0.0391541347016853	-0.0318133971394178	-0.0118339327301303	-0.00557437139891045	-0.0220952162781616	-0.0101101438459925
0.0525170007927121	0.0535591955814297	-0.0319837691205763	-0.0310106188704811	0.0167671736760048	0.0015989669642111	0.0209056438653939	0.00524920799946284	0.00347888278336915	0.0293905225228396	-0.0391469891283797	-0.0317945616037621	-0.0117932371883973	-0.00554015786306952	-0.0221157198127472	-0.0100815405980099
0.0525074426279894	0.0535784264635654	-0.0320158354919655	-0.030872566114821	0.0167602753688723	0.00162047772428128	0.0209016065815516	0.00526410264317425	0.00342471053671366	0.0294167495009899	-0.0391855151539165	-0.0317874900706101	-0.0118388487169264	-0.0055483749231249	-0.0221280272420379	-0.0100971337337355
0.0524568061479099	0.0535501417279412	-0.0320471377130911	-0.0307749434739284	0.0167371315344729	0.0016073027679089	0.0208916949798697	0.00525479453859264	0.00341815169670006	0.0294637677924356	-0.0392039427702359	-0.0317686573289224	-0.0118277273270759	-0.00552060148365516	-0.0221572731026737	-0.0100795079862485
0.0524448898741472	0.0535503400996733	-0.0320618032514218	-0.0306939882494793	0.0167389839352946	0.00160875283733044	0.0208899487498341	0.00525467998590231	0.00339076801577425	0.0294694199898148	-0.0392150767329427	-0.0317565007739068	-0.0118534793306565	-0.00552730980095981	-0.0221550407221962	-0.0100845846262079
0.0524306993103861	0.0535385411725689	-0.0320581571231076	-0.0306816472925719	0.0167469439502888	0.00161756221861389	0.0208992498694956	0.00526532221023109	0.00340605940294974	0.0294525695684635	-0.0392219359245224	-0.0317734406022359	-0.0118314377166555	-0.00552377543136781	-0.0221858386320875	-0.0100807149804491
0.0524440125681773	0.0535461770872685	-0.0320500071182856	-0.0306826615029766	0.0167651298883712	0.00162618161006946	0.0209113784848307	0.00527423217436459	0.00339248351216119	0.029433495148539	-0.0392253864750727	-0.0317830155307669	-0.0118463100086224	-0.0055360772727224	-0.0221842376883909	-0.0100853948769444
