0.0526159407895435	0.0535949471966859	-0.031850273326817	-0.0311674722371962	0.0167985890528368	0.00156435528792206	0.0209461564022191	0.00521379166037341	0.00349404844198208	0.0293258030467693	-0.0391505989351092	-0.031874234396873	-0.0118835717636134	-0.00555668697809422	-0.0220321354643566	-0.0100386587762724
0.0526012193718516	0.0535984424507251	-0.0318627819218078	-0.0311012579882154	0.0167951776178393	0.00157453371355339	0.0209477741097241	0.00522030439991407	0.0034769800911224	0.0293496160365183	-0.0391832017483654	-0.0318774446661704	-0.0118838763061316	-0.00554608386931823	-0.022071622614905	-0.0100377786763345
0.0525919517798068	0.0535992778471742	-0.0318854829122702	-0.0310308639630215	0.0167788021710577	0.00156955765644403	0.0209381935932569	0.00521608830211619	0.00345271447854811	0.0293701433198325	-0.0391880883984969	-0.0318604266067358	-0.0119084548431283	-0.00554632135660307	-0.0220603266020509	-0.0100367644659298
0.0525472049843913	0.0535884609998418	-0.0319328448617869	-0.0309162875239596	0.0167461253176481	0.00156408287603651	0.0209180113649978	0.00520766309144057	0.00343702495092451	0.0294144458743269	-0.039200268702241	-0.0318385205001856	-0.0119089228327778	-0.00552005665988406	-0.0220801288506542	-0.0100259895281183
0.0525145574676463	0.0535895646172243	-0.0319641736256091	-0.0307653601634932	0.0167383776442263	0.00157665293832456	0.0209167233457235	0.00522264714212979	0.00340194109403385	0.0294421480676112	-0.0392380794719552	-0.0318359863711579	-0.0119276005092383	-0.00551935537390177	-0.0221199959808583	-0.010032060820706
0.0524981750359446	0.0535808935373597	-0.0319700283856724	-0.030727405504424	0.0167403459947224	0.00157426269865187	0.0209145566234954	0.00522378847808104	0.00339045369436785	0.0294560746013909	-0.0392519808600224	-0.0318260160961468	-0.0119307060047336	-0.00551132970065829	-0.0221353055288262	-0.01002577858353
0.0524839341807585	0.0535652445222729	-0.0319729145546752	-0.030717193551176	0.0167381080263088	0.00156949898311484	0.0209128327452043	0.00521600727704254	0.00340491247906237	0.0294507073887536	-0.0392483626713887	-0.0318277623261824	-0.011915263743283	-0.00550590102072371	-0.0221400692443632	-0.0100137784907256
0.0524771015318753	0.0535530698064649	-0.0319663138051407	-0.0307276695344054	0.0167380256042511	0.0015588441859298	0.0209099116516008	0.00520510661066849	0.00342271145256894	0.0294367221816447	-0.0392304966426488	-0.0318264365883394	-0.0119033879820571	-0.0055047764485808	-0.0221327308872617	-0.0100096811365701
0.0525221752215535	0.053579926824412	-0.0319296667231222	-0.0307642467672225	0.0167755667560478	0.00158798108181132	0.0209308007537783	0.00523220949780458	0.00341063173167487	0.0293900643120783	-0.0392418834594647	-0.0318546542687302	-0.0119211673977873	-0.00553858206508542	-0.0221401167418202	-0.0100390387559281
0.0524930299437678	0.0535388680668316	-0.0319253514394583	-0.0308406436327867	0.0167581337923567	0.00155827701041424	0.0209327914560189	0.0052123625457123	0.00346398674267372	0.0293756264821442	-0.0392031911928286	-0.0318503836885552	-0.0118748084828029	-0.00551636303411282	-0.0221157966468688	-0.0100065379225061
0.0525328635463552	0.0535613343639772	-0.0318950173282644	-0.0309013928802482	0.0167830587813924	0.00156590174924156	0.0209381363169117	0.00521652276414904	0.00345782045517212	0.0293531434211902	-0.039199187436603	-0.0318598133307473	-0.0118904072064647	-0.00553819789447759	-0.0220944479369459	-0.0100303173846385
0.0525828602077496	0.0535750541441207	-0.031846495882004	-0.0310458340438705	0.0168255676083943	0.00158355543640917	0.020955968818035	0.00522977315765895	0.00349165680532536	0.0292957623022213	-0.0391870322785714	-0.0318967202517951	-0.0118634328418592	-0.00555800573101708	-0.0221094501484275	-0.0100332273023698
0.0525574546562081	0.0535349634964721	-0.0318522766019138	-0.0311393006572784	0.016781073667088	0.00152600807634092	0.0209291551065928	0.00518337931807391	0.0035460469814893	0.0293034149807292	-0.0391167723638442	-0.0318645700613642	-0.0118263876193926	-0.00552972239237695	-0.0220375809080995	-0.00999488567872473
0.0526162970204707	0.053578651377994	-0.031814243711739	-0.0311874337419789	0.0168178325078288	0.00156723726597276	0.0209515641273933	0.0052138796703672	0.00352947455995972	0.0292636861519439	-0.0391452806169129	-0.0318983309743799	-0.011845798712468	-0.0055634609536482	-0.0220523875418171	-0.0100316864289864
0.0526247781105075	0.0535833550232178	-0.0318156867962404	-0.0312151624779597	0.0168117179087362	0.00155399246039897	0.0209458965631898	0.00520510521368446	0.00352973020803692	0.0292816890851187	-0.03913561488442	-0.0318890899250317	-0.0118501028202597	-0.00556161833171467	-0.0220397713790561	-0.0100292179582081
0.0526326054120189	0.0535917634700851	-0.031820085898946	-0.0312172146474975	0.0168066482536969	0.00156293734913317	0.0209435314692296	0.00521203844541769	0.00352828153559941	0.029289806959308	-0.0391417127197042	-0.0318925502544701	-0.0118503444984966	-0.00556136827157358	-0.0220516359644098	-0.010032700639391
0.0526399256083281	0.0536038892914521	-0.0318292612900449	-0.0311958799074149	0.0168107050953156	0.00158226043221479	0.0209455095986139	0.00522467835690717	0.00351045601939631	0.0293030056644089	-0.0391604770091745	-0.0318940366454764	-0.0118683264769109	-0.00556075359860106	-0.0220708249370247	-0.0100408702019894
0.0525834888505624	0.0535738052403993	-0.0318757291697835	-0.0311144287536357	0.0167593421835413	0.00154417445664697	0.0209237403964985	0.00519589070703276	0.00350200845697623	0.0293600263614984	-0.0391460363852723	-0.0318498234979598	-0.0118728177805624	-0.00552961622159079	-0.0220408498507261	-0.0100131749936253
0.0525929156987865	0.0535940503329397	-0.0318782605048431	-0.0310493907652069	0.0167769274184915	0.00156866638063387	0.0209337483900784	0.00521787923564067	0.00346673181628964	0.0293664580759654	-0.0391882197149956	-0.0318548358766539	-0.0118956668513318	-0.00554598328646818	-0.0220667611104859	-0.0100382592388403
0.0525420710680868	0.0535759063043781	-0.0319193374232158	-0.0309347207282151	0.0167467357996685	0.00156319579117844	0.0209266014197888	0.00521714721600976	0.00345658971224305	0.0293978902166057	-0.0391991217783537	-0.0318444367275461	-0.0118932919784834	-0.00552700106748951	-0.0220832287582134	-0.0100249990664421
0.0525164000895798	0.05357531398315	-0.0319575030268732	-0.0308162676584742	0.0167335370945677	0.00155654614720298	0.0209191247612685	0.00520942468830045	0.00341109273640427	0.0294451082767675	-0.039222602285904	-0.0318149212489928	-0.0119254673146269	-0.00551945735373585	-0.0220806247799843	-0.01002970410865
0.0525321021900597	0.0536000014849009	-0.0319558601736558	-0.0307445520863893	0.0167561458840842	0.00159158250663668	0.020925729701755	0.00523809080056438	0.00337755394384908	0.0294389056676812	-0.0392639641890185	-0.0318378206111873	-0.0119432257755966	-0.00553638880016075	-0.0221306591599475	-0.0100476413835754
0.0524940050386196	0.0535680287114416	-0.0319697056823618	-0.0307312402255822	0.0167353042793637	0.00157337840776186	0.0209142087744723	0.00522037844006758	0.0034108929676882	0.0294492894499647	-0.0392479254153878	-0.031827839160304	-0.0119095514755906	-0.0055079671601018	-0.0221501373082563	-0.0100211196417951
0.0524952707061494	0.0535675732946483	-0.0319696470090326	-0.0307189551480359	0.0167453094789755	0.0015767674910149	0.0209184919275036	0.00522016889246331	0.00339765235306648	0.0294374569952437	-0.0392433740414231	-0.0318257464782293	-0.0119278882879482	-0.00551778795782185	-0.0221304538032954	-0.0100248384132789
0.0524967808458842	0.0535614614895238	-0.0319495625696555	-0.0307551524011972	0.0167632705026293	0.00157691417433788	0.0209308873667881	0.00522147786649798	0.00341934611804439	0.0294137767189773	-0.0392424897505331	-0.0318438164666374	-0.0119053004531921	-0.00551842358555479	-0.0221469368178471	-0.0100222330380658
0.052486068772354	0.0535397300059772	-0.0319412756603987	-0.0308020072455117	0.0167557547285562	0.00154749369069859	0.0209262326160053	0.0051965500834942	0.00344929186767838	0.0294097925205281	-0.0392063749194294	-0.031832355609668	-0.0118901962618764	-0.00551659633044557	-0.0221079162599643	-0.010014191997998
0.0525331932345859	0.0535662461598213	-0.031911049116975	-0.030853029293183	0.0167866965278025	0.00157338399569798	0.020938935391776	0.00521810415006925	0.00344898592817616	0.0293527578535983	-0.0392066361554427	-0.0318591036628608	-0.0119051425939968	-0.00554718888368474	-0.0220998179435513	-0.0100363355918331
0.0525390424067131	0.0535522022793832	-0.0318877879359171	-0.0309623139567451	0.0167956078889201	0.00156298344960611	0.0209409177121124	0.00521063168250104	0.00348847447570854	0.0293477217261758	-0.039191086326222	-0.0318678948833519	-0.0118660563778646	-0.00552967210095193	-0.0221100173239431	-0.0100227527161244
0.0525698165678759	0.0535532486204205	-0.031851403486896	-0.0310778766665312	0.0168102217388417	0.0015607440842085	0.0209506365299984	0.00521107452643806	0.0035166558345146	0.0293021423282793	-0.03915760760398	-0.031879633740143	-0.0118545941239112	-0.00554883173690221	-0.0220773432645015	-0.010027249607712
0.0526100371350392	0.0535706257047505	-0.0318126804866112	-0.0311680785282646	0.0168377018116655	0.00157903759006114	0.0209692206085289	0.00523124557882495	0.00352641097398531	0.0292645564729937	-0.0391574413628806	-0.0319101117406919	-0.0118506280862544	-0.00556855854836805	-0.0220799486397146	-0.010041388483064
0.0526308619759514	0.0535842756356926	-0.03181232984362	-0.0312126772433731	0.0168354596522998	0.00157507434637241	0.0209642291845952	0.00522149323332229	0.0035218889366852	0.0292676340288084	-0.0391444843360167	-0.031904128458098	-0.0118655213329817	-0.00556979487923323	-0.022050071342298	-0.0100419095581066
0.0526127794146871	0.0535666401093173	-0.0318149226459769	-0.0312454001972556	0.01681760060848	0.00155446603798461	0.0209583953792924	0.00520598112267031	0.00354725816664197	0.0292890917034855	-0.0391316320829549	-0.0318929749376148	-0.0118364640651898	-0.00555457334125916	-0.022046539766674	-0.010029705505634
0.0526236605232847	0.0535831091540288	-0.0318275779242907	-0.0312140225389925	0.0168061076208779	0.00155776990521191	0.0209471929643682	0.00520514991717337	0.00352483517600121	0.0293065218732085	-0.0391412028205338	-0.0318808421313276	-0.011864206771011	-0.0055602548753029	-0.0220302942394071	-0.0100359458332891
0.0526137503185869	0.0535872358448489	-0.0318456018122258	-0.0311701767982753	0.0168007571720489	0.00156603166875621	0.0209443012074293	0.00521160118941679	0.00350897940727823	0.0293258701020026	-0.039159226708469	-0.0318757990189849	-0.0118709653797406	-0.00555217192571425	-0.0220447641999738	-0.0100398210669841
0.0526090536582832	0.0535997723795202	-0.0318633518912914	-0.0310838348034125	0.0167928418605437	0.00157184032834653	0.0209393139744477	0.00521664988969563	0.00347057631633595	0.029351169482758	-0.0391803519009473	-0.0318661905628372	-0.0119021041537349	-0.00555349347260517	-0.0220558087557028	-0.0100460823493996
0.0525645541290407	0.0535706284987186	-0.0318981954669291	-0.0310251586802493	0.0167592946860844	0.00154709974120256	0.0209217930007628	0.0051939433112971	0.00348425837791066	0.0293865997916877	-0.0391730624382868	-0.0318439254313917	-0.0118821189002238	-0.00552863553880281	-0.0220528555314667	-0.0100242195493543
0.0525532944377714	0.0535898342351418	-0.0319285435479633	-0.0308934342622381	0.0167566180646858	0.00157064171605011	0.0209192951933199	0.00521113739071934	0.00343441957571144	0.0294113711124803	-0.0392146310950376	-0.0318393153840977	-0.011921497086018	-0.00553111099450123	-0.0220791579467545	-0.0100389214092697
0.0525286935490302	0.0535851040472214	-0.0319507751517922	-0.0307991238704769	0.0167514184901319	0.00157769089745771	0.0209176942496233	0.00521943826981643	0.00341098097768199	0.029439140360998	-0.0392441717193033	-0.0318309921532562	-0.0119283059861727	-0.00552144665899237	-0.0221170804751909	-0.0100382648267764
0.0525134859808965	0.0535806029646817	-0.0319648651327032	-0.0307347145248609	0.0167504489832162	0.00157743664636453	0.020919786931698	0.00521779821056702	0.00339519226419237	0.0294499502234102	-0.0392482034152095	-0.0318236244594901	-0.0119407866414829	-0.00552523248570949	-0.0221243084705542	-0.0100429670750162
0.0524684360399468	0.0535438008174361	-0.0319861551692969	-0.030701287491028	0.0167175583912502	0.00154166267936381	0.0209052471219298	0.00518649459245736	0.00341976800722098	0.0294641547570115	-0.0392226888989137	-0.031801283890907	-0.0119172390786992	-0.00549991913511385	-0.0221035995793163	-0.0100149491633414
0.0525108875906035	0.0535798150656897	-0.0319525996129334	-0.0307085462200399	0.0167653967123206	0.00158440480269847	0.0209275821025767	0.00521654092494141	0.00340043933620325	0.029415724114713	-0.0392578873084947	-0.0318434113412692	-0.0119300186885916	-0.00552425459688957	-0.0221478057419128	-0.0100362671396157
0.0524736635541813	0.0535381653838653	-0.0319556925355724	-0.0307559626519337	0.0167406896527934	0.00154724782150958	0.0209152802612222	0.00519163269971403	0.00344964949558967	0.0294270257155032	-0.0392112923032096	-0.031826611211343	-0.0118898386339651	-0.00550255943492764	-0.0221260435247175	-0.0100153542887097
0.0525161025319818	0.0535587667073329	-0.0319221272003206	-0.0308278528470222	0.0167778312671579	0.00157303474969086	0.0209376473725018	0.00522186762504192	0.0034482567025133	0.0293787166108151	-0.0392168648724991	-0.0318551166704436	-0.0118979593021225	-0.00553251775741789	-0.0221230106723917	-0.010036774244818
0.0525244020140948	0.0535514199683273	-0.0318993884912894	-0.0309020983571826	0.0167878741853385	0.00157713210384632	0.0209457456889147	0.00522806604317618	0.00347631512672485	0.0293519015023889	-0.0392027986403166	-0.0318730804880655	-0.0118742371163353	-0.00552958269397411	-0.0221305138736086	-0.0100311569720396
0.0525500939473622	0.0535501109942926	-0.0318669463311966	-0.0309968599747849	0.0168023231911448	0.0015658989552735	0.0209512763486834	0.00521833046148186	0.00348544441735082	0.0293323311531342	-0.0391774643349605	-0.0318675498282969	-0.0118776695060932	-0.00554544265364917	-0.0220900474372563	-0.010033829402486
0.0525831326196352	0.0535591662447651	-0.0318378415659477	-0.0310918073912629	0.0168137924300185	0.00156125258639486	0.0209564200438762	0.00521115834547977	0.00350994472324189	0.0292869822576025	-0.0391496112674011	-0.0318820309647359	-0.0118698212498213	-0.00555902972030994	-0.0220567181923054	-0.0100349888992296
0.0525922954378778	0.0535535545599228	-0.0318220402796019	-0.0311718727368859	0.0168114664516111	0.00155313750617355	0.0209538481962798	0.00520337854142529	0.0035446332336525	0.0292710887703107	-0.0391296078530977	-0.0318886484780787	-0.0118430229052035	-0.00555469487886964	-0.0220424815280713	-0.0100310340374451
0.0526259948835963	0.0535795203020597	-0.0318128606975509	-0.0312064802222228	0.0168260998593092	0.00157157071042904	0.020956657531161	0.00522033653054673	0.00353233278928194	0.0292684666312893	-0.0391419530009571	-0.0319017312335052	-0.0118544963350292	-0.00556835877965197	-0.0220471823793271	-0.010047916589429
0.0526244945227497	0.0535768129470125	-0.0318123941048854	-0.0312371272578391	0.0168188551001376	0.00156924333503763	0.0209572582342933	0.00522093723367896	0.00354875852748853	0.029281114924683	-0.039142045201903	-0.0319064278938088	-0.0118378917828669	-0.00555720805313683	-0.022063770167681	-0.0100406103629601
0.0526204893695401	0.0535846542183643	-0.0318323137001471	-0.0312021509687186	0.0168041881648228	0.00156488055391676	0.0209501461886044	0.00521509923742404	0.00352354156879086	0.0293088939520888	-0.0391409094538879	-0.0318857343693953	-0.0118656344886881	-0.00556034148831266	-0.0220427190153562	-0.0100420897690463
0.052601435904376	0.0535814704917634	-0.0318567762874694	-0.0311346808310963	0.01678774985376	0.00156572014131786	0.0209417545055454	0.00521551414168049	0.00350518100770485	0.0293298501094997	-0.0391558278463278	-0.0318744565173336	-0.0118738920612803	-0.00554975654032904	-0.0220553575298616	-0.0100279285419498
0.0525975662586172	0.0535909448374444	-0.031870011314155	-0.0310737751214236	0.0167920832982163	0.00157546270793232	0.0209368566795417	0.0052252343565505	0.00347448926859966	0.0293613632752136	-0.0391794340824406	-0.0318667032559756	-0.0118966712828483	-0.00555288857852084	-0.0220668267687353	-0.0100476902780164
0.0525729527970198	0.053585866800501	-0.0318997880287216	-0.0309847746659547	0.0167665757668407	0.0015706752436668	0.0209282247152298	0.00521892697366201	0.00346100697574103	0.0293767370844468	-0.0391857414653291	-0.0318551068915554	-0.0119041633081929	-0.00554551669380268	-0.0220660933521203	-0.0100397819514313
0.0525391765171798	0.0535817512855531	-0.0319434214278664	-0.0308615522927406	0.0167443329871396	0.00156915253107578	0.0209155708339001	0.0052159513976814	0.0034261801639116	0.0294274727503923	-0.0392129463322993	-0.0318311039119785	-0.0119251543902045	-0.00552723576080629	-0.0220859668469091	-0.010032207504029
0.0524979193878674	0.0535636058600075	-0.0319717592488836	-0.030768050754732	0.0167250252708823	0.00155449397766518	0.0209016945915454	0.00520377388790534	0.00341983645943838	0.0294624574214169	-0.0392247215106751	-0.0318123913109173	-0.0119184893794047	-0.00550847845625621	-0.0221046263625772	-0.0100202898332822
0.0525025909024585	0.0535723230403451	-0.0319698593506049	-0.0307197262832196	0.016740425622812	0.00156499929755918	0.0209087800945377	0.00521260282696519	0.00340548663949807	0.0294516168253561	-0.0392417311882056	-0.0318189180202983	-0.0119301569900104	-0.00551784383718298	-0.0221275145488995	-0.0100330750311106
0.0525016074257025	0.0535695961275215	-0.0319651654842693	-0.0307178934401743	0.0167540378351853	0.00157948322796621	0.0209155973765966	0.0052208506206692	0.00341266154946822	0.0294344506856144	-0.0392473638278084	-0.0318324408256937	-0.0119207469055947	-0.00551876025870565	-0.0221502239212661	-0.0100356901852119
0.0525001559592969	0.053563875477925	-0.0319595314476826	-0.030732018345686	0.0167581519531491	0.00157662360165996	0.0209157775875363	0.00522239428802064	0.00341771444069915	0.0294197446347469	-0.0392350913231184	-0.0318342499200106	-0.0119241653255123	-0.00552416798387981	-0.0221337492886185	-0.0100314643085258
0.0524907933723382	0.0535495731554417	-0.0319413790372168	-0.0307756908603836	0.0167573947878056	0.00155939320065298	0.0209206754135401	0.0052126964248951	0.00344214769135686	0.0294067834169308	-0.0392170953748638	-0.0318400585796009	-0.011901274345222	-0.00551719144564169	-0.0221237552648789	-0.0100230125551537
0.0525143255682976	0.0535503289238011	-0.0319157457772786	-0.0308510204301501	0.0167800776174757	0.0015688885010944	0.0209340599175167	0.00522418103059304	0.00345986843375783	0.0293677530801598	-0.0392072200947666	-0.0318578100556505	-0.011889096835446	-0.00553185838095646	-0.0221151316824712	-0.0100315998159766
0.0525297817995884	0.0535547880968199	-0.0318967356186194	-0.0309091684933506	0.0167881354213518	0.00157272182526848	0.0209342052038557	0.00522323108145369	0.00347523525807086	0.0293456583807657	-0.0391998775467131	-0.0318682147926944	-0.0118777309733905	-0.00553166839112859	-0.0221164839630108	-0.0100238772882673
0.0525594956498737	0.0535530530426565	-0.0318630208060766	-0.0310299712902273	0.0168016889603959	0.0015550052738196	0.0209368287398611	0.00521251062601931	0.00350443501823366	0.0293177941373341	-0.0391616700335348	-0.0318662618090226	-0.0118658314634361	-0.00554864733501045	-0.0220708333189289	-0.0100345753919572
0.0525974433240227	0.0535658550042933	-0.0318219885911928	-0.0311468094464313	0.0168289525006953	0.00157207641864734	0.0209506141782539	0.00522667604406786	0.00353272673877796	0.0292673630139068	-0.0391541654353339	-0.0318989679990969	-0.0118441111557616	-0.00555947116726294	-0.0220820594825816	-0.0100341339450042
0.0525997846692544	0.0535599709075655	-0.0318236482082186	-0.0311991404681373	0.0168133006916405	0.00155461411829163	0.0209458476687488	0.00521006311000146	0.0035449475550589	0.0292719171818396	-0.0391219845112544	-0.031888960005517	-0.0118451449239427	-0.00555851563018747	-0.0220360428286842	-0.0100270093264591
0.0526177009894193	0.0535711593526494	-0.0318155443038695	-0.0312260393956053	0.016814900238353	0.00155784534234945	0.0209496153346736	0.00521195322939196	0.00354066859297974	0.0292772047663873	-0.0391299738629131	-0.0318908473309395	-0.0118465628627316	-0.00555964299629843	-0.0220391595000517	-0.0100332775937948
0.0526387242020636	0.0535958035478954	-0.0318113296030557	-0.0312207965145465	0.0168258651659924	0.0015780638921933	0.020957294555878	0.00522584623555496	0.00352514670343956	0.0292766138421433	-0.0391477979821322	-0.0319020553337998	-0.0118634482086835	-0.00557525429281644	-0.0220516415523459	-0.0100510346577805
0.0526027211296822	0.0535771007257224	-0.0318441810794689	-0.0311869950889939	0.0167932819105127	0.00155401900309551	0.0209440232076077	0.00521000443667226	0.00352517464312013	0.0293183724887219	-0.039138851696414	-0.0318724113327159	-0.0118614980189798	-0.00555175702145779	-0.022035542708402	-0.0100334605987025
0.0526061996199131	0.0535931855998261	-0.03185621469989	-0.0311169307520307	0.0168000908106674	0.00157490950225705	0.0209581187764548	0.00523237015096785	0.0034865871502861	0.0293259189964436	-0.0391739970206019	-0.0318808910257686	-0.0118841487180172	-0.00555771096738708	-0.0220638036952977	-0.0100436837278227
0.0525807968623396	0.0535791151766914	-0.0318750013411047	-0.0310672539999788	0.0167879202858115	0.00156839396874833	0.0209453447544986	0.00522614519013705	0.00347835053245431	0.0293631681785784	-0.0391850946617239	-0.0318654571462223	-0.0118824835130553	-0.00554504870415315	-0.0220735825834969	-0.0100353129995242
0.0525713071498343	0.0535943241418092	-0.0319041158852417	-0.0309572736383705	0.0167790564221509	0.00159006258801372	0.0209400348182064	0.00523978953314299	0.00344724668306072	0.0293703975709257	-0.0392091130081252	-0.0318644191870891	-0.0119108380978809	-0.00555109624801234	-0.0220910071652838	-0.0100443556771404
0.0525058863877817	0.0535621404237617	-0.0319613559088237	-0.0308380689912223	0.0167316511661292	0.00155392261119755	0.0209120979316053	0.00520912573371836	0.00343345845069986	0.0294449881361411	-0.0392093113798572	-0.0318179024129096	-0.0119141880655811	-0.00551090501751364	-0.0220845223654237	-0.0100170166997035
0.0524992842412632	0.0535731961553629	-0.0319730989565669	-0.0307447588400255	0.0167362248918384	0.00156777231085566	0.0209063898548651	0.00521320772104951	0.00340475042891507	0.0294520876089737	-0.0392421768261107	-0.0318215317774155	-0.0119302450000042	-0.00551223215234067	-0.0221113081371854	-0.0100175615234746
0.0524925801149106	0.0535675202092552	-0.031963039274578	-0.0307314358033461	0.0167547782367203	0.0015831740597694	0.0209225739148347	0.00523272219094302	0.00340591411661078	0.029436688654028	-0.0392536642257767	-0.0318321698107922	-0.0119182183645032	-0.00551647758680315	-0.0221474942144745	-0.0100334522167983
0.0524928008383871	0.0535662657175977	-0.0319676241761594	-0.0307115902482379	0.0167593128468767	0.00158317126580134	0.0209242251499564	0.00523057362950726	0.00339245557248062	0.029429175673923	-0.0392474755865306	-0.0318277246076136	-0.0119414893244492	-0.00552504109889759	-0.0221251229122428	-0.010031912740399
0.0524957792083358	0.0535618680118761	-0.031948261977525	-0.0307432794339394	0.0167770657199103	0.00158796012705089	0.0209355407205869	0.00523522838029008	0.00341134838448147	0.029404482584236	-0.0392465535770719	-0.0318465168367644	-0.0119197578409026	-0.00552774007204057	-0.0221452338943164	-0.0100319295042073
0.0524815313682295	0.0535413840350668	-0.0319385710993196	-0.030788864419772	0.0167602921326807	0.00155569678091368	0.0209239303863264	0.0052087988394557	0.00344044057687408	0.0294005836018126	-0.0392089006665529	-0.0318309698015117	-0.0119052166341503	-0.00552305598459316	-0.0221039376494512	-0.0100131414660086
0.0525035017360451	0.0535469258707077	-0.0319105881122456	-0.0308589608873678	0.0167814354859514	0.00156901702362502	0.0209360659865816	0.00521876632049874	0.00346708245928078	0.0293516318844714	-0.039202084781478	-0.0318557816348412	-0.011881636940734	-0.00553483675090513	-0.0221065094970476	-0.0100240281625424
0.0525346502889276	0.0535583601849807	-0.0318854298268771	-0.0309274117077782	0.0168003352828724	0.00156943192788147	0.0209468968037542	0.00521868948637718	0.00346249057277925	0.02933595353272	-0.0391935561939843	-0.031861222887632	-0.0118965776849184	-0.00554778818983295	-0.0220856203948701	-0.0100292011943997
0.0525479495768785	0.0535423786876951	-0.0318559255241961	-0.0310581023576084	0.0168035986375628	0.00155152818057277	0.0209470309142209	0.00520514432923726	0.0035227285240863	0.0292984920090129	-0.039152205466742	-0.0318757738732724	-0.0118468003500164	-0.00554298256477506	-0.0220712482231853	-0.010015812499471
0.0526041781840239	0.0535720981259165	-0.0318168854085368	-0.0311521668801805	0.0168366708374525	0.00157619612454726	0.020965395666259	0.00522031278181824	0.00352415065382727	0.0292553000568211	-0.0391504704125786	-0.0319034090113233	-0.0118569340721588	-0.0055721599731934	-0.022065243985831	-0.0100370326868633
0.0526086164022823	0.0535709484080611	-0.031818660975237	-0.031192253336877	0.0168240099712026	0.0015685644007998	0.0209628601402474	0.00521853721511807	0.00353140519188704	0.0292619510977806	-0.039134878673837	-0.0318983002407313	-0.0118597154673595	-0.00557044866775855	-0.022040599790585	-0.0100320356749935
0.0526249373666867	0.053584050721264	-0.0318100960661585	-0.0312261790940081	0.0168259587639223	0.00156709337661783	0.0209604726945427	0.00521715559791393	0.00352640259208114	0.0292735334923605	-0.0391410882678435	-0.0318970667038341	-0.0118593312967517	-0.00556546003779293	-0.0220442836374681	-0.0100360995015323
0.0526215315196254	0.0535890938336067	-0.0318199392156231	-0.0312113459175939	0.0168164285388802	0.00156987896277058	0.0209594137806492	0.00522063408814479	0.00352060510836304	0.0292870702675963	-0.0391490538707738	-0.0318898778240237	-0.0118664251816482	-0.0055661166202863	-0.0220448508129836	-0.0100370466567036
0.0526200465256031	0.0535957448745662	-0.0318437536023562	-0.0311650652337152	0.0168085732976882	0.00157554652697402	0.0209526984784244	0.00522630165234824	0.0035002105385316	0.0293070205965067	-0.0391618935509793	-0.0318834503005088	-0.0118831093619	-0.00556476294276273	-0.0220465816761949	-0.0100375258222253
0.0525914390866684	0.0535838788922285	-0.0318657672766766	-0.0311026787209724	0.0167891077222356	0.00156873203888321	0.0209431347257656	0.00522094002764702	0.00349053502715051	0.0293409980420468	-0.0391729772222611	-0.0318717575441906	-0.0118788820882299	-0.00554366010202886	-0.0220643932225577	-0.0100286493857085
0.0525596171874842	0.0535685078769634	-0.0318990420392504	-0.0310288439241164	0.0167562799945509	0.00154531439561419	0.0209236286377762	0.00519709770123335	0.00348236127360001	0.0293772595564734	-0.0391656388651596	-0.0318422462565894	-0.0118849100743127	-0.00553073380881355	-0.0220419674379489	-0.0100166842175048
0.0525560087777387	0.0535892405169297	-0.0319229905364502	-0.0309045333003441	0.0167587512592973	0.00157561358220739	0.0209212272222313	0.00521986434994511	0.00343836326162377	0.0293941029929045	-0.0392120732172815	-0.0318484251169473	-0.0119107137663023	-0.00553320227959183	-0.0220867254092366	-0.0100345083367238
0.0524974374283776	0.0535609334295611	-0.0319689331501941	-0.0307981711273695	0.0167205647008794	0.0015463900733161	0.0209026207919563	0.0051968546260124	0.00342977041286473	0.0294528335984449	-0.0392145193363153	-0.0318112415930619	-0.0119110811731018	-0.00550498180523298	-0.0220898644323485	-0.0100086124437883
0.0525108149474341	0.0535843021783891	-0.0319675585179101	-0.0307200182528816	0.0167437769874963	0.00157666551118082	0.0209071470202085	0.00521796584865044	0.00339272239643006	0.0294432558759458	-0.0392487957364375	-0.0318211545917278	-0.0119429435848228	-0.00552692004241586	-0.0221154683556221	-0.0100337916839172
0.0524679303317285	0.0535488383418427	-0.031980760016979	-0.0307135278650853	0.0167271556715257	0.00155262341605108	0.0209043837858002	0.00520380322456994	0.00342851592120718	0.0294506403335202	-0.0392313529938582	-0.031816452343488	-0.0119028585251103	-0.00550219063114413	-0.0221283569302686	-0.0100083917203119
0.0524983692167245	0.0535713423575571	-0.0319556184954188	-0.0307104028118137	0.0167596732687561	0.0015825705626691	0.020920674016556	0.00523477855143291	0.0034035001282096	0.029416706194485	-0.0392501102984083	-0.0318407081771741	-0.0119262649925071	-0.00552984392998743	-0.0221426885894166	-0.0100319770016643
0.0524736398054528	0.0535436401642728	-0.0319538834412555	-0.0307485209180142	0.0167437504447997	0.00155551656997401	0.0209096015211465	0.00520917742212742	0.0034364158658881	0.029415826094547	-0.0392211731712429	-0.0318327146345633	-0.0118997418537428	-0.00550609240753561	-0.0221252402589012	-0.010000201202953
0.0525267712990071	0.0535746881343053	-0.031912374854818	-0.0308155524026516	0.0167895282144282	0.00158931380457446	0.0209298983020959	0.00523843725260344	0.0034318798587477	0.0293687994211971	-0.0392274079109619	-0.0318621281332824	-0.011915118456944	-0.00554735233081607	-0.0221268705392624	-0.0100425116582229
0.0525306591055583	0.0535656119290724	-0.0319056930802099	-0.0308799938789003	0.0167840282883082	0.00157594606440616	0.0209269241230993	0.005226388265358	0.00346136041270022	0.029346312169291	-0.0391954686651193	-0.0318619060128219	-0.0118956961879964	-0.00554000000387431	-0.0221097728517381	-0.0100286996771335
0.0525380687088452	0.0535489710553254	-0.0318754399940896	-0.0309864217101242	0.0167927119410291	0.00155613124294653	0.0209329702699745	0.00521296604281259	0.00349612855120045	0.0293376061648257	-0.0391750726983038	-0.0318618724852052	-0.011868527642611	-0.00553652430761151	-0.0220968200158262	-0.0100148751231879
0.0525811880178676	0.0535636589454006	-0.0318374839380364	-0.0310938190482639	0.0168216378923223	0.00156742166786452	0.0209477252152831	0.00522282595608544	0.00351745490937887	0.029278220373776	-0.0391550427413038	-0.0318853613746597	-0.0118657532323305	-0.00556166722615567	-0.0220705092186343	-0.0100304961985941
0.0526130294748282	0.0535751826666513	-0.0318143149579245	-0.0311763514676811	0.0168315969914612	0.00157525735128013	0.0209537057039089	0.00522925347960037	0.00352922449981862	0.0292539813038982	-0.0391426473020193	-0.0319004138775663	-0.0118600633163826	-0.00557177999353767	-0.0220568620816603	-0.0100387984746752
0.0525928877591059	0.0535551527096513	-0.0318218949932629	-0.031217190898769	0.0168057108774139	0.001546286696498	0.020941632967935	0.00520432849056464	0.00355725079339752	0.0292802194579207	-0.0391195160404761	-0.031884345767271	-0.0118319029123369	-0.00554797817966082	-0.0220413751167208	-0.0100192658439894
0.0526335441852861	0.0535891706677283	-0.0318064066313394	-0.0312175499236643	0.0168251778498504	0.00156995579689214	0.020950862841411	0.00522368370427891	0.00352734276233229	0.0292720596742105	-0.039140818649926	-0.0318952995190381	-0.0118657448504263	-0.00557529340836923	-0.0220425388044165	-0.0100481456948096
0.0526087309549726	0.0535758238823204	-0.0318368301495111	-0.0311923623016312	0.0167929214886333	0.0015451872700676	0.0209342303495682	0.00520083742747753	0.00352879283175383	0.0293126252964288	-0.0391305619931891	-0.0318706036353831	-0.0118618360891147	-0.0055540843968492	-0.0220224473801193	-0.0100304235554246
0.0526109870841786	0.0535886523866537	-0.0318529024507585	-0.0311356796746766	0.0167939035684053	0.00156474364948197	0.0209334466415282	0.00521540936787836	0.00350371277749095	0.029322302204794	-0.0391580113323642	-0.0318695768521222	-0.0118748014978828	-0.00555712563107915	-0.0220469686407708	-0.0100380916007568
0.0526269839482884	0.0536190884776817	-0.0318616936712496	-0.0310567179464362	0.0168060782842133	0.00159453153992075	0.0209361665694316	0.00523420020004513	0.00345328025707963	0.0293342757549019	-0.039195211620058	-0.0318745906278003	-0.0119208530763809	-0.00557076718011703	-0.0220739541812485	-0.010050816728272
0.0525589592080068	0.0535665087928186	-0.0319029633734183	-0.0310043338393371	0.0167590194802307	0.00155254658192951	0.0209144322919169	0.00520493338464896	0.00348590542208021	0.0293764004112959	-0.0391682637981491	-0.0318395514743986	-0.0118803153938431	-0.00553271054121382	-0.022064753644437	-0.0100258135081307
0.0525345022086206	0.0535741265467258	-0.031941390213089	-0.030856369481995	0.0167434137716489	0.00155748212650205	0.0209086389991509	0.00520736553384251	0.00343033479441223	0.0294247430436007	-0.0392061765476974	-0.0318210260691972	-0.011924151355672	-0.00553213358681006	-0.0220649590010892	-0.0100344007689537
0.0525155870448753	0.053573450406456	-0.0319583831268112	-0.0307688232868997	0.0167430729075459	0.00156483026249174	0.0209047442076795	0.00521348432388715	0.00341407948825711	0.0294418365401729	-0.0392378322057822	-0.0318200928838662	-0.0119238440191858	-0.00552205853799683	-0.0221079693453573	-0.0100320817754664
0.0524902108299984	0.0535567019649389	-0.0319701247775703	-0.0307215339805524	0.0167339687626325	0.00155518967571136	0.0208995739697902	0.00520943167322059	0.00341346900623667	0.0294507479012904	-0.0392332123796001	-0.0318090581070254	-0.0119223981407163	-0.00551252132803456	-0.0221176322838822	-0.0100228127864376
0.0524874392136859	0.0535580207178617	-0.0319699459636147	-0.0306978187796854	0.0167424177220366	0.00156375039383774	0.0209068382867382	0.00521537723724571	0.00341181497714698	0.0294351016801717	-0.0392373474523243	-0.0318182446739965	-0.0119251921087732	-0.00552141732232778	-0.0221240025310519	-0.0100267913969507
0.0525008670241674	0.0535646983015178	-0.0319602732462017	-0.0307026970479127	0.016754124448195	0.00156707521582546	0.0209113030476931	0.00521470109697593	0.00340666848798615	0.0294126102373135	-0.0392314298279798	-0.0318232570526906	-0.0119349207055474	-0.00553174941620224	-0.0221149333107392	-0.0100327872524008
0.0524859444407755	0.0535420196627998	-0.0319390977622983	-0.0307569139980571	0.016756233894078	0.00155204087371122	0.0209126525342646	0.00520158900488484	0.00344778172794363	0.0294016886161791	-0.0392160657976348	-0.0318305800429678	-0.0118924887126671	-0.00551801706320251	-0.0221308393708872	-0.0100159480069218
0.0525120959817882	0.0535479428750805	-0.031915270802709	-0.0308293336500923	0.0167772668856104	0.00155800878948078	0.0209208779762242	0.00521104379278943	0.00346139394031691	0.0293662834529619	-0.0392008442596607	-0.0318448181041858	-0.0118920863812669	-0.005537776005301	-0.0221083982194541	-0.0100263862715824
0.0525439304538286	0.0535622759312124	-0.0318890466185268	-0.0308924046850091	0.016798551334268	0.00157345943283551	0.0209311877183542	0.00522459453786546	0.00346669689168893	0.0293363377033279	-0.0391979329449455	-0.0318628056705362	-0.0118953664997657	-0.00555118146403807	-0.0221113207100416	-0.0100369754105181
0.0525717807274199	0.0535636170358797	-0.0318511157081861	-0.0310076502794207	0.0168156504187763	0.00156892202871108	0.0209391896428692	0.00522095120351925	0.00349707291240369	0.0292999267116102	-0.0391743742062896	-0.031877177842221	-0.0118759204820896	-0.00556115034206514	-0.0220972838145237	-0.0100324380063937
0.0525989115542366	0.0535641269350501	-0.0318244989714919	-0.0311341206405009	0.0168271573762187	0.00156522979992387	0.0209440357804639	0.00521580611134244	0.00353213860850198	0.0292725192819559	-0.0391421024782482	-0.0318863462483998	-0.0118520753617079	-0.00556435083247434	-0.0220780431534997	-0.0100383877613709
0.0526189526871088	0.0535727686782502	-0.0318130856119794	-0.0311957974853572	0.0168264784419809	0.00156358974067447	0.0209447203026379	0.00521532834280471	0.00354120503484667	0.029260597420257	-0.0391292139036016	-0.0318903555925614	-0.0118533130895571	-0.00557028242665916	-0.0220548951281482	-0.0100366974106964
0.0526104240996151	0.053564463608201	-0.0318271350803536	-0.0312169101049793	0.0168016107292903	0.00153865497275054	0.0209248817324497	0.00519334400514889	0.00354973082837234	0.0292860881878243	-0.0391087746302813	-0.0318652448046499	-0.0118486541478222	-0.00555712982203124	-0.0220219165261884	-0.0100234330473462
0.0526226071973273	0.0535809158891041	-0.0318285865467592	-0.0311970827106634	0.0167935207947815	0.00154131622732475	0.0209215527195099	0.00519477591377806	0.00353625412344982	0.029293242143034	-0.0391138917827775	-0.0318626506053091	-0.0118665788498913	-0.00556635969550725	-0.022014136722134	-0.0100348980952678
0.052618420436194	0.053585915694942	-0.0318374671742281	-0.0311717428173712	0.0167919268360051	0.00155219454195434	0.0209239820747354	0.00520288261209519	0.00352907222855952	0.0293117200507784	-0.0391368987127422	-0.0318684690437876	-0.0118623166516205	-0.00555662131984488	-0.0220451008731247	-0.0100374978825447
0.0526074778602991	0.0535917816308775	-0.0318619996107518	-0.031101973244038	0.0167784585129867	0.00155638409705568	0.0209158781703863	0.00520649102184069	0.00350290811469055	0.0293349756439001	-0.0391519316578724	-0.0318567469508048	-0.0118804788409744	-0.0055516494536876	-0.0220547246960967	-0.0100348505978108
0.0526281811636008	0.0536205315621831	-0.0318628657408495	-0.0310499774984989	0.0168014193424784	0.00159116899936426	0.0209294289154624	0.00523843725260344	0.00346339581842969	0.0293434748947292	-0.0391959143030243	-0.0318736616334214	-0.011909865796997	-0.00556577016824724	-0.0220985508790375	-0.0100594319287755
0.0525601382625268	0.053581501225412	-0.0319199562871404	-0.0309580713162507	0.0167471451159889	0.00155743602602911	0.0209074976631996	0.00521085100899351	0.00347412046481615	0.0293888447450214	-0.0391760701449001	-0.0318382606611563	-0.0118969283279095	-0.00553103974831578	-0.022083847622138	-0.0100233604041768
0.0525438270770105	0.05359210154022	-0.0319502149611968	-0.030828336203496	0.016738120599165	0.00156580116639151	0.0209003730446545	0.00521295766090842	0.00341898429918102	0.0294339561532684	-0.0392135037289266	-0.031818809055544	-0.0119400616067721	-0.0055265191079997	-0.0220920674761614	-0.0100366094007026
0.05250187704362	0.0535722573820957	-0.0319759823316017	-0.0307452282266591	0.0167222326998094	0.00155898807528473	0.0208898272122237	0.00520509403781224	0.00341780384767697	0.0294604248096555	-0.039229034000371	-0.031810020629021	-0.0119233606627119	-0.00550206210861351	-0.022125725012359	-0.0100170921368411
0.0524975408051957	0.0535696869314834	-0.0319727413286556	-0.0307046151069838	0.0167281782638345	0.00155601529327217	0.0208877932034782	0.00520580929363481	0.00340937724001732	0.0294548368735417	-0.0392272235090701	-0.0318022869254395	-0.0119348718111064	-0.00551377442270809	-0.0221187289163445	-0.0100349958841498
0.0525355709014023	0.0535980610740854	-0.0319522126483575	-0.0307052982321737	0.0167754172787568	0.00160345547389453	0.020914043930357	0.00524488992183088	0.00338681175700566	0.0294082879687295	-0.0392600037392978	-0.0318410127196923	-0.0119505976603148	-0.0055397150191325	-0.022160136919932	-0.0100575613671614
0.0524806792079722	0.0535441081539223	-0.0319696204663361	-0.0307331890183018	0.016738071704724	0.00154876494616448	0.0208937527373436	0.00520070471399483	0.00343958841661672	0.0294282075639913	-0.0392055506988526	-0.031811392467337	-0.0119071863816305	-0.00550573617660835	-0.0221267168710192	-0.010014485364644
0.0525246450893158	0.0535720925379804	-0.0319240005559028	-0.0307807088270138	0.0167810317575671	0.00157424593484353	0.020919099615556	0.00522285529275003	0.00343455927411428	0.0293817382872687	-0.0392220015827717	-0.0318448306770421	-0.0119169987974464	-0.00553729683977924	-0.022138093908947	-0.0100463366004928
0.0525224546183592	0.0535538311627604	-0.0319164680180214	-0.0308546931011609	0.0167733874609634	0.00155996317013659	0.020914584563176	0.00520899721118774	0.00347278075713285	0.0293618452347034	-0.039185881163732	-0.0318461717817094	-0.0118888803029216	-0.00553349704322184	-0.022111584740023	-0.0100306680276296
0.0525352775347564	0.0535502702504719	-0.0318919104357851	-0.0309306289619957	0.0167839752029151	0.00155459176654717	0.0209236523865047	0.00520425165644308	0.00349036459509904	0.0293491424589327	-0.0391750028491024	-0.0318539348219555	-0.0118736210463787	-0.00553260995836377	-0.0221054673469624	-0.0100283504311264
0.0525835866394444	0.0535651411454548	-0.0318409414735069	-0.0310597256530494	0.0168238129964546	0.00157256955400938	0.020946592261236	0.00522314586542795	0.00351963001351118	0.0292871233529894	-0.0391645128960327	-0.0318866060874291	-0.0118579454885954	-0.00555897803190089	-0.0221077625917211	-0.0100451296062922
0.0525930553971893	0.0535595001239479	-0.0318275164569934	-0.0311457211958732	0.016815243896424	0.00155472448002988	0.0209504954346115	0.00521301214328553	0.00353781595159363	0.0292690324098208	-0.0391246234140841	-0.0318818311960198	-0.0118522988791524	-0.00556200389930652	-0.0220602511649133	-0.0100386336305599
0.0526393905634452	0.0535926477609751	-0.0318123396225082	-0.0311898211876835	0.016840277850214	0.00157810440473013	0.0209605984231053	0.00523493920459618	0.00352413668398698	0.0292482005839885	-0.0391390626410023	-0.0319017913038184	-0.0118739577195296	-0.00558672492867409	-0.0220546185253106	-0.0100599795465147
0.0526177540748124	0.0535716147694427	-0.0318181734278111	-0.0312252487026451	0.0168161379662023	0.00155005296543872	0.0209468521002653	0.00521379445434146	0.00355254575118968	0.0292795153779704	-0.0391189907744814	-0.0318900566379793	-0.0118423076493809	-0.0055608639603393	-0.0220546855805439	-0.0100379407264818
0.0526308200664306	0.0535895087378632	-0.0318257380963252	-0.031196670600375	0.0168069192685985	0.0015541559075303	0.0209412320335188	0.00521235416380813	0.00352544565802165	0.0292893403666425	-0.039123783826683	-0.0318773482742725	-0.0118767838182192	-0.00557041793410992	-0.0220234252689392	-0.0100556083834897
0.0526163207691992	0.0535896721849945	-0.031850765065195	-0.0311651253040284	0.0167900506864549	0.00155241945638292	0.0209357628410474	0.00521182470686134	0.00352265867488488	0.0293127049245185	-0.0391365396878469	-0.0318703228415934	-0.0118683949291283	-0.00555653051588303	-0.0220407185342274	-0.0100430173664412
0.0526247781105075	0.0536125016979875	-0.0318543553141481	-0.0311063094824623	0.0168068228767005	0.00158412261192472	0.0209438849061888	0.00523887869955643	0.00348757481799421	0.0293237997716725	-0.0391787537512188	-0.0318841054860181	-0.0118874525852445	-0.00556126070380339	-0.0220933261587711	-0.0100568000108659
0.0525761141718762	0.0535820991345762	-0.0318913963456626	-0.0310518648239213	0.0167741851388437	0.00155063550777858	0.0209275192382955	0.00520827497044503	0.00349154923755517	0.0293677838138084	-0.0391628882036076	-0.03184718459513	-0.0118818911918272	-0.00553806378401086	-0.0220710680122457	-0.0100338042567735
0.052554849280995	0.053588617462053	-0.0319225407075931	-0.0309213837216954	0.0167670241987138	0.00156611688478194	0.0209343057867057	0.00522033653054673	0.00344732910511841	0.0293929211444165	-0.03920051457143	-0.0318429908490766	-0.0119125885188685	-0.00554062026478294	-0.0220845544960564	-0.0100463072638282
0.0525453358197613	0.0536000699371183	-0.0319552105760825	-0.0308005418092658	0.0167571531095687	0.0015778375807807	0.0209226465580042	0.00522966558988876	0.00339894596027684	0.0294250936865918	-0.0392292058294065	-0.0318310913391222	-0.0119508463234718	-0.00554237767069074	-0.0220937326811233	-0.0100537420128276
0.0525008237176625	0.0535701758758933	-0.0319781532447819	-0.0307404030438248	0.0167352162693699	0.00155744301094925	0.0209083093109202	0.00521266848521453	0.00341384479494033	0.0294526883121059	-0.0392274498204827	-0.0318142255509467	-0.0119304042561834	-0.00551637001903296	-0.0221097463090415	-0.010034417532762
0.0524973508153678	0.0535698545695668	-0.0319715455103273	-0.030711890599804	0.0167484401201832	0.00156896812918402	0.0209179121791318	0.00522090789701437	0.00341314350895804	0.0294332786160146	-0.0392394610891594	-0.0318259462469454	-0.0119243553153402	-0.00552205574402878	-0.0221345651272911	-0.0100400362025245
0.0524834592061888	0.0535529454748864	-0.031969813250132	-0.0307140922466328	0.0167482724820998	0.00156189380206392	0.0209217678550503	0.00521604639259534	0.00342189421691229	0.0294260925301722	-0.0392280728753594	-0.031823275213483	-0.0119146881858633	-0.0055180212541546	-0.0221307765066059	-0.010033632427738
0.0525026593546759	0.0535601874400899	-0.0319457404213536	-0.0307339852991981	0.0167709147992331	0.00157293556382484	0.0209302168144544	0.00522550118049993	0.00342517992334722	0.0293965658757467	-0.0392327890934395	-0.0318415589404474	-0.0119172362847312	-0.00553386864097341	-0.0221358727043417	-0.0100431095673871
0.0525290413980533	0.0535659611750795	-0.0319203865582212	-0.0308139752076835	0.0167935193977975	0.00157799404299188	0.0209366611017777	0.00523058201141143	0.00344539288525496	0.0293703095609319	-0.0392185887507902	-0.0318583381156132	-0.011907752160162	-0.00554541750793666	-0.0221307024664524	-0.010054300806439
0.052540907380391	0.0535613092182647	-0.0319004068926462	-0.0308890575112769	0.0168064135603802	0.00158286392931508	0.020945219025936	0.00523788823788026	0.003469351161343	0.0293329346502345	-0.0392016265707167	-0.0318718190114878	-0.0118880407155205	-0.00555098588627409	-0.0221283583272527	-0.01004659224857
0.0525371997847795	0.0535399884480224	-0.031881941557758	-0.0309835802446103	0.0167950393164205	0.00154911558915562	0.0209406844157796	0.00521439934842579	0.00349821005740285	0.0293373407378603	-0.0391647881018863	-0.0318562817551234	-0.0118681448689872	-0.00553868963285561	-0.0220885917798986	-0.0100299597567272
0.0525800913854052	0.0535566838041465	-0.0318436767682346	-0.0310933063551255	0.0168188648790258	0.00155870309054292	0.0209517694840454	0.00522043292244469	0.00352831646020012	0.0292783977907476	-0.0391458799230611	-0.0318821441204422	-0.0118507789605294	-0.00555990283532773	-0.0220756291650986	-0.0100419416887393
0.0526041153197426	0.0535596300434625	-0.031818758764119	-0.0311889983640907	0.0168292095457565	0.00156100112926973	0.0209567497321069	0.00522112163557072	0.00355137926952592	0.0292576735326855	-0.0391302378928945	-0.0318973251458794	-0.0118349134129183	-0.00556399739551514	-0.0220680337629359	-0.0100386154697675
0.0526036487270771	0.0535545366396948	-0.0318216393451857	-0.0312181198931479	0.0168145942988508	0.00154473185327433	0.0209481471044597	0.00520529939446442	0.00355681353739662	0.0292722720157828	-0.0391113255231172	-0.0318818325930038	-0.0118394033195857	-0.00556050772941205	-0.0220330281371508	-0.0100341870303973
0.0526240754275412	0.0535723481860576	-0.0318127908483494	-0.0312202908063282	0.0168210511590303	0.00155603904200066	0.020949194842481	0.0052174783012245	0.00354272914442171	0.0292707716549363	-0.0391240911631693	-0.0318884962068196	-0.0118533312503494	-0.00557463682587586	-0.0220318909921516	-0.0100481596646499
0.052615623674169	0.0535731724066344	-0.0318254000261903	-0.0311886658818919	0.0168056256613881	0.00155391283230934	0.0209444087751995	0.00521524033281092	0.00352855534446899	0.0292922041839009	-0.0391324311578192	-0.031876049079126	-0.0118639064194449	-0.00556733059940703	-0.0220261270360502	-0.0100488330109516
0.0526270049030489	0.0535951036588971	-0.0318445512802364	-0.0311364256641478	0.0168098096285533	0.00157512882874952	0.0209462905126858	0.0052291473088142	0.00349697652050573	0.0293031830813805	-0.0391551139874892	-0.0318767154405076	-0.0118900761212499	-0.00557564125739232	-0.0220449653656739	-0.0100591553259379
0.0526180348686021	0.0535995223193791	-0.0318577457943852	-0.0310780945960396	0.0168069192685985	0.00158187207065488	0.0209463729347435	0.00523631523386421	0.00347410370100781	0.0293310710735406	-0.0391807807750441	-0.0318729226288703	-0.0119011025161865	-0.00556545584684084	-0.0220791705196107	-0.0100589387934135
0.0525595012378098	0.0535662685115657	-0.0319008343697589	-0.0310104749811262	0.0167605002833009	0.0015461148674625	0.0209238926677576	0.0052060789115523	0.0034862239344387	0.0293718685951076	-0.0391602115822091	-0.0318360143108385	-0.0118872611984326	-0.00553608006669045	-0.0220581542918866	-0.0100314182080529
0.0525628721602705	0.0535955227541057	-0.0319220280144546	-0.0308768157402355	0.0167723201651657	0.00158263342695038	0.020928872915819	0.00523401440116935	0.00342021504211009	0.0293966748405009	-0.0392153575267324	-0.031838052510536	-0.0119406860586329	-0.00555088111247195	-0.0220918425617328	-0.0100574621812954
0.052510908545364	0.0535699341976564	-0.0319632404402781	-0.0307857058388836	0.0167399590301465	0.00155760366411253	0.0209032620076253	0.00521070572265455	0.00342468958195324	0.0294452270204099	-0.0392188178561709	-0.0318120755925269	-0.0119223981407163	-0.0055162540693586	-0.0221096527111116	-0.0100341451208764
0.0525072735929219	0.0535722448092395	-0.0319631202996517	-0.0307323438429646	0.0167477011156322	0.00156990550546712	0.020904767956408	0.00521804547674006	0.00341030344042819	0.0294421285098348	-0.039236646166342	-0.0318158223036912	-0.0119280671019038	-0.00552047016715648	-0.0221356841114979	-0.0100402164134641
0.0525025783296023	0.0535691812232651	-0.0319696037025277	-0.0307040926349572	0.0167479902913261	0.00157412858818514	0.0209019055361337	0.00522052512339057	0.00340779864806516	0.0294301465778228	-0.0392305902405787	-0.0318169636396424	-0.011938730280993	-0.0055258806862987	-0.0221265436449997	-0.0100418494877934
0.0524837763215633	0.0535457747558683	-0.0319698761144133	-0.0307163455818707	0.0167415935014598	0.00155655592609118	0.0209008061097033	0.0052113120137229	0.00342909566957899	0.0294237721397009	-0.0392164457772906	-0.0318127433508925	-0.011915019271078	-0.00551305497593343	-0.022123463295217	-0.0100257380709932
0.0525117732784776	0.0535635346138221	-0.0319367382562743	-0.0307520510966541	0.0167772124032333	0.0015778920631578	0.020916599014145	0.00523048003157735	0.00342673895752298	0.0293840209591712	-0.0392249715708162	-0.0318390611330046	-0.0119205946343356	-0.00553776343244475	-0.0221343360219104	-0.0100427351756674
0.052504186258219	0.053540211965467	-0.0319265332879464	-0.0308323036381368	0.0167669878771291	0.00155300479269085	0.0209119400724101	0.00520641977565524	0.00347326551059073	0.0293728576597998	-0.039187944509142	-0.0318327900717008	-0.0118851768982621	-0.00552784903679479	-0.022110161213298	-0.0100261152566809
0.0525358349313837	0.053555186237268	-0.031903735905586	-0.0308780590560209	0.0167842420268645	0.00155921718066539	0.0209185324400404	0.00521088872756227	0.00347554399154115	0.0293417649862784	-0.0391784911182214	-0.0318471859921141	-0.0118927108331276	-0.00554501657352049	-0.0220960363077863	-0.0100399747352272
0.0525539663870891	0.0535482390356945	-0.031866672522327	-0.0310044092764746	0.0168035357732815	0.00155504159540434	0.0209329088026773	0.00520982003478051	0.00350967929627648	0.0293146118077173	-0.0391593314822711	-0.0318603246269017	-0.0118603636679487	-0.00554499003082395	-0.022097395573246	-0.0100343155529279
0.0525984351826829	0.0535656845722419	-0.0318248635843234	-0.0311144133868114	0.0168324701064789	0.00156768150689381	0.0209493261589797	0.00522038123403564	0.00352587313513436	0.0292624987155198	-0.039144791672503	-0.0318872696548426	-0.0118613583205769	-0.00556717413719584	-0.0220804417750766	-0.0100420380806372
0.0526100497078955	0.0535642233269481	-0.0318159759719343	-0.0311876684352956	0.0168308747507184	0.00155958179349682	0.0209547045474892	0.00521818238117485	0.00354953525060836	0.0292514932753436	-0.0391210177983067	-0.0318867415948798	-0.0118532530192438	-0.00557393274592552	-0.0220516164066334	-0.0100484390614556
0.0526090382914589	0.0535624966546889	-0.0318177920511713	-0.0312148760962339	0.0168164746393531	0.00154681335947673	0.0209473675873718	0.00520673270007762	0.00355035667721709	0.0292715372021839	-0.0391124850198609	-0.0318751466274436	-0.0118504869908675	-0.00556271775814507	-0.0220359757734508	-0.0100413367946549
0.0526434879176006	0.0535952475482521	-0.0318074823090413	-0.0312184020839217	0.016833109925164	0.00157592091869365	0.0209563809283234	0.0052274583551238	0.0035274070235976	0.0292617527260486	-0.0391350993973135	-0.0318913013507487	-0.0118717826153973	-0.00558653912979831	-0.0220480848310095	-0.0100620736255734
0.0526093763615938	0.0535718648295837	-0.0318427338040154	-0.0311853019443514	0.0167946621307328	0.00154487155167717	0.0209326629334882	0.00520425445041113	0.00353100286048685	0.0293064534209911	-0.0391163267259391	-0.0318591846879345	-0.0118679632610635	-0.0055614185629986	-0.0220239030374769	-0.0100383165151854
0.0526209070677646	0.0535934314690151	-0.0318528619382217	-0.0311188753537983	0.0168004037350897	0.00157059561557717	0.0209354317558326	0.00522436822645285	0.00349872414752533	0.0293092669468244	-0.0391540369128033	-0.0318674352756066	-0.0118883955494637	-0.00556799276983652	-0.0220530748579591	-0.0100504563063927
0.0525552991098522	0.0535527457061703	-0.0318922289481436	-0.0310570783683155	0.0167545994227647	0.0015240089921962	0.02091045926934	0.00518754931539885	0.00351259899289596	0.0293771212550546	-0.0391375022098425	-0.0318271406682897	-0.0118724419918587	-0.00553158736605494	-0.0220380600736213	-0.0100183424375465
0.0525832304085172	0.0535959655980427	-0.0318948077806601	-0.0309470938157551	0.0167774568754383	0.00157520845683914	0.0209242866172536	0.00522455542231267	0.00345756061614282	0.0293558563641735	-0.0391891878249273	-0.0318511995272278	-0.0119159692202174	-0.00556570450999791	-0.0220712160925527	-0.0100589415873816
0.052530839316498	0.0535720059249706	-0.0319432649656552	-0.0308465319204667	0.0167433271586391	0.0015591389495598	0.0209000363715036	0.00520944704004491	0.0034430333792309	0.0294274727503923	-0.0392027092333387	-0.0318208444612735	-0.0119163701546335	-0.00552667696719491	-0.0220956451522583	-0.0100332580360184
0.0525215437847726	0.0535789154079754	-0.0319624176166853	-0.0307465721252945	0.0167444922433188	0.00156911062155492	0.0208930430694572	0.00521774233120588	0.00340834626580432	0.0294407301288223	-0.0392232476925251	-0.0318104704578782	-0.0119506772884044	-0.00553232916457405	-0.0221066170648178	-0.0100415924427321
0.0525124508157314	0.0535744268982919	-0.0319619663908442	-0.0307104698670471	0.0167495255767734	0.00157050062066324	0.0208960423941663	0.00521890881286964	0.00341121148004668	0.0294342076103935	-0.0392350899261343	-0.0318180882117853	-0.0119386925624243	-0.00553082740674346	-0.0221341949265236	-0.0100379449174339
0.0524767285371397	0.0535400010208787	-0.0319727664743682	-0.0307153914417793	0.0167366020775261	0.00154982106608999	0.0208937583252797	0.00520162672345361	0.00343702355394048	0.0294403054456777	-0.0392157151546437	-0.0318068941787653	-0.0119092595059287	-0.00550783165265104	-0.0221277618150725	-0.0100202465267773
0.0524907179352007	0.0535448932589463	-0.0319526974018153	-0.0307250054858631	0.0167586828070799	0.00156112825481632	0.0209090664762636	0.00521438677556953	0.00343234924538126	0.0294090549129611	-0.0392201882975028	-0.0318225655455966	-0.0119134867795988	-0.00552853216198471	-0.0221290386584745	-0.0100287653353829
0.052492990828215	0.0535368396460223	-0.0319368346481722	-0.0307639939131133	0.0167582511390151	0.00154460333074371	0.0209070701860869	0.00519779479626355	0.00345026835951428	0.0293972909104575	-0.0391957648257333	-0.0318208514461936	-0.0119045083632479	-0.00553350123417392	-0.0221031623233154	-0.0100264924423686
0.0525381525278869	0.0535550227901367	-0.0319008148119825	-0.0308449631074027	0.0167945391961383	0.00157315768428537	0.0209235545976227	0.00522167763521405	0.00346138835238079	0.029342383850203	-0.0392001569435187	-0.0318541667213043	-0.0118959811727382	-0.00555302548295563	-0.022118260926695	-0.0100425074672708
0.0525369203879738	0.0535389714436497	-0.0318826009342195	-0.0309320482977686	0.0167975762394161	0.00156112965180035	0.0209238200245881	0.00521369526847544	0.00349435438148431	0.0293358319951096	-0.039178322083154	-0.0318580587188075	-0.0118674407890368	-0.0055397736924617	-0.0221175037613516	-0.0100265511156978
0.0525721313704111	0.0535444322542169	-0.0318465852889818	-0.0310437329798917	0.0168111954367096	0.00155581692154013	0.0209277609165324	0.00520865075914869	0.00351944002368331	0.0292902414213409	-0.0391432675629279	-0.0318654054578132	-0.0118624270133587	-0.00556079969907399	-0.0220757884212778	-0.0100316626802579
0.0526091696079576	0.0535575317734518	-0.0318160067055829	-0.0311428392178225	0.0168286982496021	0.00156091451625997	0.0209397875520334	0.00521665408064772	0.00353835099647653	0.0292537424196294	-0.0391309280030046	-0.0318837324912825	-0.0118566365145608	-0.00557610924704185	-0.0220590679194412	-0.0100395290973221
0.052605263640614	0.0535456015298488	-0.0318182139403479	-0.031196522520068	0.0168129458576972	0.00154489390342163	0.0209362392126011	0.00521066940106981	0.00355677442184382	0.0292609229175357	-0.0391081906909574	-0.0318784965951439	-0.0118476678770981	-0.00556463721420017	-0.0220326872730478	-0.0100268947737688
0.0526619295037603	0.0535926784946237	-0.0317942486793397	-0.031216701954359	0.0168482434531442	0.00158678526348296	0.0209506826304713	0.00523944028713587	0.0035203229175893	0.0292449456112022	-0.0391384507619978	-0.0319005535759692	-0.0118855051895088	-0.00559646190735244	-0.0220530455212945	-0.0100600605715883
0.0526443330929378	0.0535824134559826	-0.0318099004883946	-0.0312255141296106	0.016825304975397	0.00157549204459692	0.0209434127255872	0.00522649303916014	0.00353542710890497	0.0292678505613328	-0.0391307897015857	-0.0318892268294664	-0.0118680317132809	-0.00557346755024404	-0.0220645175541362	-0.010039279037181
0.0526104324815193	0.0535599345859807	-0.0318478467655595	-0.0311857880947933	0.0167882080645213	0.00154306664831241	0.0209315062307127	0.0052053329220811	0.00353297540193503	0.0293143938782089	-0.0391142200740242	-0.0318534794051623	-0.0118714668970069	-0.00555423806509233	-0.022028814833321	-0.0100299960783119
0.0526118294655477	0.0535821410440971	-0.0318598608282043	-0.0311039248307258	0.016794768301519	0.00156435668490609	0.0209455095986139	0.00522282316211738	0.00349306636221008	0.029321177632651	-0.0391560513637723	-0.0318577150607365	-0.0118966014336469	-0.00556323464223559	-0.0220582856083853	-0.0100399984839557
0.0525814827814976	0.0535699439765446	-0.0318837702098513	-0.031042718769487	0.0167714177134833	0.00154511881785021	0.0209258470484134	0.00520438995786189	0.00348592078890452	0.0293622894756245	-0.0391588159951646	-0.0318374797470844	-0.0118958121376708	-0.0055467991251408	-0.0220548588065635	-0.0100261557692177
0.052554453934515	0.0535718606386317	-0.0319231148680287	-0.0309193427280298	0.0167505132444815	0.00155626675039729	0.0209128327452043	0.00520679835832695	0.00345967425297788	0.0293924363909586	-0.0391763453507537	-0.0318288799134052	-0.0119127379961596	-0.0055404121141627	-0.0220745339296203	-0.0100294694153332
0.052523773371282	0.0535663257879109	-0.0319576622830525	-0.0308022335569243	0.0167379599460018	0.00155225181829951	0.0209011958682473	0.00520173289423977	0.00342566327982107	0.0294392493257522	-0.0392049248500079	-0.0318064974353012	-0.0119345672685882	-0.00553052426120928	-0.0220859025856438	-0.0100258400508273
0.0525276905144978	0.0535813964516099	-0.0319622388027297	-0.0307220075581381	0.0167534776445899	0.00157279865939005	0.0209020731742171	0.00521700472363886	0.00339080014640691	0.0294382490851878	-0.0392339318263747	-0.0318096881468222	-0.0119620096228432	-0.00554144867631181	-0.0221118250212759	-0.0100403407450427
0.0525045215343859	0.0535624966546889	-0.0319662970413324	-0.0307073573866317	0.0167468266036304	0.00156612526668611	0.0208993113367929	0.00521426523795905	0.00341126177147171	0.0294322909483064	-0.0392280882421837	-0.0318157580424259	-0.0119338813494302	-0.0055242951094264	-0.0221372291758334	-0.0100241930066577
0.0524917670702061	0.0535524020480993	-0.0319612595169258	-0.0307100535658066	0.0167557309798278	0.00156763121546879	0.0209084392304348	0.00521796165769835	0.00341370649352151	0.0294215034376387	-0.0392249729678003	-0.0318168672477445	-0.0119283520866456	-0.00552337030599956	-0.0221419370120093	-0.0100223294299638
0.0525183516762676	0.053566380270288	-0.0319387652800995	-0.0307324416318466	0.0167820697167003	0.00158409048129207	0.020921411624123	0.00523167165895362	0.00340392481135425	0.0293886100517047	-0.0392283396993088	-0.0318326168456813	-0.0119432746700376	-0.00554812765695187	-0.0221343960922237	-0.0100385484145341
0.0525177258274228	0.0535500187933467	-0.0319271647247272	-0.0308026708129252	0.0167787840102653	0.00156904775727364	0.0209212551619119	0.0052197805309034	0.00344489555894083	0.0293781270835551	-0.039203752780408	-0.0318377130434171	-0.0119145973819014	-0.0055379576132247	-0.0221294787084435	-0.0100262996585726
0.0525314651653427	0.0535500341601711	-0.031908843279194	-0.0308736222347465	0.0167864436736934	0.00156792318513074	0.0209230586682926	0.00521695722618189	0.00346701680103144	0.0293454418482413	-0.0391824138493733	-0.0318441349789959	-0.0118981758346469	-0.00554250200226927	-0.0221139959344561	-0.0100246526144031
0.0525503202587748	0.0535477445033484	-0.0318831038484697	-0.0309608485204993	0.0167987720577445	0.00156009029568318	0.0209241217731383	0.00520849848788959	0.00348339085082898	0.0293341444384032	-0.0391658609856201	-0.0318453294003403	-0.0118906754273981	-0.00554492576955865	-0.0220942691229903	-0.0100220695909345
0.0525577983142791	0.0535319990963637	-0.031858325542757	-0.0310681913762619	0.0167946495578765	0.00153383956880445	0.0209274424041739	0.00519109905181516	0.00353597472664412	0.0292972989846526	-0.0391256823279777	-0.0318524246822208	-0.0118561294093584	-0.00554596372869178	-0.0220532187473141	-0.010010165890028
0.0526206053192145	0.0535709791417097	-0.0318191219799664	-0.0311512295038974	0.0168351271701011	0.00156703051233655	0.0209447412573983	0.00521595279466543	0.00353005011737944	0.0292500459998901	-0.0391341326843658	-0.0318861995650768	-0.011868625431493	-0.00557618468417939	-0.0220603727025238	-0.0100386657611925
0.0526240097692919	0.0535707179056964	-0.0318204337479691	-0.0312032573800692	0.0168239135793046	0.00155876735180823	0.0209387132713155	0.00520979069811591	0.00354163530592743	0.0292617652989048	-0.0391200441004388	-0.0318845385510669	-0.0118600130249575	-0.00556551591715406	-0.0220457700284743	-0.0100297404302347
0.0526370673790058	0.0535780087653409	-0.0318124946877354	-0.0312236156283159	0.0168261082412134	0.00156391244398504	0.0209400585669349	0.00521596397053766	0.00353790675555548	0.0292653904724587	-0.0391244879066334	-0.0318833720694032	-0.0118644121276632	-0.00557094320010462	-0.0220491633026795	-0.0100359276724968
0.0526436681285403	0.0535892363259776	-0.0318212495866417	-0.0312057719513204	0.016823634182499	0.00157393301042116	0.0209388809093989	0.00522589512999596	0.00351900416466643	0.0292795684633635	-0.0391372214160527	-0.0318843262094946	-0.0118791125905946	-0.00557516069488653	-0.022051793823605	-0.0100391840422671
0.0525758613177671	0.0535453905852605	-0.0318735219350185	-0.0311497053943223	0.0167619070462176	0.00152282295275604	0.0209132965439017	0.00518622916549196	0.00353568694793426	0.029338160767485	-0.0391089604291571	-0.031832305318243	-0.0118603510950924	-0.00553440508284033	-0.0220159332435946	-0.0100041728285459
