0.0525483952147836	0.0536001118466391	-0.0319003174856684	-0.0308611401824522	0.0167557198039555	0.00155510306270159	0.020920229775635	0.00521104379278943	0.00341409764904948	0.0294180053896314	-0.0392083991492866	-0.0318428287989293	-0.0119695351758045	-0.00554005588323544	-0.0220893321814337	-0.010011097678375
0.0525001419894567	0.0535745232901899	-0.0319339973736104	-0.0307775851707262	0.0167239174625477	0.00153273315745391	0.0208999609343661	0.00518952325383106	0.00341475004059077	0.0294532135781006	-0.0392046398652661	-0.031817187157087	-0.0119590480167029	-0.00551542006989361	-0.0220908032056157	-0.00999008284763489
0.0525205700869048	0.0535963148440498	-0.0319171008517862	-0.03073820279398	0.0167575777927134	0.00156981330452124	0.0209118059619434	0.0052213954444403	0.00339308980322954	0.0294222773667905	-0.0392416557510681	-0.0318384227113036	-0.0119769755127401	-0.00553567214735415	-0.0221305460042412	-0.0100142688321196
0.0524793618520334	0.0535579005772353	-0.0319360020456913	-0.0307272197055483	0.016731345226627	0.00153935625873283	0.020903588901888	0.00520544468080338	0.00341511465342219	0.0294349815395452	-0.0392111819414713	-0.0318196612158014	-0.0119627067178734	-0.00551371435239487	-0.0221095046308046	-0.0099871030807022
0.0524947733798353	0.0535648631456331	-0.0319181318259992	-0.0307383844019037	0.0167521882283316	0.00155311375744507	0.020913457197065	0.00521698935681454	0.00341651163745065	0.0294033649970132	-0.0392180551028913	-0.031836972641882	-0.0119633213908459	-0.00553015406044174	-0.0221154390189575	-0.00999480325666705
0.0525137514078619	0.0535703407200087	-0.0318871956146891	-0.0307951564358361	0.0167710544976359	0.0015586136835651	0.0209182418673625	0.00521739308519877	0.00342967821191885	0.0293784218471851	-0.0392128457494492	-0.0318543832538287	-0.0119513841623228	-0.00553770755308361	-0.0221184774592194	-0.0100003450923079
0.0525201328309039	0.0535603830178539	-0.0318757850491446	-0.0308680342986327	0.0167737925863317	0.0015481865947767	0.0209218069706031	0.00520821769409987	0.00345362810610272	0.0293544272495123	-0.0391827938290291	-0.0318570542872911	-0.0119356820618429	-0.00553832222605613	-0.022090817175456	-0.0099920861227317
0.052553717723932	0.0535744548379725	-0.0318428483567057	-0.0309529583547066	0.016802773020002	0.00156377833351831	0.0209408855814797	0.00522313888050781	0.00346079323718467	0.0293275283220444	-0.0391897773521873	-0.0318796169763347	-0.0119281593028497	-0.00554628922597042	-0.0221042380010173	-0.0100031823668697
0.0525724526767376	0.0535630819909968	-0.0318110152816493	-0.031080470865872	0.0168144895250487	0.0015516231754867	0.0209525126795486	0.00521502938822262	0.00350706553915924	0.0292859359165652	-0.0391531833555619	-0.0318927779628668	-0.0118962815243043	-0.00554968250017554	-0.022081591492932	-0.00999718790840363
0.0525838031719688	0.0535552323377409	-0.0317913946409696	-0.0311704855317456	0.0168069527962152	0.00153561513550462	0.0209492227821616	0.00520154709536398	0.00352965896185147	0.0292714030917171	-0.0391183411769082	-0.0318850260984929	-0.0118877920523634	-0.00555344178419611	-0.0220312819071152	-0.00999567218073275
0.0526431205108011	0.0535978305717207	-0.031765739029287	-0.0312179424761763	0.0168408562016018	0.00157457003513813	0.0209653341989618	0.00523947381475256	0.00351070049160128	0.0292393017957272	-0.0391428875832722	-0.0319201895834732	-0.0119113326302269	-0.00558324085050713	-0.0220484745895534	-0.0100213808778084
0.0525866208887542	0.0535511657172341	-0.0317912367817744	-0.0312467259350986	0.0167853624080554	0.00151643873574599	0.0209422951383645	0.00519059613756491	0.00355143095793497	0.0292895988086878	-0.0390956751110464	-0.0318791461927171	-0.0118746254778952	-0.00553821884923802	-0.0220136896872449	-0.00997419075732717
0.0526576044412082	0.0536163154643852	-0.0317721986834346	-0.0312106334557394	0.0168327648701089	0.00157492766304942	0.0209659376960621	0.00523869150369662	0.0034825372935876	0.0292619441128605	-0.0391487884438084	-0.0319038281065319	-0.0119456202062214	-0.00559312032155637	-0.0220252511270644	-0.0100312827006021
0.0526006591812562	0.0535781009662868	-0.0318190633066372	-0.0311809433541826	0.0167805581799815	0.00152994058638103	0.0209384296835577	0.00520324862191065	0.00351140038059954	0.0293142988832949	-0.0391218476068196	-0.0318679689235054	-0.0119148348691863	-0.00554597350757998	-0.0220137553454942	-0.00999224956986303
0.0526192432597868	0.0536092690769457	-0.0318164160219033	-0.0311017413446893	0.0168018244678467	0.00156624959826464	0.0209519175643525	0.00522936523832264	0.00346272806006408	0.0293203212814416	-0.0391731350814563	-0.0318832477378247	-0.0119498502738595	-0.00556380042076712	-0.0220535540234809	-0.0100191736430435
0.0525953883605168	0.0535980876167819	-0.0318466858718319	-0.0310430512516858	0.0167829540075903	0.00155276590842198	0.0209387244471877	0.005216619156047	0.00345279829758981	0.0293485012432636	-0.0391716654542584	-0.031861616837128	-0.0119534321409085	-0.00555473120045438	-0.0220479940270476	-0.0100066622540846
0.0525479062703736	0.0535938338004153	-0.0319028404388238	-0.0308699216240551	0.0167489500193536	0.00156024675789437	0.0209273180725954	0.00522076959559555	0.00343238416998198	0.0293825806686378	-0.0391967063929685	-0.0318570193626904	-0.0119629386172221	-0.00553737087993275	-0.0220818192013287	-0.0100053728378264
0.0524997061304398	0.0535693041578596	-0.0319402670379301	-0.0307767693320536	0.0167204641180294	0.0015363653159279	0.0209075046481198	0.00519809514782967	0.00340447941401355	0.0294516377801165	-0.0392126976691422	-0.0318119233212678	-0.0119730513846041	-0.00550877042591815	-0.0220803090615939	-0.00998376847982627
0.0525049350416583	0.0535813279993925	-0.031933339394133	-0.0307263004900575	0.016738902910221	0.00155460294241941	0.0209137393878388	0.00521268943997496	0.00338981527266684	0.0294323915311565	-0.0392344026099923	-0.0318274368289038	-0.0119807641334253	-0.00551771252068431	-0.0221160061944731	-0.00999244235365896
0.0525243782653663	0.0535953844526868	-0.0319192158856053	-0.0307359368858858	0.0167684714741673	0.00158544555579967	0.0209311486028014	0.00524026869866475	0.00338554329550782	0.0294070418589761	-0.0392503198460126	-0.0318520488935171	-0.011983650302428	-0.00553566376544998	-0.0221471449684674	-0.010013701656604
0.0524800100526226	0.0535533855248553	-0.031935152679402	-0.0307500184848927	0.0167336921597948	0.0015379704505766	0.0209087521548572	0.00519880621270015	0.00342240132211462	0.029422598673117	-0.0392009224907664	-0.0318194376983568	-0.0119583928311935	-0.00550841698895896	-0.0221045872470245	-0.00998068813004353
0.052522102578384	0.0535782448556417	-0.0318938424646965	-0.0307906274136159	0.0167755164646228	0.00156855182794354	0.0209312198489868	0.00522355378476426	0.00341748812928654	0.029374881889657	-0.0392194925994566	-0.0318539446008437	-0.0119624566577323	-0.00553934761233302	-0.022126510117383	-0.0100053379132256
0.0525030938167088	0.0535453556606598	-0.0318869679062924	-0.0308717293213879	0.0167644872757181	0.00153767428996256	0.0209236998839617	0.00519893473523077	0.00346660748471111	0.0293640762181969	-0.0391743518545451	-0.0318474723738399	-0.0119238202704573	-0.00552335354219122	-0.0220971497040569	-0.00997908439237886
0.0525353781176064	0.053562597237539	-0.0318592657130081	-0.0309238452075535	0.0167898425358346	0.00154939498596132	0.0209354652834493	0.00520607332361618	0.00346757699162685	0.0293394529777113	-0.0391772044959312	-0.0318651218700554	-0.0119307632810787	-0.00554098068666228	-0.0220914863308056	-0.00999711386825012
0.0525693639450507	0.0535652235675125	-0.0318211671645841	-0.0310417171319386	0.0168142171131631	0.00154392998444199	0.0209470993664383	0.00520641977565524	0.00349309150792259	0.0292938889466392	-0.0391524275872025	-0.0318797734385459	-0.0119150388288544	-0.00555775567087599	-0.0220644295441424	-0.0100009248406797
0.0525868094815981	0.0535588421444705	-0.0317909140784638	-0.0311552081144104	0.0168191903763044	0.00153891201781178	0.0209513126702681	0.00519994894563543	0.00353400637614803	0.0292635464535411	-0.0391259966493841	-0.031894067379125	-0.0118829752514333	-0.0055539223467019	-0.0220557458914215	-0.00999373875483736
0.0526176562859304	0.0535769931579522	-0.0317749311841942	-0.0312090744215637	0.0168300547210937	0.00154852466491159	0.020964412189503	0.00520889104040158	0.00352891157539625	0.0292476334084729	-0.0391202061505861	-0.0319043924880794	-0.0118992459244127	-0.00557064005457044	-0.0220382207267846	-0.0100063660934706
0.0526414497179031	0.0535955115782334	-0.031766672214618	-0.0312441554844863	0.0168373972691473	0.00156060578278968	0.0209644457171197	0.00521453485587655	0.00352139021338704	0.0292547747908264	-0.039128398064929	-0.0319092316407539	-0.0119048226846543	-0.00557500982061146	-0.0220466808620609	-0.0100151391531693
0.0526135295951104	0.0535768897811341	-0.0317943688199662	-0.0312290261474581	0.0167981001084268	0.00152624835759382	0.0209447063327976	0.00518978868079647	0.00353508903877009	0.029288187854819	-0.0391034339603405	-0.031881987658231	-0.0118998186878644	-0.00555659477714834	-0.0220147877166912	-0.00999252198174858
0.0526033092599582	0.0535781582426319	-0.0318130604662669	-0.031182383644716	0.0167898690785312	0.00152776268828066	0.020942174997738	0.00519009601728273	0.00351259759591193	0.0293095058310933	-0.0391189516589286	-0.0318686045512384	-0.0119091896567273	-0.0055517276847932	-0.0220124463714595	-0.00999710967729803
0.0526205117212846	0.0536057542651301	-0.031817382734851	-0.0311235175317249	0.0168088373276695	0.00155821973406908	0.020953074267128	0.00521688737698047	0.00347456889668928	0.0293148618678584	-0.0391611824861088	-0.0318783582937251	-0.0119369589052449	-0.00556633175582668	-0.02204604942528	-0.0100229343240481
0.0525904570068964	0.0535903622951045	-0.0318444199637377	-0.0310622206665243	0.0167791402411926	0.00153757510409654	0.0209301050557321	0.00519894730808703	0.00347062101982486	0.0293547681136153	-0.0391554744093686	-0.0318548135249094	-0.011940839726876	-0.00555105713245954	-0.0220374356217606	-0.0100057150989133
0.0525521684686444	0.0535797228647438	-0.0318858824497023	-0.0309547087756942	0.0167475572262773	0.00153688220001843	0.02091193308749	0.00519606393305229	0.00346056273481998	0.0293834006982625	-0.0391714112031652	-0.0318411119055583	-0.0119369281715963	-0.00553015825139383	-0.0220535959330018	-0.00999449452319676
0.0525200266601177	0.0535765265652867	-0.031925042705988	-0.0308291813788332	0.0167267924556783	0.00153453526685062	0.0208949681134484	0.00519273352312845	0.00342030724305597	0.0294364190361105	-0.0391958640115993	-0.0318161897104907	-0.0119653595905435	-0.0055167695564651	-0.0220601226423827	-0.00999377926737419
0.0525453916991224	0.0536144756364197	-0.0319152568328687	-0.0307601857346518	0.0167646521198335	0.00158591773640129	0.0209149687337838	0.0052312190361284	0.00337535369400426	0.0294185558013386	-0.0392501605898333	-0.0318442900442231	-0.0119967903341997	-0.00554001956165071	-0.0221216611858202	-0.0100221701737845
0.0525031678568623	0.0535799854977412	-0.0319364253318519	-0.030738841215681	0.0167423660336275	0.00155234401924539	0.0209089994210302	0.0052066977754769	0.00339669821297505	0.0294328148173171	-0.0392227810998596	-0.0318244654438753	-0.0119735906204391	-0.00551742334499042	-0.0221145770798119	-0.00999496949776644
0.0524941922344795	0.0535660030846003	-0.0319356779453967	-0.0307419606810165	0.0167516741382091	0.00155145972835537	0.020918955726201	0.00521039559220023	0.00340520165475626	0.029420978171644	-0.0392236430390052	-0.0318281437028222	-0.0119602592018556	-0.00551193738871067	-0.0221242456062729	-0.00999299276536617
0.0524926653309363	0.0535554460762973	-0.0319204633923427	-0.0307653475906369	0.0167635359295947	0.00155053632191256	0.0209239555320389	0.00521155089799176	0.0034194103793097	0.0294039615091934	-0.0392161845412772	-0.0318369349233133	-0.0119502079017708	-0.00551744290276682	-0.0221187764138015	-0.00999570431136541
0.0525177858977361	0.0535672673551461	-0.0318900007586182	-0.0308138760218174	0.0167850802172816	0.00155840134199278	0.0209366038254325	0.00522368510126294	0.00342300621619894	0.0293719957206542	-0.0392111358409984	-0.0318582165780028	-0.0119548375068411	-0.0055377857841892	-0.0221086091640424	-0.0100093640211957
0.052516556551791	0.05355253755555	-0.0318806353776914	-0.0308784949150377	0.0167800510747792	0.00154338096971881	0.0209486961191828	0.00521639843257051	0.00344947068163403	0.0293437654674072	-0.0391839784714852	-0.031858373040214	-0.0119338492187976	-0.00553496946438783	-0.0220894984225331	-0.00999105794248676
0.0525464352461916	0.0535598186363064	-0.0318465769070777	-0.0309623865999146	0.0168020172516426	0.00155043853303057	0.0209573183046065	0.00521898564699121	0.00346292084386001	0.0293258337804179	-0.0391787313994743	-0.0318723037649457	-0.0119262775653634	-0.0055455027239624	-0.022085860676123	-0.0100061286061858
0.0525887526863817	0.053572072980204	-0.0317986715307738	-0.0310940774903092	0.0168329800056493	0.00156338578100631	0.0209696397037375	0.00522723902863133	0.00350020914154758	0.0292685518473151	-0.0391609785264407	-0.0319050881861255	-0.0119012380236373	-0.00556053986004471	-0.0220884255387992	-0.0100138120183423
0.0525929855479879	0.0535605031584803	-0.031796763250591	-0.0311701320947864	0.0168129612245215	0.00152935245610505	0.0209589192483031	0.00519908421252182	0.00352473738711922	0.029264425156495	-0.039110723423001	-0.0318879807197131	-0.0118958875748083	-0.00555919037347321	-0.0220217866066738	-0.0100005043484872
0.052611253908128	0.0535719095330727	-0.0317849992480873	-0.0312200142034905	0.0168179302967108	0.00153718255158455	0.0209631283611808	0.00520461207832242	0.00353484736053316	0.0292604758826465	-0.0391195677288851	-0.0319020106303109	-0.0118805249414474	-0.00555927279553089	-0.0220315026305917	-0.0100034477938351
0.0526165373017236	0.0535767682435236	-0.0317812581248591	-0.0312357861531718	0.0168090873878106	0.0015307983345745	0.0209587558011718	0.00519970307644642	0.00353304525113645	0.0292749011397244	-0.0391160724748459	-0.0318911169488569	-0.0118874008968354	-0.00555761038453703	-0.0220260851265294	-0.0100042664264758
0.0526086261811705	0.0535755849980515	-0.0318032061409302	-0.0312093649942416	0.016790894464808	0.00152465300183332	0.0209462849247497	0.00519152373495981	0.00352267543869322	0.0293017246300548	-0.0391148193801724	-0.0318738823568979	-0.0118993800348795	-0.00555110462991651	-0.0220094316799261	-0.0100007781573568
0.0526214686553441	0.0535964964519735	-0.0318118436931781	-0.0311698568889328	0.0168033793110704	0.0015500571563908	0.0209499408319522	0.00521100467723664	0.00349401072341331	0.0293089568163701	-0.0391470827263096	-0.0318840398277688	-0.0119151030901197	-0.0055548695018732	-0.0220356600550604	-0.0100168588405083
0.0525872579134712	0.0535845033440892	-0.0318408464785929	-0.031096622795209	0.0167754047059005	0.00153473363858266	0.020934907886822	0.00519894451411897	0.00347949186840556	0.0293547653196472	-0.0391501351364118	-0.0318608512898804	-0.0119230505322576	-0.00553463139425294	-0.0220372372500285	-0.010006634314404
0.0525990610315276	0.0536062976919171	-0.0318468353491229	-0.0310318236910491	0.0167896441641026	0.00156043954169029	0.0209465545426672	0.00521984479216871	0.00344645738708465	0.0293510116235628	-0.0391859635857896	-0.0318734339250247	-0.011944864437862	-0.00554690110497488	-0.0220661366586252	-0.0100233520222726
0.0525366200364077	0.0535790159908254	-0.0318990392452823	-0.0309250396288979	0.0167476326634148	0.00153718115460052	0.0209254419230452	0.00520331428015998	0.00344177329963723	0.0294104099874687	-0.0391906029697481	-0.0318437857329888	-0.0119371880106256	-0.00550759695933425	-0.0220790908915211	-0.00999904589716147
0.0525392533513014	0.0536021458553846	-0.0319194505789221	-0.0308054172835251	0.016752992891132	0.00156341791163896	0.0209258847669822	0.00522277845862847	0.003381329991678	0.0294286671717366	-0.0392285604227853	-0.0318353633162812	-0.011986790722524	-0.00552628720865097	-0.0220917908733238	-0.0100228099924695
0.0525096177321217	0.0535837755154104	-0.0319349375438616	-0.0307573582389782	0.0167440773390624	0.00155349653106886	0.0209179303399241	0.00521506990075945	0.00339034053866154	0.0294448302769459	-0.0392365148498434	-0.0318293926065436	-0.0119706723208037	-0.00550361974580524	-0.0221203759605141	-0.0100062669076046
0.0524856720288899	0.0535650824721256	-0.0319448463515754	-0.0307256480985162	0.0167311063423582	0.00154340890939938	0.0209109719624784	0.00520578694189035	0.00339862605093432	0.0294435715943362	-0.0392239825061241	-0.0318222470332381	-0.0119631020643535	-0.00550110098360193	-0.0221105705296183	-0.00999272873538479
0.0524778447273785	0.053554058871157	-0.0319357980860231	-0.0307300108796371	0.0167417415817668	0.0015451034510259	0.0209179415157964	0.0052084649602729	0.00340870249673158	0.0294299104875219	-0.0392253501534879	-0.0318322871574506	-0.011947616496398	-0.00549761830241899	-0.0221245892643439	-0.00999049775189135
0.0524844356980247	0.0535496527835313	-0.0319169136559264	-0.0307604343978088	0.0167529817152598	0.00154780521813693	0.0209252477422652	0.0052118372797176	0.00341522641214447	0.0294085170741102	-0.0392186921276083	-0.0318434434719018	-0.0119424336856525	-0.00550548891043531	-0.0221178865349754	-0.00999041113888158
0.0525031971935269	0.0535521198573255	-0.0318977498290241	-0.0308236591009687	0.0167629142717021	0.00154043752437085	0.0209228197840237	0.0052109292400991	0.00343555252975851	0.0293850337725918	-0.0391993494867503	-0.0318490230261115	-0.0119338422338775	-0.00551683521471444	-0.0220967334028165	-0.0099958118791356
0.0525414885257469	0.0535704510817469	-0.0318653146538514	-0.0309015744881719	0.0167956176678083	0.00156842470239695	0.0209420897817123	0.00522818758078665	0.0034491451843554	0.0293380755514593	-0.0392040405591179	-0.0318849394854831	-0.011919534323458	-0.00552832121739641	-0.0221249832138399	-0.0100047721346941
0.0525392142357486	0.0535481719804611	-0.0318522332954089	-0.0310044539799635	0.016783285092805	0.00153179578117082	0.0209314112357987	0.00519797361021919	0.00348799810415484	0.0293422609156085	-0.0391574539357369	-0.0318649737897484	-0.0118997474416789	-0.00551642450141007	-0.0220790671427926	-0.00998775686922752
0.0525875121645644	0.0535678149728852	-0.0318083610119952	-0.0311083714308883	0.0168144168818792	0.00154953887531625	0.020948997867733	0.0052143755996973	0.00350480242503314	0.029278218976792	-0.0391454552399165	-0.0318951081322262	-0.011892241446494	-0.00554481540782039	-0.022065637935327	-0.0100056871592328
0.0526155887495683	0.0535810052960819	-0.0317950812818207	-0.0311763626435533	0.0168180853619379	0.00154694886692749	0.0209443514988543	0.00520528123367205	0.00351388002725005	0.0292603180234513	-0.0391246206201161	-0.0319018332133392	-0.0118974466089841	-0.00555131697148883	-0.0220371813706674	-0.0100016163477738
0.0526164506887139	0.0535749381944464	-0.0317860833076934	-0.0312351128068701	0.0168168238853602	0.0015446815618493	0.0209508013741137	0.00520929476878581	0.00353380800441599	0.0292695395150232	-0.0391234681082926	-0.0319067156725187	-0.0118707684049926	-0.00554113435490541	-0.0220499316438951	-0.0100031236935405
0.0526246006935359	0.0535826858678682	-0.031786114041342	-0.0312388315783538	0.0168104005527974	0.00153892878162012	0.020952827000955	0.00520613479091344	0.00352385309622921	0.0292776895198452	-0.0391223141994851	-0.0318987668333968	-0.0118868253394157	-0.00554545662348946	-0.0220318798162794	-0.0100069318720021
0.0526422124711826	0.0536072490380405	-0.0317970230896202	-0.0312087922307899	0.0168133048825925	0.00155645115228905	0.0209520209411706	0.00521569994055628	0.0034961355361206	0.0292907415416231	-0.0391385876664326	-0.0318992599687588	-0.0119165545565253	-0.00555766207294608	-0.0220324623586193	-0.0100234735598831
0.052598243795871	0.0535794406739701	-0.0318315369770273	-0.0311572742537885	0.0167764440620177	0.00153047563126393	0.0209350308214165	0.00519698873647913	0.0035037546870118	0.0293311954051191	-0.0391349024225655	-0.0318737370705589	-0.011894205606038	-0.00552619361072107	-0.0220349685479663	-0.00999875532448355
0.0525961133952276	0.0535955716485467	-0.0318447314911761	-0.0310797653889376	0.0167763700218642	0.0015404151726264	0.0209350461882408	0.00520574363538547	0.00346843194585227	0.0293553059524662	-0.0391658889253007	-0.0318686478577433	-0.0119201629662708	-0.00553223556664414	-0.0220470678266368	-0.0100144979375002
0.0525710738535015	0.053590335752408	-0.0318733026085261	-0.0310008693189465	0.0167564490296184	0.0015415495236575	0.0209281786147569	0.00520272056194789	0.00345852453512246	0.029371348917049	-0.03917253298134	-0.0318634007857324	-0.0119207496995628	-0.00552535681728802	-0.0220561482228217	-0.0100078203538442
0.0525546299545026	0.0535999763391884	-0.0319070691094779	-0.0308759831377546	0.0167445425347438	0.00155282178778312	0.0209181273146722	0.00520900838705997	0.00340893299909627	0.0294165287775134	-0.0392084899532485	-0.0318445959837253	-0.0119529962818916	-0.00551889017822029	-0.0220811528399471	-0.0100153906102944
0.0525148731860367	0.0535825042599445	-0.0319343089010488	-0.0307900113436593	0.0167313843421798	0.00154518447609955	0.0209099088576327	0.00520257806957699	0.00340142979787943	0.0294486328674713	-0.0392233021749022	-0.031831177952132	-0.0119483848376137	-0.00549934776864621	-0.0221064480297504	-0.0100035148490685
0.0524816612877442	0.0535613846554023	-0.0319559649474579	-0.0307317152001518	0.0167142433481507	0.00152326020875695	0.0209049942678206	0.00518771695348226	0.0033987280307684	0.0294657347459477	-0.0392152751046747	-0.0318125561550327	-0.011946191572689	-0.00548845967512842	-0.0220962975437996	-0.00999126329913894
0.0525043203686858	0.053580221588042	-0.0319356527996841	-0.0307228471455392	0.0167517439874105	0.00156525354865236	0.0209270274999174	0.00521882499382794	0.00339624139919774	0.0294224785324906	-0.0392482048121935	-0.0318528172347328	-0.0119429114541902	-0.00550563140280622	-0.0221463710393156	-0.0100116760297628
0.0524951379926667	0.0535624114386632	-0.0319297924516848	-0.0307527495886683	0.0167562632307426	0.00155613822786668	0.0209303397490489	0.00521469411205579	0.00341562455259258	0.0294164254006953	-0.0392315932751111	-0.0318506225728241	-0.0119298985479651	-0.00550187211878564	-0.0221424105895949	-0.0100080955596978
0.0524780151594299	0.0535405276838574	-0.0319257034794335	-0.0307752144888299	0.0167357205806041	0.00152137986825465	0.0209186930932037	0.00518608248216897	0.00343929365298672	0.0294172286665116	-0.0391931943751209	-0.0318335919405332	-0.0119232838285904	-0.00549525739941089	-0.0220992060645468	-0.00999148961055155
0.0525446932071082	0.0535819482603011	-0.0318790302430427	-0.0308557450301343	0.0167905522037211	0.00156653318602242	0.0209438639514284	0.00522303270972165	0.00343449082189689	0.029349550378269	-0.0392121905639399	-0.0318783596907091	-0.0119293383573697	-0.00553392312335052	-0.0221204374278113	-0.0100256402821112
0.0525164755267174	0.0535465556699402	-0.0318772965858634	-0.0309361763855727	0.016770470558312	0.00153350988057373	0.0209374392218815	0.00519765370087668	0.00348479481977759	0.0293573860616846	-0.0391722801272309	-0.0318691381991372	-0.0118856057723589	-0.00550485328270237	-0.0221044880611584	-0.0099944470257398
0.0525712610493614	0.0535694676049909	-0.031829753028423	-0.0310405129317061	0.0168059441737466	0.00154301076895127	0.0209609323022881	0.00520657344389837	0.00348479621676161	0.0293080795104002	-0.0391617510586084	-0.0318855653343279	-0.0118973166894694	-0.00554220165070315	-0.0220743341609042	-0.0100186302162564
0.0525794613456084	0.0535568137236612	-0.0318068452843243	-0.031154107290996	0.0168055166966339	0.00153008866668804	0.0209594095896971	0.00519425483873544	0.00353448135071771	0.0292829086521755	-0.0391287179742715	-0.0318992920993915	-0.0118551417416503	-0.00553203440094404	-0.0220629375652	-0.0100038585071395
0.0526023872504994	0.0535676920382907	-0.0317940000161827	-0.0312122958667333	0.0168070296303367	0.00152914290850078	0.0209642082298348	0.00519366670845946	0.00354015170888921	0.0292737598037731	-0.0391177279009197	-0.0319042388198362	-0.0118602225725618	-0.00553957392374562	-0.0220391399422753	-0.0100108392363297
0.0526131957159276	0.0535756171286842	-0.0317890253560573	-0.031244045122748	0.0168091432671718	0.00153098832440237	0.02096426550618	0.00519432748190492	0.00353587274681005	0.0292881221965697	-0.039122409194399	-0.0319033545289462	-0.0118630039677625	-0.00553962840612273	-0.0220358640147286	-0.0100142017768862
0.0526354440835648	0.0536008159265895	-0.0317903804305649	-0.0312330620343163	0.0168140913846006	0.00154481008437992	0.0209640950741285	0.00520517645986992	0.00351326116332545	0.029290343401175	-0.039131587379466	-0.0319072353505773	-0.0118896835687379	-0.00555531094882619	-0.0220280772257539	-0.010032700639391
0.0526166322966376	0.0535936493985235	-0.0318146907466281	-0.0312024988177417	0.0167974253651411	0.00153800118422522	0.0209535757843942	0.00520015569927164	0.00351103437078409	0.0293158998269915	-0.0391367646022754	-0.0318962969656345	-0.0118808238960295	-0.00553867286904727	-0.0220392670678219	-0.0100173589607905
0.0526042061237045	0.0535968917984535	-0.031835252954543	-0.0311430864839955	0.0167862732416419	0.00153936603762102	0.0209515655243773	0.00519895010205508	0.00348866167156835	0.0293445338086228	-0.0391519400397766	-0.0318837338882666	-0.0118940994352519	-0.00553136245162636	-0.0220491004383982	-0.0100218726161865
0.0525756531671468	0.0535831133449809	-0.0318660634372906	-0.0310745881661282	0.0167562897734391	0.00151950790965651	0.0209323779487464	0.00518320469507035	0.00347868301465309	0.0293893392773675	-0.039154073234388	-0.0318549322685519	-0.0119033181328557	-0.00551539073322901	-0.02203603444678	-0.0100137687118374
0.0525550686074875	0.053590088486235	-0.0318897548894292	-0.0309713664132495	0.0167438412487616	0.00154047524293962	0.0209309264823409	0.00520010401086259	0.00345774082708249	0.0293997118837788	-0.0391822797389066	-0.0318619940228157	-0.0119097987417637	-0.00551431645251113	-0.0220681748583227	-0.0100202716724898
0.0525356589113961	0.053594215177055	-0.0319235814606943	-0.030851211816962	0.0167366132533983	0.00155112864314063	0.0209264924550345	0.0052044542191272	0.00340875977307675	0.0294428423686734	-0.0392146310950376	-0.0318424669800659	-0.0119489003247202	-0.00550918393319058	-0.0220857517113688	-0.0100244374788627
0.0525173556266553	0.0535918710378553	-0.031939180184356	-0.030772128551111	0.0167424051491803	0.0015528748731762	0.0209243494815349	0.00520566400729585	0.00339175288951431	0.0294579996453821	-0.0392394387374149	-0.031837412691851	-0.0119529431964985	-0.00550665539209907	-0.0221121686793469	-0.0100243452779168
0.0525083422857037	0.053587439804517	-0.0319333519669893	-0.0307497600428474	0.0167490380293474	0.00155801018646481	0.0209294177395901	0.00520863120137229	0.00339353544113462	0.0294505732782868	-0.0392474015463771	-0.0318440120444014	-0.0119441198453748	-0.00550637040735727	-0.0221366270757171	-0.0100233450373525
0.0524659019109192	0.0535486651158232	-0.0319517642164843	-0.0307392044315284	0.0167234955733711	0.00152243179722807	0.0209125477604625	0.00518076416397263	0.00341861968634959	0.0294660686251305	-0.0392143600801361	-0.0318227946509772	-0.0119228801002061	-0.0054829848947209	-0.0221047926036766	-0.00999971365552707
0.0524979361516757	0.0535697022983077	-0.0319201770106169	-0.0307579533541743	0.0167620788752531	0.00155913755257577	0.0209391281755719	0.00521293251519591	0.00341100193244242	0.0294192012079598	-0.0392404403749633	-0.0318592461552317	-0.0119274356651229	-0.00550953457618172	-0.0221348738607614	-0.01002145771193
0.0525083115520551	0.0535654373060688	-0.0318996092147659	-0.0308108780940924	0.01676516760694	0.00154928462422307	0.020941389892714	0.00520562768571111	0.00342716643463569	0.0294025086458038	-0.0392162515965106	-0.0318641816998043	-0.0119248163200696	-0.00551652648124415	-0.0221147530997995	-0.0100178772418651
0.0525309594571244	0.0535687062486954	-0.0318721333328943	-0.0308946915478637	0.0167866755730421	0.00156174013382079	0.0209537783470784	0.00521600448307448	0.00345370354324025	0.029362214038487	-0.0392075288282369	-0.0318877348505241	-0.0119021237115113	-0.00552340523060027	-0.0221243587619792	-0.0100218055609531
0.0525364691621326	0.0535597767267855	-0.031868143546509	-0.0309644848699254	0.0167829987110792	0.00153647148671407	0.02094806747637	0.00519165225749043	0.00346922682976446	0.0293652203481162	-0.0391773875008389	-0.0318729491715669	-0.0119000114716603	-0.00551688969709154	-0.0220815216437306	-0.01000849509713
0.0525575747968346	0.0535565189600311	-0.0318344538796787	-0.0310803954287345	0.0167912744444638	0.0015250106297446	0.0209527222271529	0.00518130898774373	0.00351688633687929	0.0293213941651755	-0.0391439213514532	-0.0318828454064245	-0.011867841723453	-0.00552803762963863	-0.0220545598519814	-0.0100106352766615
0.0525971513543607	0.0535724026684347	-0.0317997947059327	-0.0311781256373972	0.0168097286034797	0.001536222823557	0.0209647837872545	0.00519240942283385	0.00353323943191641	0.0292875899456549	-0.0391358384018646	-0.0319026127304271	-0.0118616586721431	-0.00554190409310509	-0.0220539870885297	-0.0100196067080923
0.0526364820426979	0.0535990599176657	-0.0317825251893729	-0.0312267267117473	0.0168266181403837	0.00155820855819685	0.0209733137717323	0.00520976834637145	0.00352603378829763	0.0292715777147207	-0.039142485251872	-0.0319224694614076	-0.011877268571677	-0.00556082205081845	-0.0220507544674879	-0.0100380105756832
0.052620091229092	0.0535836972843048	-0.0317897070842632	-0.0312637258337409	0.0168059804953313	0.00153696741604416	0.0209620862110956	0.00519015888156401	0.0035441764198752	0.029300605645848	-0.0391266672017178	-0.0319052432513527	-0.0118567119516983	-0.00553604095113766	-0.0220464475657281	-0.0100192197435164
0.0526387898603129	0.0536058157324273	-0.0317957294824099	-0.0312420544205075	0.016805568385043	0.00154817821287253	0.0209606906240512	0.00519955918709149	0.00351823861741884	0.0293064296722626	-0.0391365117481663	-0.0319034648906845	-0.0118826274024102	-0.00555008762554379	-0.0220387906962682	-0.0100340040254896
0.0525860830499033	0.0535704762274595	-0.0318364110543026	-0.0312066283025298	0.0167608411474039	0.00151270459743793	0.0209364599360776	0.00516665602226925	0.00353719149973291	0.029354261008413	-0.0391187211565639	-0.0318698269122633	-0.0118545773601028	-0.0055106381935642	-0.0220259621919348	-0.0100019083174358
0.0526113321392336	0.0536106562820859	-0.0318372017472627	-0.0311089372094199	0.0167814634256319	0.00155087299506342	0.0209438723333326	0.00519796243434697	0.00347196072750815	0.029361919274857	-0.0391721949112052	-0.0318775019425156	-0.0119124991118907	-0.00553762513102593	-0.0220471376758382	-0.0100369418829014
0.0525880877219841	0.0536005323388317	-0.0318615861034794	-0.0310572138757663	0.0167661538776641	0.00154550997337818	0.0209338154453117	0.0051946110696627	0.00346854230759052	0.0293884968959983	-0.0391782508369685	-0.0318703256355614	-0.0119058815985479	-0.00552389976294634	-0.0220621790028726	-0.0100264128142789
0.0525753877401814	0.0536160402585316	-0.0318880324081221	-0.0309429559490628	0.0167591535906975	0.0015725066897281	0.0209359793735718	0.00521610925687662	0.00343127775863144	0.0294087433855228	-0.039216074179539	-0.0318760518730941	-0.0119292210107113	-0.00552032767478558	-0.0221035786245559	-0.0100389563338705
0.0524993932060174	0.053574579169551	-0.0319424798606312	-0.0308372755042941	0.016704393213766	0.00152791635652379	0.0209070352614862	0.00517630219698574	0.00342926749861449	0.0294801586060415	-0.0392036228608934	-0.0318217580888281	-0.0119225811456241	-0.00547591336156885	-0.0220924684105776	-0.0100029462765689
0.0525012190641426	0.0535882067487486	-0.0319408551682061	-0.0307574197062754	0.0167233628598884	0.00155066344745916	0.0209164830644707	0.00519547300880826	0.00339396710919942	0.0294761283071194	-0.0392397055613644	-0.0318281129691736	-0.0119473091599118	-0.00549422642519789	-0.0221140001254082	-0.0100238744942992
0.0524991473368284	0.0535874984778462	-0.0319447820903101	-0.0307319093809318	0.0167320199699128	0.0015546713946368	0.02091939577617	0.00519650817397334	0.00339717039357667	0.0294633724459556	-0.0392428054689235	-0.0318372478477356	-0.0119435917854121	-0.0054983992164909	-0.0221259066202827	-0.010025141558813
0.0524688495472192	0.0535580947580152	-0.0319513870307967	-0.0307408165510972	0.0167178824915448	0.00153237552954263	0.0209129249461502	0.00518263891653882	0.0034228860755725	0.0294678763224633	-0.0392229906474639	-0.0318300841136377	-0.0119145903969813	-0.00547856204328681	-0.0221213580402861	-0.0100037397634971
0.0524799569672295	0.0535636365936561	-0.0319292825525144	-0.0307619179948471	0.0167328791150903	0.00153753738552777	0.0209205901975143	0.00518860543532436	0.00342377874836668	0.0294422598263335	-0.0392197957449908	-0.0318394285398041	-0.0119180339626114	-0.00549499197244549	-0.022111636428432	-0.0100141570733973
0.0525123628057376	0.0535753670685431	-0.031903246961176	-0.0308228753929288	0.0167554948895269	0.00154343405511189	0.0209253469281312	0.00519054584613989	0.0034395772407445	0.0294113431727997	-0.0392118874184057	-0.0318563753530533	-0.0119171440837853	-0.00551578328574101	-0.0221001518227341	-0.0100260076889107
0.052547337697874	0.0535911418121924	-0.0318676238684504	-0.0309100974877295	0.0167893745461851	0.00157060818843343	0.0209445414886822	0.00521027684855781	0.00345787773151728	0.0293642871627852	-0.0392160280790661	-0.0318919425664178	-0.0118975471918341	-0.00552437194354796	-0.0221369260302992	-0.0100309083088825
0.0525347760174901	0.0535576588989984	-0.0318529164205988	-0.0310252760269077	0.016782646671104	0.00153397367927118	0.0209400487880467	0.00518238187147759	0.00349842379595921	0.0293720432181112	-0.039170810500033	-0.0318751787580763	-0.011864354851318	-0.00550546236773877	-0.0221011185356818	-0.0100068354801041
0.0525715236823587	0.0535673386013315	-0.0318149841132741	-0.0311259021834614	0.0168008423880747	0.00153504795998907	0.0209491249932796	0.00518604895455229	0.00352408499557793	0.029319160387714	-0.0391466692190372	-0.0318954950968021	-0.0118531999338508	-0.00552939968906637	-0.0220696235307602	-0.0100178981966255
0.0526039476816592	0.0535821494260012	-0.0317938477449236	-0.0311961844499331	0.0168093053173191	0.00154091808687664	0.0209592866551026	0.00518992977618334	0.00352968690153204	0.0292918381740854	-0.0391330877403125	-0.0319089145253795	-0.01185915387978	-0.0055456354374451	-0.0220419604530287	-0.0100282777879569
0.0526072529458705	0.0535789503325761	-0.0317852898207652	-0.0312596661981542	0.0168110459594185	0.00154040120278611	0.0209642459484036	0.0051902175548932	0.00355360047413117	0.0292958139906304	-0.0391371585517715	-0.0319204508194865	-0.0118292947431558	-0.00552869560911603	-0.0220615433751396	-0.0100194292911207
0.0526246300302005	0.0535974226523844	-0.0317811673208973	-0.0312646408582796	0.0168123297877407	0.00154660241488843	0.020965395666259	0.00519619524955097	0.00353376190394305	0.0292988412550201	-0.0391371487728833	-0.0319129532062058	-0.0118561741128473	-0.0055479083304594	-0.0220407017704191	-0.0100344845879954
0.0526129177161059	0.0535976685215734	-0.0318071623996988	-0.0312247876979158	0.0167843007001937	0.00153068797283625	0.0209462849247497	0.00517688334234158	0.00351802627584651	0.0293327488513588	-0.0391309349879247	-0.031888813322194	-0.0118744354880673	-0.00553747006579877	-0.0220099904735375	-0.010025923869869
0.0526157996941566	0.0536129110143079	-0.0318272580149481	-0.0311675462773497	0.0167801195269966	0.0015451034510259	0.0209420366963192	0.00519018123330846	0.0034928121111169	0.0293451079690585	-0.0391539139782088	-0.0318845231842426	-0.0118909101207149	-0.00553905843663912	-0.0220255933881513	-0.0100352682960353
0.0525691222668138	0.0535863501569748	-0.0318588927182725	-0.0310973464329358	0.0167420698730135	0.00151755911693682	0.0209195662082215	0.0051665261027546	0.00349356508550824	0.0294013826766768	-0.0391566925794414	-0.0318596303258396	-0.0118776401694286	-0.00550430845893126	-0.0220342504981757	-0.0100073803038752
0.0525767959000821	0.053608842996817	-0.0318634678409657	-0.0310166272987875	0.0167558455325181	0.00155078079411754	0.0209279774490568	0.00519451747173279	0.00345999975025651	0.0293931642196374	-0.0391933871589168	-0.0318719391521143	-0.0119021306964315	-0.00552182524166408	-0.0220703862840398	-0.0100281604412985
0.0525228108492864	0.0535873797342038	-0.0319168270429167	-0.030889406757284	0.0167224687901102	0.00153112802280522	0.0209146502214253	0.00517703281963263	0.00343120511546196	0.0294601915133228	-0.0392030487004577	-0.0318400711524571	-0.011920665880521	-0.0054967745240658	-0.022065832116107	-0.010014240892439
0.0525334321188548	0.0536136472248909	-0.0319229025264564	-0.0307946982250748	0.0167461658301849	0.00156195526936117	0.0209264337817054	0.00520102043238526	0.00339093146290558	0.0294600392420637	-0.0392482397367942	-0.0318528745110779	-0.0119500095300388	-0.00551561285368954	-0.0221103749518543	-0.0100389130273656
0.0525004688837193	0.0535902505363823	-0.0319356374328598	-0.0307620367384895	0.0167328944819146	0.00155152259263665	0.0209133412473907	0.00519206297079479	0.00340479513240398	0.0294737911528398	-0.0392441661313672	-0.031842520065459	-0.0119293062267371	-0.00549642946901077	-0.0221279154833156	-0.010021115450843
0.0524958658213455	0.0535885308490432	-0.0319396817016222	-0.0307397953557724	0.0167367180272005	0.00155784953330153	0.0209170753856987	0.00519910516728224	0.00339679460487301	0.0294586604188276	-0.039242778926227	-0.031842764537664	-0.0119356080216894	-0.00550434058956392	-0.0221218567635842	-0.0100237739114492
0.0524774479839144	0.0535663132150547	-0.0319353678149423	-0.0307575202891255	0.0167338346521657	0.00154309738196103	0.0209176341793101	0.00518763872237667	0.00341932516328396	0.0294500326454678	-0.039233994690656	-0.0318462290580546	-0.0119059025533083	-0.00548773324343363	-0.022127981141565	-0.010000595152449
0.0524853912351002	0.053563482925413	-0.0319163380985067	-0.0307845798697567	0.0167446836301307	0.00153660140622871	0.0209237445874506	0.00518006986291049	0.00342948123717084	0.0294337466056641	-0.0392187647707778	-0.031848165277918	-0.0119023625957802	-0.00550368400707054	-0.0221077891344177	-0.010015517735841
0.0525170049836642	0.053575561249323	-0.0318867360069437	-0.0308601203841115	0.0167688765995355	0.00154923852375013	0.0209306820101359	0.00518890718387451	0.0034462981309054	0.029394617083027	-0.0392089439730577	-0.0318703074747691	-0.0118959392632174	-0.00552200405561972	-0.022100292918121	-0.0100268416883757
0.0525378423974326	0.0535827193954849	-0.0318704807007886	-0.0309144071834573	0.0167761912079085	0.00155105460298712	0.020933190993451	0.00518935980669973	0.00345810543991392	0.0293723156299967	-0.0391956167454263	-0.0318803378200934	-0.0118952631229476	-0.00552649116831913	-0.0220903408039022	-0.01002784192894
0.0525599398907947	0.0535794700106347	-0.0318320217304852	-0.0310434968895908	0.0167929466343458	0.00154454186344646	0.0209393963965054	0.00518702684337221	0.00349955954397434	0.0293412830267886	-0.0391742345078867	-0.0318933325655261	-0.0118619227021244	-0.00552759478570161	-0.0220887622119501	-0.0100227988165973
0.0525707846778077	0.0535706676142714	-0.0318062459781761	-0.0311527927290252	0.016793151990998	0.00153088913853635	0.0209472460497613	0.00518108547029918	0.00353432069755443	0.0293147780488167	-0.0391391604298842	-0.0319011961886223	-0.0118384044760054	-0.0055304516180398	-0.0220597901601839	-0.0100148821081081
0.0526323371910855	0.0536135340691846	-0.0317777516949477	-0.0312155829701523	0.0168326433324985	0.00156785473291334	0.0209730581236551	0.00521351366055174	0.00351386466042574	0.0292719702672327	-0.0391559954844112	-0.0319312411241223	-0.0118704163650175	-0.00556612919314256	-0.0220574250662238	-0.01004423413953
0.0526072920614233	0.0535877066284664	-0.0317920456355269	-0.0312619069605359	0.0168016302870667	0.00153196900719035	0.0209635698081338	0.00518457932735435	0.00354402833956818	0.0293069619231775	-0.0391262564884134	-0.0319101522532287	-0.011843493688821	-0.0055358761070223	-0.0220421476488885	-0.0100158585999439
0.0526175780548248	0.0536000042788689	-0.0317919967410859	-0.0312507939525895	0.0168010756844074	0.00153277786094282	0.0209660550427204	0.00517870500951469	0.0035338624867931	0.02931022946882	-0.0391321308062531	-0.0319047612918629	-0.01185698995152	-0.00554791950633162	-0.0220303193851196	-0.0100253762521298
0.05260810929708	0.0535989844805282	-0.0318132895716476	-0.0312115135556774	0.0167844320166924	0.00152677362358852	0.0209525853227181	0.00516923625176981	0.00351992338015716	0.0293390492493271	-0.0391368609941734	-0.031890581903974	-0.0118647599766862	-0.00553816576384494	-0.0220201633112327	-0.0100237585446249
0.0525286684033177	0.0535844083491753	-0.0318739102965784	-0.0308936521917465	0.0167883854814929	0.00156919444059663	0.020960830322454	0.00521538981010196	0.00345373707085693	0.0293671202463949	-0.0392199228705374	-0.0318974466834899	-0.0118930824308792	-0.00552887023211959	-0.0221311201646769	-0.0100297292543625
0.0525499458670552	0.0535910901237834	-0.0318622664347013	-0.0309582054267175	0.0167933014682891	0.00156181696794235	0.0209596442830139	0.0052060006804467	0.0034524392726945	0.0293594074975738	-0.0391992936073892	-0.0318897814321257	-0.0119067407437254	-0.00553571126290694	-0.0220901508140744	-0.0100314964391585
0.0525476659891207	0.0535614517106356	-0.0318344608645989	-0.0310885608003808	0.0167870206280971	0.00153065863617165	0.0209569620736792	0.00518291132842437	0.00352168497701704	0.0293309537268822	-0.0391526678684554	-0.0318936259321721	-0.0118448934668176	-0.00552147320168891	-0.0220746610551668	-0.0100089658807475
0.0525920300109124	0.0535857438659065	-0.031798434043489	-0.0311750438906305	0.016810038733934	0.0015463900733161	0.0209728723247793	0.00519660875682339	0.00352411712621059	0.0292888835528652	-0.0391466147366601	-0.0319172112135245	-0.011851737291573	-0.00554517024176362	-0.0220576108650995	-0.0100248621620074
0.0526027532603149	0.0535855594640147	-0.0317915776458773	-0.031223619819268	0.0168041322854617	0.00154034951437706	0.0209693798647082	0.00519009881125078	0.0035353991692244	0.0292911578428635	-0.0391322481529114	-0.0319128582112918	-0.0118498876847193	-0.00554720983844517	-0.0220347282667134	-0.0100267005929888
0.0526236200107479	0.0536038781155799	-0.0317874747037857	-0.0312381582320521	0.0168051059833295	0.00154190435760073	0.0209653244200736	0.00518702684337221	0.00351989963142867	0.0293024356949253	-0.0391373094260465	-0.0319066095017325	-0.0118653648707706	-0.00555289696042502	-0.0220279207635427	-0.0100334605987025
0.0526205550277895	0.0536070045658355	-0.03180260962875	-0.0312287732933489	0.0167917368461772	0.00153669360717459	0.0209537881259666	0.00517882095918905	0.00352412131716267	0.029320783683155	-0.039138608621193	-0.0319014937462203	-0.0118615678681812	-0.00554324380078838	-0.0220269177290103	-0.0100302894449579
0.052614740780263	0.0536129026324037	-0.0318179680711589	-0.0312010152207035	0.0167854979155061	0.00154860429300121	0.0209522654133755	0.00518664127578035	0.00351294265096696	0.0293400033894185	-0.0391557775549027	-0.0319010718570437	-0.0118655045691734	-0.00553642931269757	-0.0220461877266988	-0.0100296440383368
0.0525832625391498	0.0536027926589897	-0.0318442160040696	-0.0311242216116752	0.016763742683231	0.00153784611899806	0.0209366122073367	0.005177738296567	0.00349378022104862	0.0293796483991621	-0.0391631382637487	-0.0318794423533311	-0.0118718818012633	-0.00552137122185483	-0.0220522743861108	-0.0100188774824294
0.0525871335818927	0.0536175937047712	-0.0318538007114888	-0.0310536529634777	0.0167706312114753	0.00155756454855973	0.0209399915117015	0.00519396985399364	0.00346280489418565	0.0293870510175289	-0.0391965499307573	-0.0318841096769702	-0.0118942964099999	-0.00552811725772825	-0.0220767453553373	-0.0100294680183492
0.0525396584766696	0.0536025733324973	-0.0319042933022134	-0.0309463645900923	0.0167316274174008	0.00154303591466378	0.0209211489911257	0.00518035764162035	0.00345294777488086	0.0294331850180846	-0.0391962370063349	-0.0318601709586586	-0.0118963527704898	-0.00550484909175028	-0.0220760077477703	-0.0100202590996336
0.0525053904584516	0.0535959544221705	-0.0319333310122289	-0.0308267184959911	0.0167186829633931	0.00154128968462821	0.0209135913075318	0.00517867846681815	0.00341995380609677	0.0294756505385817	-0.0392216984372376	-0.0318376431942157	-0.0119181932187907	-0.0054986157490153	-0.022089198070967	-0.0100237934692256
0.0525036190827035	0.053604621311083	-0.0319425902223695	-0.0307544385423587	0.0167264110790385	0.00155234821019747	0.020911886987017	0.00518287500683963	0.00339292495911419	0.0294793776919696	-0.0392446592667293	-0.0318354806629396	-0.0119362590162467	-0.00550456690097653	-0.0221061909846891	-0.0100298787316535
0.0524907402869451	0.053596816361316	-0.0319434437796109	-0.0307321803958333	0.0167319054172224	0.00155390864135726	0.0209103852291864	0.00518807877234563	0.00340306846014481	0.0294692258090348	-0.0392465410042156	-0.0318441573307404	-0.0119232097884369	-0.00550374407738377	-0.022125820007273	-0.0100250325940588
0.0524638762840779	0.0535687677159927	-0.0319459667327662	-0.0307435769915374	0.0167236157139976	0.0015342642519491	0.0209094716016318	0.00517370939462893	0.00342654058579094	0.029466680504135	-0.039229819105395	-0.0318384771936807	-0.0118927192150318	-0.00548525639075117	-0.0221258619167938	-0.0100052485062478
0.0524993065930076	0.0535880377136812	-0.0319148950140053	-0.03078130394221	0.016765416270097	0.00156240789218639	0.0209353130121902	0.00520192009009958	0.00342091074015626	0.0294271207104171	-0.0392459319191792	-0.0318702138768392	-0.0119030429270021	-0.00551160630349593	-0.0221452157335241	-0.0100282233055798
0.0524988232365338	0.0535766467059132	-0.0319024814139284	-0.0308407735523014	0.0167567074716636	0.0015404892127799	0.0209314098388147	0.00518482938749544	0.00344526017177226	0.0294196859614177	-0.0392125523828033	-0.0318632317506649	-0.0118927974461374	-0.00551331900591481	-0.0221070752755791	-0.0100216211590613
0.0525026397968995	0.0535675216062393	-0.0318886289203023	-0.030902268789234	0.016756232497094	0.00153469452302987	0.0209362769311699	0.00517905704948986	0.0034734848370832	0.0293920312655903	-0.0391925978629408	-0.0318696522892597	-0.0118673891006278	-0.00550950244554907	-0.0221013141134458	-0.0100105849852365
0.0525547878136978	0.0535920205151463	-0.0318424264675291	-0.0309933283991609	0.0167982775253984	0.00156024396392631	0.0209540479649959	0.00519908560950584	0.00346881471947607	0.0293585273976359	-0.0391997713759269	-0.0318936343140762	-0.0118823857241733	-0.00553884888903486	-0.0221007315711059	-0.0100346787687753
0.052560101940942	0.0535731277031455	-0.0318189627237872	-0.0311098536309425	0.0167925498908818	0.00153263397158789	0.0209556293509161	0.00518066218413856	0.00352180511764349	0.029324614213361	-0.0391521453964288	-0.0318980655474145	-0.0118457120994582	-0.00553112077338943	-0.0220670754318923	-0.0100181887693034
0.0526019723462429	0.0535943227448252	-0.0317904363099261	-0.0311909625236347	0.0168128732145278	0.00154723524865332	0.020962251055211	0.00519403411525894	0.00352905267078312	0.0292937073387155	-0.0391486529363576	-0.0319164554451651	-0.0118494392528462	-0.00555364574386427	-0.0220550893089282	-0.0100307672134956
0.0526063644640284	0.0535919869875296	-0.0317875417590191	-0.0312275411534358	0.0168034296024954	0.00154170319190063	0.0209578812891699	0.00518695978813884	0.00353985973922726	0.029304827331582	-0.039136840039413	-0.031916399565804	-0.0118403309169806	-0.00554426918706527	-0.0220530441243105	-0.0100270456480438
0.052633735572098	0.0536124961100514	-0.0317777614738359	-0.031249098013979	0.0168147298063016	0.00155391981722949	0.0209606431265942	0.00519419197445416	0.00352684124506607	0.0293010401078808	-0.0391470645655173	-0.0319191586092602	-0.0118550034402315	-0.00555494074805865	-0.0220519586677204	-0.0100426122410729
0.0526300810618795	0.053617089393537	-0.0317961234319059	-0.0312252151750285	0.0167974407319654	0.00154845481571016	0.020955133421586	0.00518760938571207	0.0035150506998659	0.0293229112898304	-0.0391454440640442	-0.0319050211308922	-0.0118707278924558	-0.00555309672914108	-0.0220358765875848	-0.0100422657890339
0.0526125195756578	0.0536142130034224	-0.0318203904414642	-0.0311890877710685	0.0167887081848035	0.00155469793733334	0.0209478313860692	0.00519349487942396	0.0035081286440049	0.0293435265831383	-0.039163005550266	-0.0319001414656808	-0.0118607073260197	-0.0055373094126355	-0.0220599871349319	-0.0100324910917868
0.0525626095272731	0.0535920414699067	-0.0318594822455325	-0.0311042838556211	0.0167455483632443	0.00151913770888897	0.0209280067857214	0.00516504250571638	0.00349704357573909	0.0294030283238624	-0.039156477443901	-0.0318605551292664	-0.0118686407983173	-0.00550961420427134	-0.0220412773278388	-0.0100121272556039
0.0525723828275362	0.0536140635261313	-0.0318657351460439	-0.0310235661184569	0.0167598143641429	0.00154864759950609	0.0209343379173384	0.00518874094277512	0.0034633427330366	0.0293938696965718	-0.0391901112313701	-0.0318715465996023	-0.0118931103705597	-0.00553102158752341	-0.0220659704175258	-0.0100341381359563
0.0525384347186607	0.0536076527664247	-0.031905897039878	-0.0308975874957547	0.0167403725374189	0.00154997054338104	0.0209241273610744	0.0051895497965276	0.00342724885669337	0.0294426677456698	-0.0392155209738637	-0.0318553373939201	-0.0119185871682867	-0.00551273366960689	-0.0220839370291158	-0.0100304235554246
0.0525159768034192	0.0536056690491043	-0.031936625100568	-0.0307934227786568	0.0167302304333723	0.00154769625338271	0.0209186344198745	0.00519042710249747	0.00340181815943934	0.029467662583907	-0.0392377106681717	-0.0318427254221112	-0.0119318361648126	-0.0055105152589697	-0.0220955096448075	-0.0100297697668993
0.0525168680792294	0.0536144504907072	-0.0319320904904116	-0.0307553829035619	0.0167492936774246	0.00156975463119204	0.0209261641637879	0.00520772455873782	0.00339186883918867	0.0294604178247354	-0.0392630603403521	-0.0318617942540996	-0.0119299614122464	-0.00551460842217308	-0.0221422499364316	-0.0100373945057266
0.0524680281206105	0.0535743053606815	-0.0319550024254623	-0.0307405427422276	0.0167202797161376	0.00153571152740258	0.0209100248073071	0.00517958231548456	0.00342722790193294	0.029476107352359	-0.0392307858183427	-0.0318404720868733	-0.0118999891199159	-0.00548512786822056	-0.0221305613710655	-0.0100087856698079
0.0524894452827508	0.0535837643395381	-0.0319320653446991	-0.0307441818856218	0.0167484694568478	0.00155844744246571	0.0209223671611985	0.00519914428283504	0.00341641384856866	0.0294461378539965	-0.0392475007322432	-0.0318587963263746	-0.0119095961790796	-0.0055039661978443	-0.022144281151209	-0.0100238018511298
0.0524862783199583	0.0535736906877089	-0.0319251516707422	-0.0307740368312939	0.016741703863198	0.0015371308631755	0.0209172108931495	0.00517977230531243	0.00343132944704049	0.0294363771265897	-0.0392200905086208	-0.031846987620382	-0.0119049623830572	-0.00550190285243426	-0.0221168709275867	-0.0100134907120157
0.0525075054922707	0.0535753824353674	-0.0318995212047721	-0.0308449882531152	0.0167559572912404	0.00154092367481276	0.0209220765885206	0.00518568853267294	0.0034553505874098	0.0294041836296539	-0.0392070217230346	-0.0318632219717767	-0.0118892337398808	-0.00551295159911533	-0.0221071996071577	-0.010022930133096
0.0525104014401616	0.0535663425517193	-0.0318855834951202	-0.0309101980705795	0.0167615130967215	0.00153405191037678	0.0209323262603374	0.00518024727988211	0.00348225230884579	0.0293848395918118	-0.0391857302894569	-0.0318732453321809	-0.0118653495039462	-0.00551186614252521	-0.0221051977290449	-0.0100148038770025
0.0525495421386709	0.0535763365754588	-0.0318358033662502	-0.0310259996646344	0.0167966975364623	0.00154482824517229	0.0209515962580259	0.00518843081232081	0.00349642610879852	0.0293402059521027	-0.0391784631785408	-0.0318936049774116	-0.0118598928843311	-0.00553133171797773	-0.0220978635628955	-0.0100211042749708
0.052581897685754	0.0535849769216748	-0.0318019502522886	-0.0311392880844221	0.0168166702171171	0.00155235100416553	0.0209708089793693	0.00519838991145967	0.00352189731858937	0.0292937939517252	-0.0391609268380316	-0.0319162570734331	-0.011847318631091	-0.00554397023248318	-0.0220834788183545	-0.010027596059751
0.0526202337214629	0.053606929128698	-0.0317840213592674	-0.0312061840616088	0.0168295923193803	0.00156308263547213	0.0209811159275312	0.00520418180724165	0.00351919555147833	0.0292733672512611	-0.0391501505032361	-0.0319273630964593	-0.0118633643896418	-0.00556546981668113	-0.0220581514979185	-0.0100429936177127
0.0526216949667567	0.0536072504350246	-0.0317943394833016	-0.0312403291452323	0.0168142003493548	0.0015464389677571	0.0209733235506205	0.00519285785470698	0.00352640119509711	0.0292934698514306	-0.0391393238770156	-0.0319149047928935	-0.0118594221007135	-0.00555424085906039	-0.0220422733774511	-0.0100308035350804
0.0526059439718359	0.0535963497686505	-0.0318036308240748	-0.0312436972737249	0.0167909615200414	0.00152872101932418	0.0209644792447363	0.00517811268828662	0.0035385898807454	0.0293177731825737	-0.0391304656012911	-0.0319021573136338	-0.011844573557475	-0.00554185100771201	-0.0220350467790719	-0.0100195089192103
0.0526163766485604	0.0536149184803568	-0.0318212719383862	-0.0311883599423897	0.016785099775058	0.00153555506519139	0.0209557564764627	0.00518116928934089	0.00350697892614948	0.0293334361675008	-0.0391453127475456	-0.0318908529188756	-0.0118766091952156	-0.00555374772369835	-0.0220202331604341	-0.0100329032020751
0.0526074373477623	0.0536179373628422	-0.0318277748990387	-0.0311458231757072	0.0167883198232436	0.00155712589557479	0.0209583953792924	0.00520198016041281	0.00349575974741694	0.029344836954157	-0.0391786825050333	-0.0319029661673863	-0.0118664824579933	-0.0055400000038743	-0.022080067383357	-0.0100299960783119
0.0525858190199219	0.0536160779771004	-0.0318591832909505	-0.0310719548512345	0.0167643545622354	0.0015452752800614	0.0209421861736102	0.00518983897222149	0.00346390432061604	0.0293910561707385	-0.0391803630768195	-0.0318745389393913	-0.0119020929778627	-0.00553247165694495	-0.0220564234286753	-0.0100214842546265
0.0525670281877551	0.0536168002178431	-0.0318899993616342	-0.0309762153448123	0.0167449825847128	0.00154762919814935	0.0209325819084146	0.00519328812578775	0.00345065672107419	0.0294013673098525	-0.0391921801647163	-0.031867848782879	-0.011907115135445	-0.00552980481443463	-0.0220642842578035	-0.0100268863918646
0.0525441665441294	0.053618413734396	-0.0319173984093843	-0.0308743542543774	0.0167427963047083	0.0015654030259434	0.0209269311080195	0.00520511638955669	0.00341775914418806	0.0294448679955146	-0.039234286660318	-0.0318630613186135	-0.0119197173283657	-0.00551334973956344	-0.0221158902447987	-0.010027396291035
0.0524922308689035	0.0535938365943833	-0.0319575100117934	-0.0307795283755098	0.0167138158710379	0.00153885893241869	0.0209089253808767	0.00518380260423453	0.00340842589389394	0.0294836804027772	-0.0392296053668386	-0.0318283392805862	-0.0119265695350253	-0.0054889542074745	-0.0221028270471486	-0.0100102427241496
0.0524780975814876	0.0535866770512375	-0.0319482410227646	-0.0307434596448791	0.0167214308309771	0.00154343405511189	0.0209127852477473	0.00519112699149573	0.00340969295840775	0.029478465461399	-0.039244744482755	-0.0318379798673665	-0.0119156241651623	-0.00548775419819405	-0.0221337688463949	-0.0100101379503474
0.0524890806699193	0.0535970789943134	-0.0319415271175238	-0.0307307107686354	0.0167442826957146	0.00156505657390434	0.0209246624059573	0.00520327237063913	0.003398659578551	0.0294575079070041	-0.0392575660021682	-0.0318537071135589	-0.0119250929229072	-0.00550303440949731	-0.0221447351710183	-0.0100232276906941
0.0524605640349464	0.0535668412750174	-0.0319477590632748	-0.0307467104267133	0.0167232315433897	0.00153066143013971	0.0209089309688128	0.00517895786362384	0.00342979974952933	0.0294587861473901	-0.0392224025171879	-0.0318357544718092	-0.0118993171705982	-0.00548684755555958	-0.0221200993576764	-0.00999888245003014
0.0525085224966434	0.0535955101812494	-0.0319050085580359	-0.030788963605638	0.0167666973044511	0.00156201254570634	0.0209328389534758	0.0052039387320207	0.00342245999544382	0.0294117273434076	-0.0392398229080228	-0.031873693764054	-0.0119097191136741	-0.00552295400475908	-0.0221356645537215	-0.0100278810444928
0.0524985731763927	0.0535692664392908	-0.0319038267095478	-0.0308659011040212	0.0167548257341773	0.00153442769908043	0.02092371664777	0.00518236650465327	0.00346510432989649	0.029397710005666	-0.0391930211491014	-0.0318646441015177	-0.0118761272357258	-0.00551012689740979	-0.0221025197106623	-0.010009823628941
0.0525206050115055	0.0535744897625732	-0.0318762739935546	-0.0309320916042735	0.0167743541739111	0.00154168503110826	0.0209356007909001	0.00518698633083538	0.00347680965907093	0.029374636020468	-0.039192558747388	-0.0318804537697677	-0.0118676182060085	-0.00551420189982079	-0.0221079134659962	-0.0100140550935632
0.052570410286088	0.0535896274815056	-0.0318228253846258	-0.0310613461545224	0.0168098319802978	0.00155671099131835	0.0209547841755789	0.00520015709625567	0.00350021752345175	0.0293169070524761	-0.0391762363859995	-0.0319068008885444	-0.0118593648243683	-0.00554358885584341	-0.0221005318023898	-0.0100279522906783
0.0525961119982436	0.0535917033997719	-0.0317956484573362	-0.0311643904904295	0.0168223238114803	0.00155690936305039	0.0209691312015511	0.00520169657265503	0.00352661213968541	0.0292832648831028	-0.0391555191128575	-0.0319244839123766	-0.0118455095367741	-0.00554949251034767	-0.0220869670874735	-0.0100257422619453
0.0525907559614785	0.0535779207553471	-0.0317981434708111	-0.0312237930452875	0.0167998910419513	0.00153011800335264	0.0209652056764311	0.00518062725953785	0.00354930754221172	0.0292948738203792	-0.0391257829108277	-0.0319105727454213	-0.0118320007012189	-0.00553844236668257	-0.0220481784289394	-0.010011786391501
0.0526322240353792	0.0536071624250308	-0.0317848609466685	-0.0312383607947362	0.0168212648975867	0.00155334705377782	0.0209760071569392	0.00520126350760621	0.00352365332751314	0.0292887326785901	-0.0391485537504916	-0.0319207148494679	-0.0118600242008298	-0.00556309075288066	-0.0220481728410033	-0.0100398769463452
0.0526099030245725	0.0535926198212945	-0.0318063102394414	-0.0312388217994656	0.0167986086106132	0.00153585401977348	0.0209665607509387	0.0051900066103049	0.00353307179383299	0.0293172171829304	-0.039137727124271	-0.0319078989179908	-0.0118487728914646	-0.00554240700735533	-0.0220427776886854	-0.0100191261455865
0.0526196344153147	0.0536128341801863	-0.0318165166047533	-0.0311994966990646	0.0168031991001307	0.00155606837866525	0.0209701454119558	0.00520689055927283	0.00350413466666754	0.0293252945445829	-0.0391619033298675	-0.0319071529285196	-0.0118762124517515	-0.00555091464008864	-0.0220528946470195	-0.0100331099557114
0.0525876867875679	0.053604132366673	-0.031849782985423	-0.0311149693864547	0.0167702903473723	0.00153648126560226	0.0209516535343711	0.00518900217878844	0.00348819088795076	0.0293659230310825	-0.0391613962246652	-0.0318777003142477	-0.0118888034688	-0.00553684002600193	-0.0220423739603012	-0.0100214940335147
0.0525639492349564	0.0535990585206817	-0.0318764709683026	-0.031046595400166	0.0167497490942179	0.00152624416664173	0.0209392483161984	0.00517910035599474	0.00347594213198926	0.0293986012814762	-0.0391750754922718	-0.0318616517617287	-0.0118896528350893	-0.00552342897932875	-0.0220428880504236	-0.0100161296148455
0.052564957857425	0.0536216365765496	-0.0318883369506403	-0.0309477531922165	0.0167649510744156	0.00156869292333042	0.0209475883108483	0.00521245195269012	0.00344109855635149	0.0293980452818328	-0.0392246041640167	-0.031886749976784	-0.0119016752796382	-0.00553013170869729	-0.0221069006525756	-0.0100332706088746
0.0525086146975892	0.0535946412571837	-0.03194143910753	-0.0308288363237782	0.0167207449118191	0.00153617672308406	0.0209215317647495	0.00518686479322491	0.00341721012946488	0.0294678330159584	-0.0392184965498443	-0.0318375034958128	-0.0119215180407784	-0.00550587447802716	-0.0220852585760067	-0.0100146907212962
0.0525065960556681	0.0536071959526474	-0.0319406414296498	-0.0307551943107181	0.0167389098951411	0.00156469056408889	0.0209278279717658	0.00520435922421327	0.00339815945826881	0.0294608522867682	-0.0392579543637281	-0.031854497806519	-0.0119256377466783	-0.00551336929733984	-0.0221376356981857	-0.0100236607557429
0.0525009229035286	0.0536052778935764	-0.0319415536602203	-0.0307295526688758	0.0167453513884963	0.00156518649341899	0.0209295532470409	0.00520476574656555	0.00339058640785055	0.0294551344311398	-0.0392503729314057	-0.0318521243306547	-0.0119364518000426	-0.00551931067041286	-0.022133921117654	-0.0100334913323511
0.0524696891346203	0.0535746476217684	-0.0319486475451169	-0.0307333384955929	0.0167309261314185	0.00154242403565932	0.0209222805481887	0.0051907428208879	0.00341534375880286	0.0294563106916917	-0.039235271534058	-0.0318415826891759	-0.0119101745304673	-0.00549690025262836	-0.0221289227088002	-0.0100075269871982
0.0524997871555134	0.0535938156396229	-0.031928183126084	-0.0307502014898004	0.0167561514720203	0.00155993802442408	0.0209352571328291	0.00520550754508466	0.00340679561353273	0.0294224156682093	-0.0392408916008045	-0.0318588480147836	-0.0119261658066411	-0.00552084874982819	-0.0221312347173673	-0.0100232947459274
0.0524800086556385	0.0535596649680632	-0.0319155962999876	-0.0308192879379437	0.0167399939547472	0.00152185344584029	0.0209261851185483	0.005176609533472	0.00345829682672582	0.0294204962121542	-0.0392002756871612	-0.0318494127846554	-0.0118898414279331	-0.00550452918240776	-0.0221049909754087	-0.00999917441969209
0.0525283918004801	0.0535906584557186	-0.0318796854285521	-0.0308782825734654	0.0167789670151731	0.00155825605565382	0.0209485508328439	0.00520518903272617	0.00345453335175315	0.0293635802888668	-0.0392097612087144	-0.0318864356553776	-0.011898030548308	-0.00553591941352718	-0.0221129565783389	-0.010027055426932
0.0525352803287244	0.0535774974691865	-0.031860682254813	-0.030978213031973	0.0167859002469063	0.00154028944406384	0.020947526843551	0.00519430792412852	0.00348191842966299	0.0293597176280281	-0.039186131223873	-0.0318836821998575	-0.0118766357379121	-0.00552534284744774	-0.022101620052948	-0.0100101309654273
0.0525878600135875	0.0535987176565787	-0.0318136234508304	-0.0311039332126299	0.0168236160217066	0.00156041439597778	0.0209673835745315	0.00520953784400676	0.00350789953862423	0.0292926484248219	-0.0391715942080729	-0.0319205988997935	-0.0118645127105132	-0.00555318473913488	-0.0220925815662839	-0.0100280486825763
0.0525810748621613	0.0535752804555333	-0.0318078692736172	-0.0311939562604077	0.0168035315823295	0.00152674009597183	0.0209558598532808	0.00518017743068068	0.00355162932966701	0.0292952510060669	-0.0391248245797842	-0.0319079380335436	-0.011834015152188	-0.00553764049785024	-0.0220551996706664	-0.0100081011476339
