0.052689751837671	0.0536671265674682	-0.0314905611153616	-0.0313110319038966	0.0167671680880687	0.00138959258596212	0.0209636410543193	0.00506372763603659	0.00354392077179799	0.0292817309946395	-0.039207925571701	-0.0320226890956091	-0.0120279807966031	-0.00557214879732118	-0.0218838931071929	-0.00985042914827814
0.0527175602017415	0.0536972371612176	-0.0314886807748593	-0.0313084586593161	0.0167835994142114	0.00142390530766908	0.0209742609269036	0.00509001608148409	0.00352445519634547	0.0292843712944533	-0.0392436185136281	-0.0320413947117501	-0.0120344823602715	-0.00558245015754702	-0.0219282808777131	-0.00986803952894086
0.0526782406892765	0.0536706581430922	-0.0315291625780359	-0.0312711787435327	0.0167455763029249	0.00140152841750126	0.0209589918914726	0.00507523878443107	0.00352941448964649	0.0293271944428616	-0.0392338088917802	-0.0320161400344837	-0.0120224599157226	-0.00554695838132005	-0.0219262496629357	-0.00984088495339572
0.0526534344438832	0.0536673766276093	-0.0315559134251968	-0.0311870425864509	0.0167245027988556	0.00138892622458055	0.0209457862014516	0.00506306127465501	0.00350125548258489	0.0293709633494572	-0.0392437959305997	-0.0319887326048294	-0.0120456344837707	-0.00553977928039781	-0.0219177294573461	-0.00983667863448604
0.0526441584699343	0.053672316363134	-0.0315706208730484	-0.0311132818297484	0.0167211053336984	0.00139983387587474	0.0209434839717727	0.00506889507995785	0.00349037018303516	0.0293757466227706	-0.0392676675936779	-0.0319906101513636	-0.0120487190245055	-0.00554141095774304	-0.0219425845971804	-0.00984101487291037
0.0526329239243774	0.0536852664050777	-0.0315976581019352	-0.0310053145221251	0.0167243100150597	0.00142619496449172	0.0209438499815881	0.00509172459295089	0.00344473630276159	0.0294114954440588	-0.0393124297559178	-0.0319922557985492	-0.012077119709804	-0.00553594875019178	-0.0219875702768648	-0.00985220471497831
0.0525472566728004	0.0536331714736726	-0.0316598336700897	-0.0308949346230846	0.0166619556329495	0.00137117195456289	0.0209143973673162	0.00504334005112529	0.0034540639651196	0.0294796528978232	-0.0392845277939174	-0.0319343801472342	-0.0120684178962908	-0.00549763087527524	-0.0219531639572279	-0.0098121210522498
0.0525823447206431	0.0536704276407275	-0.0316393189596318	-0.030831035176639	0.0167106558931656	0.00141955929035655	0.020940455310399	0.00508430660775979	0.00340707640732246	0.0294430812529422	-0.0393375056192286	-0.0319689848386031	-0.0120996698259914	-0.00553319669165572	-0.0219989445208245	-0.00984925149074215
0.0525526811617829	0.0536408758405895	-0.0316494247420936	-0.0308252488687931	0.0166981808257915	0.00140042340313475	0.0209326070541271	0.00506812115080609	0.00343309104390038	0.0294452242264419	-0.0393186211891319	-0.0319636008621575	-0.0120706824074009	-0.00551095949989075	-0.0220066586666296	-0.00982600847047669
0.052539184899084	0.05362617258369	-0.0316377752922803	-0.0308299385441766	0.0167031918075015	0.0014019475127098	0.0209396296928382	0.00507042757143707	0.00344523223209169	0.0294258718066957	-0.0393130961172993	-0.0319651836450617	-0.0120596141029434	-0.00551220700662816	-0.0220087108361674	-0.00982513256149084
0.0525716396320331	0.0536504465781685	-0.0316143059606023	-0.0308619462422366	0.0167249847583455	0.00141213990818142	0.0209441223934737	0.00507820597850752	0.00343664916222085	0.0293954287307475	-0.0393130514138104	-0.0319789299679017	-0.0120784342717748	-0.00553511754469485	-0.0219901365365251	-0.00984169520413223
0.0525829649815518	0.0536429070553669	-0.031589994247555	-0.030958378652737	0.0167403557736106	0.00141671503087461	0.0209543748592585	0.00508110472036656	0.00347367901786316	0.0293662303675688	-0.0392972557154007	-0.0319997017234208	-0.0120415608783437	-0.00553228585806917	-0.0220018558355398	-0.00983729889539467
0.0526000067897149	0.0536462919476678	-0.0315768192911827	-0.0310101802174962	0.0167446123839453	0.00140988517595949	0.0209586538213377	0.0050787452143425	0.00347815914564242	0.0293490293032264	-0.0392755870961353	-0.0319991331509212	-0.0120504694454932	-0.00554114972172972	-0.0219743534109716	-0.00983769144790667
0.0526149782675479	0.0536358718437996	-0.031539965455528	-0.0311329401889968	0.0167540629808978	0.00139193253420979	0.0209622929647318	0.00506430179647229	0.00352115971102234	0.0293239688067399	-0.0392487915454854	-0.0320049487954317	-0.0120162754674286	-0.00554193622373774	-0.0219545316045918	-0.00982917962422128
0.0526510693499231	0.0536477112834407	-0.0315061542510872	-0.0312323006780208	0.0167701045484965	0.00139858636913733	0.0209716513607384	0.00506961452673251	0.00354339271183523	0.029279839478265	-0.0392299113063408	-0.0320235524317387	-0.0120105157022793	-0.00556208213041212	-0.0219339749846131	-0.00983347814407684
0.0526753922388425	0.0536559409163524	-0.0314953318158188	-0.0312923779761646	0.0167686782278035	0.00139394139724271	0.0209653076562652	0.00506552834844927	0.00355495275467071	0.0292699641981678	-0.039211511629702	-0.0320251799181318	-0.012010600918305	-0.00556771057906277	-0.0219079980666039	-0.00983899483400522
0.0527111592209231	0.0536801520465496	-0.0314776250432581	-0.0313384854340238	0.0167913470876333	0.001418599562329	0.0209767112368895	0.00508325747275442	0.00354682091064106	0.0292654756884844	-0.0392310205116594	-0.0320418948320323	-0.0120150894279885	-0.0055785022806826	-0.0219369617364659	-0.00985394396009373
0.0526989509774984	0.0536716541927045	-0.0314953094640743	-0.0313462233285574	0.0167657725010243	0.00139905994672298	0.0209630724818197	0.00506760706068362	0.00355689735643832	0.0292881585181544	-0.0392103716907348	-0.0320219612669303	-0.0120141548456734	-0.00556265908481587	-0.0219176093167197	-0.00984288403754044
0.0527150861430271	0.053693131425158	-0.0315074492552816	-0.0313093680959187	0.0167651885617004	0.00141081417033841	0.0209591804843164	0.00507502504587472	0.00352528919581046	0.0292996445208364	-0.0392274959209556	-0.0320189018719079	-0.0120424325963774	-0.00557245194285535	-0.0219135887966858	-0.00985167106707944
0.0526575751045436	0.0536564298607623	-0.0315505434185914	-0.0312467608596994	0.0167214238460569	0.00137518548967665	0.0209379910305728	0.00504889585660646	0.00354015310587324	0.0293475666609486	-0.0392169011940838	-0.0319868047668701	-0.0120173986425875	-0.00553440927379242	-0.0219115994914293	-0.00982080330798666
0.0526827711084808	0.0536905442107373	-0.0315458663160642	-0.0311823151924986	0.0167494808732844	0.00141227262166412	0.0209554533309285	0.00507818222977903	0.00349170011183025	0.0293512379349754	-0.039268014045717	-0.032001819551208	-0.012055078095803	-0.00556013054372436	-0.021944674485287	-0.00985374419137766
0.0526330580348442	0.0536670050298578	-0.03159171253791	-0.0310799693486058	0.0167099601951194	0.00139295792048668	0.0209406760338755	0.00506371785714839	0.00348957390213894	0.0293840698536122	-0.0392602607843591	-0.0319785094757091	-0.0120560867182716	-0.00553925680837116	-0.021937949404174	-0.00983727374968216
0.0526195394204008	0.0536803085087608	-0.0316179716466929	-0.0309586398887503	0.0167058740168362	0.00141495622798279	0.0209338852945131	0.00507648489418446	0.00343772204595471	0.0294260282689069	-0.0393060329660515	-0.0319733867352768	-0.0120891854608578	-0.00553755388484048	-0.0219630909257342	-0.00984893716933575
0.0525835642877	0.0536633100071025	-0.0316429944246107	-0.0308824986712633	0.0166886519977334	0.00140685372061774	0.020921558307446	0.005069835250209	0.00343348639038043	0.0294544038084929	-0.0393122802786267	-0.0319603221406427	-0.0120821111337377	-0.00551677793836927	-0.0219883595728409	-0.00983631960959072
0.052559511016698	0.0536476386402713	-0.0316523849512499	-0.0308426930083565	0.0166851176281414	0.00139437865324362	0.020919543856477	0.00506104822067001	0.0034422231284944	0.0294571726308373	-0.0393112325406054	-0.0319527253414959	-0.0120704686688445	-0.00550989639504509	-0.0219939726546672	-0.0098332602145684
0.0525684070109912	0.053657004021198	-0.0316447406546462	-0.0308293043134277	0.0167046754045398	0.00141342233951954	0.0209358159264405	0.00507917548542327	0.00342838739867656	0.0294311552002913	-0.0393241518489005	-0.0319674774928364	-0.0120798340497713	-0.00552543085744153	-0.0220023992623269	-0.00984470430772952
0.0525477861297472	0.0536314657561738	-0.0316420710181678	-0.0308493887528048	0.0166980243635803	0.00139479076353202	0.0209337916965832	0.00506885875837311	0.00345334172437688	0.0294235430343202	-0.0393018797325349	-0.0319639361383243	-0.0120591265555175	-0.00551462518598142	-0.0219928899920452	-0.00982768485131083
0.0525623538791959	0.0536336506391943	-0.0316168414866139	-0.0308923320418396	0.0167140673281631	0.00139431578896234	0.0209419221436289	0.00506782499019206	0.00346484728483525	0.0293969612222268	-0.0392922964220996	-0.0319764363514109	-0.0120532759864063	-0.0055264995502233	-0.0219867041467672	-0.00983155729103772
0.0525987089915525	0.0536462458471949	-0.0315798158219237	-0.030974530582074	0.0167471143823402	0.00141607521218958	0.0209603064534433	0.00508556109941734	0.00348137639985995	0.0293470386009858	-0.039291972321805	-0.0320088575567433	-0.0120404125574723	-0.00554749901413906	-0.0219966171454331	-0.00984272198739314
0.0525649187418722	0.0536046101352108	-0.031587879213736	-0.0310356570152231	0.0167123853593928	0.0013594638314204	0.0209369768201681	0.00504037146006482	0.00352123514815988	0.0293686359740658	-0.0392361991314529	-0.0319732456398899	-0.0120118861436112	-0.00552078309157885	-0.0219353007224561	-0.00980764651240665
0.0526551541312223	0.0536553499921083	-0.0315168663246174	-0.0311367749101549	0.0167809172048768	0.00140841554876155	0.0209735009675921	0.00507957781682346	0.00351225114387287	0.0292781351577503	-0.0392521121765211	-0.0320255696766758	-0.012034996450394	-0.00558189136393563	-0.0219374674446842	-0.00985762361602469
0.0526777601267708	0.053657347679269	-0.0314889853173775	-0.0312463347795707	0.0167880557932622	0.00140951916614403	0.0209783596780431	0.00507835685278259	0.00354902814540602	0.0292484827747622	-0.0392313390240179	-0.0320494553095943	-0.0120066460565205	-0.00557759144709604	-0.021943002295405	-0.00984355598685813
0.0526892642902451	0.0536614534153287	-0.031493037968044	-0.0313069373437092	0.0167765376599476	0.00139750929445139	0.0209702390098857	0.00506621287062321	0.00356187341354768	0.0292577294120466	-0.0392068484970151	-0.0320373700007641	-0.0120044178669951	-0.00557283751044721	-0.0219137508468331	-0.00984561933226816
0.0526783175233981	0.0536510430903486	-0.0314979050603992	-0.0313453991079806	0.0167582371691748	0.00138164514382423	0.0209586440424495	0.00505200274908575	0.00357593824874618	0.0292843782793734	-0.0391950411880065	-0.0320204441422754	-0.0119856368137165	-0.00555546461706932	-0.0219059668518265	-0.00983434846512657
0.0526969141747849	0.0536728807446814	-0.031499223813322	-0.0313261542560046	0.0167595335703532	0.00139025056543953	0.0209560735918371	0.00505835064451106	0.00355385472522434	0.029294861247523	-0.0392102403742361	-0.0320215170260092	-0.0120090614419057	-0.00556670754453034	-0.0219035081599365	-0.00984630664841016
0.0527019544931596	0.0536848054003484	-0.0315105673236331	-0.0312955211902286	0.0167621822520712	0.00140950659328777	0.020957247058421	0.0050763102711809	0.00353258704037512	0.0293104962927695	-0.0392298763817401	-0.0320248139083164	-0.0120223272022399	-0.00556736692099177	-0.0219302967256661	-0.00985431974879739
0.0526784292821204	0.0536812402971077	-0.0315374229445962	-0.0312156472314176	0.0167409592707109	0.00140187347255629	0.0209539725278583	0.00508119412734439	0.00350830187002443	0.0293418669661125	-0.0392441703223193	-0.0320095811944701	-0.0120428796312665	-0.00555863856478197	-0.0219316490062057	-0.00984784891877758
0.0526693698406958	0.0536830661552329	-0.0315545066622802	-0.0311535610702409	0.0167339561897762	0.00140709679583869	0.0209543678743384	0.00508243884011374	0.00348299271038088	0.0293584673273226	-0.0392623492754816	-0.0319969817955174	-0.0120584210785831	-0.0055613054072923	-0.0219316336393814	-0.00985299680492244
0.0525973567110129	0.0536454076567778	-0.0316095771696659	-0.0310432286686574	0.016682841941159	0.00137828958818788	0.0209302768847676	0.00505439159177441	0.00349233993051528	0.0294120039462452	-0.039260601648462	-0.0319677862263067	-0.0120345005210639	-0.00551854232919721	-0.0219405924979559	-0.00981807918913117
0.05263138165401	0.0536959728906718	-0.0316181770033451	-0.0309157734338371	0.0167137152881879	0.00143068766512724	0.0209409666065534	0.00509494324415246	0.00341029226455596	0.0294158987377165	-0.0393229797793007	-0.0319784871239647	-0.0121057522944513	-0.00555742877661333	-0.0219725052011019	-0.00986275473836121
0.0525564544156437	0.053643062120594	-0.0316544804272926	-0.0308615299409962	0.016674103806061	0.00139038327892223	0.0209186553746349	0.00506161260221751	0.00344372628330902	0.0294572452740068	-0.0393044767258438	-0.0319540832099716	-0.0120605612581147	-0.00550559927217356	-0.0219925142033415	-0.00981199811765529
0.0525195167609473	0.0536195131608263	-0.031665445354932	-0.0308147603127075	0.016657953273708	0.00136701313311018	0.0209188663192232	0.00504825603792143	0.00345236383555696	0.0294651228669432	-0.0392955709526623	-0.0319373543262308	-0.0120509178773663	-0.00550375665024002	-0.0219698621073201	-0.0098109378067777
0.0525649760182173	0.053653170697024	-0.0316363028711144	-0.0308193242595284	0.0167108333101372	0.00141155596885752	0.0209489028728191	0.0050844840247314	0.00342426350182456	0.02941940935858	-0.0393314943969541	-0.0319714449274772	-0.0120732067575403	-0.0055365732020525	-0.0220036844876331	-0.00984556484989105
0.0525485167523941	0.0536328222276655	-0.0316272587965141	-0.0308525249819487	0.0167068239659755	0.00139540962745662	0.0209433959617789	0.00507005876765356	0.00344817148648757	0.0294120249010056	-0.0393053959413345	-0.0319725932483486	-0.0120563172206363	-0.0055274620722189	-0.0219893430495969	-0.0098263283798192
0.0525663045500284	0.0536368189989709	-0.0316042183389328	-0.0309097496387064	0.0167248352810544	0.00139621009930493	0.0209498514249744	0.00507021103891266	0.00346095249336392	0.0293871432184748	-0.0392950289228593	-0.0319787665207704	-0.0120519181179307	-0.00554011735053269	-0.0219767855601651	-0.00983574265518697
0.0525868877127037	0.0536405489463268	-0.031576639080243	-0.0309897716778245	0.0167436303041733	0.00141212174738905	0.0209637067125686	0.00508489334105174	0.00348792825495341	0.0293446497582972	-0.0392866721644011	-0.0320089441697531	-0.0120289656703431	-0.00554450108641399	-0.0219949156188864	-0.0098339573095986
0.0526265452953035	0.0536557984239815	-0.0315433293930685	-0.0310861691637241	0.0167667922993651	0.00141742469876107	0.0209734800128317	0.00509035275463495	0.00349070545920199	0.0293235552994675	-0.0392780611548497	-0.0320157335121314	-0.0120388172017118	-0.00555877826318482	-0.0219814989842771	-0.00984226657059986
0.0526394408548702	0.053644531747792	-0.0315124183274708	-0.031214246056437	0.0167734964257176	0.00140622507780493	0.020980072380462	0.00508380229652551	0.00354280597854328	0.0292808173670849	-0.039238656426359	-0.032031716406401	-0.0119988536796097	-0.00555893612238003	-0.0219622108257962	-0.00983415428434662
0.0526605856051249	0.0536464539978151	-0.0314976661761303	-0.0312884091445397	0.0167681767105373	0.00139267992066502	0.0209767643222826	0.00507208998243093	0.00355637348742765	0.0292679427622786	-0.039209152123678	-0.0320244073859641	-0.0120020052755779	-0.00556953084925185	-0.0219171720607188	-0.00983272377270148
0.052697358415706	0.0536692122646227	-0.0314836474414047	-0.0313205020586255	0.0167834918464412	0.00140900088506948	0.0209800765714141	0.00508391824619988	0.00354386070148476	0.0292601685461603	-0.0392183568514415	-0.0320377024829629	-0.0120170214568998	-0.00558671514978589	-0.0219133457214648	-0.00984979631451325
0.0526964028786305	0.0536706036607151	-0.031492984882651	-0.0313226645899015	0.0167626432568006	0.0013936955280537	0.0209650841388207	0.00506908227581766	0.00354757667900046	0.0292782119918718	-0.0392094776209566	-0.0320229894471752	-0.0120169935172192	-0.00557904291350161	-0.0218968892496096	-0.00984225818869569
0.0527160235193102	0.0536908054467506	-0.0314890775183234	-0.0313266250396222	0.0167729879235313	0.00141421023851159	0.0209690585583816	0.00508454549202865	0.00354079990947841	0.0292866567603239	-0.0392319900185752	-0.0320370081819008	-0.0120168859494491	-0.00558049996784329	-0.0219359419381251	-0.00985705923447719
0.052671490462451	0.0536651596139562	-0.0315270838658016	-0.0312814158424933	0.0167378649510878	0.00138653039697175	0.0209513252431244	0.00506225242090254	0.00354114915548553	0.0293316647917527	-0.0392191461474176	-0.0320025278221104	-0.0120147485638855	-0.00555194282033358	-0.021918605366332	-0.00983196660735805
0.0526686811275698	0.0536810139856951	-0.0315535860498054	-0.0311761321411886	0.0167233209503676	0.00138372106209052	0.0209405139837282	0.00505888429240993	0.00349542447125011	0.0293624501287878	-0.0392393674912295	-0.0319824266189249	-0.0120571204864526	-0.00556074242272883	-0.0219010522620144	-0.00984358252955467
0.0526500509485663	0.0536740737690417	-0.0315694893159854	-0.0311237061245687	0.0167198229023603	0.00139296350842279	0.0209401004764557	0.00506484103230727	0.00350071065881379	0.029369971490797	-0.039259227016178	-0.0319901491466342	-0.0120381550312823	-0.00554868365659519	-0.0219446493395745	-0.00983847515594663
0.0526369640021877	0.0536895076485881	-0.0316077219748762	-0.0309852482435403	0.0167086582060049	0.00140660924841276	0.0209349483993588	0.00507238474606093	0.00344269670608004	0.0294064607136203	-0.039290888262199	-0.0319727483135758	-0.0120907598618579	-0.00555097471040186	-0.0219500025823715	-0.00984988572149107
0.0526039951791162	0.0536776835757713	-0.0316370251118571	-0.0308948354372186	0.0166995386942671	0.00140517873676762	0.020928868724867	0.00507229533908312	0.00342720694717252	0.0294405471239146	-0.0393114071636089	-0.0319627794355487	-0.0120878988385676	-0.0055366025387171	-0.021981786762987	-0.00984297903245438
0.0525499430730871	0.0536426304525292	-0.0316622434675388	-0.0308391181262276	0.016671794591462	0.00137101968330379	0.0209144462617572	0.00504490886418925	0.00344273582163284	0.0294668718909468	-0.0392979346496385	-0.0319374381452725	-0.0120660891239153	-0.00550710382397221	-0.0219778807956434	-0.00981654250669986
0.05259102697638	0.0536781040679638	-0.0316385715731766	-0.0308184637173669	0.0167171029744569	0.00142207246462375	0.0209400851096314	0.00508954669485053	0.00341647391888188	0.0294196664036413	-0.0393387698897743	-0.0319768652255076	-0.0120875677533528	-0.0055453015582623	-0.0220170396549451	-0.00985149923804393
0.052560396704572	0.0536457303600884	-0.0316399881149814	-0.0308474176083407	0.0167077739151149	0.00139973469000872	0.0209372604079259	0.00507185808308221	0.00344851793852662	0.0294206191467487	-0.0393107491841315	-0.03197079393292	-0.0120551437540524	-0.00552253351256651	-0.022018165624072	-0.00982709951500291
0.0525492767117055	0.0536280836578409	-0.0316305221512046	-0.0308615327349642	0.0166979056199379	0.00137886933655969	0.0209312813162841	0.00505919581984828	0.00346033083547125	0.0294121813632168	-0.0392873804353035	-0.0319608138790207	-0.012052226851401	-0.0055236622756615	-0.0219805364622815	-0.00982044987102746
0.0525869589588891	0.0536436376780138	-0.0316000818692245	-0.030939967800226	0.0167294187856518	0.00139522801953292	0.0209433708160664	0.0050662561771281	0.00347101217535283	0.0293702243449061	-0.0392848351304037	-0.0319814026296321	-0.0120493015668454	-0.00554331225300577	-0.0219758006864251	-0.00983140501977861
0.0526033553604311	0.0536436949543589	-0.0315803103542698	-0.0310006402135659	0.0167410989691137	0.00139548646157819	0.0209510053337819	0.00506917447676354	0.00348834735016195	0.0293462087924729	-0.0392689751707286	-0.0319947340482156	-0.0120369284793053	-0.00555087692151987	-0.0219694402181435	-0.00983646629291371
0.0526226337400238	0.0536348101359379	-0.0315417647709566	-0.0311218425478748	0.0167554599649262	0.00138537229721216	0.0209602924836031	0.00506355301303303	0.00352302608168436	0.0293196660959323	-0.0392461428637675	-0.0320033953491921	-0.012010944576376	-0.00555126807704783	-0.0219579625973657	-0.00983149302977241
0.0526578824410298	0.0536465671535214	-0.0315075218984511	-0.0312272086712371	0.0167782587442706	0.00139277072462686	0.0209782185826562	0.00507727698412859	0.00354222623017147	0.029272280397687	-0.0392255345553797	-0.0320248306721247	-0.0120119504048765	-0.00557109407437969	-0.0219384718762007	-0.00983886910544266
0.0526939791113411	0.0536641789311682	-0.0314874067254253	-0.0312961651998657	0.0167910425451151	0.00140141945274704	0.0209853697438979	0.00508301998546958	0.00354582346404474	0.0292519389132486	-0.0392175116761043	-0.0320384666332265	-0.0120208030926648	-0.00558873099773896	-0.0219192284212087	-0.00984845940079801
0.0526932023882213	0.0536610999783695	-0.0314898598293793	-0.0313337105426145	0.0167805204614127	0.00138933274693283	0.0209800779683981	0.00506894397439885	0.00355537324686327	0.0292677471845147	-0.0392094371084198	-0.0320274639870183	-0.0120113203650797	-0.00557998587772082	-0.0219019225830642	-0.00984259765581461
0.0526922831727306	0.0536639358559472	-0.0314958752426058	-0.031333489819138	0.0167642903009701	0.00138387612731768	0.0209726320435264	0.00506523079085121	0.00355653274360689	0.0292797025738302	-0.039204880146519	-0.0320210071268388	-0.0120082609700574	-0.00557647944780939	-0.0218947728188065	-0.00984371803700543
0.0527131904357005	0.0536894922817638	-0.0315020582939158	-0.0313025019194188	0.0167735523050788	0.00140527512866558	0.0209757696696543	0.0050825841264527	0.00352777443039708	0.0292856565197595	-0.0392328561486728	-0.0320261396461594	-0.0120338229838101	-0.00558885393233346	-0.021910209492321	-0.00985685248084098
0.0526662140537756	0.0536621630832151	-0.0315429773530933	-0.031242324038425	0.0167321638592677	0.00137799063360579	0.020956263581665	0.0050573559918828	0.0035303965694185	0.0293345020663145	-0.0392217626985029	-0.0319938120387569	-0.0120261717022862	-0.00555592282783065	-0.0219029381904528	-0.00983114098979724
0.0526961388486491	0.0536991286775921	-0.0315384217881765	-0.0311682098447633	0.0167627592064749	0.00141882307977356	0.0209655577164063	0.00509233228100327	0.00348110678194246	0.0293374930091194	-0.0392732876604244	-0.0320141339654188	-0.0120684877454922	-0.00558221267026218	-0.0219434213906135	-0.0098651645358103
0.0526416508836032	0.053673988553016	-0.0315800798519051	-0.0310997185118161	0.0167269125963047	0.00140043318202295	0.0209508782082353	0.00507425530767504	0.00348951662579377	0.0293688580945263	-0.0392655036654179	-0.0319914190051161	-0.0120484326427797	-0.00555026643949943	-0.0219498531050805	-0.00984122022956255
0.0526073339709442	0.0536698464953716	-0.0316286124740377	-0.0309611223293689	0.0166965295906698	0.00139287130747691	0.0209337497870624	0.00506271482261596	0.00344013463737185	0.0294280161771794	-0.0392861413104703	-0.0319535397831845	-0.0120888068781861	-0.00554104215395953	-0.021934660903771	-0.0098372709557141
0.0525980202784264	0.05367526260245	-0.0316358698060655	-0.0308838900673556	0.0167088300350404	0.00141460418800762	0.0209364613330616	0.00508111729322282	0.00342165672962746	0.0294363603627813	-0.0393272615353479	-0.0319687990397273	-0.0120852459658976	-0.00553403907302488	-0.0219952047945803	-0.00984200254061849
0.0525559850290102	0.0536433973967609	-0.0316567379534826	-0.0308417486471532	0.0166825080619762	0.00138168845032912	0.0209217622671142	0.00505314129106895	0.00343632785589431	0.0294585640269296	-0.0393056837200443	-0.031944874291256	-0.0120703513221861	-0.00551275183039926	-0.0219851604794157	-0.00981606613514616
0.0525836313429333	0.0536656569402703	-0.0316395299042201	-0.0308267310688473	0.0167172622306361	0.00141887895913469	0.0209402890692996	0.00508523560213871	0.00341719196867251	0.0294211444127434	-0.039332620366081	-0.0319727050070709	-0.0120872967384513	-0.00553892851712448	-0.0220095490265845	-0.00984192989744901
0.0525720629181937	0.0536518533410851	-0.0316409953404659	-0.0308449379616902	0.0167139415996005	0.00140572356053872	0.02093343686264	0.00507212490703165	0.00343347381752417	0.0294130852118832	-0.0393100800287819	-0.0319620781495664	-0.012077362785025	-0.00553321904340017	-0.0219986092446577	-0.0098284196649098
0.0525716270591768	0.0536420968046304	-0.0316175148329156	-0.0308958664114316	0.0167187136970417	0.00139554234093932	0.020935057364113	0.0050669728299347	0.00346155878443227	0.0293944550328797	-0.0392936179689906	-0.0319721476104435	-0.0120526305797852	-0.0055315314866938	-0.021997547536796	-0.00982516748609156
0.0525945655369241	0.0536449857676012	-0.0315853674364528	-0.030986363036795	0.0167419874509558	0.00140965187962674	0.0209499715656008	0.00507645555751986	0.00349048752969355	0.0293499359458609	-0.0392847387385057	-0.0319984947292202	-0.0120290886049376	-0.00554138301806248	-0.0220033534024183	-0.00982925226739076
0.0526162900355506	0.0536524275015208	-0.0315684262111397	-0.031041394428628	0.0167544136238889	0.00140927050298697	0.0209575027064982	0.00508139389606046	0.00348614989428519	0.0293372387580262	-0.0392714855510277	-0.03200113363205	-0.0120452056096739	-0.00555405785415266	-0.0219736940345101	-0.00983928959763522
0.0526246775276575	0.0536316683188579	-0.0315384022304001	-0.031162892923551	0.0167608788659726	0.001388310154624	0.0209640350038153	0.00506977657687981	0.00353349647697764	0.0293075612293257	-0.0392351360266073	-0.0320066936284833	-0.0120101301346874	-0.00555530396390605	-0.0219462628561274	-0.00982558239034801
0.052670754251868	0.0536525769788119	-0.0315047754278511	-0.0312614543377107	0.0167872189998292	0.00140101572436282	0.0209783946026438	0.00507718478318272	0.00354130701468074	0.0292645886036263	-0.039224173892936	-0.032030443753951	-0.0120131825447896	-0.00557576838293891	-0.0219271199839854	-0.00983612263484271
0.0526741796567058	0.053646793464934	-0.0314947786101435	-0.0313293757011742	0.0167836706603969	0.00139196885579453	0.0209789366324468	0.00507397171991726	0.0035690511174859	0.0292624707758392	-0.0392077174210808	-0.0320335450584942	-0.0119893947007531	-0.00557131479785619	-0.0219181513465227	-0.0098367652474958
0.0526875222511616	0.0536579455884332	-0.0314953835042278	-0.0313398153628189	0.0167765390569316	0.00138553015640737	0.0209730343749266	0.00506587899144042	0.00355521399068403	0.0292755451493615	-0.0392029131930069	-0.0320199789465939	-0.0120106079032252	-0.00557719470363196	-0.0218902354146821	-0.00984108053115971
0.0526883115471377	0.0536623782187555	-0.0315056806735016	-0.0313212340782564	0.0167622856288893	0.00138131266162546	0.0209678557551331	0.00506244380771444	0.00355157764125796	0.0292885384978102	-0.0392067730598775	-0.0320138028802041	-0.0120153394881296	-0.00557633835242252	-0.0218829864645584	-0.00984254876137361
0.0527001691475712	0.0536816342466038	-0.0315181417710354	-0.031277033503596	0.0167632355780286	0.00139690300338304	0.0209644918175926	0.00507193212323571	0.00352141396211552	0.0292994573249766	-0.0392281972069379	-0.032014194035732	-0.0120388423474243	-0.00557943406902958	-0.0218914242480903	-0.00985197002166152
0.052650479822663	0.053651010959716	-0.0315491450375789	-0.031221021428975	0.0167301983027397	0.00137647211196686	0.0209506993942796	0.00505905612144543	0.00353247667863687	0.029342773608747	-0.0392336300778246	-0.0319964481476186	-0.0120101888080166	-0.0055421304045177	-0.0219179124622539	-0.0098226906334091
0.0526854449359113	0.0536929274654898	-0.031548512203814	-0.0311515899257767	0.0167545463373716	0.00141599698108399	0.0209641621293619	0.00508671221425679	0.00347573258438499	0.029340813640155	-0.0392755773172471	-0.0320039513488354	-0.0120667317365684	-0.00557864617003753	-0.0219322776490185	-0.00985904993671774
0.0526248563416131	0.0536615302494502	-0.0316028646614092	-0.0310498825035849	0.016707189975791	0.00139423336690466	0.0209466453466291	0.00507062594316911	0.00348123809844113	0.0293900838698547	-0.0392704741345911	-0.0319801397560703	-0.0120532019462528	-0.00554090944047683	-0.0219470898706722	-0.00983184087879549
0.0525936547033375	0.0536586482713995	-0.0316395424770763	-0.0309185422561815	0.0166876335963766	0.00139141844408732	0.0209336380283401	0.00506360889239417	0.00343843590479325	0.0294384767935844	-0.0392930256477625	-0.0319557079023967	-0.0120869516833963	-0.00553241438059978	-0.0219464849765879	-0.00983284531031195
0.0525800215362038	0.0536559898107934	-0.0316493981993971	-0.0308465235385625	0.0166946757928641	0.00140440620459988	0.0209340864602132	0.0050754120104506	0.00342549564173766	0.0294430602981818	-0.0393218356493814	-0.0319589698601031	-0.0120890066469022	-0.00552680269575747	-0.0219872978649793	-0.00983331329996149
0.0525675352929575	0.0536488456344719	-0.0316500603698266	-0.0308304219006505	0.0167037813347615	0.00140347581323693	0.0209370229206411	0.0050749063022323	0.00342680042482024	0.0294351561625488	-0.0393189885959314	-0.031963923565468	-0.0120847067300626	-0.00552301686904036	-0.0220017287099932	-0.00982467714469757
0.0525616833268623	0.0536424795782542	-0.031649050350374	-0.0308280707765306	0.0167083229298381	0.00140368116988911	0.0209464371960088	0.00507897851067525	0.0034250164762159	0.0294242303504622	-0.0393146928700439	-0.031964120540216	-0.0120853730914441	-0.00552790771012398	-0.0219931190974258	-0.00982849510204734
0.0525786650647122	0.0536481289816653	-0.031628380574689	-0.0308542279054794	0.0167296409061123	0.00141518673034748	0.0209570933901779	0.00508856182111047	0.00343046471392688	0.0293945416458895	-0.0393180065161594	-0.0319799958667154	-0.0120840822782018	-0.00554025146099943	-0.0220002548918432	-0.00983708375985429
0.0525649033750479	0.0536212021145168	-0.0316094416622152	-0.0309280263807507	0.0167282844346207	0.00138825986319898	0.0209502607412947	0.00506675350344223	0.00347580103660238	0.029391128813908	-0.0392854106878234	-0.0319815535039071	-0.0120450491474627	-0.0055268334294061	-0.0219871050811833	-0.00982317398988295
0.0526093651857215	0.0536463520179811	-0.0315716630231336	-0.0309971337836544	0.0167637161405344	0.00141776835683207	0.0209698450603896	0.00509100933712832	0.0034809908322681	0.0293350524780217	-0.0392913744126409	-0.0320115677057585	-0.0120458049158221	-0.00555955219233658	-0.021994946352535	-0.0098420570229956
0.0526193689883493	0.053634764035465	-0.0315602957640941	-0.0310706360983117	0.0167547209603752	0.00139019887703048	0.0209602463831301	0.00506913955216283	0.00349640375705406	0.0293400941933804	-0.039256917801579	-0.0319957077460835	-0.0120442053691096	-0.00555652213397886	-0.021947570433178	-0.00983308140061276
0.0526390469053742	0.0536275081004212	-0.0315233175968608	-0.0311952163400014	0.0167693473831531	0.00138385936350934	0.0209664014947595	0.00506704687008821	0.003548290537839	0.0292885371008262	-0.039227069840827	-0.0320185875505015	-0.0119981747453719	-0.00556087234224347	-0.0219404318447926	-0.009826367495372
0.0526765084290813	0.0536463953244859	-0.0314983730500487	-0.0312839974689779	0.0167835630926267	0.00139212950895781	0.0209785161402543	0.00507138310851253	0.00355937700308883	0.0292605303650237	-0.0392155586924325	-0.0320343455303425	-0.0119987782424722	-0.00557439514763894	-0.0219227963184173	-0.00984015852170092
0.0526969029989127	0.0536608890337812	-0.0314933564804025	-0.0313147660422046	0.0167806224412468	0.00139598378789231	0.0209724909481395	0.0050731586752127	0.00355129545048421	0.0292624400421906	-0.0392069881954179	-0.0320313629694418	-0.0120182815364935	-0.00558544948225611	-0.0218957185769938	-0.00984786009464981
0.0527253958851571	0.0536830787280892	-0.0314775817367532	-0.0313465558107562	0.0167996158360977	0.00141540186588787	0.0209817836858968	0.00508859814269521	0.00354643953400129	0.029257651180941	-0.0392268644841748	-0.0320481770692083	-0.0120180859587295	-0.00559050656443913	-0.0219293188368462	-0.00986087439785891
0.0526773829410831	0.0536472474847433	-0.0315185315295793	-0.031312426093957	0.016742684545986	0.0013645055467791	0.020963923245093	0.0050510234632818	0.00355497650339919	0.0293080976711926	-0.039194522906932	-0.0320051066546269	-0.0120149134080009	-0.00555928257441909	-0.0218826944948965	-0.00982236373914644
0.0527156379517183	0.0536853907366563	-0.0315169780833397	-0.0312634645977276	0.0167711718442943	0.00141232710404123	0.020979334772895	0.00509180422104051	0.00350854075429329	0.0292972458992596	-0.0392487370631083	-0.0320233568539747	-0.0120491004011453	-0.00558388066919216	-0.0219171497089743	-0.00985878590673636
0.0526738779081557	0.0536609979985354	-0.0315565253042013	-0.0311965057562597	0.0167255225971964	0.00137812195010447	0.0209490411742379	0.00505777788105939	0.00350869023158434	0.0293552416912009	-0.0392377693415009	-0.0319859693704211	-0.0120472298395312	-0.00555078472057399	-0.0219070090019118	-0.00982747809767462
0.0526505384959922	0.0536575739906816	-0.0315754837744515	-0.0311162001293838	0.016712934374116	0.00137867655276376	0.0209394480849145	0.00505953947791928	0.00349762192712687	0.029370168465545	-0.0392495529017809	-0.0319791115758254	-0.0120435683443926	-0.00554949251034767	-0.0219200442598813	-0.00983304787299608
0.0526397398094523	0.0536774195457899	-0.0315983971064862	-0.0310098086197446	0.0167186089232396	0.00140913918648829	0.0209388417938461	0.00507833450103813	0.00345204392621445	0.0293977030207459	-0.0392950414957156	-0.0319826235936729	-0.0120724272404524	-0.00554629900485861	-0.0219611519119027	-0.00984608173398158
0.0525975928013137	0.0536667214421	-0.0316357384895669	-0.030898488550453	0.016695997339755	0.00139613885311947	0.0209237403964985	0.00506450715312447	0.00342675013339521	0.0294432419061055	-0.0393028562243707	-0.0319545637724774	-0.0120910825651684	-0.00553585235829382	-0.0219596236113755	-0.00983648445370608
0.0525940290950571	0.0536767475964722	-0.0316380728498784	-0.0308391767995568	0.016709108034862	0.00141396576630661	0.020929609126402	0.00508177527270022	0.00340930599383187	0.0294372865631922	-0.0393286822681048	-0.0319627766415807	-0.0121028046581512	-0.00554223238435178	-0.0219926022133353	-0.00984547963386532
0.0525666593839716	0.0536588997285247	-0.0316432472787198	-0.0308300237602024	0.0167104156119127	0.00141111591888856	0.020933241284876	0.00507816546597069	0.00342795852457983	0.0294344143640297	-0.0393227925834408	-0.0319685098640334	-0.0120776701215112	-0.00552919014146211	-0.0220157250929743	-0.0098337114404096
0.0525337464402612	0.0536240421830466	-0.0316584129373327	-0.0308252069592723	0.0166844987642168	0.00137420201292062	0.0209208472425756	0.0050479794350838	0.0034498520582738	0.0294438132725731	-0.0392900808054305	-0.0319417212983038	-0.0120642702507103	-0.00551351039272671	-0.021975503128827	-0.00981027563634821
0.0525899233589975	0.0536630976655302	-0.0316036218267526	-0.0308661707219387	0.0167448554591662	0.00142434396065402	0.0209508279168103	0.00508821956002349	0.0034404266070338	0.029383962285842	-0.0393284741174846	-0.031994307968087	-0.0120678618966474	-0.00554991439952426	-0.022026167548587	-0.00984913833503584
0.0525892905252326	0.0536488749711364	-0.0316039864395841	-0.0309318247803241	0.0167351925206414	0.00140035355393333	0.0209364264084609	0.00506861009521605	0.00346920866897209	0.0293791273241195	-0.0392849175524613	-0.0319835637639241	-0.0120607386750863	-0.00554433344833058	-0.0219856061173208	-0.00983211329068104
0.0525947722905603	0.0536404986549018	-0.0315903015840413	-0.0309961251611859	0.0167286713991966	0.0013850258451731	0.0209360296649968	0.00505670220335748	0.00349869620784476	0.0293635537461703	-0.0392571510979117	-0.0319807195044422	-0.0120425611189081	-0.00554211503769339	-0.0219640087442408	-0.00983096776377771
0.0526382590063821	0.0536545034197871	-0.0315428586094509	-0.0311051667495271	0.0167670172137937	0.00139894120308056	0.0209579916509082	0.00507153398278761	0.00350612955986018	0.0293233108272625	-0.0392588596093785	-0.0320060761615427	-0.0120395310605503	-0.00556195081391344	-0.0219611127963499	-0.0098421310631491
0.0526397076788196	0.0536368189989709	-0.0315169571285793	-0.0312183601744008	0.0167644872757181	0.001377166413029	0.020967017564716	0.00505916927715174	0.00355147705840791	0.0292901813510276	-0.03921641783761	-0.0320119588612865	-0.0120051806202746	-0.00556088212113167	-0.0219301598212313	-0.00982610905332673
0.0527069487110613	0.0536773496965885	-0.0314804050414747	-0.0312885376670703	0.0167995194441997	0.00141579721236792	0.020984391855078	0.00508888173045298	0.00353919058387763	0.0292459765854152	-0.0392300007133187	-0.032045412437816	-0.0120264971995648	-0.00559733083141814	-0.0219310022026005	-0.00985886972577807
0.0527031572964081	0.0536721277702901	-0.0314826318340161	-0.0313383289718126	0.0167785842415493	0.00139787949521893	0.020969223402497	0.00507288626332715	0.00355147007348777	0.029268940208875	-0.0392095628369823	-0.0320303613318934	-0.0120157152768332	-0.00557946340569418	-0.0219148111577107	-0.00984339393671083
0.0526935390613722	0.0536667116632118	-0.0315074939587705	-0.0313197840088348	0.0167558231807736	0.00138247215836908	0.0209558053709037	0.00506038465325649	0.00354929496935546	0.0292994433551363	-0.0392024172636768	-0.0320086871246919	-0.012019879686222	-0.00557269781204436	-0.0218915946801418	-0.00984091987799643
0.0526969225566891	0.0536804216644671	-0.0315274680364094	-0.0312754521176758	0.0167501542195862	0.00139325408110071	0.0209505387411164	0.00506870788409804	0.00352929853997213	0.0293123039901023	-0.0392205137947814	-0.0320063765131088	-0.0120325894469129	-0.0055733823342183	-0.0219001917198529	-0.00984562771417233
0.0526754900277245	0.0536772952142114	-0.0315422397455263	-0.0312183629683689	0.0167442114495291	0.00139960477049408	0.0209484404711056	0.00507445507639111	0.00351881836579065	0.0293387041942721	-0.0392480036464934	-0.0320069101610077	-0.0120246517836632	-0.00555621340050857	-0.0219446018421175	-0.00983603602183295
0.0526501515314164	0.0536681840843778	-0.0315701263407023	-0.0311423139518278	0.0167208622584775	0.00138421280046854	0.0209379658848603	0.0050655004087687	0.00349792786662911	0.0293716813992478	-0.0392437484331427	-0.0319786044706231	-0.0120567852102858	-0.00555332164356967	-0.0219166984831331	-0.00983488770096156
0.0526491149692672	0.0536931202492857	-0.031602902379978	-0.031011251704246	0.016715735327093	0.00141366401775646	0.0209397009390236	0.00508428984395145	0.00345064554520196	0.0293814407296706	-0.0392848393213557	-0.0319846925270191	-0.0120949033164863	-0.00555766626389817	-0.0219482228247193	-0.00984323328354756
0.0525859084268997	0.0536529136519627	-0.0316429301633454	-0.0309256179802856	0.0166828153984625	0.00138937186248563	0.0209243941850238	0.00506717259865077	0.00345346605595542	0.0294424651829857	-0.0392881208368386	-0.0319503337048392	-0.0120731285264347	-0.00552192163356205	-0.0219709280061338	-0.00982552651098687
0.052587541501229	0.0536656331915418	-0.0316538587694	-0.0308394506084264	0.0166899693536722	0.0014045053904659	0.020924797913408	0.00507812635041789	0.00341712351645512	0.0294466910596718	-0.0393138239459782	-0.0319488794444656	-0.0121041289990102	-0.00553548774546239	-0.0219822365918442	-0.00983652217227485
0.0525597736496954	0.0536438109040333	-0.0316595430974118	-0.0308248619042172	0.016686967234995	0.00139323312634029	0.0209222875331089	0.00506815048747069	0.00344029529053513	0.0294436665892502	-0.0393096958581741	-0.0319510545485979	-0.0120759951376611	-0.00551770274179611	-0.0219989850333613	-0.00982034649420935
0.0525550881652639	0.0536367561346896	-0.0316510187008701	-0.0308224842374008	0.016697078605393	0.00139274976986644	0.0209306554674394	0.00506744361355229	0.00343909667823871	0.0294296157238919	-0.0393050159616787	-0.0319526778440389	-0.0120774396191465	-0.00552165061866053	-0.0219978814159788	-0.00982031576056073
0.0525698249497801	0.0536419934278123	-0.0316256871894821	-0.0308583741540759	0.0167183197475457	0.001405050214237	0.0209426876908764	0.00507755358696623	0.00344911724467483	0.0294020406561542	-0.0393058806947924	-0.0319728768361064	-0.0120677543288772	-0.0055316348635119	-0.0220149958673115	-0.00982938358388944
0.0525951788129126	0.0536492870814248	-0.0315997745327383	-0.0309243495187878	0.0167335706221843	0.00141028750735969	0.0209466956380541	0.00508109214751031	0.00346295995941281	0.0293766113558842	-0.0392905180614314	-0.03198523036587	-0.0120736258527489	-0.0055494645706671	-0.021993665318181	-0.00983905490431844
0.0525941380598114	0.0536380092293631	-0.0315871583699773	-0.0309857176301739	0.0167303393981265	0.00140044016694309	0.0209463030855421	0.0050718036007051	0.00348550029671196	0.0293553646257954	-0.0392614286630069	-0.0319847288486038	-0.0120566510998191	-0.00554583380917714	-0.0219691133238808	-0.0098312667183598
0.0526475601260436	0.0536621728621033	-0.0315416041177933	-0.0310811134785251	0.0167724291299199	0.00141606543330138	0.0209604754885108	0.00508338320131698	0.00348487584485124	0.0293222630892412	-0.0392691609696044	-0.0320084203007424	-0.012059443670892	-0.00556755830780367	-0.021972509392054	-0.00984941493787348
0.0526547909153749	0.0536437885522888	-0.0315160896014976	-0.0312093789640819	0.0167667629627005	0.00139528948683017	0.0209588326352933	0.00506747993513703	0.00354836597497653	0.0292836728024391	-0.039219707734997	-0.0320142876336619	-0.0120151760409982	-0.00556184743709534	-0.0219491853467149	-0.00983331050599343
0.0526668706362689	0.0536422784125541	-0.0315074073457607	-0.0312678413486888	0.0167584355409068	0.00138186586730073	0.0209549755623908	0.00505501744061916	0.00356395491975008	0.0292688633747534	-0.0391961168657085	-0.0320110145000833	-0.012012171128353	-0.0055661068413981	-0.021907511916162	-0.00982409180838964
0.052705557314969	0.0536684481143592	-0.0314901559899933	-0.0313224732030896	0.0167793972862538	0.00140231352252525	0.0209730315809586	0.00507412399117637	0.00355816162698407	0.0292599855412526	-0.0392095991585671	-0.0320308223366228	-0.0120166903716851	-0.00558052790752386	-0.0219211506712318	-0.00984959933976523
0.0527212985310016	0.0536842563856252	-0.0314859929775885	-0.0313487532666329	0.0167839402783144	0.00140906933728687	0.020973640665995	0.00507891285242592	0.00355595439221911	0.0292656908240248	-0.0392143321404555	-0.0320325825364986	-0.0120227197547519	-0.00558666904931296	-0.0219301751880557	-0.00985153835359673
0.0526829624952927	0.053657051518655	-0.031517042344605	-0.031329757077814	0.0167416926873258	0.00137100152251142	0.0209543930200509	0.00504804229936508	0.00356594282802258	0.0293135431149355	-0.0391906867887898	-0.031997895423072	-0.0120098255921692	-0.00555799455514485	-0.0219021712462212	-0.00982925645834285
0.0527141138421433	0.0536940143190639	-0.0315187704138482	-0.0312606524688783	0.0167649538683836	0.00141679326198021	0.020965494852125	0.00508464747186273	0.00351171051105386	0.0293045507287444	-0.0392384818033554	-0.0320141744779556	-0.0120554971910116	-0.0055854047787672	-0.0219240605889631	-0.00985923713257756
0.052685185096882	0.0536843080740342	-0.0315482356009764	-0.031186360858245	0.0167427977016923	0.00139874981626866	0.0209490160285254	0.00507002384305284	0.00349433761767597	0.0293502097547304	-0.0392445894175278	-0.0319889449464017	-0.0120669021686199	-0.00556685841880541	-0.021923909714688	-0.0098488268075975
0.0526678708768333	0.0536814107291592	-0.0315610124169007	-0.0311322836065034	0.0167408838335733	0.0014104258087785	0.0209530030209426	0.00508055989659547	0.00349387661294658	0.0293517827587465	-0.0392641388120221	-0.0319964467506345	-0.012054734437732	-0.00556119504555405	-0.0219602452692682	-0.00984975719896045
0.0526273024606469	0.0536738558395333	-0.0316123096704256	-0.0309962061862595	0.0167036234755663	0.00139980873016223	0.0209300924828759	0.00506860171331188	0.00345809147007364	0.0294158875618443	-0.0392785556871957	-0.031963187354885	-0.012086496266603	-0.00554170432438902	-0.0219552384785102	-0.00984356576574633
0.0525803889430033	0.053653518546047	-0.0316507965804096	-0.0308827906409252	0.0166748819261649	0.00137991847156506	0.020916550119704	0.00504886791692589	0.00343998935103289	0.0294570846208435	-0.0392870689078652	-0.0319345072727808	-0.0120902038622145	-0.00552055678016624	-0.0219546992426752	-0.00983057660824974
0.0525709215822424	0.0536540871185466	-0.0316500715456988	-0.0308324894370126	0.0166889509523154	0.00139217700641477	0.020924159491707	0.00506079117560878	0.00343432178682945	0.0294512382426844	-0.0393118695653223	-0.0319446675376198	-0.012083846187901	-0.00552385505945743	-0.0219960178392849	-0.00983383018405201
0.0525879130989806	0.053671436263196	-0.0316448370465442	-0.0307963424752763	0.0167111057220227	0.00141795275872383	0.0209332161391635	0.00508017432900361	0.00340884498910248	0.029421469910022	-0.0393238012059094	-0.03196077895442	-0.0121083842123609	-0.00554656024087194	-0.0220038814623811	-0.00984752761245103
0.052563389044361	0.0536410113480403	-0.0316397003362716	-0.0308324223817792	0.0167040607315672	0.00139856960532899	0.020928920413276	0.00506774256813438	0.00344194373168871	0.0294232985621153	-0.0393013195419394	-0.0319530494417905	-0.0120740337720852	-0.00553029236186056	-0.0220039527085665	-0.00983416546021884
0.0526012570904204	0.0536620932340137	-0.03160417922338	-0.0308761605547262	0.0167414370392486	0.00142213253493697	0.0209464707236255	0.00508670103838456	0.00343966804470635	0.029379739203124	-0.0393106360284252	-0.0319814543180411	-0.0120805339387696	-0.00555324341246407	-0.0220207793811893	-0.00985251205146457
0.0525864588386069	0.0536319393337595	-0.0315997326232174	-0.0309556000515044	0.0167260799938238	0.00139061517827096	0.0209403002451718	0.00506193390854405	0.00348564418606689	0.0293736581316481	-0.0392662245091766	-0.0319703245462864	-0.0120489746725827	-0.00554244891687619	-0.0219832745509773	-0.00983004994527101
0.0526187193907761	0.0536475031328205	-0.0315791173299095	-0.0310005424246839	0.0167421578830073	0.00139985343365114	0.020940307230092	0.005066791222011	0.00348545000528693	0.029346016008677	-0.0392587520416083	-0.0319834156836171	-0.012057774274978	-0.00555654588270734	-0.0219690071530947	-0.00984164351572317
0.0526239608748509	0.0536246708258594	-0.0315434104181421	-0.0311307301602638	0.0167481369746491	0.00137369071676621	0.0209434252984435	0.00504802693254077	0.00354151935625307	0.029327654050607	-0.0392291695078217	-0.0319887465746697	-0.0120072481566367	-0.00554535883460746	-0.0219579989189504	-0.00982842245887786
0.0526618121571019	0.0536423384828673	-0.0315122870109721	-0.0312202391179191	0.0167643964717563	0.00137696385034488	0.0209536274728033	0.00504770143526213	0.0035517662341018	0.0292848378871188	-0.0392040810716547	-0.0320025725255993	-0.0120126698516512	-0.00557083004439831	-0.0219203488023995	-0.00984041556676216
0.0526795007688702	0.0536442691147946	-0.0314897704224015	-0.0312994900218534	0.0167722726677087	0.00138186726428476	0.0209617048344558	0.00505575644517021	0.00357267349707168	0.0292666519490364	-0.0391987753263146	-0.0320169586671244	-0.0119934613212599	-0.0055716933805279	-0.021924497844964	-0.0098400495569467
0.0527284077827224	0.0536814414628078	-0.031472759347887	-0.0313329268345746	0.0167982467917498	0.00141298228955058	0.0209724797722673	0.00508506097913515	0.00354471286174212	0.0292504036278014	-0.0392164094557058	-0.032032849360448	-0.0120270545961922	-0.00559764235885648	-0.021930240846305	-0.00986385276780758
0.0527089673529824	0.0536658902366031	-0.0314987264870079	-0.0313354469937619	0.0167664011438371	0.00138290242944985	0.0209544027989391	0.00505368471785601	0.00355631900505054	0.0292863955243105	-0.0391902746785014	-0.0320064910657991	-0.0120223104384316	-0.00557763195963287	-0.0218978922841421	-0.00984618930175177
0.052692156047184	0.0536577290559088	-0.0315125873625383	-0.031300893990802	0.0167504168525835	0.00138030683312497	0.0209471580397675	0.00505245257794291	0.00355513156862635	0.0293078504050196	-0.0392025932836644	-0.0320006824062088	-0.0120106679735384	-0.0055659447912508	-0.0219094509299935	-0.00984038064216145
0.0526919059870429	0.0536712476703522	-0.0315306070595213	-0.0312318312913872	0.0167462552371627	0.00138937745042174	0.0209451421918144	0.00505792456438238	0.0035188504964233	0.0293265546241766	-0.0392249268673273	-0.0319902930359892	-0.0120438198015177	-0.00556478669149121	-0.021913500786692	-0.00984749268785032
0.0526792674725375	0.0536765576066443	-0.0315522756787867	-0.0311681609503223	0.0167376847401482	0.00139097699713433	0.0209461158896823	0.00506117814018466	0.00349601958644623	0.0293556915200581	-0.0392443379604027	-0.0319811385996507	-0.0120611968858477	-0.00556267305465616	-0.0219214677866063	-0.00985224103656305
0.0526495312705077	0.0536682567275473	-0.0315792626162484	-0.0310825174474737	0.0167219854336364	0.00139566248156577	0.0209428218013432	0.00506530483100472	0.0034904903236616	0.0293706141034501	-0.0392597243424921	-0.0319836727286783	-0.0120543656339485	-0.00554976212826516	-0.0219498181804798	-0.00984554389513062
0.0526002512619199	0.0536515208588863	-0.0316269556509799	-0.0309607619074895	0.0166904303584016	0.00138102767688366	0.0209248789384817	0.0050573755496592	0.00345920346936029	0.0294323328578273	-0.0392747614785744	-0.0319463620792463	-0.012073046104377	-0.00552959526683036	-0.0219507066623219	-0.00983483182160042
0.0526019569794186	0.0536661458846803	-0.0316353976254639	-0.0308740525058273	0.0167073576138744	0.00140611331908266	0.0209285516094925	0.00507647092434417	0.00342255359337373	0.029436541970705	-0.0393145853022737	-0.0319567710072423	-0.0120935803726113	-0.0055360479360578	-0.0219873565383084	-0.00984790060718663
0.0525660195652866	0.053638791540419	-0.031646055216617	-0.0308437840528827	0.0166967000227213	0.00139000190228247	0.0209231690300309	0.00506040421103289	0.00343972392406749	0.0294487725658742	-0.0393052827856282	-0.0319455909440626	-0.0120752253994614	-0.00551963756467552	-0.0219967400800276	-0.0098312667183598
0.0525713225166586	0.0536454802999473	-0.0316484636170821	-0.0308193480082569	0.01670665213694	0.00139910465021189	0.0209295672168812	0.00506838937173955	0.00342504441589647	0.0294295556535787	-0.0393061265639814	-0.031948066399761	-0.0120935035384898	-0.00553572523274723	-0.0219845080878744	-0.00983937481366096
0.0525435225344923	0.0536154004398466	-0.0316459993372559	-0.030842476475832	0.0166958841840487	0.00137414333959143	0.0209262423948935	0.00505308401472378	0.00346188567869492	0.0294254485205351	-0.0392830986792563	-0.0319449092158567	-0.0120585845257145	-0.00551850880158053	-0.0219830943400376	-0.0098189397312927
0.0525763865837618	0.0536340487796424	-0.03160683209605	-0.0308848260466547	0.016729329378674	0.00139384221137669	0.0209420520631435	0.00506802196494007	0.00346043980022547	0.0293867646358031	-0.0392937981799302	-0.0319710090684604	-0.0120625337995629	-0.0055440498605728	-0.0219867977446971	-0.00984103862163885
0.0525954987222551	0.0536315691329919	-0.0315821543731873	-0.030959658290107	0.0167476815578558	0.00140285136137621	0.0209565820940235	0.00507810399867344	0.00348366465969856	0.0293468458171899	-0.0392790893350946	-0.0319885314391293	-0.012047221457627	-0.00555397263812693	-0.0219873104378355	-0.00984485937295668
0.0526168739748745	0.053637119350537	-0.0315632601642025	-0.0310374353758914	0.0167587526562813	0.00139735981716035	0.0209552032707874	0.00506959496895611	0.00349703798780298	0.0293353193019711	-0.0392629890941666	-0.0319927489339112	-0.0120426770685824	-0.00555394330146233	-0.0219708302172518	-0.00984337717290249
0.0526619811921693	0.0536492353930158	-0.0315216398190427	-0.0311620449542457	0.0167841903384555	0.00140297150200266	0.0209647041591649	0.0050717644851523	0.00352625311479009	0.0292848281082306	-0.0392393171998044	-0.0320144063773044	-0.0120273200231576	-0.00557694184952281	-0.0219526568520256	-0.00985160121787801
0.052657840531509	0.0536286214966919	-0.0315082343603056	-0.0312755079970369	0.0167701478550014	0.00137672496607601	0.020960094111871	0.00505555388248609	0.00357732126293436	0.0292755018428566	-0.0391998049035436	-0.0320120203285838	-0.0119853937384956	-0.00556018362911745	-0.0219273155617494	-0.00983334543059414
0.0526763240271895	0.0536373372800454	-0.031501776103142	-0.0313123003653944	0.0167678889318274	0.00137486837430219	0.0209595562730201	0.00505137270928892	0.0035755317263939	0.0292703818963923	-0.0391860376259431	-0.0320103453447336	-0.0119972192082964	-0.00557153971228477	-0.0218938340455394	-0.00984020881312595
0.0526971307073093	0.0536543665153523	-0.0314911394667494	-0.0313304751276046	0.0167778103123975	0.00138286750484913	0.0209623697988534	0.00505883539796893	0.00356348134216444	0.0292734859949036	-0.0391958304839826	-0.0320134997346699	-0.0120113483047603	-0.00557949972727892	-0.021896072013953	-0.00985248271479997
0.0527033165525873	0.0536657379653439	-0.0315027232583133	-0.0313188131049351	0.0167684169917902	0.00138270545470183	0.0209538928997687	0.00505482884777532	0.0035532833587567	0.0292876290612077	-0.0391986523917201	-0.0320078726830033	-0.0120231332620243	-0.00557905828032592	-0.0218869357384069	-0.00985262241320281
0.0527079056451208	0.0536753338486354	-0.0315118804886199	-0.0312921628406242	0.0167704803372002	0.00139838101248515	0.0209546374922559	0.00506634698108994	0.00354126510515989	0.0292985884009109	-0.0392199466192659	-0.0320115313841738	-0.0120249367684051	-0.00557569853373749	-0.0219172377189681	-0.00985954446906382
0.0526902184303365	0.0536768691340827	-0.0315378154971082	-0.0312171573711523	0.0167532625090495	0.00139799404790926	0.0209489308124996	0.005069491592138	0.00351345255013735	0.0293288233262388	-0.0392327611537589	-0.0319962274241421	-0.0120472507942916	-0.00556944703021014	-0.0219240396342027	-0.00985434349752587
0.0526570163109322	0.0536550217008617	-0.0315644462036426	-0.0311647523092928	0.0167366006805421	0.00138647312062658	0.0209482951847667	0.005064631484703	0.0035060666955789	0.0293596366029545	-0.0392396999734282	-0.0319780875865325	-0.012047417035391	-0.00555461525078002	-0.021923468267735	-0.00984125515416326
0.0526079584228049	0.0536408548858291	-0.0316088549289232	-0.0310335210266436	0.0166999703623319	0.00137863184927485	0.0209390234017698	0.00506454626867726	0.00348684838629942	0.0293937048524564	-0.0392549843756836	-0.0319629289128398	-0.0120530007805527	-0.00553507563517399	-0.0219310413181533	-0.00983213145147341
0.0526125139877217	0.0536630459771211	-0.0316266958119507	-0.0309261921407213	0.0167095327180067	0.0014052709377135	0.0209364040567164	0.005080635333733	0.00343447405808855	0.029422355597896	-0.0393040506457151	-0.0319594238799124	-0.0120906900126564	-0.00554424404135275	-0.0219647295879995	-0.00984820654668886
0.0525816224799004	0.0536471077863405	-0.0316454279707882	-0.0308643909642864	0.016699875367418	0.00139440659292419	0.0209270372788056	0.00506932395405459	0.00343085167850276	0.0294466281953905	-0.0393074495078563	-0.0319470871139571	-0.0120806778281245	-0.00552828629279569	-0.0219869709707166	-0.00983656268481168
0.0525798762498648	0.0536465685505055	-0.0316450507851005	-0.0308330119090393	0.0167107578729997	0.00140231631649331	0.0209330247523516	0.00507329977059958	0.00343051360836787	0.0294304427384368	-0.0393113191536151	-0.0319541754109175	-0.0120842121977165	-0.00553640277000103	-0.021998820189246	-0.00984380744398325
0.052559904966194	0.0536291230139581	-0.0316489958679969	-0.0308392145181256	0.0167076398046481	0.00139092810269333	0.0209351146404582	0.00506667247836858	0.00344570161872525	0.0294277717049744	-0.0393001321055153	-0.0319505656041879	-0.0120688453734035	-0.00552391932072274	-0.0219955680104277	-0.00983561552964038
0.0525746571175345	0.0536335710111047	-0.0316275381933198	-0.0308606051375693	0.0167220790315663	0.00139808066091903	0.0209415742946058	0.00507737896396267	0.00344480754894704	0.0294004355215055	-0.0392980757450254	-0.0319638425403944	-0.0120709240856378	-0.00553793386449622	-0.0219932210772599	-0.00984044350644273
0.0525976221379783	0.053638051138884	-0.0315956548268383	-0.030930936298482	0.0167501402497459	0.00140875222191241	0.0209562915213456	0.00509088919650188	0.00346281048212176	0.029367811753489	-0.0392959201986695	-0.0319853798431611	-0.0120617724432674	-0.00555339149277109	-0.0220023755135984	-0.00984693808519102
0.052594659134854	0.0536224370483979	-0.0315932981147823	-0.0309873199708545	0.0167397564674624	0.00138763960229035	0.0209523897449541	0.00507040242572456	0.00349069288634573	0.0293490684187792	-0.0392560572594174	-0.0319772340292912	-0.0120477928240946	-0.00555076655978162	-0.0219611044144457	-0.00983347255614073
0.0526242989449857	0.0536290769134852	-0.0315510966242667	-0.0310837439994507	0.0167684128008381	0.00139781104300154	0.0209653104502333	0.00508151263970287	0.00350271952184671	0.0293239911584844	-0.0392580898711788	-0.0319976397749948	-0.0120333969036814	-0.00556229866293653	-0.0219673838576536	-0.00983948377841518
0.0526403935979776	0.0536198693917536	-0.031521166241457	-0.0311883487665175	0.0167707611309899	0.00138031102407706	0.020966474137929	0.0050661136847572	0.00354013773904892	0.0292834688427709	-0.0392121332875947	-0.0320006782152567	-0.0120178833960454	-0.00557161794339036	-0.0219199520589354	-0.00983574964010711
0.0526821075410673	0.0536396339217882	-0.0314971772317204	-0.0312735703801895	0.0167891398528683	0.00139408528659764	0.0209758451067919	0.00507595404025364	0.00354948635616736	0.0292485163023789	-0.0392071432606451	-0.0320211691769861	-0.0120132733487515	-0.0055880408876289	-0.0219110504767061	-0.0098433436452858
0.0527021291161631	0.0536523911799361	-0.0314896279300306	-0.0313200452448482	0.0167935599103343	0.0014055461435671	0.0209778288241123	0.00508225164425393	0.00355169359093232	0.0292450461940522	-0.0392110380521164	-0.0320350775499734	-0.0120123401634205	-0.00558279381561802	-0.0219225448612922	-0.00983697898605216
0.0526802104367567	0.0536358145674544	-0.0315026282633994	-0.0313268317932584	0.0167577831493656	0.00137142341168802	0.0209591287959074	0.00505148167404314	0.00356768347012203	0.0292777328263501	-0.0391830229344097	-0.0320059895485329	-0.0120049780575905	-0.00556620043932801	-0.0218894558975942	-0.00982215139757412
0.0527170894181239	0.0536711512784542	-0.0314912302707112	-0.03131728899536	0.0167851849910837	0.00141205748612374	0.0209708173612735	0.00508263860882981	0.00354383276180419	0.0292691260077508	-0.0392235703958357	-0.0320288344283503	-0.0120240231408504	-0.00558938059531219	-0.0219241248502284	-0.00985344523679558
0.0526612631423787	0.0536336757849068	-0.031532997299194	-0.031290190299176	0.0167382547096318	0.00137402319896497	0.0209480716673221	0.00505560137994306	0.00355968853052718	0.0293261983932493	-0.0391977681008301	-0.0319862459732587	-0.0120032052848584	-0.00555061428852252	-0.0219068162181158	-0.00982893934296839
0.0527044704613948	0.0536869413889279	-0.0315291961056526	-0.031191908281822	0.0167701073424646	0.00142319843375068	0.0209589360121114	0.00508924215233232	0.00348074356609506	0.0293244340024214	-0.0392585858005089	-0.0320011531898264	-0.0120730307375527	-0.00558796265652331	-0.021929703007454	-0.00986653358015819
0.0526380676195702	0.0536414597799134	-0.0315789245461136	-0.03112111611618	0.0167160426635793	0.00137478874621257	0.0209312240399389	0.0050504884183989	0.00350166898985731	0.0293723603334856	-0.039229278472576	-0.0319617205216551	-0.0120464056189544	-0.00554926759591908	-0.0219089116941585	-0.00983047602539969
0.0526258915067782	0.0536550552284783	-0.0315992590456318	-0.0310033168349644	0.0167189763300391	0.00140700319790878	0.0209393656628568	0.00507731609968139	0.00346327428081921	0.0293964163984557	-0.0392861357225341	-0.031974723648992	-0.0120607945544475	-0.00554519399049211	-0.0219720721360531	-0.00984180277190242
0.052626372069284	0.0536767922999611	-0.0316267405154396	-0.0308914351780933	0.0167203509623231	0.00142071599313211	0.0209316878386364	0.00508488216517951	0.00341134000257731	0.0294189134292499	-0.0393109126312629	-0.0319572110572113	-0.012112170039078	-0.00555821388163732	-0.0219751231491713	-0.00985924830844978
0.0525697467186745	0.053634025030914	-0.0316512464092668	-0.0308465389053868	0.0166904359463377	0.00138843169223448	0.0209110711483444	0.00505905751842946	0.0034371031820301	0.0294513597802949	-0.0392974429112605	-0.031936678185961	-0.0120782708246435	-0.00552261593462419	-0.0219864862172587	-0.00982195162885805
0.0525672782478962	0.0536354234119264	-0.0316517032230441	-0.0308045497564435	0.016702183185033	0.00139217700641477	0.0209195773840937	0.00506434510297717	0.00342551519951406	0.0294342509168984	-0.039301788928573	-0.031940308947451	-0.0120900152693707	-0.00553858485905348	-0.0219798351762992	-0.00983396429451875
0.0525700680250011	0.0536354192209744	-0.0316336472044763	-0.0308107006771208	0.0167187863402112	0.00140576267609151	0.0209307937688582	0.00507444390051888	0.00343536812786676	0.0294077599087667	-0.0393144442068868	-0.0319640506910146	-0.0120717133816139	-0.00553805260813863	-0.0220123611554338	-0.0098334320436039
0.0525871182150684	0.0536371137626009	-0.031609042124783	-0.0308592528570298	0.0167362388616787	0.00140537850548369	0.020940311421044	0.00507660782877896	0.00344506459400828	0.0293901425431839	-0.0393009479441879	-0.0319720344547372	-0.0120750703342343	-0.0055501714445855	-0.0220059280439828	-0.00984552852830631
0.0525668200371349	0.0536026892821716	-0.0316011100494695	-0.0309470756549627	0.0167232720559266	0.00137783836234669	0.0209352571328291	0.00505034173507592	0.00350002473965582	0.0293828977840123	-0.0392629527725819	-0.0319663822573581	-0.0120330294968819	-0.00553157758716674	-0.0219791087446044	-0.00981790456612761
0.052620039540683	0.0536403743233233	-0.0315744891218232	-0.0309876664228936	0.0167551903470087	0.00140506278709326	0.0209551278336499	0.00507322992139815	0.00347861176846764	0.029332762821199	-0.0392677360458953	-0.0319881081529687	-0.0120628690757297	-0.00556649101200593	-0.021964848331642	-0.00984819117986455
0.0526263036170666	0.0536213585767279	-0.0315475720335629	-0.0311122271068069	0.0167560900047231	0.00138133082241784	0.0209543734622745	0.00505580114865913	0.00352834998781681	0.0293205643566626	-0.0392370415128221	-0.0319873426057211	-0.0120213562983401	-0.00555542131056444	-0.0219531751331002	-0.00983003597543073
0.0526765042381292	0.0536414737497537	-0.0315047027846816	-0.031221953217322	0.0167884762854548	0.00139818264075311	0.0209733039928441	0.00507582691470706	0.00354591706197465	0.0292638789357399	-0.0392236542148774	-0.0320186811484314	-0.0120153897795546	-0.00558177541426127	-0.0219511425213388	-0.00984626473888931
0.0526823981137452	0.0536319896251845	-0.031494852650297	-0.0313007053979582	0.0167797074167082	0.00138619512080492	0.0209712406474341	0.00506276651102501	0.0035719722110894	0.0292594016019287	-0.0391955203535283	-0.0320175705461288	-0.0120019186625682	-0.00557474159967799	-0.0219248191512906	-0.0098355428864709
0.0526903497468352	0.053637169641962	-0.0315001332499246	-0.0313181676983139	0.0167668719274547	0.00137324787282918	0.0209620931960157	0.00505046746363848	0.00356657985273955	0.029274930476389	-0.039186227615771	-0.0320023322443464	-0.0120145529861215	-0.00557461307714737	-0.0218900677765987	-0.00983561552964038
0.0527206000389874	0.0536661458846803	-0.0314857303445912	-0.0313268541450029	0.0167843370217785	0.00140090536262457	0.020969567060568	0.00507586742724388	0.00354991383328006	0.0292635618203654	-0.0392075875015661	-0.0320209875690624	-0.0120280674096128	-0.00559139085532914	-0.021914042816495	-0.00985623780786846
