0.0525118012181581	0.0535350417275776	-0.0320010162853916	-0.0309958136337475	0.016790450223887	0.00161743788703535	0.0209200467707272	0.00527881009102584	0.0034520467201825	0.0293682015120329	-0.0391543568221458	-0.0317808292507624	-0.0117906807076252	-0.00553927776313159	-0.0221097882185624	-0.0101020734692602
0.0524851216171827	0.053538693443828	-0.0320372847847384	-0.0308737870788618	0.0167686209514583	0.00162844332721154	0.0209137966641839	0.00528429465032156	0.00342161202613854	0.0293947861180945	-0.0391783095102977	-0.0317755905606557	-0.0118089113491966	-0.00553356968639132	-0.0221288011711897	-0.0100991146570879
0.0524789902542818	0.0535512704910362	-0.0320599564385362	-0.0307652092892181	0.0167743360131187	0.00164582599947762	0.0209129850164634	0.00529635760740728	0.00337605218601849	0.0294260045201784	-0.0392158674259028	-0.03176824382165	-0.0118428929856888	-0.00553675061902412	-0.0221614417030146	-0.0101114598049474
0.0524481853594703	0.0535360000586212	-0.0320776855628414	-0.0307127539359336	0.0167728342552882	0.00164056914857854	0.0209137184330783	0.00529367120712056	0.0033753997944772	0.0294401936869554	-0.0392257734396486	-0.0317653199340784	-0.0118289496881008	-0.00552274026620272	-0.0221869715861346	-0.0101003775306496
0.0524356334579746	0.0535291255002171	-0.032079776847932	-0.0306780318979063	0.0167666749527067	0.00163105708432878	0.0209098166566869	0.00528554495102703	0.00337545427685431	0.0294378565326758	-0.039216174762389	-0.031758179948709	-0.0118363159848828	-0.00552865369959518	-0.0221770599844527	-0.0100969702866042
0.0524147513407172	0.0535071928509704	-0.0320824646452027	-0.0306834913114895	0.0167575051495439	0.00161732752529711	0.0209013397576022	0.0052740952699298	0.00340005795956349	0.0294362416191389	-0.0392079102048767	-0.0317522846761089	-0.0118113770260068	-0.00550948149078864	-0.0221826311567582	-0.0100788709615315
0.0524017593892526	0.0534879200593138	-0.0320701767736884	-0.0307114589317392	0.0167567619540408	0.00160844829481224	0.0209035693441116	0.00526530544642275	0.00342665094752919	0.0294246578275749	-0.0391926495513498	-0.0317546148454684	-0.0117896120148435	-0.00550242392747688	-0.0221826590964388	-0.0100714781220529
0.0524522310252167	0.0535177833868901	-0.0320345019925537	-0.0307537693870091	0.0167931966944869	0.00163310366593047	0.0209167582703243	0.00528256239012627	0.00341147551002806	0.0293845154915172	-0.0391975431864015	-0.0317751994051277	-0.0118215065571972	-0.00554263331876795	-0.0221626752399117	-0.0101037973475513
0.0524702437372796	0.0535200157673676	-0.0320147681961677	-0.0308256777428898	0.0168046603454245	0.00163424081092963	0.020917381325201	0.00528164317463555	0.00344151346060794	0.029346604138953	-0.0391775635208265	-0.0317922342283707	-0.0117979729642538	-0.00554127265632423	-0.0221707023101392	-0.0100961111414267
0.0524665766542049	0.0534988919718733	-0.0319971117150321	-0.0309227304142988	0.0168033401955176	0.00160849020433309	0.0209158823613384	0.00525922297796285	0.00347765483440814	0.0293493743582814	-0.0391519721704092	-0.0317849489566623	-0.0117652067038663	-0.00552714775081251	-0.022155325706938	-0.0100749901399005
0.0525029038268809	0.0535019821005442	-0.0319534531701747	-0.0310436701156104	0.0168283126820103	0.00161379315570511	0.0209320482605157	0.00526984564451523	0.00351027161750455	0.0292980603409481	-0.0391262397246051	-0.0318042552759356	-0.0117476326447883	-0.00555047738408773	-0.022133773037347	-0.0100977162760754
0.0525386903667379	0.0535189931750587	-0.0319319717467692	-0.031113361457838	0.0168372994802653	0.00162096946265929	0.0209334801691449	0.00527637375088021	0.00351340225871232	0.0292705467405077	-0.0391132966675814	-0.0318166143936353	-0.0117571083874534	-0.00556574222856668	-0.0221075753958613	-0.0101040851262611
0.0525691138849096	0.0535409677338264	-0.0319205919148734	-0.0311642535859947	0.0168475170214494	0.00163715491961299	0.0209375733323483	0.00528826767289849	0.00351157220963504	0.0292638440111392	-0.0391191723824051	-0.0318294862044735	-0.0117646157796223	-0.00557425544923609	-0.0221097407211054	-0.010113894748109
0.0525650877769396	0.0535367851636452	-0.0319245733193545	-0.031176639246391	0.0168331867592855	0.00162074594521474	0.0209333013551892	0.00527404916945686	0.00351228467148955	0.0292796215487565	-0.0391052053360886	-0.0318166590971242	-0.0117662055474467	-0.00556900558325715	-0.0220890457997079	-0.0101077284606073
0.0525656773041996	0.0535409062665291	-0.0319333268212768	-0.0311602023323121	0.0168319657952447	0.00162582817311027	0.0209377353824956	0.00528049485376416	0.00350096071895488	0.0292950749860793	-0.0391213572654256	-0.0318143708372856	-0.0117714945289784	-0.00556785726238576	-0.0220980451708192	-0.0101119892618941
0.052539087110202	0.0535289788168941	-0.0319667566490777	-0.0311117353684289	0.0168058896913695	0.0016168511537434	0.0209254279532049	0.0052711155029971	0.00349415181880018	0.0293303097172451	-0.0391215276974771	-0.0317971292604064	-0.0117723131616191	-0.00554867108373894	-0.0220965839255254	-0.0100970946181827
0.0525495030231181	0.0535535880875394	-0.0319770608032716	-0.0310353594576251	0.0168149197961294	0.00163750416562011	0.0209238186276041	0.00528282781709168	0.00345367280959162	0.0293504709907438	-0.0391569999159276	-0.0317954081760834	-0.0118056843160909	-0.00555535425533107	-0.0221266023183289	-0.0101138360747798
0.0524970141422169	0.0535202770033809	-0.0320075108641399	-0.0309801129302517	0.0167746349677008	0.0016125749856323	0.0209046114941968	0.00526540882324085	0.00347181544116919	0.0293828963870283	-0.0391482003135324	-0.0317768408613611	-0.0117769916611304	-0.00552275004509092	-0.0221287997742057	-0.010088026794854
0.052498439065926	0.0535467582326243	-0.032040306461192	-0.0308265396820354	0.0167704943070405	0.00163702220613029	0.0208971404236126	0.00528031184885643	0.00339556805289603	0.0294167536919419	-0.0391869861780985	-0.0317625189811014	-0.0118479640377121	-0.00553985471753535	-0.0221272183882854	-0.010111099383068
0.0524552540986543	0.0535295459924097	-0.0320700356783015	-0.0307245277173254	0.016752991494148	0.00162953297475373	0.0208895841370027	0.0052763094896149	0.0033924150599438	0.0294472624261394	-0.039209004043371	-0.0317541608256591	-0.0118361413618793	-0.00551801846018654	-0.0221661565241106	-0.010094851061833
0.0524322904751945	0.0535167300609326	-0.0320774648393649	-0.0306887286046122	0.0167546818448224	0.00162746823235967	0.0208900004382432	0.00527464707862104	0.00339419481759605	0.0294581840472739	-0.0392142874369666	-0.0317467931318931	-0.0118283489849685	-0.00551107544956511	-0.0221822805137671	-0.010099218033906
0.0524430444582456	0.05352681349165	-0.0320695495278596	-0.030667268135967	0.0167763658309121	0.00164966630857185	0.0209025649125951	0.00529123486697493	0.00337767967241164	0.0294287048903054	-0.0392275392274605	-0.0317638670706889	-0.0118414443132513	-0.00552924462383922	-0.0221924030600373	-0.0101047584725628
0.0524129143067198	0.0534941128895119	-0.0320727681790612	-0.0306834507989527	0.0167624853976053	0.0016267334187607	0.0209007767730387	0.00527753324762383	0.00340443471052464	0.0294305600850952	-0.0392073556022174	-0.0317568933264188	-0.0118095260221691	-0.00550946332999627	-0.0221890279466245	-0.0100810656234402
0.0524008792893147	0.0534797979941723	-0.0320665418212464	-0.0306974974733588	0.0167530655343015	0.00160452835762839	0.0209011693255507	0.00525937385223792	0.00341843947540992	0.0294201567450353	-0.0391817055784709	-0.0317485659046252	-0.0118088652487237	-0.00551099302750743	-0.0221516656087834	-0.0100715759109349
0.0524692700394118	0.053523423011413	-0.0320159430597357	-0.0307707720796194	0.0168174106186522	0.00165675879648432	0.0209354066101201	0.00530275300028956	0.00340804032630209	0.0293540570487448	-0.0392077062452085	-0.0317979464960631	-0.0118233547670668	-0.00555829490671098	-0.0221792756011219	-0.0101138262958916
0.0524616830191532	0.0535051071538159	-0.0320108342891436	-0.0308342161092718	0.0168039450896019	0.00163258678183994	0.0209251597322714	0.00528399010780336	0.00344126759141893	0.0293483028715316	-0.0391711485701679	-0.0317936870917603	-0.0118026444788449	-0.00553997625514582	-0.0221559278070543	-0.0100936077460477
0.0524905977945742	0.0535062610626234	-0.0319786114555432	-0.0309509900042105	0.0168219745654731	0.00162424119925394	0.0209282358911021	0.00527463869671687	0.00346698606738282	0.0293213606375588	-0.0391517109343959	-0.0317989034301226	-0.0117797870261713	-0.00554532670397481	-0.0221376077585051	-0.0100913586017619
0.0525205589110325	0.0535064720072117	-0.0319389943854802	-0.0310814250059634	0.0168470406498957	0.00163236466137941	0.0209423496207416	0.00528425972572085	0.00351082761714788	0.0292750576019356	-0.0391336856494767	-0.0318296272998604	-0.0117425168892761	-0.00554969786699985	-0.022148796203589	-0.0100941874944195
0.0525472105723274	0.0535170080607543	-0.0319208140353339	-0.0311547303458727	0.0168497312411345	0.00163787157241959	0.0209489294155156	0.00528677150300401	0.00351479225782064	0.0292623254895002	-0.0391160864446862	-0.0318341116185917	-0.0117521644609767	-0.00556424047073609	-0.0221221221905496	-0.0101003705457295
0.0525492669328173	0.053518907959033	-0.0319301347127717	-0.031163089898299	0.0168322074734816	0.00162269473793444	0.0209386029095772	0.00527441098832023	0.00350828790018414	0.0292796033879642	-0.0391074586713265	-0.031819247708529	-0.0117613286762033	-0.00555851842415553	-0.0220920143907683	-0.0100921898072588
0.0525517954739088	0.0535216153140802	-0.0319329705903495	-0.0311770569446155	0.0168263764621468	0.0016180930725447	0.0209336436162762	0.00527023400607514	0.0035190418832352	0.0292908938128822	-0.0391020691069447	-0.0318165180017374	-0.0117552685594879	-0.00555860503716529	-0.0220874518409314	-0.0101017535599176
0.0525551719843056	0.0535340666327258	-0.031945217949327	-0.0311479535763506	0.0168290153649766	0.0016274598504555	0.0209360813534059	0.00527571158045072	0.00349747384681985	0.0293033898350167	-0.0391203737886696	-0.0318166283634756	-0.0117706004592002	-0.00555974357914849	-0.0220949159265954	-0.0101029368053897
0.0525197570422002	0.0535195505716861	-0.0319766542809194	-0.0310826515579404	0.016795165044983	0.00161359199000501	0.0209192407109428	0.00526280484501181	0.00348986447481685	0.0293391204955125	-0.0391208306024469	-0.0317903077873955	-0.011774812366046	-0.00553599345368069	-0.0220937857665164	-0.0100840593602132
0.0525103371788963	0.0535259110399677	-0.0319879963942464	-0.0310110910510827	0.0167910425451151	0.0016175384698854	0.0209116983941732	0.00526402441206865	0.00345945632346943	0.0293696431995503	-0.039147640122937	-0.0317775547201997	-0.0117927482439874	-0.0055345503691793	-0.0221068936676554	-0.0100911769938382
0.0525392002659083	0.053567849897486	-0.0319952984297631	-0.030925879216299	0.0168162175942919	0.0016689321153083	0.0209223224577096	0.0053038398538637	0.00341688323520222	0.0293496453731829	-0.039193297751939	-0.0318035428140811	-0.0118300239688187	-0.00555933146886009	-0.0221525960001464	-0.0101249211430456
0.0524706460686798	0.053533046834385	-0.0320552695571207	-0.0308236660858889	0.0167667070833393	0.00163752651736456	0.0208963483336685	0.00527954211065675	0.00340572831773499	0.0294308702155495	-0.0391937014803233	-0.0317619029111448	-0.0118278348948461	-0.0055148305426336	-0.0221519939000301	-0.010091216109391
0.0524122102267695	0.0535032659288664	-0.0320930747388988	-0.0307187777310643	0.0167312041312401	0.00160597982403395	0.0208809619515791	0.0052543656644959	0.00339798623224928	0.0294753418051114	-0.0391921228883711	-0.0317274672548434	-0.0118279326837281	-0.00549179427600435	-0.0221373395375716	-0.010072806653864
0.0524494244843035	0.053538200308466	-0.0320701432460717	-0.030673159217615	0.0167807118482246	0.00165763330848614	0.020908743772953	0.00529750313431062	0.00335983040748005	0.0294357778204415	-0.03924096284699	-0.0317658913005461	-0.0118537950490469	-0.00552793844377261	-0.0221891746299475	-0.0101067603506756
0.0524048634877638	0.0534984896404731	-0.0320908325795332	-0.0306607009140493	0.0167509924100032	0.00162248239636211	0.020890580186615	0.00526876717284526	0.00339128769383283	0.0294501807257748	-0.0392106902030933	-0.031743352360231	-0.0118289985825418	-0.00549893984930991	-0.0221679097390663	-0.0100762194858455
0.0524368614069356	0.053521949193263	-0.0320612933522515	-0.0306728700419211	0.0167908134397344	0.00165340743180006	0.0209111787161146	0.00529267376052424	0.00338285130728498	0.0294076355771882	-0.0392329846712035	-0.0317744087121676	-0.0118366973615226	-0.00552463178257726	-0.0221954568671235	-0.0100990280440781
0.0524251197561764	0.0535016915278663	-0.0320522031771783	-0.0307339196409487	0.0167780436087303	0.00162452199304366	0.0209039297659909	0.00526573292353546	0.0034180259681375	0.029406399246323	-0.0391973182719729	-0.0317667490487396	-0.0118112457095081	-0.00550856786323403	-0.0221783200640464	-0.0100751410141755
0.0524574906700838	0.0535107495723068	-0.0320191170074483	-0.0308066019259813	0.0168079111272587	0.0016423195695662	0.0209227778745029	0.005283776369247	0.00343077205041313	0.0293569404237795	-0.0391908306781448	-0.0317920679872713	-0.0118044675430021	-0.0055345797058439	-0.0221698878684506	-0.0100951849410158
0.0524873917162289	0.0535229033333544	-0.0320003694817864	-0.0308694159158368	0.0168265692459427	0.00164754428983262	0.0209335234756498	0.00529005162150283	0.00343005120665445	0.0293361700652444	-0.0391788557310528	-0.0318034729648796	-0.0118146431746654	-0.00555143850909931	-0.0221541578282902	-0.0101018513487996
0.0525026509727718	0.0535075630517379	-0.031962154983688	-0.0310122505478264	0.0168394592175733	0.00163700963327403	0.0209388138541655	0.0052814839184563	0.00348556595496129	0.029297069879272	-0.0391453798027789	-0.0318157734092502	-0.0117655433770172	-0.00554815978758452	-0.022146833441029	-0.0100935211330379
0.0525342912640323	0.0535172986334322	-0.0319328616255953	-0.0311117479412851	0.0168548274388704	0.00163907856662018	0.0209492199881935	0.00528867140128271	0.0035007553623027	0.0292638230563787	-0.0391247812732793	-0.0318295965662118	-0.0117654190454387	-0.00555961365963384	-0.0221244914754619	-0.0100994541242068
0.0525299787743364	0.0535073982076225	-0.031936235342024	-0.0311513314837314	0.0168265762308629	0.00161017915802349	0.0209335528123144	0.00526900326314607	0.00351564302109397	0.0292759390988575	-0.0390933086201022	-0.0318092550817734	-0.0117614166861971	-0.00555565600388122	-0.0220722316999414	-0.0100888356486065
0.0525584744545489	0.0535299930272988	-0.031922044778263	-0.0311669581470738	0.0168385986754118	0.00162618021308544	0.0209378862567706	0.00527914816116072	0.00350082102055204	0.0292757127874449	-0.0391118186584793	-0.0318187126636461	-0.0117747411198606	-0.00556790755381079	-0.0220806611015691	-0.0101039705735708
0.05257247083753	0.0535443470381912	-0.0319210794622993	-0.0311658363688989	0.0168430955669994	0.00164288115714564	0.0209419137617247	0.00528968002375126	0.00349318091490041	0.0292774604144645	-0.0391260078252563	-0.031827693873965	-0.0117815095074784	-0.00557116671754918	-0.0220987394718813	-0.0101129964873787
0.0525649355056805	0.0535448136308567	-0.0319371308087863	-0.0311435097701561	0.0168367672293505	0.00164585114519013	0.0209402792904114	0.00529137596236181	0.00348430447838359	0.0293005693242633	-0.0391351077792177	-0.0318213040690189	-0.0117854685602151	-0.00556091006081225	-0.0221153719637241	-0.0101100935545675
0.0525414647770184	0.0535417723966268	-0.0319703692497753	-0.0310600944568329	0.0168168727798012	0.00163648436727933	0.0209325218381014	0.00528719478916463	0.00345964910726536	0.0293349449102515	-0.0391443404466618	-0.0318010771372708	-0.0118046477539418	-0.00555125550419158	-0.0221128476135847	-0.0101062728032497
0.0525025322291293	0.0535196707123125	-0.0319976788905476	-0.0310125034019355	0.0167889596419286	0.0016157908428658	0.0209141081916223	0.00526594247113972	0.00346526358607573	0.0293753163516899	-0.0391502147645014	-0.0317776036146407	-0.011787723292437	-0.00552322222569254	-0.0221163079430232	-0.010082329893986
0.0525042281677399	0.0535436066366561	-0.0320228497487724	-0.0308844530519191	0.0167845759060473	0.00164513588936756	0.0209156253162772	0.00528583272973689	0.00341304711706008	0.0293898421916177	-0.0391782019425275	-0.0317755947516077	-0.0118342177148721	-0.0055432298309481	-0.0221307723156538	-0.0101125745982021
0.052464274424526	0.0535296926757327	-0.032055919154694	-0.0307824732178418	0.0167662139479773	0.0016451917687287	0.0209037900675881	0.00528691678934297	0.00339354522002282	0.029434333338956	-0.0392038952727789	-0.0317620607703401	-0.0118375593006682	-0.00551952580595325	-0.0221627241343527	-0.0100998005762459
0.0524247872739777	0.0535117079033503	-0.0320885443196946	-0.0306937954656834	0.0167416354109806	0.00161873568519779	0.020887436972551	0.0052660933454148	0.00338329415122201	0.0294676681718431	-0.0391996400594282	-0.0317319892921435	-0.0118453963810678	-0.00550610637737589	-0.0221483212290193	-0.0100875657901246
0.0524460577527949	0.053529267992588	-0.0320690396286892	-0.0306676746583193	0.0167741711690034	0.00165256784439895	0.0209032312739767	0.00529368936791293	0.00337222165581246	0.0294364344029348	-0.0392329972440597	-0.031760831424395	-0.0118511938647859	-0.00552296797459936	-0.022195581198702	-0.0101073554658717
0.052424363987817	0.0535081330212215	-0.0320744613237037	-0.0306739010161341	0.0167687494739889	0.00164430747783869	0.0208983907243181	0.00528820061766512	0.00338812352500838	0.0294358630364672	-0.0392176988719641	-0.0317567983315049	-0.0118340626496449	-0.00550997183218263	-0.0221976724837926	-0.0100915653553981
0.0524436353824896	0.0535156250465661	-0.0320559498883426	-0.030697701433027	0.0167854504180491	0.00165436995379566	0.02090476516244	0.00529263045401936	0.00338832888166056	0.0294086204509283	-0.0392137831257323	-0.0317681264749916	-0.0118414345343631	-0.00552460803384877	-0.0221919909497489	-0.0100998313098945
0.0524187215693261	0.0534793341954749	-0.0320439833231548	-0.0307675646042901	0.0167715560149021	0.00161803439921551	0.0208941788174723	0.00526494502454341	0.00344032742116778	0.0294087405915547	-0.0391746368392869	-0.0317631336540739	-0.0117939733989803	-0.00550430426797918	-0.0221735647304135	-0.0100746772154781
0.0524708262796195	0.0535103388590025	-0.0320129786596273	-0.0308139193283223	0.0168053322947421	0.00164566394933032	0.0209123312279381	0.00528685252807766	0.00343185890398727	0.0293548980331299	-0.0391788361732765	-0.0317895953255409	-0.0118154282796894	-0.00554035483781753	-0.0221611120147839	-0.0101058774567696
0.052465941026472	0.053488667445769	-0.0319941934153966	-0.0309098432366363	0.0168080913381983	0.00162560186169766	0.0209082282858465	0.00527389829518178	0.00346899493041574	0.0293540137422399	-0.0391545076964209	-0.0317873727239517	-0.0117829861195965	-0.00552550350061101	-0.0221527203317249	-0.010086309901483
0.0525060149103123	0.053498633529828	-0.0319571370170578	-0.0310063832149068	0.0168245394281494	0.00162857184974215	0.0209196248815507	0.00527601891693698	0.00349105330822507	0.0292949799911654	-0.0391281577836761	-0.0318067544803625	-0.0117771998117506	-0.00555451885888206	-0.0221187931776098	-0.0100904924716642
0.0525559808380581	0.0535209950531715	-0.0319188386999176	-0.0311158746321052	0.016859373224899	0.00165328030625347	0.0209489154456753	0.00530090618740394	0.00350393769191953	0.0292552483684121	-0.0391301149583	-0.031837165425678	-0.0117720491316377	-0.00557735256282718	-0.0221300263261826	-0.0101172153791446
0.0525463095176291	0.0535093567792304	-0.0319238832092444	-0.0311663378861651	0.0168381013490976	0.0016330366106971	0.0209469778288278	0.00529092194255256	0.00351813803456879	0.0292670123709157	-0.0391073986010133	-0.0318279718737867	-0.0117614697715902	-0.00556315222017792	-0.0221035772275719	-0.0100960636439697
0.0525593587454389	0.0535226071727404	-0.031923127440885	-0.0311710806469417	0.0168342303063548	0.00163119957669968	0.0209421233093289	0.00528483807710863	0.00350749441325597	0.0292757924155345	-0.0391059052250868	-0.0318199741402238	-0.0117789083232174	-0.00557046543156689	-0.0220860800026155	-0.0101021028059248
0.0525629098788392	0.0535319250562102	-0.031934909604181	-0.0311496257662327	0.0168271643611389	0.00163627062872298	0.0209318834164004	0.00528311419881751	0.00349758979649422	0.0292943862729533	-0.0391172403534937	-0.0318164677103123	-0.0117848119777217	-0.00556727192607784	-0.0220853898925054	-0.010109526379052
0.0525498285203968	0.0535320982822297	-0.0319575351575059	-0.0311083923856488	0.0168158487905084	0.0016385002152324	0.0209228924271932	0.00528333212832595	0.00348403905141819	0.0293207780952189	-0.0391297405665804	-0.0318066608824326	-0.0117876115337147	-0.00555581106910838	-0.0220984488992034	-0.0101031170163294
0.0525449656189937	0.0535449156106908	-0.0319746468148705	-0.0310362982308922	0.0168127293251728	0.00164622134595768	0.0209224998746812	0.00529342254396349	0.0034506329723457	0.0293483028715316	-0.0391551447211379	-0.0318015996092975	-0.0118139321097949	-0.0055550413309087	-0.0221146217833009	-0.0101124055631346
0.0525111334597925	0.0535272437627308	-0.0319993371105894	-0.0309776165197929	0.0167897824655214	0.0016304493962764	0.0209078678639672	0.00527648830357054	0.00345504464790757	0.0293733452072257	-0.0391549351735336	-0.0317826816515841	-0.0118041113120748	-0.00553762094007385	-0.0221188155293543	-0.0100962368699893
0.0524771238836198	0.053524012538673	-0.0320400969135877	-0.030851900530088	0.0167736319331684	0.00163307432926587	0.0209128844336133	0.00528320360579533	0.00341996218800094	0.0294113529516879	-0.0391844073455819	-0.0317726582911799	-0.0118236369578406	-0.00552616706802453	-0.0221372012361528	-0.0100991775213692
0.0524463706772173	0.0535201484808503	-0.0320693972566005	-0.0307386190952205	0.0167599778112743	0.00163164661158879	0.020912864875837	0.00528506159455318	0.00338614679260811	0.0294418211733486	-0.0392074268484028	-0.0317572327935377	-0.0118472152542729	-0.00552209625656561	-0.022145557994611	-0.0100964925180665
0.0524396050835675	0.0535214295152044	-0.0320722736467151	-0.0306849008683742	0.0167688584387432	0.00164392470421489	0.0209095414508333	0.0052906341638427	0.00337254156515497	0.0294389894867229	-0.0392292351660711	-0.0317646689395212	-0.0118459342199188	-0.00551480260295303	-0.0221828113676979	-0.0100908975970325
0.0524347952675575	0.0535176255276949	-0.0320737977562902	-0.0306633803294158	0.0167714246984034	0.00164660272259744	0.0209057598150682	0.00529700022006037	0.00337551015621545	0.0294321680137119	-0.0392201869005188	-0.0317633096740615	-0.0118495817452171	-0.00552562503822149	-0.0221780099335921	-0.0101069950439924
0.052423870852455	0.0535030577782461	-0.0320667066653617	-0.0306776128026978	0.0167739336817185	0.00164582599947762	0.0209075311908163	0.00529327306667245	0.00339185486934839	0.0294185837410192	-0.0392172979375479	-0.0317670815309383	-0.0118334158460398	-0.00551466709550227	-0.0221882637963609	-0.010092885505305
0.052449740202694	0.0535151361021562	-0.0320428042686348	-0.0307018337117831	0.0167952879795775	0.00165524446579748	0.020917530802492	0.00530143983530281	0.00338884576575109	0.0293923958784218	-0.039215389657365	-0.0317818476521191	-0.0118442927636853	-0.00553549053943045	-0.0221855955568666	-0.0101083668823084
0.0524541951847607	0.0535002568252691	-0.0320232395073163	-0.0307937147483188	0.0168028945576125	0.00164414263372333	0.0209156378891334	0.00528942158170599	0.00343317625992611	0.0293725321625211	-0.0391882253029317	-0.0317895296672916	-0.0118051255224795	-0.00553043206026341	-0.0221839345428568	-0.0100980557431943
0.0524643400827754	0.0534998964033897	-0.0320101218272891	-0.0308457747551232	0.016803852888656	0.0016368755228073	0.020916596220177	0.0052862895435142	0.00344792561729856	0.0293476518769743	-0.0391644905442882	-0.0317926170019945	-0.0118003003396452	-0.00553658158395667	-0.0221559306010223	-0.0100976115022733
0.0524842638689892	0.053491366418912	-0.0319726742734223	-0.0309594473455188	0.0168228155498583	0.00162309287838255	0.0209213655236501	0.00527577025377992	0.00347860059259541	0.0293289071452805	-0.0391459749179751	-0.0318013258004279	-0.0117774708266521	-0.00553840604509784	-0.0221401865910216	-0.0100906964313324
0.0525247847877186	0.0535064287007068	-0.0319391270989629	-0.0310550261987777	0.0168429516776444	0.00163019793915128	0.020931868049576	0.0052786955383355	0.00349835674072584	0.0292793281821106	-0.0391236930227212	-0.0318205957981164	-0.0117773395101535	-0.00556147583934377	-0.0221158483352778	-0.0100995058126159
0.0525608535183494	0.0535235431520394	-0.0319140777783487	-0.0311446860307081	0.0168641117947235	0.00164923464050706	0.0209475296375191	0.00529480416116764	0.00351066556700057	0.029249503970087	-0.0391245940774195	-0.0318426863065584	-0.0117695457362587	-0.00557104937089078	-0.0221225161400457	-0.0101110910011638
0.0525471016075732	0.0535092547993964	-0.0319217276628885	-0.0311766099097264	0.0168403910059203	0.00162517857553703	0.0209413549681133	0.00527758773000094	0.00352038298790252	0.029275962847586	-0.0391017338307779	-0.0318247657954414	-0.0117647680508814	-0.00556005790055489	-0.0220898658293326	-0.0100976855424268
0.0525636558683104	0.0535314193479919	-0.0319281286437069	-0.0311530148494857	0.0168305702082002	0.00163078048149114	0.0209371891617404	0.00528166971733209	0.00350128621623351	0.0292759097621929	-0.0391095206197525	-0.0318216225813773	-0.0117856976655957	-0.00557425964018818	-0.0220765749232858	-0.0101036618401005
0.0525457884425865	0.0535212856258494	-0.0319501534938995	-0.0311421602835846	0.0168112052155978	0.00161548350637954	0.0209259155006308	0.0052716701056564	0.00350505527914229	0.029311306543506	-0.0391091490220009	-0.031802654332239	-0.0117716915037264	-0.00555441967301604	-0.0220779914650907	-0.0100994904457915
0.052543701348448	0.0535328554475731	-0.0319646234544663	-0.0310824895077931	0.0168084252173811	0.00163036138628261	0.0209228896332252	0.00528205528492394	0.00347918592890333	0.0293225187373184	-0.0391349960204954	-0.0318029085833321	-0.0117840156968255	-0.00555147762465211	-0.0221018938618176	-0.0100995882346735
0.0525220732417194	0.0535269629689411	-0.0319898278403077	-0.0310112684680544	0.0167909768868657	0.00161897037851457	0.0209066930003992	0.0052710666085561	0.00346084352860969	0.0293664035935883	-0.0391452247375518	-0.0317822695412957	-0.0117999217569735	-0.00554069570192048	-0.0220993373810455	-0.0100954447800451
0.0524997689947211	0.0535236353529853	-0.03201340613674	-0.0309368343650501	0.0167824636661963	0.00163231716392245	0.0209085062856682	0.00528016656251747	0.00345333613644077	0.0293732907248486	-0.0391610693304025	-0.0317838313694395	-0.011796610904826	-0.00553606609685017	-0.0221318340235155	-0.0100938326604763
0.0524711783195947	0.0535240795939064	-0.0320498199224257	-0.0308124944046133	0.0167602432382397	0.00162931923619738	0.0208962100322497	0.0052796720301714	0.00340626056864983	0.0294294355129523	-0.0391872683688722	-0.0317614377154634	-0.011830431888155	-0.00552395424532345	-0.0221384082303534	-0.0100925837567548
0.0524366588442515	0.053513163560708	-0.032071777717385	-0.0307226711255516	0.0167506236062197	0.00162803680485926	0.0208922900950658	0.00527756258428843	0.00339322111972822	0.0294559362999721	-0.039207236858575	-0.0317457328210155	-0.0118369669794401	-0.0055114232985882	-0.0221636964352365	-0.0100879876793012
0.05244110404743	0.0535247389703678	-0.0320726298776424	-0.0306587702821219	0.0167634060100801	0.00163867344125192	0.0208946342342656	0.00528531584564636	0.00336489866553529	0.0294472610291554	-0.0392178120276704	-0.0317450874143943	-0.0118694915615906	-0.00552903926718704	-0.0221634533600156	-0.0101037484531103
0.0524287533116345	0.0535142210776175	-0.0320729106714321	-0.0306494845292848	0.0167692495942711	0.00164190187134169	0.0209003213562454	0.00529220996182679	0.0033734021073165	0.0294321386770473	-0.0392170199377263	-0.0317560076385448	-0.0118550202040398	-0.00552663785164212	-0.0221794697819018	-0.0100956473427293
0.052419945327335	0.0535000710263933	-0.0320613338647883	-0.0306729552579469	0.0167703657845099	0.00163063519515218	0.0209003646627503	0.00528342432927183	0.00339908286471162	0.0294186591781568	-0.039206895994472	-0.0317600547012752	-0.0118294065018781	-0.00551984431831173	-0.0221839638795214	-0.0100880938500874
0.052438941516154	0.053510171220919	-0.032037017960789	-0.0306967403080154	0.0167878197029614	0.00163711440707617	0.020904474589762	0.00528292979692576	0.00340348336440126	0.0293932200989986	-0.0391992321400919	-0.0317722615477158	-0.0118361818744161	-0.00553898020553353	-0.0221740424989513	-0.0101036981616852
0.0524407128919021	0.053496475189504	-0.032030195090794	-0.0307707636977152	0.0167825726309505	0.00162203256750495	0.020899316924729	0.00526804912305464	0.00343902822602131	0.0293759924919596	-0.0391672412058403	-0.0317710042620902	-0.0118108741117566	-0.00553329727450577	-0.0221517075183043	-0.0100890968846198
0.0524686972759601	0.0535068016954424	-0.0319988802968121	-0.0308567955621237	0.0168081430266074	0.00163428132346646	0.0209093528579894	0.00528152722496119	0.0034549873715624	0.0293477175352237	-0.0391665706535066	-0.0317959488089024	-0.0117970160301943	-0.00553513011755111	-0.0221678901812899	-0.010093276660833
0.0525053108303619	0.053513754484952	-0.031956164716174	-0.030967412948449	0.0168323513628365	0.00164069767110916	0.0209239275923583	0.00528430023825767	0.00347854750720233	0.0293001320682623	-0.0391464303347683	-0.031811884205715	-0.0117904655720849	-0.00555877686620079	-0.0221475486968516	-0.0101003384150968
0.052529419980725	0.0535152883734153	-0.0319309156268437	-0.031081057599164	0.0168385791176354	0.00162955812046624	0.0209300435884349	0.0052806932254962	0.0035065235093562	0.029278464845981	-0.039111704105789	-0.0318133454510087	-0.0117797898201394	-0.00556931291974341	-0.0221083968224701	-0.0101140484163521
0.0525625773966405	0.0535333136583344	-0.0319155054960257	-0.031137463623281	0.0168487365885063	0.00164219663497169	0.0209358201173926	0.00528991192309998	0.00350753911674489	0.0292567263775142	-0.039113817742624	-0.0318270372914716	-0.0117835798378086	-0.00557971905377139	-0.022102061499901	-0.0101176372683212
0.0525548856025798	0.0535256442160182	-0.031919397493529	-0.0311763584526012	0.0168360603554321	0.00162905101526391	0.0209323975065228	0.005278621498182	0.00351723697987043	0.0292788518105569	-0.0391035163823982	-0.0318198428237251	-0.0117716468002375	-0.00556347212952044	-0.0220971916135778	-0.0101013232888369
0.0525555491699933	0.0535303534491781	-0.0319266240919082	-0.0311743761322649	0.0168304654343981	0.0016272782425318	0.0209306023820463	0.00527897214117314	0.00351291610827042	0.0292922782240544	-0.0391066302597976	-0.0318190004423559	-0.0117731960555251	-0.00556068514638366	-0.0220948740170746	-0.0101030290063356
0.0525624516680779	0.0535435814909436	-0.0319386982248662	-0.0311396904158223	0.0168330093423139	0.00164077450523072	0.0209355155748743	0.00528907093871485	0.00348794501876175	0.029306400335598	-0.0391267063172706	-0.031816501237929	-0.0117907463658746	-0.00556775248858363	-0.0221061211354877	-0.0101125326886812
0.0525446680613956	0.053545467419382	-0.0319684623665765	-0.0310615626870469	0.0168098166134735	0.00163421147426503	0.0209226046484834	0.00528112209959293	0.0034642605515433	0.0293394445958071	-0.0391380526215497	-0.0317952586987923	-0.0118101169464132	-0.0055565682344518	-0.0221028493988931	-0.0101087245102196
0.0525173360688789	0.0535308982729492	-0.0319928439288251	-0.030995196166807	0.0167897265861603	0.00161995525225463	0.0209084154817063	0.00527180561310716	0.00346118020176055	0.0293755245023101	-0.039145871541157	-0.0317791165483435	-0.0118093527961496	-0.00554252714798179	-0.0221095954347665	-0.0101003384150968
0.0525014886820601	0.0535409789096986	-0.0320259468623634	-0.0308829904096413	0.0167767178708873	0.00163253928438297	0.0209000782810245	0.00527710297654306	0.00343017833220104	0.0293884661623497	-0.0391668598292005	-0.0317711593273174	-0.0118322186307274	-0.00554145426424793	-0.0221208830657164	-0.0101060381099329
0.0524791117918923	0.0535433006971539	-0.0320533975985226	-0.0307772694523358	0.0167738764053734	0.00164811565630026	0.0208986002719224	0.00529077945018165	0.00339510565118261	0.0294286518049123	-0.03920640285911	-0.0317648365776046	-0.0118489181778035	-0.00553754550293631	-0.0221589061770029	-0.010110265383603
0.0524435487694798	0.0535251049801832	-0.0320834844435435	-0.030691909537245	0.0167506515459003	0.00162853413117339	0.0208845843311649	0.00528036214028145	0.00337974860575778	0.0294567912541975	-0.0392048619857266	-0.031737166514953	-0.0118565638713913	-0.00552207949275726	-0.0221580582076977	-0.0100952017048242
0.0524393536264424	0.0535259389796482	-0.0320742014846744	-0.0306672262264462	0.016760113318725	0.00163877821505406	0.020888368760898	0.00528222431999139	0.00338514236109165	0.0294450188697897	-0.039218333102713	-0.0317505929284505	-0.0118448445723766	-0.00552254189447068	-0.0221901930313042	-0.0100970052112049
0.052440117776706	0.0535236409409214	-0.03206711179073	-0.0306631316662588	0.0167737967772838	0.00164662786830996	0.0208921280449185	0.0052899175110361	0.00338284432236484	0.0294272981273887	-0.0392192900367725	-0.0317576071852573	-0.0118461591343473	-0.00552741038380986	-0.0221953520933213	-0.0101003090784322
0.0524233763201089	0.0535024291354333	-0.0320626190900945	-0.030686757460148	0.0167712486784159	0.00163431205711508	0.0208910328094402	0.00527748994111895	0.00340910762209983	0.0294171951388949	-0.0392003134057299	-0.0317554167143007	-0.0118249920323482	-0.00551920729359476	-0.0221861655263502	-0.0100907201800609
0.0524325293594634	0.0535011662618716	-0.0320454417744806	-0.0307287228603629	0.016776311348535	0.00162321441599302	0.0208922733312575	0.00527117557331032	0.00341953471088823	0.0293994366779252	-0.0391808562121816	-0.0317563443116956	-0.0118286018390777	-0.00553068491437256	-0.0221514420913389	-0.0100935476757345
0.0524728058059878	0.0535201191441857	-0.0320041594994556	-0.0308169018892231	0.0168183535828714	0.00165466192345761	0.0209168588531743	0.00529806332490603	0.00343652063969024	0.0293428630157248	-0.0391903123970702	-0.0317978528981331	-0.0118087772387299	-0.00554888063134321	-0.0221879662387629	-0.0101053954972798
0.0524831420908144	0.0535116576119253	-0.0319896434384159	-0.0308984983293412	0.0168224984344838	0.00163676795503711	0.0209180309227742	0.00528461735363213	0.00345179666004141	0.0293430516085686	-0.0391633687661134	-0.0317913834650974	-0.0118075381138966	-0.0055484238175659	-0.0221537582908581	-0.0100989484159885
0.0525169700590634	0.0535154448356265	-0.0319502498857975	-0.0310248876653478	0.016844502329916	0.00163852116999282	0.0209351397861707	0.00528994684770069	0.00348960323880353	0.0292856397559511	-0.0391367380595789	-0.0318151782940541	-0.0117828743608742	-0.00556274150687355	-0.0221395328024963	-0.0101035654482025
0.052545518824669	0.0535226476852772	-0.0319247633091823	-0.0311231403460372	0.0168575389848696	0.00164322062426455	0.0209445778102669	0.00529037711878146	0.00350711024264815	0.0292569680557511	-0.0391215779889021	-0.031830394244092	-0.0117743080548117	-0.00556894970389601	-0.0221289548394328	-0.0100958708601738
0.0525428352183503	0.0535144208463336	-0.0319307773254248	-0.0311605138597505	0.0168349846777302	0.00162330382297084	0.0209385190905355	0.00527419305881179	0.00352192805223799	0.0292729258043081	-0.0390960760454626	-0.0318139224054125	-0.0117696826406935	-0.00556760999621272	-0.0220853926864735	-0.0100991356118483
0.0525578821333208	0.0535261597031247	-0.0319220559541352	-0.0311812520876529	0.0168390568861731	0.00162590081627974	0.0209403337727885	0.00527603009280921	0.00351969706874455	0.0292785849866074	-0.0391027773778471	-0.0318179638802068	-0.0117722489003538	-0.00557046682855092	-0.0220916916874578	-0.0101051887436436
0.052571145099687	0.0535465528759721	-0.0319283954676563	-0.0311622894264507	0.0168411886838005	0.00163766621576741	0.0209355588813792	0.00528334749515027	0.00349820307248271	0.0292893222058501	-0.0391166047257608	-0.0318134180941782	-0.0117944134489493	-0.0055780356880171	-0.0220941419974437	-0.0101156856816334
0.052536782086555	0.0535291324851373	-0.0319571034894411	-0.0311270267556044	0.0168136429527274	0.00162424678719005	0.0209192560777671	0.00527272203462982	0.00349806058011181	0.0293291893360542	-0.03911784245361	-0.0317954780252848	-0.0117804966940578	-0.00555180312193074	-0.0220968325886825	-0.0100964492115616
0.0525481647124189	0.0535575471402761	-0.0319710453900451	-0.0310359154572684	0.0168146767209085	0.00164173143929022	0.0209142995784342	0.00528180243081479	0.00344994286223564	0.0293461822497764	-0.0391497551567561	-0.031790286832635	-0.0118221324060419	-0.0055637110137893	-0.0221057229950396	-0.0101157778825793
0.0525069257438988	0.0535314850062412	-0.0320009967276152	-0.0309877027444783	0.0167821996362149	0.00162105607566906	0.0208957029270474	0.00526360811082817	0.003471020557257	0.0293785699274921	-0.0391451059939094	-0.0317710866841479	-0.011794058615006	-0.00553608425764254	-0.0221201622219577	-0.0100953707398916
0.052478262425603	0.0535366398773062	-0.0320451721565631	-0.0308416648281115	0.0167563079342315	0.00161756082162986	0.0208783719431903	0.00526040342946689	0.00342595105853093	0.0294160007175506	-0.0391622581638108	-0.0317465752023846	-0.0118294721601274	-0.00553137642146664	-0.0221142026880923	-0.010098776586953
0.0524763527484361	0.0535538632933931	-0.0320570954152459	-0.0307450033122305	0.0167744254200966	0.00164859761579008	0.0208899180161855	0.00528717104043615	0.00338745157569069	0.0294295360958023	-0.0392124476090011	-0.0317610465599354	-0.0118522360148711	-0.00553755528182451	-0.022167007287384	-0.0101149243253379
0.0524252147510904	0.0535205172846338	-0.0320843617495134	-0.0306881376803681	0.0167483213765408	0.00162070543267791	0.0208825000309944	0.00526813014812829	0.00339784793083047	0.0294602948901409	-0.0392015148119944	-0.0317358533499662	-0.011834754156739	-0.00551271969976661	-0.0221756322667756	-0.0100905581299136
0.0524474142242866	0.0535407721560624	-0.0320779202561581	-0.0306477438871853	0.0167772263730736	0.00164648118498697	0.0209034478065011	0.0052882732608346	0.00337096297320282	0.0294288278248999	-0.039223683551542	-0.0317569715575244	-0.0118606109341217	-0.00553996228530554	-0.0221891285294746	-0.0101073848025363
0.0524224892352509	0.0535120250187248	-0.0320769395733702	-0.0306703666465422	0.0167689310819126	0.00163262030945662	0.0209023050735658	0.0052758428969494	0.00339711172024747	0.0294302778943214	-0.0392032344993334	-0.0317485030403439	-0.0118322046608871	-0.00552474354129953	-0.0221883043088978	-0.0100973069597551
0.0524277097645652	0.053509042457824	-0.0320598502677501	-0.0306973326292434	0.0167782419804623	0.00162896719622221	0.0208990542917316	0.00527156393487023	0.00341002124965444	0.0294115150018352	-0.0391915319641271	-0.0317558441914134	-0.011827341759484	-0.00552815078534494	-0.0221792392795371	-0.0100968250002652
0.0524316869780942	0.0534947582961331	-0.0320427525802258	-0.0307692172363957	0.0167830685602806	0.00161573356652064	0.020904372609928	0.00526338179941556	0.00344305573097536	0.0293915311453082	-0.0391686228230444	-0.0317616793937003	-0.0118033597346675	-0.00552971680444084	-0.0221605099146676	-0.0100917301995135
0.0524631344855588	0.0535125041842466	-0.0320118415146281	-0.03082234872995	0.0168069164746304	0.00163714514072479	0.0209239960445757	0.00528597801607585	0.0034425178921244	0.0293448146024125	-0.0391715746502965	-0.0317855524537626	-0.011809865489288	-0.0055505053237683	-0.0221625229686526	-0.0101027957100029
0.052481651508856	0.0535089600357664	-0.0319810757353694	-0.0309260957488234	0.0168191750094801	0.00162546495726287	0.0209269115502431	0.00527744942858212	0.0034652817468681	0.029331189817183	-0.039148721388575	-0.031787241407453	-0.0117949918003371	-0.00555351303038157	-0.0221424189714991	-0.0101020259718032
0.0525380910605897	0.0535331683719955	-0.0319288606633378	-0.0310551309725798	0.0168618682383738	0.00165438951157206	0.0209466942410701	0.00530364707006777	0.00349181466452058	0.0292651418093016	-0.03914219328221	-0.0318339104528916	-0.0117787630368785	-0.00558019961627718	-0.0221556498072326	-0.0101201071360835
0.0525308504923702	0.0535135002338588	-0.0319316532344107	-0.0311294491259097	0.0168366121641233	0.00162128797501778	0.0209340892541813	0.00527461355100435	0.00352348848339778	0.0292708876046106	-0.0390978236724822	-0.0318120043463414	-0.0117616849071306	-0.00556685422785333	-0.0221042617497458	-0.0101015984946905
0.0525947736875443	0.0535662252050609	-0.0319093713391568	-0.0311580174492916	0.0168690193996155	0.00166232298386967	0.0209451058702297	0.00530149990561603	0.00348922046517973	0.0292497847638768	-0.0391264143476086	-0.0318363034865324	-0.0117998644806283	-0.00559855179545901	-0.0221135181659184	-0.0101359112163974
0.0525379681259952	0.0535161028151039	-0.0319387736620037	-0.0311857433913044	0.0168153207305456	0.00160757378281042	0.0209178940183394	0.00525736778317306	0.00353737869559272	0.0292997311338462	-0.0390833746666759	-0.0317985611690356	-0.01174987340717	-0.00554818074234495	-0.0220913773660514	-0.0100934526808205
0.052559512413682	0.053546006655217	-0.0319503993630885	-0.031126469358977	0.0168166366895004	0.00162189845703822	0.0209227862564071	0.00526697623932078	0.00348990079640159	0.0293047574823806	-0.0391065338678996	-0.0317961052711136	-0.0117984018383505	-0.0055670931121222	-0.0220751527935449	-0.0101083193848514
0.0525534634728388	0.05355037362729	-0.0319597116586222	-0.0310952132383243	0.0168177179551384	0.00163652487981616	0.0209251192197346	0.00528410605747772	0.00348593056779272	0.0293194509603919	-0.0391350686636649	-0.0318040988137244	-0.0117857647208291	-0.00555418777366731	-0.0221190879412398	-0.0101195539304082
0.0525130459309275	0.0535308549664444	-0.0319994809999443	-0.0310139255316765	0.0167803178987286	0.00160460100079787	0.0209012643204646	0.00525765835585098	0.00346815534301463	0.029376844652217	-0.0391230266613396	-0.0317631560058184	-0.0118063339136641	-0.00553751896023977	-0.0220886057497389	-0.0101006946460241
0.0524967487152515	0.0535341155271668	-0.0320126936748855	-0.0309322997548938	0.016777342322748	0.00161796455001408	0.0209076988288997	0.0052655680794201	0.00345592614482952	0.0293772218379047	-0.039148622202709	-0.0317688361428781	-0.0118040791814422	-0.00554022631528692	-0.0221204150760669	-0.0101054136580722
0.0524832273068401	0.0535482879301355	-0.0320502208568419	-0.0308001995481789	0.0167669501585603	0.0016295217988815	0.0208987148246127	0.00527589598234248	0.00340132223010924	0.0294224855174107	-0.0391834448235863	-0.0317515121439412	-0.0118487142181354	-0.00553772152292389	-0.0221351434786789	-0.0101194491566061
0.0524430207095171	0.0535299189871453	-0.0320757647098022	-0.0307113695247614	0.0167470612969472	0.00162384864674194	0.0208868278875146	0.00527102749300331	0.00339325744131296	0.029454162130256	-0.0391968740310519	-0.0317375381127045	-0.0118455360794706	-0.00551659493346154	-0.0221592568199941	-0.010106190381192
0.0524568732031433	0.0535461854691727	-0.0320723281290922	-0.0306586026440385	0.0167704132819668	0.00164722298350608	0.0208976181921504	0.00529035616402103	0.0033650663036187	0.0294409243096023	-0.0392220923867336	-0.0317492560147352	-0.011869949772352	-0.00553734294025218	-0.0221817259111078	-0.0101233621088698
0.0524340450871342	0.0535285653096217	-0.0320813652187723	-0.0306491101375652	0.0167601691980862	0.00163619658856947	0.0208943702042842	0.00528210138539688	0.00338347715612973	0.0294366704932356	-0.0392103423540702	-0.0317460219967093	-0.0118483202686394	-0.00552429650641043	-0.0221880807914532	-0.0101080581488381
0.052449938574426	0.0535398766893001	-0.0320642870890244	-0.0306660513628782	0.016786277432594	0.00165155363399429	0.0209037816856839	0.00529658671278795	0.00338204804146862	0.0294079722503391	-0.0392141407536436	-0.0317628291115557	-0.0118541079734693	-0.00553927077821145	-0.0222005516678753	-0.0101167962839361
0.0524421573733875	0.0535225736451237	-0.0320481519234958	-0.0307195418813279	0.0167841735746471	0.00163664222647455	0.0209058129004613	0.00528661504079283	0.00341215304728186	0.0293994087382446	-0.0391942951985354	-0.0317659387980031	-0.0118309096566927	-0.00553035522614184	-0.0221936030693177	-0.0101067407928992
0.052433982222853	0.0535033343810838	-0.0320424913442125	-0.0307797295412099	0.0167743890985118	0.00161816292174612	0.0209003646627503	0.00527222610529972	0.00344333931873313	0.0293809964887496	-0.039161141973572	-0.0317623792826985	-0.0118105863330467	-0.00552820387073802	-0.0221564935855858	-0.010085769268664
0.0524898224684384	0.0535377169519922	-0.0319984304679549	-0.0308581785763119	0.0168260495678842	0.00166166500439226	0.0209280640620666	0.00530826270529779	0.00343744404613305	0.0293357174424192	-0.0391815211765791	-0.0318035009045602	-0.0118146934660904	-0.00555799315816083	-0.0221861711142863	-0.01012425338468
0.0524731550519949	0.0534969990585147	-0.03198179378516	-0.0309843024853531	0.0168075493083953	0.00161064295672094	0.0209203373434052	0.00526479554725236	0.0034977113341047	0.0293333774941716	-0.039120002190918	-0.0317848078612754	-0.0117709441172712	-0.00553442743458479	-0.0221381525822762	-0.010090137637721
0.0525222660255153	0.0535182821101883	-0.0319458479891238	-0.0310696819582202	0.0168321180665038	0.00162048191523336	0.0209329255664856	0.00527125939235203	0.00350518100770485	0.0292839843298774	-0.0391110573021838	-0.0318014333681981	-0.0117774666357001	-0.00556470985736965	-0.0221078617775872	-0.0101084395254778
0.0525545573113331	0.0535369388318883	-0.0319237714505221	-0.0311337490427493	0.0168469526399019	0.00163417654966432	0.0209379477240679	0.00528229416919281	0.00351073960715408	0.0292631231673805	-0.0391079126911357	-0.0318227639173286	-0.0117797534985547	-0.00557589271451744	-0.0221050524427059	-0.0101178342430692
0.0525660628717915	0.0535408671509763	-0.0319176750122219	-0.0311724455003375	0.0168503221653786	0.00164190466530974	0.0209415631187335	0.00528738477899251	0.00350907999012827	0.0292734440853827	-0.0391104663779398	-0.0318269269297334	-0.0117797590864908	-0.00557388664545258	-0.0221085672545215	-0.0101209020199957
0.0525665867408021	0.0535468671973785	-0.0319249071985373	-0.031170357009215	0.0168366526766601	0.00163599123191729	0.0209337721388068	0.00528388533400122	0.00350486528931442	0.0292859931929103	-0.039105226290849	-0.0318180658600409	-0.0117879523978177	-0.00557237929968588	-0.0220972251411945	-0.0101185006044508
0.0525456822718003	0.0535355292750036	-0.0319518242867976	-0.0311325881490216	0.0168108531756226	0.00161906537342851	0.0209182544402187	0.00526787589703511	0.0035010599048209	0.0293205210501577	-0.0391048966026183	-0.0317965467180665	-0.0117864157153864	-0.00555723040488129	-0.0220829256126792	-0.0101064138986366
0.0525563370689853	0.0535599303950286	-0.0319620907224227	-0.0310486196300232	0.0168175517140391	0.00164538874347672	0.0209235448187345	0.00528867838620286	0.00345223671001037	0.0293278901409078	-0.0391403311025001	-0.0317968442756646	-0.011821939622246	-0.00557281655568678	-0.022102848001909	-0.0101260680669329
0.0525573764251025	0.0535679881989048	-0.0319764517182352	-0.0309995240233271	0.0168180546282893	0.00165536879737601	0.02091664930557	0.00529874784707997	0.00343389710368479	0.029346900299567	-0.0391605259036155	-0.0317954696433806	-0.0118311597168338	-0.00557164308910288	-0.0221307988583504	-0.010129409652729
0.0524875984698651	0.0535308661423166	-0.0320293541064088	-0.0308943101712239	0.0167654204610491	0.00162680745891421	0.0208911278043542	0.00527103587490748	0.00345035217855598	0.0293872940927498	-0.039149457599158	-0.0317688892282712	-0.011805741592436	-0.0055337750430435	-0.0221340356703443	-0.0100949390718268
0.0524721240777819	0.0535412750703126	-0.0320592006701768	-0.0307716731343178	0.0167636029848281	0.00163656818632104	0.0208947194502913	0.00527965666334708	0.00339223065805204	0.0294277661170383	-0.0391899882967756	-0.031750768948438	-0.0118512790808116	-0.00553563722275344	-0.022139764701845	-0.0101096311528541
0.0524482901332724	0.0535313662625988	-0.0320734904198039	-0.0307016521038594	0.0167669487615763	0.00164040570144721	0.020901820320108	0.00528881389365362	0.00337825383284733	0.0294412148822802	-0.0392132187441848	-0.0317490101455462	-0.0118521577837655	-0.00553233614949419	-0.0221668396493005	-0.0101084087918292
0.0524404949623936	0.0535272591295551	-0.0320767034830694	-0.0306679847887736	0.0167685860268576	0.00164606628073052	0.0209007306725658	0.00528803717053379	0.00337450432771496	0.0294331067869791	-0.0392153589237164	-0.0317503680140219	-0.0118534038935189	-0.00553195058190234	-0.0221784569684812	-0.0101045587038468
0.0524070944712573	0.0534956467779752	-0.0320861652558941	-0.0306618226922241	0.0167525081376741	0.00162549569091149	0.0208923864869638	0.00527406034532909	0.0033995089448403	0.0294383971654948	-0.0391967692572497	-0.0317395120511367	-0.0118289357182605	-0.00551255625263528	-0.0221758487993001	-0.0100834879937456
0.0524705021793249	0.0535418212910678	-0.0320498255103619	-0.030670946394914	0.0168087409357716	0.00167500061392791	0.020920523142281	0.00531829025665405	0.00336689355872792	0.0293825806686378	-0.0392273953381056	-0.0317798611408307	-0.0118751633167462	-0.00556171192964458	-0.0221936226270941	-0.010125826388696
0.0524083433749787	0.0534779190506541	-0.0320559931948475	-0.0307401236470191	0.0167659834456126	0.0016123053677148	0.0209049230216352	0.00527229176354906	0.00344074511939229	0.0294026092286538	-0.0391688323706487	-0.0317529035400335	-0.0118095595497858	-0.00551673882281647	-0.0221665979710636	-0.0100743712759759
0.0525022737870841	0.0535440662444015	-0.0320046428559295	-0.0307915689808511	0.0168331811713494	0.00167492098583829	0.0209366708806659	0.00532451382050083	0.00339911220137622	0.029318820920595	-0.0391993564716705	-0.0318005043738192	-0.0118562663137932	-0.00558302571496674	-0.0221692047432607	-0.0101289905575205
0.0524511246138662	0.0534813612193002	-0.0320176376013622	-0.0308908638116257	0.016787061140634	0.00160828205371285	0.0209156071554848	0.00526793317338027	0.00347413862560852	0.0293563411176313	-0.0391380093150448	-0.0317724389646875	-0.0117838773954067	-0.00552447252639801	-0.0221427486597298	-0.0100718008253635
0.0524988092666935	0.0534990498310685	-0.0319625768728646	-0.0310078668119451	0.0168255145230013	0.00162541187186978	0.0209367602876437	0.00528074910485734	0.00349783985663531	0.0292922223446932	-0.0391304907470037	-0.0318042371151432	-0.0117704356150848	-0.00555598010417582	-0.0221354983126221	-0.0100892715076234
0.0525485335162024	0.0535247906587768	-0.0319332374142989	-0.0310849440087311	0.0168492660454531	0.00163990977211711	0.0209428762837203	0.00529102252540261	0.00349604333517472	0.0292541712937261	-0.0391162610676898	-0.0318183270960542	-0.0117912981745658	-0.0055833917247822	-0.0221075670139571	-0.0101115869304939
0.0525674542678838	0.0535346589539539	-0.0319263642528789	-0.0311506022580686	0.0168524735207824	0.00164340782012436	0.0209422392590033	0.00529275478559789	0.00350716332804123	0.0292516790742194	-0.0391096114237143	-0.031827055452264	-0.0117804240508883	-0.00558013954596395	-0.0221046501113057	-0.0101129839145224
0.0525687450811261	0.0535333346130949	-0.0319249616809144	-0.0311767146835285	0.0168420073164412	0.00163269574659416	0.0209371598250758	0.00528680363363667	0.00351196336516301	0.029270560710348	-0.0391035149854142	-0.0318168686447285	-0.0117793344033461	-0.00557484777046416	-0.0220969890508937	-0.0101100390721904
0.0525821756855757	0.053549492130368	-0.03193368165522	-0.0311579196604096	0.0168406857695503	0.0016415442434304	0.0209363523683074	0.00528988538040344	0.00349584496344267	0.0292773528466943	-0.0391150289277767	-0.0318142115811064	-0.0117982691248678	-0.00558522177385948	-0.0220914933157257	-0.0101175073488065
0.0525518974537429	0.0535319990963637	-0.0319586401718724	-0.0311252106763674	0.0168153025697532	0.0016262863838716	0.0209210274535152	0.00527806968949076	0.00349835674072584	0.0293150015662612	-0.0391169204441512	-0.0317967911902715	-0.0117839332747678	-0.00556248166784426	-0.0220987268990251	-0.0100952366294249
0.0525431076302359	0.0535433034911219	-0.0319847302455879	-0.0310262650915998	0.0168003883682654	0.00162793482502518	0.020914584563176	0.00527933815098859	0.00345791684707008	0.0293461543100958	-0.0391345615584626	-0.0317802117838218	-0.0118231438224785	-0.00556608588663768	-0.0220895235682456	-0.0101082062291451
0.0525235959543104	0.0535355041292911	-0.0320015150086898	-0.0309690879322991	0.0167907338116448	0.0016268409865309	0.0209057570211002	0.00527802079504976	0.00345121272071751	0.0293624724805322	-0.039148082966874	-0.0317722755175561	-0.0118192979254482	-0.00555694262617143	-0.0221053248545915	-0.0101016110675467
0.0525082780244384	0.0535477459003324	-0.0320319203660691	-0.0308496248431057	0.0167853400563109	0.00165115269957813	0.0209077169896921	0.00530041025807384	0.00340887153179902	0.0293821797342217	-0.039182444583022	-0.0317728636478321	-0.0118446070850917	-0.00555876010239245	-0.0221414075550625	-0.010110067011871
0.052436732884405	0.0535061073943803	-0.0320810467064138	-0.0307469828385988	0.0167426510183693	0.00161581738556234	0.0208838928240708	0.00527312157206196	0.00340885197402262	0.0294468684766434	-0.0391811453878755	-0.0317321583272109	-0.0118326014043512	-0.00552093815680602	-0.0221400189529382	-0.0100791517553212
0.0524620001345277	0.0535406953219408	-0.0320719621192768	-0.0306650762680264	0.0167765460418518	0.00165322163292427	0.0209027898270237	0.00530209921176424	0.00335807858950836	0.0294289745082229	-0.0392255708769644	-0.0317528239119439	-0.0118751940503948	-0.00555302548295564	-0.0221692005523086	-0.0101115520058932
0.0524278997543931	0.0535150439012103	-0.0320850518596234	-0.0306507180661819	0.016766250269562	0.00163816493906557	0.0208930081448565	0.00529075290748511	0.00338432791940306	0.0294314192302727	-0.0392083740035741	-0.0317489933817379	-0.0118475812640883	-0.00553553803688742	-0.0221788928274981	-0.0100917176266572
0.0524315668374678	0.0535151570569166	-0.0320716841194551	-0.0306655582275162	0.0167827249022096	0.00164907398734378	0.0209049006698907	0.00529864447026187	0.00338412815068699	0.0294113934642247	-0.0392200402171958	-0.0317608384093152	-0.011840740233301	-0.00553482138408082	-0.0221950070382663	-0.0100888999098718
0.0524439776435766	0.053515274403575	-0.032056904028434	-0.0306967780265842	0.0167945322112181	0.00165017481075821	0.0209104941939407	0.00529719719480838	0.00339146511080445	0.0293932047321742	-0.0392063106581641	-0.0317668230888931	-0.0118423439709656	-0.00554630459279473	-0.0221827526943687	-0.0100981032406513
0.052453425446561	0.0535080925086847	-0.0320382696584785	-0.0307706798786735	0.0168007837147455	0.00164006483734427	0.0209090790491198	0.00528708722139444	0.00342364463789995	0.0293721647557217	-0.0391820883520947	-0.0317718592163157	-0.011819730990497	-0.00554633392945933	-0.0221739530919734	-0.0100914270539793
0.0524733171021422	0.0535133214199032	-0.0320148687790178	-0.0308400387387024	0.0168158920970132	0.00164705953637475	0.0209214381668196	0.00529204791167949	0.00344507856384856	0.0293351935734086	-0.0391690810338057	-0.0317860539710288	-0.0118069024861637	-0.00555594657655914	-0.0221733062883683	-0.0100971504975439
0.0524922685874723	0.0535094741258888	-0.0319876918517282	-0.0309393726850298	0.0168266404921282	0.00163407037887816	0.0209257045560425	0.00528478080076346	0.00346130313635506	0.0293260936194472	-0.0391492354786975	-0.0317848274190518	-0.0117993280387614	-0.00555950329789559	-0.0221495044744914	-0.01009087245132
0.0525287661921997	0.0535166462418909	-0.0319508813225784	-0.0310449874715492	0.016846463695492	0.00163545339306633	0.0209371905587245	0.00528797430625251	0.00349154225263503	0.0292712619963303	-0.039123734932242	-0.0318072043092196	-0.0117857186203562	-0.00557980147582907	-0.0221246968321141	-0.0100982736727028
0.0525494694955015	0.0535175011961163	-0.0319377999641359	-0.0311229447682732	0.0168434517979266	0.00163333556527919	0.0209319211349691	0.00528552120229854	0.00351213379721448	0.02925593428757	-0.0391022046143955	-0.0318137701341534	-0.0117744254014701	-0.00557921474253711	-0.0221019595200669	-0.0100969493318438
0.0525549680246375	0.053518663486828	-0.0319341566297897	-0.0311596016291799	0.016836790978079	0.00162993810012198	0.020925975570944	0.00528587883020983	0.00352176739907472	0.0292655008341969	-0.0390988965562161	-0.0318131442853086	-0.0117673398984778	-0.00557601844308001	-0.0220938011333407	-0.0100965246486991
0.0525751893684494	0.0535356214759495	-0.0319260946349614	-0.0311623355269236	0.0168429530746285	0.0016409058217294	0.0209282037604694	0.00529322556921548	0.00350296259706766	0.0292644880207763	-0.0391057878784285	-0.0318168393080639	-0.0117857647208291	-0.00558816242523938	-0.0220900306734479	-0.0101085345203918
0.0525737532688681	0.053543796626484	-0.0319419476097164	-0.031141442233794	0.0168315928005091	0.00164273307683862	0.0209270135300772	0.00529829382727072	0.00348795898860204	0.0292829002702713	-0.0391158517513695	-0.0318109440354638	-0.0117995613350941	-0.00558175306251682	-0.0220886057497389	-0.0101079366112276
0.052540953480864	0.0535291017514887	-0.0319799553541786	-0.0310874725498226	0.0167994635648386	0.00162692061462052	0.0209130562626488	0.00528288369645282	0.00348278595674466	0.0293188991517006	-0.0391188566640147	-0.0317900996367752	-0.0117916809481896	-0.0055536666986247	-0.0220912977379617	-0.0100810348897916
0.0525450117194666	0.0535468169059535	-0.0319871176912925	-0.0310251656651694	0.0168091991465329	0.00164378640279608	0.0209139405535389	0.00529568146713751	0.00345110375596329	0.0293436774574134	-0.0391506729752628	-0.0317871813371398	-0.0118153388727115	-0.00555986791072702	-0.0221180625549629	-0.0101058104015363
0.0525024051035827	0.0535236786594902	-0.0320177661238928	-0.0309585393059003	0.0167777460511322	0.00162681723780241	0.0209031181182704	0.00527781823236563	0.00345767097788107	0.0293699142144518	-0.039144351622534	-0.0317695052982277	-0.0118033625286356	-0.00553933084852468	-0.0221201901616383	-0.0100861227056232
0.0524587521466615	0.0535133074500629	-0.032063184868626	-0.0308152869756862	0.0167481076379845	0.00161436731614081	0.0208914728594092	0.0052692351624948	0.00341564969830509	0.0294280287500356	-0.0391657645937222	-0.0317351506669999	-0.0118367783865963	-0.00552498102858437	-0.0221153845365804	-0.0100823899642992
0.0524787667368372	0.0535464872177228	-0.0320649855810387	-0.0307172200938726	0.0167820920684447	0.00166355093283068	0.0209078217634942	0.005306751168579	0.00336416105796826	0.0294191201828861	-0.0392245399027514	-0.0317603536558573	-0.0118681281051789	-0.00555034047965294	-0.0221712094153416	-0.0101119738950698
0.0524217278789553	0.0535042005111814	-0.0320867310344256	-0.0306820133023874	0.0167548704376662	0.00163393766539546	0.0208918430601767	0.00528323992738007	0.00338926486095963	0.0294488284452353	-0.0392027441579395	-0.0317395413878013	-0.0118372128486291	-0.0055167206620241	-0.0221813766651007	-0.0100815727286426
0.0524220687430583	0.0535089446689421	-0.0320865466325339	-0.0306530845571261	0.0167618497698724	0.00164125227376846	0.0208932344562691	0.00528776056769616	0.00338053091681372	0.0294342606957866	-0.0392094887968288	-0.0317401392969655	-0.0118479137462871	-0.00552663924862615	-0.0221764983968733	-0.0100895914169659
0.0524236710837389	0.0535067248613208	-0.0320728519981029	-0.0306619428328506	0.0167776901717711	0.00164656500402868	0.0209033081080983	0.00529144162061114	0.0033873635656969	0.029412684277467	-0.0392085793602263	-0.0317514339128356	-0.0118440091759275	-0.00553207770744893	-0.0221863177976093	-0.0100922359077318
0.0524278550509042	0.0535010740609257	-0.0320616272314343	-0.0306923593661021	0.016778767246457	0.00163521450879747	0.0209021276565942	0.0052839579771707	0.00340030941668861	0.0293965952124113	-0.0391907161254544	-0.0317511167974611	-0.0118362042261606	-0.00553699090027701	-0.0221658394087362	-0.0100910470743235
0.0524596182767592	0.0535075127603129	-0.0320314286276911	-0.0307787474614379	0.0168112457281346	0.0016476658274431	0.0209139307746507	0.00529576109522713	0.00342507654652912	0.0293556705652977	-0.0391874290220355	-0.0317810667380472	-0.0118137169742545	-0.00554814302377618	-0.0221771032909576	-0.0100988464361544
0.0524527087937544	0.0534914614138259	-0.0320224013168992	-0.0308355236863224	0.0168004693933391	0.00162882051289922	0.020911491640537	0.00527848040279512	0.00344903482261715	0.0293473752741367	-0.0391568099260998	-0.0317796390203701	-0.0117996828727046	-0.00553784166355034	-0.0221518933171801	-0.0100760504507781
0.0525136522219959	0.053513065771826	-0.0319654812026598	-0.0309550929463021	0.0168480688301407	0.0016518777342889	0.0209353758764715	0.00530392926084152	0.00345868099733364	0.0292936542533224	-0.0391537351642531	-0.0318065155960936	-0.0118012125702158	-0.0055776822510579	-0.0221471645262438	-0.0101114206893946
0.0525205672929367	0.0534983220023897	-0.0319454233059792	-0.0310786003042579	0.0168464231829552	0.00163382590667318	0.0209364347903651	0.00529090657572824	0.00350994192927383	0.0292641583325456	-0.0391134265870961	-0.0318165878509388	-0.0117605240134029	-0.00556560392714786	-0.0221303923359981	-0.0100900216880467
0.0525383858242197	0.0535044505713225	-0.0319298846526306	-0.031138789361124	0.0168432757779391	0.00163295837959151	0.0209396576325187	0.00529272125798121	0.0035191103354526	0.0292524278576586	-0.0390997431285373	-0.0318198023111883	-0.0117629114591076	-0.0055739369368776	-0.0221047506941558	-0.0100931690930628
0.0525695679047189	0.0535257531807724	-0.0319168298368847	-0.0311705274412665	0.0168627008408547	0.00165195875936255	0.0209491361691518	0.0053091958906288	0.00349700585717033	0.0292520492749869	-0.0391141809584714	-0.031827691079997	-0.011782423135033	-0.00558768186273359	-0.0221056657186944	-0.0101123678445659
0.0525453861111863	0.053511741430967	-0.0319338367204472	-0.0311696529292647	0.0168323499658525	0.00162359718961682	0.0209310116983666	0.00528199661159475	0.00351484534321372	0.0292795223628905	-0.0390956932718388	-0.0318052247828513	-0.0117688751839251	-0.00556973061796792	-0.0220826406279374	-0.0100947965794559
0.0525643096568358	0.0535364540784304	-0.0319445515879454	-0.0311269247757703	0.0168347555723495	0.00164395124691143	0.0209290140112059	0.00529365584029625	0.00347961061204798	0.0292891252311021	-0.0391173828458646	-0.0318025286036764	-0.0118018076854119	-0.00558375354364557	-0.0220811514429631	-0.0101127757639022
0.0525486173352441	0.0535360503500462	-0.031972515017243	-0.0310607203056777	0.0168166045588678	0.00164397220167186	0.020921457724596	0.00529090517874422	0.00346387358696741	0.0293158118169977	-0.0391280236732094	-0.0317924940674	-0.0118087157714326	-0.00556806401602197	-0.0221002188779675	-0.0101065410241832
0.0525280551273292	0.0535302402934718	-0.0319956476757702	-0.0309966811608292	0.0168030384469674	0.00163320005782843	0.0209110655604083	0.00528605624718144	0.00344793819015481	0.029353185330711	-0.0391403157356758	-0.0317761535452191	-0.0118183703280533	-0.00555876429334454	-0.0221061406932641	-0.0101007058218963
