0.0524695578181216	0.0534930665484746	-0.0320391022609594	-0.0308811701394522	0.0168538635198907	0.00168406983424065	0.0209143037693863	0.00532358203215385	0.00343461375649139	0.0293437501005828	-0.0391663359601898	-0.0317671932896606	-0.0117633878306613	-0.00555288857852085	-0.0222036641482907	-0.0101430651716072
0.0524758344673615	0.0534761867904588	-0.0320150336231331	-0.030999616224273	0.0168483384480582	0.00166350203838968	0.0209145230958787	0.0053058529078487	0.00348836551095432	0.0293056361853345	-0.0391188650459188	-0.0317737018382492	-0.0117264669397732	-0.00554734953684802	-0.0221729793941056	-0.0101242268419834
0.0525136396491396	0.0534911261376591	-0.0319868843949597	-0.0310828904422093	0.0168691563040502	0.00167676500475585	0.0209393419141283	0.00532085931028238	0.0034945206225837	0.0292731451308006	-0.0391144980738459	-0.0317931394740211	-0.0117299677817485	-0.00556752478018699	-0.022162443340563	-0.0101412057858653
0.0525280886549459	0.0535006577596852	-0.0319844159241815	-0.0311213480155287	0.0168651874724254	0.00167592541735475	0.0209396646174389	0.00531684577516863	0.0034943292357718	0.029276798244035	-0.039105815818109	-0.0317862230060963	-0.0117367752849192	-0.00557334880660162	-0.0221443957038994	-0.0101451746174901
0.0525378982767937	0.0535112049891001	-0.0319789201890135	-0.0311352312428035	0.0168645588296126	0.0016782695565545	0.0209343644600349	0.00531369138523237	0.0034926947644585	0.0292859149618047	-0.0391106018853905	-0.0317892879890547	-0.0117388120876327	-0.0055738433389477	-0.0221480194804692	-0.0101438810102798
0.0525263019123735	0.0535049506916047	-0.0319935340389352	-0.0311230229993788	0.0168496097035241	0.00167065180264733	0.0209278866450949	0.00530716886680351	0.00349140255423218	0.0293093214292015	-0.0391091671827933	-0.0317740399083841	-0.011736863294913	-0.00556463022928003	-0.0221451989697157	-0.0101408369820818
0.0525307219698396	0.0535207477869985	-0.0320132762172253	-0.0310637964645084	0.0168425186125956	0.00168369963347311	0.0209224048797673	0.00531932262785108	0.00345829403275776	0.0293256773182067	-0.039131144535529	-0.0317658647578496	-0.011764897970396	-0.0055691061661072	-0.0221472162146528	-0.0101480845352214
0.0525055231719343	0.0535139444747799	-0.0320402184511982	-0.0309859760722191	0.0168236677101156	0.00167785744626611	0.0209113323843577	0.00532090121980324	0.00343740912153233	0.029365946779811	-0.0391468661937852	-0.0317521044651692	-0.0117744952506715	-0.00555217192571425	-0.0221628708176757	-0.010141879132167
0.0524854960089023	0.053512871591046	-0.0320604691316747	-0.0309294261587472	0.0168169845385235	0.00167881857127768	0.0209075549395448	0.00531944835641364	0.00343246938600771	0.0293823753119856	-0.0391602772404584	-0.0317467623982444	-0.0117730200355375	-0.00554662869308933	-0.022178449983561	-0.0101409850623888
0.0524558659776587	0.053513751690984	-0.0320962682443879	-0.0307991294584131	0.0168046100539994	0.00168461605499578	0.0209036294144248	0.00532180367148562	0.00338913773541304	0.0294230638687985	-0.0391880744286566	-0.031734617019101	-0.011800928982458	-0.00554076415413787	-0.0221936407878865	-0.010143055392719
0.0524440684475384	0.0535233894837963	-0.032121901504326	-0.0306901158097524	0.0168001885995494	0.00169067756869525	0.0209020466315206	0.00532589823167303	0.00334917700727904	0.0294442351617497	-0.0392162334357182	-0.0317194806971527	-0.0118327313238658	-0.00554324100682033	-0.0222047901174176	-0.0101511872367486
0.0524090027514401	0.0535031876977608	-0.0321412762758167	-0.0306419659612436	0.0167822666914483	0.00167402971002813	0.0208937136217908	0.00530992092533957	0.00336116173325917	0.0294596844081204	-0.0392126976691422	-0.0317083676892063	-0.0118142645919936	-0.00552291908015837	-0.0222176381795273	-0.0101338380920992
0.0524087247516185	0.0535031779188726	-0.0321320771359893	-0.0306352478650508	0.0168051227471379	0.0016963940273397	0.0209043879767523	0.00533119000717282	0.00336546584105084	0.0294380828440884	-0.0392269678609929	-0.0317297457357938	-0.0118046631207661	-0.00552853914690485	-0.0222559588484119	-0.0101393464001234
0.052384154596526	0.0534819605254484	-0.0321409563664742	-0.0306292855372173	0.0167826313042797	0.00166587830822209	0.0208927371299549	0.00530302122122302	0.00337596557300872	0.0294453415731003	-0.0391962845037919	-0.0317077348554414	-0.01180250058949	-0.00551520074340114	-0.0222175864911183	-0.0101221411448289
0.0523757657074351	0.0534659049880093	-0.0321215843889516	-0.0306558240428059	0.0167850383077607	0.00165672945981973	0.0208955911683251	0.00530160607640219	0.00339808681509933	0.0294240557274587	-0.0391886024886194	-0.0317163249102324	-0.0117778312485315	-0.00551107265559705	-0.0222132125341252	-0.0101183259814472
0.0524313251592308	0.0534963857825262	-0.0320814029373411	-0.0307214557494468	0.0168329758146972	0.00168799256539256	0.0209177124104157	0.00532808590866159	0.00339617993190049	0.029370806887246	-0.039197371357366	-0.0317514464856918	-0.0117915175010583	-0.00555205038810377	-0.0222167287429248	-0.0101494912981381
0.0524512531363968	0.0535012039804404	-0.0320631960444982	-0.030800993035107	0.0168473605592383	0.00169775049883133	0.0209255480938313	0.00533449108043206	0.00341778428990057	0.0293411586952101	-0.0391855123599484	-0.0317726010148348	-0.0117714107099367	-0.00555054024836901	-0.0222262380132065	-0.0101460589083801
0.0524534142706888	0.053477034759764	-0.0320442487501203	-0.0309109706027473	0.0168406256992371	0.00166260657162744	0.0209200872832641	0.00530466686840854	0.00345461297984278	0.0293367037131433	-0.0391379548326677	-0.0317559335983912	-0.011750317648091	-0.00554332761983009	-0.0221803792185043	-0.0101266198756242
0.0524906201463187	0.0534883126118258	-0.0320085404413689	-0.0310216438684337	0.0168622747607261	0.00167303505739987	0.0209333767923268	0.00531473772626969	0.00348319108211292	0.029285240218519	-0.0391273475329396	-0.0317830560433037	-0.0117302555604584	-0.00555618965178009	-0.0221765221456018	-0.0101272331516127
0.0525118766552957	0.0534972980130968	-0.0319898096795153	-0.0310964328053812	0.0168671474410173	0.00167609724639025	0.0209349861179276	0.00531489418848087	0.00349751855030877	0.0292711362677677	-0.0391099355240089	-0.0317918179271302	-0.0117273945371681	-0.00556287282337223	-0.0221586407500375	-0.0101340504336715
0.0525394601049376	0.0535145326050559	-0.0319741620614126	-0.0311384303362287	0.0168820127480641	0.00169210249240428	0.020944285840605	0.00532893248098283	0.00349068031348947	0.0292693495251953	-0.0391213558684416	-0.0318002878412948	-0.0117353950646991	-0.00557681891492831	-0.0221635790885781	-0.0101513269351515
0.0525290218402769	0.0535063965700741	-0.0319879307359971	-0.0311383856327397	0.0168630137652771	0.00167500340789597	0.0209341157968778	0.00531335331509749	0.00349282608095718	0.0292888849498492	-0.0391064472548899	-0.0317834569777199	-0.0117369820385554	-0.0055689734526245	-0.0221421661173899	-0.0101382735163896
0.0525334293248867	0.0535212423193446	-0.0320045562429197	-0.0310966060314007	0.0168566700608039	0.00168200369486256	0.020931326019773	0.00532048771253081	0.00346712576578566	0.029305317672976	-0.0391214634362118	-0.0317739532953743	-0.0117615871182486	-0.00557527245360881	-0.0221344282228563	-0.010149735770343
0.0525112745551794	0.0535156054887897	-0.0320264204399491	-0.0310424295937931	0.0168367281137977	0.00168043488179861	0.0209189389623927	0.00531663902153242	0.00345865026368502	0.0293374329388062	-0.039133895197081	-0.0317632733524768	-0.0117548634341196	-0.00555701526934091	-0.0221594216641094	-0.0101383852751118
0.0524985997190892	0.0535189345017295	-0.0320426268516632	-0.0309707936497979	0.0168270037079756	0.00168251219704892	0.0209146460304732	0.00531762110130442	0.00342901045355325	0.0293695509986044	-0.0391527167628964	-0.0317515400836218	-0.011779183529071	-0.00555480384362386	-0.0221640051687068	-0.0101422088203977
0.0524845572356352	0.0535250085882853	-0.0320686275184009	-0.0308815263703795	0.0168188397333133	0.0016949118272855	0.0209130534686808	0.00533024424898556	0.00340794952234024	0.0293752227537599	-0.0391720566097864	-0.0317553007646264	-0.0117912143555241	-0.00555460826585988	-0.0221803945853287	-0.0101460589083801
0.0524258084693025	0.0534999215491022	-0.0321229729910759	-0.0307517605239762	0.0167718479845641	0.00166604734328953	0.0208871841184418	0.00530435254700214	0.00338462827096918	0.0294509420820704	-0.039179597529572	-0.0317107174163422	-0.0118048125980571	-0.0055228324671486	-0.0221734962781961	-0.0101245425603739
0.0524178428663722	0.0535078256847353	-0.0321267141143041	-0.03066888863744	0.0167867258644671	0.00168758604304028	0.0208935012802185	0.00532285140950696	0.00336148583355377	0.0294556499182463	-0.0392237506067754	-0.0317210746559292	-0.0118083078520963	-0.00552259497986377	-0.0222277299921489	-0.0101344080615828
0.0524131503970206	0.0535082964683529	-0.0321261762754531	-0.0306262177602908	0.016801792337214	0.00169815981515167	0.0209014151947397	0.00532839603911591	0.00334780796293115	0.0294487222744491	-0.0392342768814298	-0.0317275776165816	-0.0118218516122522	-0.00553285303358472	-0.0222433077610502	-0.0101354795483326
0.0524004154906172	0.0534976402741838	-0.0321295681526742	-0.0306102306750692	0.0168031837333064	0.00169438795827483	0.020900102029753	0.0053272616880848	0.00335076398113536	0.0294411953245038	-0.0392230060142882	-0.0317229452175433	-0.0118244164749284	-0.00553497086137186	-0.0222295558502741	-0.01014025723371
0.0523881485738633	0.0534816629678503	-0.032124110136075	-0.0306362439146631	0.0168016680056355	0.00168232220722105	0.0209014026218835	0.00532143207373405	0.00337647267821105	0.0294294424978724	-0.0392118483028529	-0.0317304512127282	-0.0117941703737283	-0.0055232543563252	-0.0222358548512584	-0.0101266184786401
0.0524146773005637	0.0534939983368216	-0.0320942957029397	-0.030681061956264	0.0168252910055567	0.00169047779997918	0.0209101840634863	0.00532782187868021	0.00338203546861237	0.0293959120872214	-0.0392097276810977	-0.0317451838062923	-0.0117935026153627	-0.00554277022320274	-0.0222376904882718	-0.0101361654674906
0.0524297451702947	0.0534902236859767	-0.0320723434959165	-0.0307587091225337	0.0168353744362741	0.00169188875384792	0.0209151042412346	0.00532567890518056	0.00340883800418234	0.0293639071831295	-0.0391857414653291	-0.0317567145124632	-0.0117778759520204	-0.00554985293222701	-0.0222229131912188	-0.0101366097084117
0.0524353191365682	0.0534840629864112	-0.0320684906139661	-0.0308106461947437	0.0168247210360731	0.00166867367326303	0.0209076024370018	0.0053074482636092	0.00342069281064782	0.0293635579371223	-0.0391560946702772	-0.0317435633048193	-0.0117786275294277	-0.00554778818983295	-0.0221790730384377	-0.0101277947391921
0.0524695843608182	0.0534887568527468	-0.0320179756714971	-0.0309471930016211	0.0168601709027792	0.00167573682451091	0.0209316976175246	0.005317551252103	0.00346217764835687	0.0293074327067951	-0.0391465057719059	-0.0317763086104463	-0.0117409648400205	-0.00556198154756207	-0.022190919462999	-0.0101312592595827
0.0524853996170043	0.0534827344546001	-0.0319979359356089	-0.0310481432584695	0.0168610328419248	0.00166370180710575	0.0209311961002584	0.00530569504865349	0.00349348266345056	0.0292841547619289	-0.0391119597538662	-0.0317809228486923	-0.0117229367611333	-0.00556217014040591	-0.0221597485583721	-0.0101235800383782
0.0525227871005579	0.0535060179874024	-0.0319797262487979	-0.0310953794794237	0.0168732075577328	0.00167851402875948	0.0209412026968542	0.0053149640376823	0.0034871277831051	0.029268009817512	-0.0391140901545096	-0.0317927539064293	-0.0117395063886948	-0.00558265132324712	-0.0221469256419749	-0.010140797866529
0.05252534358133	0.0535044617471947	-0.0319771474162814	-0.0311381970398959	0.0168710925239137	0.00167253214314963	0.0209368301368451	0.00531009973929521	0.00350036839772682	0.0292834409030903	-0.0391121148190933	-0.0317923431931249	-0.0117245223380056	-0.00556789079000244	-0.0221576013939204	-0.0101343521822217
0.052540513430895	0.0535209279979382	-0.0319829435030155	-0.0311168357571168	0.016871599629116	0.00168434923104634	0.0209363537652914	0.00531811703063452	0.00347581919739475	0.0292881054327614	-0.0391206378186509	-0.0317892209338213	-0.0117574534425084	-0.00558054886228429	-0.0221435491315781	-0.0101445962661023
0.0524968926046065	0.0534928192823016	-0.0320253796868479	-0.0310740000358522	0.0168253860004706	0.00164618223040488	0.0209090944159441	0.00528909189347528	0.00348450145313161	0.0293383172296962	-0.039103260734321	-0.0317494474015471	-0.0117415068698236	-0.00554933604813648	-0.0221185277506444	-0.0101208265828582
0.0525227689397656	0.0535289774199101	-0.0320203128257767	-0.0310052754065723	0.0168453614750935	0.00168723540004913	0.0209156588438939	0.0053211596618485	0.00344115443571262	0.0293401430878214	-0.0391532462198432	-0.0317664417122533	-0.011771621654525	-0.0055688114024772	-0.0221657639715986	-0.0101509860710485
0.052482288533573	0.0535046126214698	-0.0320549147231775	-0.0309537113290979	0.0168126818277159	0.00165922726726261	0.0208930374815211	0.00529692897387492	0.00344108598349523	0.0293845099035811	-0.0391411776748213	-0.0317377211176123	-0.0117685608625187	-0.00554116369157001	-0.0221555953248555	-0.0101215278688404
0.0524692700394118	0.0535179691857659	-0.0320811878018007	-0.0308411130194203	0.0168070170574805	0.00168429614565326	0.0208984368247911	0.00531864509059728	0.00340987316934742	0.0293965477149543	-0.0391751397535372	-0.0317436317570367	-0.0117871896445381	-0.00554629201993848	-0.0221899597349715	-0.0101375414967586
0.0524196324029127	0.0534950195321464	-0.0321253045574194	-0.0307302204272414	0.0167743443950229	0.0016629334658901	0.0208751071915158	0.00530177511146964	0.00338895752447337	0.0294590040768986	-0.0391840972151276	-0.0317080198401832	-0.0117932190276049	-0.00552033605668975	-0.022193910405804	-0.0101216661702593
0.0524223355670077	0.0535112455016369	-0.0321308715387728	-0.0306498002476752	0.0167865470505115	0.00168481442672782	0.0208844488237141	0.00532296316822924	0.00335891538294141	0.029455538159524	-0.0392165533450608	-0.0317156208302821	-0.011820221331891	-0.0055345308114029	-0.0222214268002125	-0.0101377831749956
0.0523930128722504	0.0534868401906598	-0.0321413964164432	-0.030625143479573	0.0167781902920533	0.00167212142984526	0.0208842504519821	0.00531190184869192	0.00337624077886233	0.0294597877849385	-0.0392075651498217	-0.0317123993851125	-0.0118007054650134	-0.00551865827887157	-0.0222345221284952	-0.0101219553459531
0.052399324446091	0.053491318921455	-0.0321306591972004	-0.0306146744812637	0.0167970635462777	0.00168359625665501	0.0208949876712248	0.00532051565221138	0.00336207815478183	0.0294396795968329	-0.0392180844395559	-0.0317176436631553	-0.0118126776181373	-0.00552957990000605	-0.0222350054849691	-0.0101302394612419
0.0523985211802746	0.0534865146933812	-0.0321194148727554	-0.0306414057706482	0.0168039939840429	0.00168218949373835	0.0208951902339089	0.00531913124103918	0.0033801174095413	0.0294209725837079	-0.0392064601354552	-0.031725286562775	-0.0117984828634242	-0.00553096431117825	-0.0222342217769291	-0.0101303945264691
0.0524035587046812	0.0534769565286585	-0.03209852996153	-0.0306923817178466	0.01680552228457	0.00166997147142547	0.0208958244646578	0.00530939426236084	0.00340028706494415	0.0294084416369726	-0.0391865587009858	-0.0317295026605728	-0.0117905843157273	-0.00553330286244189	-0.0222135380314038	-0.0101255581677625
0.0524250694647514	0.0534814129077092	-0.0320763039456372	-0.0307529465634163	0.0168201934108369	0.0016761489347993	0.0209079474920568	0.00531369417920043	0.00341401941794388	0.0293680157131571	-0.0391751509294094	-0.0317444475957093	-0.0117807411662628	-0.00554333041379815	-0.0222023761290164	-0.0101312047772056
0.0524562920577874	0.0534869309946216	-0.0320427567711779	-0.0308517440678768	0.0168522430184177	0.00168244933276764	0.0209219815936067	0.00532269913824786	0.00342825468519386	0.029345817636945	-0.0391708845401865	-0.0317649469393428	-0.0117679811141468	-0.00555312327183763	-0.022208637411432	-0.0101365943415873
0.0524840459394808	0.0534865887335347	-0.0320049669562241	-0.0309818605572713	0.0168720843825739	0.0016866444758051	0.0209374420158496	0.00532586610104037	0.00347127480835018	0.0292904006775201	-0.0391402696352028	-0.0317910160582979	-0.0117363603806627	-0.00556432848072988	-0.0221986978700695	-0.0101368471956965
0.0525072973416504	0.0534895223999944	-0.0319851130192117	-0.0310758887582587	0.0168740569240221	0.00168318554335064	0.0209365758857519	0.00532204954067463	0.00349233573956319	0.0292714072826692	-0.0391161018115105	-0.031794407935519	-0.0117297833798568	-0.0055682567998179	-0.0221723395754206	-0.0101345393780815
0.0525230916430761	0.053498633529828	-0.0319832438545816	-0.0311161079284379	0.0168684382542596	0.00168069611781193	0.0209338182392798	0.00531605089125644	0.0034962389129387	0.0292761151188451	-0.0391051131351427	-0.0317919576255331	-0.0117370784304534	-0.00557045565267869	-0.022153706602449	-0.0101354194780194
0.0525101807166851	0.053488471868005	-0.0319928914262821	-0.0311186252936572	0.0168423845021289	0.00165068610691262	0.0209194097460103	0.00529272405194927	0.00350069529198948	0.0293012468615171	-0.0390858599012625	-0.031766378847972	-0.0117382993944942	-0.00556409937534921	-0.022117376635805	-0.0101222682703755
0.0525346600678158	0.053513018274369	-0.0319872545957273	-0.0311010973350522	0.0168608735857455	0.00167983697263443	0.0209229231608418	0.00531353771698924	0.00347689487509666	0.0293006922588578	-0.0391191598095488	-0.0317807468287047	-0.0117499628141478	-0.00557717095490348	-0.0221435463376101	-0.010143498236656
0.052516457365925	0.0535083160261292	-0.0320158732105342	-0.0310560446001344	0.016839295770442	0.00167330188134931	0.0209127894386994	0.0053079637507157	0.0034645259785087	0.0293285788540338	-0.0391215821798542	-0.031763924347034	-0.0117570343472999	-0.00556414826979021	-0.0221362456990773	-0.0101363764120789
0.052506591864716	0.0535157060716398	-0.0320336512292804	-0.030981845190447	0.0168325595134568	0.00167988726405945	0.0209083330596486	0.00531235866246922	0.00343485683171234	0.0293592147137779	-0.0391464457015927	-0.0317535615195109	-0.0117721972119447	-0.00555758523882452	-0.0221620479940829	-0.010142173895797
0.0524819504634381	0.0535086778449926	-0.0320580244096249	-0.0309257967942413	0.0168146012837709	0.00167379781067941	0.0208931240945308	0.00530526338058869	0.0034350705702687	0.0293828977840123	-0.0391487130066708	-0.0317436247721165	-0.0117678931041531	-0.00554396045359498	-0.0221732559969432	-0.0101341146949368
0.052462655320037	0.0535153554286486	-0.0320919375938997	-0.0308012808138169	0.0168037774515185	0.00169075719678487	0.0208879552536255	0.00531594192650222	0.00339720112722529	0.0294194820017495	-0.0391849954758579	-0.0317430268629523	-0.0117905410092224	-0.005535762951316	-0.0222099184457861	-0.0101356625532404
0.0524223663006564	0.0535002121217802	-0.0321319360406025	-0.0306986527791503	0.0167758936503105	0.00167574800038314	0.0208668440309875	0.00530059745393365	0.00337720749181002	0.0294659624543443	-0.0391897899250436	-0.031709085738997	-0.0118075618626251	-0.00552082081014763	-0.022197591458719	-0.0101293928889207
0.0523899423013559	0.0534861389046775	-0.0321447799117601	-0.0306207709195639	0.0167612839913409	0.00165981958849067	0.0208634102442456	0.00528985464675482	0.00337001861199958	0.0294809241532891	-0.0391970905635763	-0.0316933864324852	-0.0118098780621443	-0.00551126823336104	-0.0222019416669836	-0.0101222766522797
0.0524146465669151	0.0535071551324016	-0.0321311174079618	-0.0305965583923827	0.0167939678296706	0.0016956773745331	0.0208859463905926	0.00532220320891776	0.00335390859218342	0.0294451669500967	-0.0392266563335546	-0.0317219687257074	-0.0118276197593057	-0.00553795062830456	-0.0222332955765182	-0.0101435052215761
0.0524110842576425	0.0534967084858368	-0.0321204416560163	-0.0306228747775107	0.0168108350148302	0.00169971465837534	0.0209031265001746	0.00533270014690758	0.00336458434412889	0.0294258243092387	-0.0392245860032244	-0.0317352316920735	-0.0118143512050034	-0.00553655085030805	-0.022252034720276	-0.0101385068127223
0.0523610750233918	0.0534502084754656	-0.0321282731484798	-0.0306488111829831	0.0167773884232209	0.00164836431945733	0.0208941774204883	0.00529017874704942	0.00340641842784505	0.0294409927618197	-0.0391775439630501	-0.031708596794587	-0.0117810778394136	-0.00551228523773376	-0.022207607834203	-0.0101046075982878
0.0524350718703952	0.0534982102436674	-0.0320786173511883	-0.0307131045789247	0.0168369460433061	0.00169770719232645	0.0209173464006002	0.00532950803840256	0.00338673911383618	0.0293763864414557	-0.0392011124805942	-0.031751946605974	-0.011805003984869	-0.00556220646199065	-0.0222187711335744	-0.0101471527468744
0.0524277712318625	0.0534809183753632	-0.0320743844895821	-0.0307758151919621	0.0168226940122478	0.0016784707222546	0.0209129291371023	0.00531369138523237	0.0034202304089344	0.0293645036953096	-0.0391677105924738	-0.0317488089798461	-0.0117838285009657	-0.00554614952756757	-0.0221965004141927	-0.0101280112717165
0.052469379004166	0.0534883279786501	-0.0320281946096652	-0.030908796895599	0.016862223072317	0.00168854018313171	0.020928675941071	0.00532461021239879	0.003444560282774	0.0293315236963658	-0.0391645701723779	-0.0317728706327523	-0.011762784333561	-0.00555306739247649	-0.0222128954187507	-0.010134660915692
0.0525032921884408	0.0534956202352786	-0.0319990870504483	-0.0310259591520976	0.0168750138580816	0.00168937278561267	0.0209392092006456	0.00532497342824619	0.00347561244375854	0.0292847917866459	-0.03913119342997	-0.0317909923095694	-0.0117466184343837	-0.00556949033671503	-0.022188168801447	-0.0101363764120789
0.0524780109684778	0.0534620688698672	-0.0320006977730331	-0.0310923899336028	0.0168387132281021	0.00164303622237279	0.020923472175565	0.00528690701045477	0.00351714058797247	0.0292970614973678	-0.0390836303147531	-0.0317688431277982	-0.0117178754879982	-0.00554613416074326	-0.0221315532297258	-0.0101052865325256
0.0525524618352904	0.0535233098557067	-0.0319659883078621	-0.0311112128964022	0.0168928687109493	0.00169788460929806	0.0209487268528315	0.00532986426932982	0.00346744986608026	0.0292623017407717	-0.0391287165772875	-0.0318010547855264	-0.0117669627127901	-0.00559826122278109	-0.0221458164366563	-0.0101568548009521
0.0525378507793368	0.0535081400061417	-0.031975212593402	-0.0311357034234051	0.0168736531956378	0.00167891496317565	0.0209376250207573	0.00531668372502133	0.0034922672873458	0.0292865603684259	-0.0391128398538041	-0.0317915930127016	-0.0117450286665593	-0.00557842824052909	-0.0221479105157149	-0.0101449790397261
0.0525161458384866	0.0534981473793861	-0.0320103285809253	-0.0310956281425808	0.0168390736499815	0.00165332081879029	0.0209142884025619	0.00529073195272469	0.00348560507051409	0.0293218523759368	-0.0391007266052934	-0.0317563233569352	-0.011752674360147	-0.00556200110533847	-0.0221138702058935	-0.0101276131312684
0.0525157099794698	0.0535097367588862	-0.0320130890213655	-0.0310475160126407	0.0168440469131228	0.00167955059090859	0.0209155289243792	0.00531135143698471	0.00347010413573433	0.0293287702408457	-0.0391375064007946	-0.0317726066027709	-0.0117494445330732	-0.00555553027531866	-0.0221652009870352	-0.0101339051473326
0.0524954299623287	0.0535071816750981	-0.0320390240298538	-0.030978165534516	0.0168267843814831	0.00167102759135098	0.0209010156573076	0.00530034739379255	0.00344691839181404	0.0293710974599239	-0.0391429895631063	-0.0317459926600447	-0.0117724291112934	-0.00554702124560133	-0.0221618775620315	-0.0101323028066519
0.0524784146968621	0.0535120934709422	-0.0320634600744796	-0.0308783705834592	0.0168111996276617	0.00167734754709572	0.0208946174704573	0.00530170526226821	0.00342413637627796	0.0293776856366021	-0.0391548639273481	-0.031736185832165	-0.0117934229872731	-0.0055512513132395	-0.0221627772197458	-0.0101368681504569
0.0524303067578741	0.0534940262765022	-0.0321101375018224	-0.0307546830145637	0.0167785814475812	0.00166245430036834	0.0208772878835842	0.00529032123942032	0.00339757551894492	0.0294433257251472	-0.0391736910810996	-0.0317069343835931	-0.0118036894228982	-0.00552164223675636	-0.0221756811612166	-0.0101274203474725
0.0524313894204962	0.0535141302736557	-0.0321221306097067	-0.0306529504466594	0.0167900800231194	0.00168311709113324	0.0208838243718534	0.0053041443963819	0.00335500522464576	0.0294505774692389	-0.039212685096286	-0.0317119760989518	-0.0118346368100806	-0.00553030493471682	-0.0222083496327221	-0.0101392346414011
0.0524027233082322	0.0534932649202067	-0.0321357763496967	-0.030612281447623	0.0167777977395413	0.00166801848775368	0.020874872498199	0.00529014102848065	0.00336657225240138	0.0294625244766503	-0.0392047166993876	-0.0317006996438741	-0.0118222874712691	-0.00551475929644815	-0.0222148204627419	-0.0101305733404247
0.0525374428600005	0.0535025017786028	-0.0319851870593652	-0.0311287352670712	0.0168649751308531	0.0016678229099897	0.0209124290168201	0.00529644980835316	0.00349838607739044	0.0292885440857463	-0.0390915889327632	-0.0317733372254178	-0.0117426873213276	-0.00557159419466188	-0.0221277995336413	-0.010147622133508
0.0525279727052716	0.0534985301530099	-0.0319895610163583	-0.0311266272181722	0.0168541191679679	0.00166803106060994	0.0209102231790391	0.00529594270315083	0.00350538915832509	0.0292950554283029	-0.0390994050584024	-0.0317738219788756	-0.0117305656909127	-0.00556181949741477	-0.0221366885430144	-0.010136774552527
0.0525364915138771	0.0535188506826878	-0.0320020304957963	-0.0310800433887593	0.01685785470326	0.00168280835766296	0.020921848880124	0.00531507859037263	0.00346616464077408	0.0293062787979876	-0.0391225810234345	-0.0317716510656954	-0.0117676220892515	-0.00557196439542942	-0.0221391667926808	-0.0101503169156989
0.0525207852224452	0.0535185894466745	-0.0320238388134645	-0.0310197761007877	0.0168461046705967	0.00168668219437387	0.0209272649872023	0.00532212637479619	0.00344411045391684	0.0293289281000409	-0.0391438528992358	-0.0317644468190607	-0.0117746559038348	-0.0055619438289933	-0.0221610868690714	-0.0101449902155984
0.0524804375297353	0.0534991406350303	-0.0320510213286902	-0.0309590045015817	0.0168174245884925	0.00166671929260722	0.020913113538994	0.00530477862713082	0.00343992788373564	0.0293704324955264	-0.0391413522978249	-0.0317394603627277	-0.01177108241869	-0.00554326056459672	-0.0221559487618147	-0.0101308443553262
0.0524703079985449	0.0535141568163522	-0.0320805968775567	-0.030836141153263	0.0168066692084574	0.00168204839835148	0.0209074543566947	0.00531496683165035	0.00340355740455477	0.0293847557727701	-0.0391675974367675	-0.0317377658211012	-0.0118007697262788	-0.00554858447072917	-0.0221713086012076	-0.0101411527004722
0.0524279835734348	0.0534994591473888	-0.0321202390933322	-0.0307280830416778	0.0167823826411227	0.00167123993292331	0.0208938519232097	0.00530397955226654	0.00338479171810051	0.0294448470407542	-0.0391886430011562	-0.03171325853029	-0.0118040009503366	-0.00552908397067595	-0.0221927564969965	-0.0101324704447353
0.0524165045556729	0.05350324637109	-0.032135741425096	-0.0306360511308671	0.0167821018473329	0.00167368605195713	0.0208868879578278	0.00530660448525601	0.00335520778732988	0.0294588713634159	-0.0392066934317879	-0.0317056491582869	-0.0118302544711834	-0.00553318691276752	-0.0221974629361883	-0.0101380709537054
0.0524028336699705	0.0534921459359999	-0.032136381243781	-0.0306137804114855	0.0167897992293297	0.00167420852398378	0.0208920819444456	0.00530866922765007	0.00336491682632766	0.0294509001725495	-0.0392125635586755	-0.0317116757473857	-0.0118133928739599	-0.00552716591160488	-0.0222280540924435	-0.0101325416909208
0.0523999852195364	0.053488470471021	-0.032127249159187	-0.0306171206002975	0.0168031110901369	0.00168421232661155	0.0208996270551833	0.00531578965524311	0.00336736573932954	0.0294328748876303	-0.0392164625410989	-0.031722637881057	-0.0118061159841557	-0.00552833798120475	-0.0222379656941254	-0.010135546603566
0.0524104053234047	0.053492006237597	-0.0321151303227401	-0.0306357130607323	0.0168125030137602	0.00168701048562055	0.0209007488333581	0.00531637499155104	0.00337159440998368	0.0294171658022303	-0.0392065565273531	-0.0317271487424849	-0.0118140466624852	-0.00553995669736942	-0.0222305183722697	-0.010138738712071
0.0524087554852671	0.0534777723673311	-0.0321036149833935	-0.0306953880274758	0.0168074557104654	0.00166376886233912	0.0208969085242639	0.00529731314448275	0.00340496975540754	0.029408117536678	-0.03917930555991	-0.0317279492143332	-0.0117865498258531	-0.00553333639005857	-0.0222139962421651	-0.0101249211430456
0.0524377931952826	0.0534916779463503	-0.0320720515262546	-0.0307653908971418	0.0168338559146352	0.00168417879899487	0.0209064331613699	0.00531349860143645	0.00342280924145093	0.0293574712777104	-0.0391769111292852	-0.03175852360678	-0.0117706549415773	-0.00554638701485241	-0.0222261304454363	-0.010131668575903
0.0524583093027245	0.0534906693238818	-0.0320485849885446	-0.0308598745149224	0.0168474876847848	0.00167932567648001	0.0209117724343267	0.00530987482486663	0.00343688804648972	0.0293513441057615	-0.039160552446312	-0.0317560006536246	-0.0117649580407093	-0.00554954140478867	-0.0222084753612847	-0.0101376839891295
0.0524838322009244	0.0534860397188115	-0.0320162671600303	-0.0309697137811439	0.016857900803733	0.00167145506846369	0.0209207103381408	0.00530484288839613	0.00347584434310726	0.0292989264710458	-0.0391221549433058	-0.0317697050669438	-0.0117496051862365	-0.00556570450999791	-0.0221726706606353	-0.010133730524329
0.0525156121905878	0.0534958926471642	-0.0319883540221577	-0.0310617624557629	0.0168739675170442	0.00167719527583662	0.0209315914467384	0.00531125364810272	0.00349159813199617	0.0292694850326461	-0.0391121232009975	-0.0317851096098256	-0.0117429932608298	-0.00557878447145635	-0.0221566486508129	-0.0101408202182734
0.0525141271965655	0.0534891549931949	-0.0319878720626679	-0.0311052687293611	0.0168631171420952	0.00166605432820967	0.0209263513596477	0.00530431482843337	0.00350423944046967	0.0292775889369951	-0.0390975149390119	-0.0317828842142682	-0.0117330118099465	-0.00557130641595202	-0.0221375029847029	-0.0101295870697006
0.0525268425451925	0.0535021609144999	-0.0319767436878972	-0.031121901221204	0.0168657742057173	0.00167027601394367	0.0209318694465601	0.0053122692554914	0.00349480421034147	0.0292840234454302	-0.0391091406400967	-0.0317824399733472	-0.0117417094325077	-0.00557696420126727	-0.0221388692350828	-0.0101402516457738
0.052554455331499	0.0535325229653743	-0.0319838431607298	-0.0311008598477673	0.0168732257185251	0.00169060213155772	0.0209350294244324	0.00532213475670036	0.00346255902499664	0.0292881445483142	-0.0391248678862891	-0.0317852926147333	-0.0117735969899412	-0.00559222206082607	-0.0221389502601564	-0.0101590410809566
0.0525237985169945	0.0535128632091419	-0.0320168022049132	-0.0310789230075685	0.0168472627703563	0.00167717851202828	0.0209189682990573	0.00531056633196072	0.00347361056564576	0.0293281639497774	-0.0391227346916777	-0.0317684296205258	-0.0117542306003547	-0.00556275268274578	-0.0221499375395402	-0.0101386018076362
0.0525009061397202	0.0535093497943103	-0.0320375041112309	-0.0309954881364689	0.016828349003595	0.00167288278614077	0.0209103586864899	0.00530694115840687	0.00344848301392591	0.029362804962731	-0.0391378263101371	-0.031749635994391	-0.0117745301752723	-0.00555426321080485	-0.0221545238381057	-0.0101363037689094
0.0524999282509003	0.0535186090044509	-0.0320526083025465	-0.0309283155564446	0.0168283322397867	0.00168703702831709	0.0209085090796362	0.00531776499065935	0.00342378992423891	0.0293722876903162	-0.0391579372922107	-0.0317473058250315	-0.0117940600119901	-0.00556393592821788	-0.0221658952880973	-0.010146200003767
0.0524565323390403	0.0535096124273077	-0.032095244255095	-0.0307981501726091	0.0167947934472315	0.00168204141343133	0.0208956456507022	0.00531314935542933	0.00339615199221992	0.0294171364655657	-0.0391761427880696	-0.0317276027622941	-0.0118062081851015	-0.00554112597300124	-0.0221853524816456	-0.0101352364731117
0.0524457783559893	0.0535195561596222	-0.0321182246423631	-0.0306985312415399	0.0167932036794071	0.00169529320392527	0.0208932512200774	0.0053218860935433	0.00336206278795752	0.029446749733001	-0.0392091367568537	-0.0317212576608369	-0.0118311108223928	-0.00554173226406959	-0.0222094504561365	-0.0101483373893306
0.0524018362233742	0.0534930930911712	-0.03214526885617	-0.0306386718729045	0.0167695122272685	0.00166927717036332	0.0208771146575647	0.00530123447865062	0.00336988729550091	0.029472522691342	-0.039201446359777	-0.0317021231705991	-0.0118151279281232	-0.00551674161678453	-0.0222154840301554	-0.0101196140007215
0.0523963768097909	0.0534897794450557	-0.0321452520923617	-0.0306108718907382	0.0167798107935263	0.00168067097209942	0.0208836357790096	0.00531014723675218	0.00337019463198717	0.0294560662194867	-0.0392065928489379	-0.0317118070638844	-0.0118121383823023	-0.00552620199262524	-0.0222275819118419	-0.0101262357050163
0.0524165771988424	0.0535006815084137	-0.032125386979477	-0.0306249590776812	0.0168082813280262	0.00170451469549712	0.0208941355109674	0.0053302805705703	0.00336089071835765	0.0294247234858243	-0.0392190036550467	-0.0317309010415853	-0.0118203470604535	-0.00553722699057782	-0.0222458265232535	-0.0101364336884241
0.0523856423845163	0.0534654104556633	-0.0321237776538763	-0.0306625100083661	0.0167879859440608	0.00166937775321337	0.0208855524410966	0.00530158093068968	0.00340186146594422	0.0294274727503923	-0.0391864371633753	-0.0317184064164348	-0.0117861712431814	-0.00551547874322281	-0.0222251288078879	-0.010106974089232
0.0524263952025944	0.053487097235721	-0.0320945583359371	-0.0307109853541536	0.0168163782474551	0.00168498485877929	0.0208984549855834	0.00531801505080045	0.00339520623403266	0.0293858593901526	-0.0391811565637477	-0.0317345834914843	-0.0118071092397999	-0.00555154887083756	-0.0222002233766286	-0.0101322259725304
0.0524547232447235	0.0534968062747188	-0.0320655150379855	-0.0307865258685083	0.0168442145512062	0.00170314285718117	0.0209116732484607	0.00533210503171146	0.00341732049120312	0.0293425053878135	-0.0391789800626314	-0.031769421479186	-0.0117847491134404	-0.00555502736106842	-0.022222924367091	-0.0101393477971074
0.0524302872000977	0.0534502643548267	-0.032052288393204	-0.0309084602224481	0.0168248523525718	0.00165461163203259	0.0209027269627424	0.00529394501599014	0.00347554119757309	0.0293551732389835	-0.0391329857604785	-0.0317460694941663	-0.0117332786338959	-0.00552336052711136	-0.0221886647307771	-0.0101022941927367
0.0525075809294082	0.0534967350285333	-0.0320031578619072	-0.0309982681346855	0.0168711442123227	0.00168780536953275	0.0209270917611828	0.00531766161384125	0.0034680994636535	0.029279446925753	-0.0391290728082148	-0.0317843342836898	-0.0117615298419034	-0.00557745035170917	-0.0221618635921912	-0.0101398884299264
0.0525170636569933	0.0534924937850229	-0.0319949938872449	-0.031085724922803	0.0168627902478326	0.00167708212013031	0.0209192742385595	0.00530937470458444	0.00350755588055323	0.0292703330019513	-0.039106156682212	-0.0317918612336351	-0.0117318634890751	-0.00556233498452127	-0.0221604274926099	-0.0101226049435264
0.0525241016625287	0.0534912392933654	-0.0319885146753209	-0.0311388354615969	0.016864039151554	0.00167763811977364	0.0209276757005066	0.00530903663444956	0.00351593499075591	0.0292794273679766	-0.0391036113773121	-0.0317924228212145	-0.011722679716072	-0.00555690630458669	-0.0221599832516889	-0.0101261393131184
0.0525375713825311	0.0535046419581344	-0.0319925240194826	-0.0311366533725445	0.0168582640195804	0.00167289116804494	0.0209275108563913	0.00530527315947689	0.00349762053014285	0.0292882032216434	-0.0390954390207456	-0.0317793554326124	-0.0117541817059137	-0.00557446080588828	-0.0221244523599091	-0.010134909578849
0.0525401110994948	0.0535162117798581	-0.0320040435497813	-0.0311038493935882	0.0168498960852499	0.00167413448383027	0.02092430617503	0.00530774582120726	0.00348207768584223	0.0293043104474915	-0.039114848716837	-0.0317739993958472	-0.0117621696605885	-0.00557308337963622	-0.022130093381416	-0.0101367061003096
0.0525437083333681	0.0535315213278259	-0.0320145726184037	-0.0310587673220059	0.0168598635662929	0.00169576957547898	0.0209270763943584	0.00532475410175372	0.00345581298912322	0.0293179883181141	-0.039142879201368	-0.0317828967871245	-0.0117730787088667	-0.00557324123883143	-0.0221658575695285	-0.0101452011601867
0.0524921023463729	0.0535031835068087	-0.0320562991343497	-0.0309892268540534	0.0168171759253354	0.00165793226306823	0.0209055782071445	0.00529514223130252	0.00345644302892005	0.0293773810940839	-0.0391308721236434	-0.0317446711131538	-0.0117700123289242	-0.0055452526638213	-0.0221481060934789	-0.0101204982916115
0.0524771923358372	0.0535082336040716	-0.0320733325606087	-0.0308964908632923	0.0168076750369579	0.00166890557261175	0.0209032745804816	0.00529856065122016	0.00343592273052605	0.0293837722960141	-0.0391529123406604	-0.031742079707781	-0.0117840282696817	-0.00554744453176195	-0.0221599762667687	-0.0101272722671655
0.052455043154066	0.0535160357598705	-0.0321143242629557	-0.0307592721070972	0.0167900856110556	0.00167523251327664	0.0208867803900576	0.00530117720230546	0.00338476098445189	0.0294330816412665	-0.0391835551853246	-0.0317207994500756	-0.0118231647772389	-0.00553664724220601	-0.0221714636664347	-0.0101329705650175
0.0524119322269478	0.0534958800743079	-0.0321390620561316	-0.0306715135704295	0.0167765907453407	0.00166844317089834	0.0208808404139686	0.00529642186867259	0.00337555765367241	0.0294678665435751	-0.039202280359242	-0.031707271056744	-0.0118146208229209	-0.00551692741566032	-0.0222010070846685	-0.0101208503315866
0.0524091005403221	0.0535028384517537	-0.0321412455421681	-0.0306095475498793	0.0167864772013101	0.00167220524888697	0.0208848707128907	0.00529911106292737	0.00335296702494824	0.0294627326272705	-0.0392151032756392	-0.0317049618421449	-0.0118339033934657	-0.00553303603849245	-0.0222041069922277	-0.0101283982362924
0.0524338131877855	0.0535206667619248	-0.0321207350226623	-0.030608259530605	0.0168249361716135	0.00171122301280176	0.0209020731742171	0.00533332320178427	0.00334723659646351	0.0294249721489813	-0.0392404808875002	-0.0317412694570445	-0.0118311848625463	-0.0055483106618596	-0.0222600841422479	-0.010147919691106
0.0524180230773119	0.0535006298200047	-0.0321290372987434	-0.0306275365132137	0.0168086766745063	0.00168593341093461	0.0208904181364677	0.00530966527726236	0.00336716457362944	0.0294236436171703	-0.0392069630497054	-0.031723911930491	-0.0118207787285183	-0.00553392591731858	-0.0222361104993356	-0.0101258906499613
0.052405067447432	0.0534791358237428	-0.0321089570503184	-0.030680032379035	0.0168090203325773	0.00167107788277601	0.0208926840445619	0.00529836367647215	0.00340418744435161	0.0294111573739239	-0.0391906378943489	-0.031729804409123	-0.0117847393345522	-0.00552370278819833	-0.0222366385592983	-0.0101161816109635
0.0524156873200163	0.0534733718676414	-0.0320991865440233	-0.0307330032194261	0.0168095148649233	0.00165896603124929	0.0208953019926312	0.00528891168253561	0.00341623782858107	0.0293878025949362	-0.0391617566465445	-0.031727745254665	-0.0117870164185186	-0.00553778159323712	-0.022181494011759	-0.0101178104943407
0.0524447417938401	0.0534837179313562	-0.0320688133172766	-0.0307992789357041	0.0168368482544241	0.00167706815029003	0.0209082632104472	0.00530632089749824	0.00343145657258708	0.0293542721842852	-0.0391675932458154	-0.0317590851943594	-0.0117714176948568	-0.00554891555594392	-0.0222022839280705	-0.0101253011227013
0.0524807825847903	0.0534897626812473	-0.0320239435872666	-0.030924505980999	0.0168628978156028	0.00167710028092268	0.020919001826674	0.00530612951068634	0.00345663441573196	0.0293122159801085	-0.0391453658329387	-0.0317717041510885	-0.0117565440059059	-0.00556352381792949	-0.022189444247865	-0.0101294934717707
0.0524925940847509	0.053480518837931	-0.032000151552278	-0.0310346455987865	0.016863399332869	0.00166124032124761	0.0209218055736191	0.00529833853075963	0.00349616207881714	0.029283816691794	-0.0391080286408101	-0.0317765447007471	-0.01173161203195	-0.00556438575707505	-0.0221594160761733	-0.0101230910939683
0.0525424398718703	0.0535118573806414	-0.0319744903526593	-0.0310892495135068	0.0168876076690981	0.00168826497727811	0.0209355756451876	0.00532055756173224	0.00348451821693995	0.0292531738471298	-0.0391143527875069	-0.0317956316935279	-0.0117597738329797	-0.00559426864242776	-0.022151300995952	-0.0101449273513171
0.0525458764525803	0.0535128129177168	-0.0319753006033958	-0.0311255543344384	0.0168839140433269	0.00168407961312885	0.0209298927141598	0.00531668512200536	0.00348482555342621	0.0292719660762806	-0.0391078540178065	-0.0317895129034833	-0.0117581477435705	-0.0055868087477158	-0.022143103493673	-0.0101437706485415
0.0525232578841755	0.0534998950064057	-0.0319940746717542	-0.031122446044975	0.0168570039399867	0.00166275744590252	0.0209157231051592	0.00529525119605674	0.0034981485901056	0.0292992142497556	-0.0390961403067279	-0.0317738429336361	-0.0117419860353453	-0.00556834480981169	-0.0221259806604362	-0.0101284359548612
0.0525406768780263	0.0535245336137156	-0.0320029189776384	-0.031080618946179	0.0168619730121759	0.00167586255307347	0.0209180323197582	0.00530851276543888	0.00346565613858773	0.029306843179535	-0.0391171886650847	-0.0317747523702386	-0.0117703210623945	-0.00558186063028701	-0.0221298405273069	-0.0101445892811822
0.0525040814844169	0.0535063560575373	-0.0320376144729691	-0.0310182184635959	0.0168292221186128	0.00165766264515074	0.020901575847903	0.00529176572090575	0.00346667873089656	0.0293455955164844	-0.039119116503044	-0.0317525626759306	-0.0117577649699467	-0.00555294306089796	-0.0221391444409364	-0.0101255735345869
0.0525095506768883	0.0535224870321139	-0.0320458916033377	-0.0309551711774076	0.016835808898307	0.00167379361972732	0.020900987717627	0.0053041639541583	0.00343564752467245	0.0293648557352848	-0.0391480019418004	-0.0317498427480272	-0.0117813306935228	-0.00556354477268992	-0.0221591115336551	-0.0101444006883384
0.0524978704934264	0.0535321527646068	-0.0320716533858065	-0.0308601441328399	0.0168290237468807	0.00169543988724826	0.0208982258802028	0.00531794240763097	0.0034125232480494	0.0293754155375559	-0.0391726014335574	-0.0317551750360638	-0.0117974365223869	-0.00556355734554617	-0.0221881590225588	-0.0101498670868417
0.052433395489561	0.0534998866245015	-0.0321251983866332	-0.030738496160626	0.016780731406001	0.00166040213083054	0.0208779849786144	0.00528771027627114	0.00339205882901654	0.0294515777098033	-0.0391753856227262	-0.0317048291286622	-0.0118090049471265	-0.00552823181041859	-0.0221753193423533	-0.0101272820460537
0.052430203381056	0.0535106867080255	-0.032131519739362	-0.0306533541750436	0.0167969406116832	0.00167886886270271	0.0208859240388482	0.00530490295870935	0.00336322926962128	0.0294523195083224	-0.0392099148769575	-0.0317127151035029	-0.0118256528057936	-0.00553589426781467	-0.0222110332390408	-0.0101429911314537
0.0523985016224982	0.0534850199204707	-0.0321372487708627	-0.0306297353660745	0.0167891775714371	0.00166976471778926	0.0208897615539743	0.00530022445919805	0.00337918143024223	0.0294510161222239	-0.0392080443153434	-0.0317098610651327	-0.0118017210724021	-0.00552161848802787	-0.0222297262823255	-0.0101246920376649
0.0523776586207937	0.0534658532996003	-0.0321464688654505	-0.0306056737131684	0.0167750624448135	0.00165082161436338	0.0208826201716209	0.00528463411744047	0.00338782037947421	0.0294518319608965	-0.0391907775927517	-0.0316946730547754	-0.0118035203878308	-0.00551599702429736	-0.0222038317863741	-0.0101153601843548
0.0524250904195118	0.0534983541330223	-0.0321097659040708	-0.0306313097670746	0.0168245729557661	0.00169172670370062	0.0209049286095713	0.00531353632000521	0.00337675766295286	0.0294007149183112	-0.0392158548530465	-0.0317353071292111	-0.0118140690142297	-0.00554798097362888	-0.0222369109711839	-0.010144483110396
0.0524026911775996	0.0534676400421727	-0.0321035102095914	-0.0306817380965338	0.0168040736121325	0.00165258600519132	0.0208880502485395	0.00527756956920857	0.00341785972703811	0.0294027908365775	-0.0391683825417915	-0.0317179649694818	-0.0117863779968176	-0.00553162229065565	-0.0221995863519116	-0.0101240787616764
0.0524482077112147	0.0534914530319217	-0.0320710694464826	-0.0307456110002829	0.0168358438229077	0.00168093639906482	0.0209036824998179	0.00530106963453527	0.00341840455080921	0.0293485068311997	-0.0391699611337437	-0.0317467009309472	-0.0117884259754033	-0.00556346514460029	-0.0222008743711858	-0.0101419964788254
0.0524590483072756	0.0534866474068639	-0.0320520704636956	-0.0308364708414937	0.0168443374858007	0.00167434263445051	0.0209036154445845	0.00529590638156609	0.00344547251334458	0.029340124927029	-0.0391567512527706	-0.0317541887653397	-0.0117715057048506	-0.00555014350490493	-0.0222009861299081	-0.0101273784379516
0.052486019877913	0.0534795102154625	-0.0320115984394072	-0.0309759750635594	0.016864625884846	0.00167442505650819	0.0209183606110049	0.00530220258858234	0.00349052664524634	0.029293291037475	-0.0391237894146191	-0.0317773074540266	-0.0117334923724523	-0.00555808535910671	-0.0221951146060365	-0.0101335992078303
0.0525173542296713	0.0534913091425668	-0.031986209651674	-0.0310606686172686	0.0168696522333803	0.00167066716947164	0.020923275200817	0.00530164100100291	0.00349968806650496	0.0292653709146823	-0.0390978865367635	-0.0317826299631751	-0.0117442910589923	-0.00557532134804981	-0.0221576782280419	-0.0101342725541321
0.0525271219419982	0.0534926502472341	-0.0319793253143818	-0.0311133516789498	0.0168711945037478	0.00167046600377154	0.0209265609072519	0.00529962934400193	0.00351088629047707	0.0292636498303592	-0.0390910245512157	-0.0317866309254326	-0.0117342774774763	-0.00557545545851654	-0.0221453177133581	-0.010136775949511
0.0525253799029147	0.0534944397837746	-0.0319854929988674	-0.0311205028401915	0.0168528674702784	0.00165318950229162	0.0209136429959408	0.00528548208674575	0.00350762433277062	0.0292823596374523	-0.0390802272616598	-0.0317671388072835	-0.0117436638131635	-0.00557163191323065	-0.0221158343654376	-0.0101304937123351
0.052545665507992	0.0535172511359753	-0.031984049914366	-0.0311096496712744	0.0168659781653855	0.00167868306382692	0.0209205622578337	0.00531084153781432	0.0034856204373384	0.029282148692864	-0.0391071708926166	-0.0317806043363338	-0.0117577551910585	-0.00558503038704758	-0.0221366536184136	-0.0101458367879196
0.052533591375034	0.0535176269246789	-0.0320049753381283	-0.031067654934395	0.0168542840120833	0.00168183046884304	0.0209170488430022	0.00531539710273112	0.00346476206880951	0.0293039821562448	-0.0391157358016951	-0.0317708855184478	-0.0117712598356616	-0.00557658561859556	-0.0221398764605673	-0.0101415494439363
0.052510124837324	0.0535156404133904	-0.0320321075619289	-0.0309904045115894	0.0168323373929962	0.00167219966095086	0.0209058087095092	0.00530464870761617	0.00344531884510145	0.0293440616280212	-0.0391282946881109	-0.0317498944364362	-0.0117821423412433	-0.00556160715584245	-0.0221511389458047	-0.0101345505539537
0.0525059981465039	0.053522689594798	-0.0320428056656189	-0.0309393223936048	0.0168344244871347	0.00168573084825049	0.0209060853123469	0.00531093792971228	0.00342715525876346	0.0293575481118319	-0.0391505262919398	-0.0317489249295205	-0.011788951241398	-0.00556195640184956	-0.022175404558379	-0.0101426782070313
0.0524641528869155	0.0535150425042263	-0.0320876237072198	-0.0308095286075209	0.0168046491695522	0.00168101183620236	0.0208950631083623	0.00530896818223216	0.00339501065626867	0.0294019135306076	-0.0391645883331702	-0.031728185304634	-0.0118141220996227	-0.00555069391661214	-0.0221723004598678	-0.0101387694457197
0.05242234674288	0.0535024947936827	-0.0321313073977896	-0.0306786898773837	0.0167760752582342	0.00166931349194806	0.0208839906129528	0.00529963912289013	0.00336297222456005	0.0294463180649362	-0.0391816287443493	-0.0317010586687694	-0.0118332635747807	-0.00553487726344196	-0.0221749463476177	-0.0101273784379516
0.0524139424869648	0.0535029194768273	-0.0321310391768562	-0.0306296501500488	0.0167883016624512	0.00168413269852193	0.020890383211867	0.00531282665211876	0.00335338332618872	0.0294476815213479	-0.0392129435383312	-0.0317104240496962	-0.0118242781735096	-0.00553136803956247	-0.0222212815138735	-0.0101325863944097
0.0524086954149539	0.0535005557798512	-0.0321299830569307	-0.0306045212013449	0.0167961080092022	0.00169178258306176	0.020890433503292	0.00531725788545702	0.00335455120483651	0.0294355277603004	-0.0392142343515735	-0.031718956828142	-0.0118255913384964	-0.00553471521329466	-0.0222379726790455	-0.0101289374721274
0.0523881415889432	0.0534792196427846	-0.0321295038914089	-0.0306103005242706	0.0167930779508445	0.00167938714377727	0.0208845200698996	0.00531058449275309	0.00336868728622046	0.0294355151874441	-0.0391994053661114	-0.0317106545520609	-0.0118076778122995	-0.00552621177151344	-0.0222350348216337	-0.0101203446233683
0.0524057827032545	0.0534903116959705	-0.0321095158439298	-0.0306214931603066	0.0168122613355233	0.00169126150801915	0.0208967073585638	0.00532330822328427	0.00336554127818838	0.0294007414610078	-0.0392059711910452	-0.0317301620370343	-0.0118169258465678	-0.00553934900931705	-0.0222346939575307	-0.0101278045180803
0.0524104905394304	0.0534801332703392	-0.0320953755715937	-0.030694658801813	0.0168166115437879	0.00167558455325181	0.0208906193021678	0.00530608899814951	0.00339597597223234	0.0293902054074651	-0.0391790680726252	-0.0317291869421824	-0.0117991645916301	-0.00553839626620964	-0.0222111883042679	-0.0101186710365022
0.0524209176282188	0.0534712708036626	-0.0320696598895979	-0.0307865803508854	0.0168271280395541	0.00167264529885593	0.0209007781700227	0.00530545197343254	0.00342944770955416	0.0293632380277798	-0.0391563698761308	-0.0317372447460586	-0.0117690009124876	-0.00554155903805006	-0.0222053433230929	-0.0101251195147776
0.0524577980065701	0.0534836983735798	-0.0320372945636266	-0.0308675830727915	0.0168497480049429	0.00167479106632364	0.0209094729986159	0.00530587665657719	0.00342578202346349	0.0293373994111895	-0.0391430482364354	-0.0317417597984385	-0.0117869046597963	-0.00556538599763942	-0.0221702734360425	-0.0101323167764922
0.0524983189252995	0.0534957655216176	-0.0319994335024874	-0.030993873222932	0.0168775284293328	0.00168929455450708	0.0209257199228668	0.0053173403075147	0.00346592296253716	0.0292767116310253	-0.0391275389197515	-0.0317784418050577	-0.0117558385289715	-0.00557504474521217	-0.0221789710586037	-0.010137460471685
0.0525085574212441	0.0534899107615543	-0.0319826012419285	-0.031089157312561	0.0168748252652377	0.00168102580604265	0.0209227261860938	0.00531119497477352	0.00349359581915686	0.0292648889551924	-0.0391033752870113	-0.0317833801435983	-0.0117350276578996	-0.00556592383649038	-0.0221627646468895	-0.0101244950629169
0.0525352314342834	0.0535101027687016	-0.0319735404035199	-0.0311154345821362	0.0168841766763242	0.00169386408926416	0.0209261320331552	0.00532054638586001	0.00347914262239845	0.0292614551684505	-0.0391090218964543	-0.0317918654245872	-0.0117541300175047	-0.00557604079482446	-0.0221543520090702	-0.0101362660503407
0.0525151539798264	0.0534902935351781	-0.0319876499422073	-0.0311287171062788	0.0168550244136184	0.00166283428002408	0.0209171410439481	0.0052992842889469	0.00349458208988095	0.0292943513483526	-0.0390869216091241	-0.03176451247731	-0.011743786747758	-0.00556502697274411	-0.0221271108205153	-0.0101249393038379
0.0525450452470833	0.0535238057850368	-0.0319900345939439	-0.0310919638534741	0.0168679730585781	0.00169008804143524	0.0209258652092058	0.00532068189331077	0.00345837924878349	0.0292907149989265	-0.0391153013396622	-0.0317743849634391	-0.0117787825946549	-0.00558922692706906	-0.0221326023647311	-0.0101502568453857
0.0525180457367653	0.053509680879525	-0.0320214373979196	-0.0310491365141137	0.0168405488651155	0.00168061229877022	0.0209133272775504	0.00531536357511444	0.00345641369225546	0.0293204665677806	-0.039120396140414	-0.0317571280197356	-0.0117682535260324	-0.00556349867221698	-0.0221446932614974	-0.0101299153609473
0.052487348409724	0.0534992789364492	-0.0320473514516475	-0.0309703326450685	0.0168147465701099	0.00166506945446961	0.0208988573169836	0.00530196649828154	0.00343863567350932	0.0293693414510001	-0.0391285182055555	-0.0317316777647052	-0.011781292974954	-0.00554788318474689	-0.0221409465503331	-0.0101272415335168
0.0525169323404947	0.0535399269807252	-0.0320430473438558	-0.0308995320975223	0.0168508795620059	0.00171888267622979	0.0209221157040734	0.00534248043209081	0.0033934753708214	0.0293467787619565	-0.0391785064850457	-0.0317631811515309	-0.0118163502891481	-0.00558048180705092	-0.0221892808007337	-0.0101610918535104
0.0524394192846917	0.0534992048962957	-0.0320994603528929	-0.0307793886771069	0.0167925219512012	0.00168026165577908	0.0208894178959033	0.0053097602721763	0.00338467157747406	0.0294305558941431	-0.0391717981677411	-0.0317171114122404	-0.011813106492234	-0.00553284744564861	-0.0221860146520751	-0.0101260862277253
0.0524190177299401	0.0535039714058007	-0.0321297190269493	-0.0306578119510784	0.016781664591332	0.00167780855182511	0.0208856460390265	0.00530547432517699	0.00335237889467226	0.029451169790467	-0.0391963571469614	-0.0316961398880052	-0.0118424263930233	-0.00553974854674918	-0.0221820081018815	-0.0101329202735925
0.0524162782442603	0.0535070433736793	-0.0321356101085973	-0.0306098129768447	0.0167930961116369	0.0016897765139969	0.0208901485185502	0.00531659292105948	0.00334183865017755	0.0294428647204178	-0.0392143405223597	-0.0317039308679319	-0.0118425060211129	-0.00554226451498444	-0.0222102062244959	-0.0101389678174517
0.0524017356405241	0.0534924337147097	-0.0321377251424164	-0.0306032331820706	0.0167970160488207	0.00168799675634464	0.0208937108278228	0.00531423201805139	0.00335767206715608	0.0294333736109285	-0.0392091688874863	-0.0317121032244984	-0.011823364545955	-0.00553570707195486	-0.0222272075201222	-0.0101296611098541
0.052391079446355	0.0534764578053603	-0.0321348138277011	-0.0306051051406688	0.0167939817995109	0.00167718409996439	0.0208890449011677	0.00530683917857279	0.00337146868142112	0.0294242373353824	-0.0391953946249657	-0.0317124552644736	-0.0118138147631365	-0.00553221461188372	-0.0222159813564696	-0.0101205136584358
0.0524216063413449	0.053492791342621	-0.0320900265197488	-0.030662800581044	0.0168355728080061	0.00170415706758583	0.0209112345954757	0.00532954296300327	0.00337948736974446	0.0293825233922927	-0.0392110911375095	-0.0317450273440811	-0.0118049243567794	-0.00555139799656248	-0.0222496486715554	-0.0101419992727934
0.0524208324121931	0.0534772205586398	-0.0320873359285099	-0.0307296909702946	0.0168262828642169	0.00168002556547827	0.020905699744755	0.00530757958010787	0.00340658606592846	0.0293705512391688	-0.039166245156228	-0.031734223069605	-0.0117963552567488	-0.00555373654782612	-0.0221958396407473	-0.0101313514605285
0.0524180454290563	0.0534635929794422	-0.0320751025393727	-0.0307851610151125	0.01682083602349	0.00166255348623436	0.0209023986714958	0.00529261089624296	0.00343580678085169	0.0293564319215932	-0.0391463674704871	-0.0317350207474852	-0.0117687662191708	-0.00554425242325693	-0.0221790241439967	-0.0101185816295244
0.0524709268624695	0.0534840196799063	-0.0320237410245825	-0.0309088136594073	0.0168654920149436	0.00168371779426548	0.0209226018545153	0.00530767317803778	0.00345198664986928	0.0293069423654011	-0.0391466384853886	-0.0317664500941575	-0.011760230646757	-0.00556812688030325	-0.0221847042810564	-0.0101346553277558
0.0524987883119331	0.0534887470738586	-0.0319960583890746	-0.0310266855837924	0.0168796294933116	0.00168191847883683	0.0209323136874811	0.00530692439459853	0.00348552544242447	0.0292691567413994	-0.0391187323324361	-0.0317834038923268	-0.0117376218572404	-0.00557229548064417	-0.0221763112010135	-0.0101318948873156
0.0524998206831301	0.0534794082356284	-0.0319859959131176	-0.0311042866495891	0.0168738892859387	0.00167246788188432	0.0209361623784795	0.0053060345157724	0.00350897661331017	0.0292629247956484	-0.03909673402494	-0.0317858807450093	-0.0117203844713133	-0.00556770918207874	-0.0221546705214287	-0.0101240228823153
0.0525172326920608	0.0534932663171907	-0.031982084357838	-0.0311234867980762	0.016873464602794	0.00167830168718715	0.0209414150384265	0.00532022787350152	0.00349042466541226	0.0292674845515173	-0.0390997738621859	-0.0317848749165088	-0.011741775090757	-0.00557691810079433	-0.0221377278991315	-0.0101351764027985
0.0525450955385084	0.0535203692043268	-0.0319849998635054	-0.0311144217687156	0.0168795568501421	0.00168855135900394	0.0209361973030802	0.00532267678650341	0.00346978422639182	0.0292684806011296	-0.0391091937254898	-0.0317848623436525	-0.011768919887414	-0.00559351287406837	-0.0221274558755703	-0.0101473455306704
0.0525020782093201	0.0534903158869226	-0.0320107392942297	-0.0311028337861995	0.0168495258844824	0.00166600822773674	0.0209230642562287	0.00530473811459399	0.00349053642413454	0.0293090587962042	-0.0391041771558436	-0.031767261741878	-0.0117341754976422	-0.00555586275751743	-0.0221411253642887	-0.010119150202024
0.0525076368087693	0.0535124371290132	-0.032022145668822	-0.0310204522410574	0.0168527822542527	0.00169056580997298	0.020929114594056	0.00532554060376174	0.00344198145025747	0.0293179701573217	-0.0391372870743021	-0.0317639383168743	-0.0117757567272492	-0.00557059954203362	-0.0221480390382456	-0.0101398101988209
0.0524934727877048	0.0535153945442014	-0.0320525147046166	-0.0309439352348668	0.0168328067796298	0.00168055921337714	0.0209109496107339	0.00531195772805306	0.00340937724001732	0.0293600878287956	-0.039142733915029	-0.0317377350874525	-0.011805544617688	-0.00556419995819926	-0.0221322293699955	-0.0101357128446654
0.0524721226807979	0.0535179608038617	-0.0320789833610038	-0.0308481398490834	0.0168129989430903	0.00169014392079638	0.0209033681784115	0.00531888257788212	0.00339897948789352	0.0293723994490384	-0.0391626982137797	-0.031735548807448	-0.0118057499743402	-0.00555591165195843	-0.0221649788665746	-0.0101348453175837
0.0524335282030437	0.053507618931099	-0.0321150967951234	-0.0307354353686196	0.0167916823638001	0.00168851922837129	0.0208853373055562	0.00531996244653611	0.00337236554516739	0.0294283304985858	-0.0391898262466283	-0.031716744005441	-0.0118163600680363	-0.00553406701270545	-0.0221925092308234	-0.0101273057947821
0.0524314830184261	0.0535218681681893	-0.0321276472996351	-0.0306503087498616	0.0167985331734756	0.00170609887538539	0.0208881424494854	0.00533141771556946	0.00333779857236726	0.0294378411658515	-0.0392159442600243	-0.0317157940563016	-0.0118450932355336	-0.00554328710729327	-0.0222161462005849	-0.0101389622295156
0.0523872698709094	0.0534868192358994	-0.0321467817898729	-0.030616849585396	0.0167737883953796	0.0016749167948862	0.0208741041569834	0.00530756700725162	0.00336245114951743	0.0294546035772089	-0.0391987348137778	-0.0316967517670097	-0.0118159256060035	-0.00551584056208618	-0.0222187403999258	-0.0101118956639642
0.0523892857188625	0.0534866222611513	-0.0321368981278715	-0.030609044635629	0.0167906681533954	0.00168936021275642	0.020883607839329	0.00532353034374479	0.00336292472710308	0.0294302220149603	-0.0392093700531864	-0.0317127961285765	-0.0118126804121054	-0.00552399475786028	-0.0222356117760374	-0.0101158253800363
0.0523835902149785	0.0534749364897533	-0.0321362680880747	-0.0306159471337136	0.0167893312396802	0.00167496988027929	0.0208760571406552	0.00530889414207865	0.0033757141158836	0.0294204361418409	-0.0391886457951243	-0.0317060640625434	-0.0118087870176181	-0.00552600222390917	-0.022212764102252	-0.0101094509419144
0.0524103955445165	0.0534878613859846	-0.0320975716304864	-0.0306633048922783	0.0168153542581623	0.00168831945965522	0.0208940782346223	0.00532047793364262	0.00338253698587858	0.0293830919647922	-0.0391908083264003	-0.0317317406289864	-0.0118073285662924	-0.00554474974957106	-0.0222200451830083	-0.0101265667902311
0.0524350215789701	0.0534934660859068	-0.0320699057587869	-0.0307473530393664	0.0168429977781174	0.0017043177207491	0.0209128928155175	0.00533540331100265	0.0033986693574392	0.029341154504258	-0.0391815379403875	-0.0317542320718446	-0.0117971417587568	-0.00556205558771558	-0.0222193131633774	-0.0101323838317256
0.0524260766902359	0.0534751111127569	-0.0320663113188817	-0.0308098527078155	0.016829627243981	0.00167114354102534	0.0209016680488489	0.00530850997147083	0.00342311797492122	0.0293487052029318	-0.0391434547587877	-0.0317369136608438	-0.0117831984611688	-0.00555025805759526	-0.0221769831503312	-0.010116987670748
0.0524723392133223	0.0534898576761612	-0.0320196241126506	-0.0309348716024901	0.0168599082697819	0.00168182208693887	0.0209129053883738	0.00531355587778161	0.0034569752798349	0.0292908980038342	-0.0391306975006399	-0.0317677870078727	-0.0117596676621935	-0.00556742978527305	-0.0221716690230869	-0.010126515101822
0.0525175190737866	0.0535104729694692	-0.0319880788163041	-0.0310324299821174	0.0168805682665787	0.00169579891214357	0.0209214283879314	0.00532263767095061	0.00346737582592676	0.0292567291714822	-0.0391146196114564	-0.0317847673487386	-0.0117640863226755	-0.00558941691689693	-0.0221562169827482	-0.0101429142973321
0.0525096414808502	0.0534930735333948	-0.0319880885951923	-0.0310980197792375	0.0168689579323182	0.00167974058073646	0.0209174847020191	0.00531294958671326	0.003501653623033	0.0292655930351428	-0.0390934399366009	-0.0317832795607483	-0.0117341894674825	-0.00557232761127682	-0.0221500576801667	-0.0101296918435027
0.0525119269467207	0.0534940402463424	-0.0319941403300035	-0.0311096147466737	0.0168564241916149	0.00166756446794444	0.0209259616011037	0.00530846247401386	0.00348909753058523	0.029280775457564	-0.0390905286218856	-0.0317684324144939	-0.0117505230047432	-0.00557366312800803	-0.0221207713069941	-0.0101265793630873
0.052538107824398	0.0535210257868201	-0.0319899982723592	-0.031096867267414	0.016870468072053	0.00169341006945491	0.0209357586500953	0.00532554619169786	0.00346552342510502	0.0292795083930502	-0.0391160473291334	-0.0317836693192922	-0.0117719736945002	-0.00558577078858266	-0.022139517435672	-0.0101455043057208
0.0525246842048686	0.0535206779377971	-0.0320118261478038	-0.0310669508544446	0.016859078461269	0.00169386688323222	0.0209261348271233	0.00532817112468733	0.00345252448872023	0.0293074131490187	-0.0391234583294044	-0.0317695779413972	-0.0117788035494153	-0.00557337814326622	-0.0221471072498986	-0.0101414488610862
0.0524946895607936	0.0535143314393558	-0.0320413737569897	-0.0309895230146674	0.0168350070294746	0.00168262535275523	0.0209158767734023	0.00531440384708689	0.00343231990871666	0.0293473347615999	-0.0391303636214571	-0.0317487894220697	-0.0117898215624477	-0.0055561211995627	-0.0221498998209715	-0.0101306962750192
0.0524836003015757	0.0535143733488766	-0.0320541170452973	-0.0309335346887749	0.0168341548692173	0.00168123675063094	0.0209161645521122	0.00531793262874277	0.00341743085294137	0.0293640957759733	-0.0391506394476461	-0.0317439195357465	-0.0117949652576405	-0.00555619104876412	-0.0221634477720794	-0.0101321742841213
