0.0523300759478004	0.0534511276909563	-0.0322375927366427	-0.0306176724089888	0.0168230111276223	0.00175304033270959	0.02084458169351	0.00534610560564465	0.00339960393975424	0.0294435883581446	-0.0391657841514986	-0.0316565367877825	-0.0117304259925098	-0.005510382545487	-0.0222943745122104	-0.0101783655610222
0.0523375763550492	0.0534501567870565	-0.0322127473756966	-0.0306652914035668	0.0168381334797303	0.00174914135028617	0.020850718644347	0.00534605112326754	0.00341336283545051	0.0294226126429573	-0.0391483595697116	-0.0316640791045522	-0.011724445503884	-0.00552221639719205	-0.0222806603200031	-0.0101899535435383
0.052355291509514	0.0534475318540671	-0.0321894666368624	-0.0307424817560591	0.016857949698174	0.00175652999881267	0.0208687467232343	0.00535650196078443	0.00343414017890575	0.0293836661252279	-0.0391380428426615	-0.0316827078865716	-0.0117088537651424	-0.00553503372565314	-0.0222738304650879	-0.010189940970682
0.0523909579087446	0.0534659203548336	-0.0321683959267611	-0.0308009609044744	0.0168765840681295	0.00176380968258496	0.0208786415611078	0.00536333460966761	0.00342818762996049	0.0293608380092189	-0.0391299808478333	-0.0316922814181186	-0.0117299607968284	-0.00555077633866982	-0.0222547267084988	-0.0102011908830632
0.0524042069052704	0.0534462452317769	-0.0321329292962467	-0.0309353228283313	0.0168851168465754	0.00174538625721768	0.0208857885313974	0.00535266723962631	0.0034832343886178	0.0293258966446992	-0.0390946483277855	-0.0317033064160712	-0.0116823124655858	-0.0055476973858711	-0.0222438917003741	-0.0101884336249153
0.0524391762094708	0.0534597792130445	-0.0320977141228573	-0.0310347769152852	0.0169053563511796	0.00175547806983925	0.0208976908353199	0.00536000978767988	0.00349913765479775	0.0292872840061526	-0.0390799967592951	-0.0317214448566967	-0.0116773392024445	-0.00556436061136253	-0.0222287930969945	-0.0101994865625485
0.0524645342635553	0.0534743190228127	-0.0320870635166244	-0.031095786001776	0.0169123189195775	0.00176362528069321	0.020897500845492	0.00536361959440941	0.00350567554005093	0.0292749346673411	-0.0390718271966967	-0.0317339059542305	-0.0116773950818056	-0.00557183726988283	-0.0222154379296825	-0.0102032751832336
0.052451556281931	0.0534618104278219	-0.0320925313121118	-0.031125684253953	0.0168913613651826	0.0017399631652192	0.0208859980790017	0.00534543365632697	0.00351960905875075	0.0293021227705029	-0.0390568878494964	-0.0317111211447264	-0.0116661661241849	-0.00555354516101422	-0.0222012585417937	-0.0101906604174567
0.0524612429691843	0.0534770626994446	-0.0320973956104989	-0.0311111248864084	0.0168940296046769	0.001750409811784	0.0208899180161855	0.00535650615173651	0.00350184780381296	0.0293087249170214	-0.0390691058718092	-0.0317146890419351	-0.0116834579924891	-0.00556477970657107	-0.0221981209156657	-0.0102010679484687
0.0524615335418622	0.0534855116588487	-0.032119099154365	-0.0310701094353329	0.0168838148574608	0.00175678005895376	0.0208860511643948	0.00536137883202777	0.00347855728609053	0.0293269639404969	-0.0390833215812828	-0.031705748344153	-0.0117031275276098	-0.00556455618912652	-0.0221936729185191	-0.0102009561897464
0.0524299966274198	0.0534776899452734	-0.0321481550251728	-0.0309904687728547	0.016857262382032	0.00174540441801004	0.0208720603693498	0.00534977967363949	0.00346092315669931	0.0293641139367657	-0.039092953786159	-0.0316896313394167	-0.0117106810202516	-0.005544795850044	-0.0221974042628591	-0.0101831404524315
0.0524397391940342	0.0534899135555224	-0.0321522705401207	-0.0309456116157009	0.016871452945793	0.00176580876672968	0.0208786066365071	0.00536768062698014	0.00343816628687576	0.0293753987737475	-0.0391221703101302	-0.0316959149735767	-0.0117221055556364	-0.00555409696970546	-0.0222286547955757	-0.010205942025744
0.0523669521351996	0.0534536939506166	-0.0322150663691838	-0.0308209880675063	0.0168057737416951	0.00172232484487591	0.0208473938223593	0.00533208687091909	0.00344222452547842	0.029432073018798	-0.0390990683852516	-0.0316527858856661	-0.011718650814134	-0.00552015444876605	-0.0222043458764965	-0.0101714630629376
0.0523723933879904	0.0534788717937615	-0.0322277523811462	-0.030705017438384	0.0168229049568361	0.00175617516486945	0.0208524103920055	0.00535688473440822	0.00339026649850803	0.0294557756468088	-0.0391603917931487	-0.0316566429585687	-0.0117521910036732	-0.00553147700431669	-0.0222531299557543	-0.0101990800401962
0.0523388140828984	0.053463777381334	-0.0322500217035439	-0.0306362928091041	0.0168082575792977	0.00174747335135619	0.0208414063488133	0.00534755707205022	0.00338232464430626	0.0294784556825108	-0.0391616951792473	-0.0316401320043364	-0.0117510133461372	-0.00551706711406316	-0.0222667938565366	-0.0101850501295984
0.0523244474991497	0.0534546634575323	-0.0322504855022413	-0.0306068276219759	0.0168128899783361	0.00174830595383715	0.0208455917129626	0.00534946255826503	0.0033873146712559	0.0294687606133533	-0.0391682386524366	-0.0316449990966915	-0.0117432517028751	-0.00551509457261498	-0.0222791040797954	-0.0101834352160615
0.0523232502838374	0.0534521251375526	-0.0322444854558391	-0.0305987041598504	0.0168193370596274	0.00174840513970317	0.020847479038385	0.00535072403484273	0.00338593864198787	0.0294579074444362	-0.0391663066235252	-0.0316483197277271	-0.0117438454210872	-0.00551584475303826	-0.0222822011933865	-0.0101854594459187
0.0523267301710522	0.0534465749200076	-0.0322274827632287	-0.0306296012556078	0.016831981162069	0.00175199678564033	0.0208567703791583	0.00535042647724467	0.00340307544506495	0.0294336711685265	-0.0391626702740991	-0.0316578485557852	-0.0117302625453785	-0.0055221549298948	-0.0222873714312758	-0.0101838347534936
0.0523551001227021	0.0534551412260701	-0.0322015491517245	-0.0306869949474329	0.0168496669798692	0.00175770206841255	0.020860486356674	0.00535443302743828	0.00341112766100498	0.0294071675875387	-0.0391519582005689	-0.0316724386569784	-0.0117346155476112	-0.00553480042932039	-0.0222721443053656	-0.010196323790708
0.0523591094668638	0.0534448454537803	-0.0321908342842262	-0.030759607383264	0.0168521787571524	0.00174494760423274	0.0208647639217691	0.0053447184005044	0.00344354607236935	0.0293792809923626	-0.0391230713648285	-0.0316775935280435	-0.0117092155840058	-0.00553184161714812	-0.0222561767779203	-0.0101850501295984
0.052387591177236	0.0534501707568968	-0.0321588880534635	-0.0308515345202726	0.016879207604135	0.00175340215157296	0.0208810862831576	0.00535337411354471	0.00345562160231132	0.0293578512573661	-0.0391249880269156	-0.0316977939170949	-0.0116959777633521	-0.00553784864847048	-0.0222675035244231	-0.0101837704922283
0.0523919581493089	0.0534269556763119	-0.0321291294996893	-0.0309834461341436	0.0168791265790613	0.00172844363492055	0.0208872860982759	0.00533749040514116	0.00351430331341068	0.0293225215312864	-0.0390730788943862	-0.0317004900962699	-0.0116557585931729	-0.00553730382469939	-0.0222320452758128	-0.010176833069543
0.0524582254836828	0.0534694854580743	-0.0320901536452953	-0.0310603640747504	0.0169187729857889	0.00176627955034727	0.0209128732577411	0.00537103478563246	0.00349125307694114	0.0292719786491369	-0.0390816452004487	-0.0317313857950432	-0.0116894706117476	-0.00558114118351236	-0.0222168293257748	-0.0102089134107725
0.0524724132534758	0.0534732349632066	-0.0320889298872864	-0.0311122033580784	0.0169138276623282	0.00176274238678722	0.0209093360941811	0.00536769878777251	0.00350009877980933	0.0292762869478806	-0.0390708772475573	-0.0317308102376235	-0.0116880009845496	-0.00557571529754583	-0.0222043626403049	-0.0102047392224955
0.052452834522317	0.0534573442698829	-0.0320974892084288	-0.0311320503101707	0.0168855093990874	0.00173308301887905	0.0208920595927011	0.00534429790831183	0.00352070848518115	0.0293052785574232	-0.0390515862951084	-0.0317093511659624	-0.0116702523024681	-0.00555774309801974	-0.0221898102576805	-0.0101828331159452
0.0524721995149195	0.0534799726171759	-0.032104521626028	-0.0310995871953174	0.0168888928944043	0.00174967639516906	0.0208934537827615	0.00535090005483032	0.00349396182897232	0.0293132665120979	-0.0390704427855245	-0.0317102592055809	-0.0116970660139103	-0.00557188337035577	-0.0221878349222642	-0.0102007284813498
0.0524596210707272	0.0534792629492894	-0.0321294829366485	-0.0310573815138497	0.0168757109531118	0.00175185010231734	0.0208843845624488	0.00535171030556682	0.00348039990802406	0.0293392001236022	-0.039079847282004	-0.0316982507308722	-0.0117030730452327	-0.00556014311658062	-0.0221967700321102	-0.0101971913177897
0.0524393913450112	0.0534796638837056	-0.0321542053630001	-0.0309733403516818	0.0168607785908316	0.00174333269069584	0.0208755989298938	0.00534444459163482	0.00345413521130504	0.0293742239101796	-0.0390946008303286	-0.0316797672351917	-0.0117248003378272	-0.00555149438846045	-0.0221964361529274	-0.0101969244938403
0.0524303612402512	0.0534824578517625	-0.0321620955287928	-0.0309206796417451	0.0168637960763331	0.00175772721412506	0.0208766941653722	0.00536156602788758	0.00344331696698867	0.0293807059160716	-0.0391228087318312	-0.0316887973399517	-0.0117201958784695	-0.00554905804831482	-0.0222306119701996	-0.0102023783194874
0.052382439100139	0.0534664316509881	-0.0322138845206957	-0.0307944369890615	0.0168252169654032	0.00174445027791861	0.0208589692320191	0.00534898199575925	0.00341580196956419	0.0294387533964221	-0.0391294919034233	-0.0316587118919148	-0.0117383231432227	-0.00552744391142654	-0.0222315060399778	-0.0101872461884911
0.052333691342466	0.0534475458239074	-0.0322540492084979	-0.0306721715499069	0.0167956246527284	0.00172867134331719	0.0208410668816944	0.0053333148198801	0.00339776550877279	0.0294819383636938	-0.0391429686083458	-0.0316286473986384	-0.0117453625457421	-0.00550761651711065	-0.0222347679976842	-0.010174034910534
0.0523575755784006	0.0534745369523212	-0.0322407149959463	-0.0306200570607253	0.0168294554149455	0.00176433494857966	0.0208526576581785	0.00536415044834023	0.00336974899408209	0.0294659023840311	-0.0391837926726094	-0.0316502713144149	-0.0117688640080528	-0.00553058153755445	-0.0222793918585052	-0.0102046889310704
0.0523404862727804	0.053459459303702	-0.0322484612723841	-0.0306075303049422	0.0168234525745753	0.00175924852973205	0.0208514380911217	0.00535964517484846	0.00338077818298676	0.0294594301570273	-0.0391749763064058	-0.031649881555871	-0.0117572983772812	-0.00552210044751769	-0.0222835171523413	-0.0101901728700307
0.0523191613115861	0.0534379331768075	-0.0322480826897124	-0.03061989221661	0.0168196513810338	0.00174538905118573	0.0208462957929129	0.00534887023703697	0.00340250268161329	0.0294543996175408	-0.0391614101945055	-0.0316474466127094	-0.0117303212187077	-0.0055100542542403	-0.0222857537237708	-0.0101712423394611
0.0523200246477156	0.0534301687395774	-0.0322290250335962	-0.0306492260872395	0.0168269073160776	0.0017352106255544	0.0208510259808333	0.00534416798879718	0.00341706763709398	0.0294348558109827	-0.0391476722535696	-0.0316505395353484	-0.0117190196179175	-0.00551408595014644	-0.0222727310386576	-0.010177129230157
0.052366581934432	0.0534557824417391	-0.0321998797558105	-0.0307075655372519	0.0168607464601989	0.00175550461253579	0.0208634968572553	0.00535918696408712	0.00341416051333076	0.0293918496576666	-0.0391474277813647	-0.03167300443551	-0.0117329014482083	-0.00554844197835827	-0.0222592990372239	-0.0101987894675183
0.0523689917318811	0.0534447141372817	-0.0321849753332109	-0.0307795199936056	0.0168630892024147	0.00175176768025967	0.0208637832389812	0.00535283487770973	0.00344936031989578	0.0293702089780818	-0.0391251472830948	-0.0316844974231121	-0.0116994897811997	-0.00553968428548388	-0.0222637288735782	-0.0101877071932205
0.052372175458482	0.0534226850961369	-0.0321573835016648	-0.0308838034543459	0.0168659376528487	0.00172859870014771	0.0208688445121163	0.00533603614476754	0.00347979082298765	0.0293596016783537	-0.0390957449602479	-0.0316787879493878	-0.0116790058043904	-0.00553328190768146	-0.0222293644634622	-0.0101762980246601
0.052462310264982	0.0534777276638422	-0.0320966635908679	-0.0309881511763515	0.0169325584241817	0.00178341775040838	0.0209090231697587	0.00538484257576973	0.0034646042096143	0.0292739400147128	-0.0391131667480668	-0.0317351464760478	-0.0117076928714148	-0.00559361904485453	-0.0222343586813639	-0.0102196254843027
0.0524396483900724	0.0534444710620607	-0.0321028745818585	-0.0310859596161198	0.016899681802056	0.00174405912239064	0.0208909881059513	0.00534955196524286	0.00351925701877558	0.0292853198466086	-0.0390601679679952	-0.0317192068882831	-0.0116615337251465	-0.00555796521848026	-0.0222040692736589	-0.010181200041616
0.0524554957768912	0.0534541270156654	-0.0321029639888363	-0.0311119099914324	0.0169006429270676	0.00174781421545913	0.0209031698066795	0.00536072783747051	0.00351219386752771	0.0292895443263107	-0.0390636995436191	-0.0317230737400739	-0.0116718155275959	-0.0055642460586722	-0.0221957320729771	-0.0101902748498648
0.052452784230892	0.0534532259609671	-0.0320988135492877	-0.0311315865114732	0.0168972831804792	0.00174651082936058	0.0209098906968404	0.0053623525298956	0.00351473498147547	0.0292977180798612	-0.0390670145867186	-0.0317203985156594	-0.0116727612857832	-0.00556107909587969	-0.0221956943544083	-0.0101871525905612
0.0524598445881718	0.0534686011671843	-0.0321172788841759	-0.0310804932176165	0.0168868421218505	0.00175066545986121	0.0208989578998337	0.00536065100334894	0.00347642129751101	0.0293183235942809	-0.0390729405929673	-0.0316994353733284	-0.011715165338983	-0.00557491761966558	-0.0221638235607831	-0.0101962525445226
0.0524522142614084	0.0534752983086167	-0.0321307206644977	-0.0310312607064856	0.0168851350073677	0.001765431581042	0.020892691029482	0.00537038798202729	0.0034690815434255	0.0293304075061271	-0.0390990781641398	-0.0317057245954245	-0.0117066130027608	-0.00556162671361884	-0.0222088260042758	-0.0101967973682937
0.0524173092184733	0.0534590346205574	-0.0321659386318551	-0.0309552563934334	0.0168484641766207	0.00173866257308871	0.020866525518629	0.00534549652060825	0.00345713174204608	0.0293868540427809	-0.0390936606600774	-0.0316718533206705	-0.0117188533768181	-0.00554308873556122	-0.0221875611133946	-0.0101832661809941
0.0524118609807624	0.0534698808045543	-0.0321747172794899	-0.030878360804571	0.016849900276202	0.00176184692002498	0.0208676486937879	0.00536356231806425	0.00344068644606309	0.029384356235338	-0.0391265344882351	-0.0316856164073189	-0.011721842922639	-0.00554610063312658	-0.0222264922642997	-0.0101900778751168
0.0524004574001381	0.0534817900933969	-0.0322115124418154	-0.0307562797673082	0.0168377367362662	0.0017742926507345	0.0208558874852523	0.00537632097319614	0.00338951911205281	0.0294331906060208	-0.0391599992406367	-0.0316673145195621	-0.0117650753873677	-0.00554192504786552	-0.0222480658886511	-0.010199022763851
0.0523377314202763	0.0534470484975932	-0.0322509032004658	-0.030672959448899	0.0167992176956496	0.00174397670033296	0.0208361439099781	0.00535188353158635	0.00340033037144903	0.02948224570018	-0.0391577934028558	-0.031638152477968	-0.0117435129388884	-0.0055035987910448	-0.0222617521411779	-0.0101699054257459
0.0523313052937454	0.0534489595717441	-0.0322591398182976	-0.0306054460047717	0.0168001229413	0.00174506075993905	0.020838099687618	0.00535039714058007	0.00337948736974446	0.0294791723353174	-0.0391654265235873	-0.031629312363036	-0.0117648700307155	-0.00551679749614567	-0.0222500286512111	-0.0101815842122238
0.0523512109191669	0.0534647301244414	-0.0322430786929224	-0.0306021030219916	0.0168346242558508	0.0017743317662873	0.0208589217345621	0.00537316378929183	0.00337406846869808	0.0294469089891802	-0.0391903137940543	-0.0316606592876505	-0.0117622199520135	-0.00553071006008507	-0.0222911656398971	-0.0101977095988643
0.0523387861432178	0.053446203322256	-0.0322401254686863	-0.0306238484753786	0.0168354987678526	0.00175980592635941	0.0208573599064183	0.00536033668194254	0.00339123740240781	0.0294401839080672	-0.03916614876433	-0.0316571249180585	-0.0117494543119614	-0.00552386763231369	-0.022284434970848	-0.0101844075169453
0.0523393114092125	0.053438592553269	-0.0322160638157801	-0.0306676690703832	0.0168480716241087	0.00175275395098376	0.0208729725999203	0.00535679393044638	0.00341006874711141	0.0294163234208612	-0.0391577780360315	-0.0316717094313156	-0.0117346015777709	-0.00552787977044342	-0.0222798416873624	-0.0101793448468262
0.052360345797729	0.0534420137671547	-0.0321964375871644	-0.0307388579794893	0.0168655520852568	0.00176169604574991	0.0208877261482449	0.00536850764152499	0.00342229654831249	0.0293785503697157	-0.0391434044673627	-0.0316844485286711	-0.0117311580121408	-0.00554553625157908	-0.0222578908773233	-0.0101889546999579
0.0523461761887284	0.053416847099882	-0.0321842991929411	-0.0308072976240274	0.0168546681826911	0.00174079856166822	0.0208856935364835	0.0053549638813691	0.0034571666666468	0.029377925917855	-0.0391157986659764	-0.0316850729805318	-0.0117005570769974	-0.00552716172065279	-0.0222485688029014	-0.0101654839712958
0.0524104835545103	0.0534475597937476	-0.032131324161598	-0.0309125058881946	0.0168986801645076	0.00176386695893013	0.0209033304598427	0.0053666328889588	0.00345841976132032	0.0293165270728203	-0.0391094717253115	-0.0317131453745836	-0.0117119327179411	-0.00556786285032188	-0.0222282943736964	-0.0101909635629909
0.0524214540700858	0.0534362009166123	-0.032106383805738	-0.0310296332200924	0.016900709982301	0.00175150225329426	0.0209017839985232	0.00535809033162478	0.00350490719883528	0.0292935452885682	-0.0390773117559924	-0.0317211738417952	-0.0116768446700984	-0.00556040155862589	-0.0222148428144864	-0.0101816023730162
0.0524282643672245	0.0534321035624568	-0.0321019427935115	-0.0310881570719966	0.0168920528722766	0.00174212988744734	0.0208979772170457	0.00535394827398041	0.00352088171120068	0.0292914148879248	-0.0390569786534582	-0.0317209573092708	-0.0116681791781699	-0.00555526764232131	-0.0221922074822733	-0.0101750826485554
0.0524658558104462	0.0534606649009186	-0.0320882453651125	-0.0311213536034648	0.0169110029606227	0.00176854545844143	0.0209077407384206	0.00537920155426282	0.00350080565372773	0.0292859568713256	-0.0390769206004644	-0.0317358701137746	-0.0116895069333323	-0.0055698228189138	-0.0222056897751319	-0.0101923647379714
0.0524493616200222	0.0534520161727984	-0.0321052536456589	-0.0311201675640246	0.016885590424161	0.00175267711686219	0.020897303870744	0.00536892114879741	0.00350775844323736	0.0293112157395441	-0.0390645586887966	-0.0317163109403921	-0.0116879632659809	-0.00556036663402518	-0.0221890586802731	-0.0101811651170153
0.0524479925756744	0.0534554527535084	-0.0321223583181034	-0.0310844103608323	0.0168753477372644	0.00175673954641694	0.0208956219019737	0.00537452584871958	0.00349107845393758	0.0293284209948386	-0.0390788023379508	-0.031710460371281	-0.0116968648482102	-0.00555701946029299	-0.0221939816519894	-0.0101812824636736
0.0524322429777375	0.0534580092342805	-0.0321457969161328	-0.0310095236350028	0.016860603967828	0.00175652441087656	0.0208847002808392	0.00537571887307988	0.00346589641984062	0.029355050304389	-0.0390912438777082	-0.0316971750531703	-0.0117156989868819	-0.00555032790679669	-0.0222007682003997	-0.0101782118927791
0.0524011447162801	0.0534484804062224	-0.0321740118025555	-0.0309346522759977	0.016836054767496	0.00174064768739315	0.0208725562986799	0.00535711523677292	0.00345127139404671	0.0293923483809648	-0.0391023149761337	-0.0316735562442012	-0.0117219868119939	-0.00553450985664247	-0.0221937790893053	-0.0101648078310261
0.0523914035466496	0.0534631026380482	-0.0321975887020038	-0.0308192460284228	0.0168309404089678	0.00176217660825569	0.0208777013908567	0.00537453143665569	0.00341642921539297	0.0294001086272429	-0.0391270765180381	-0.0316745578817496	-0.0117463683742426	-0.00554905665133079	-0.0222144502619744	-0.0101880494543075
0.0523707267860445	0.0534660740230768	-0.032225283910368	-0.030712137865977	0.0168242558403916	0.00176859016193034	0.0208678652263123	0.00537893333332936	0.0033814920418253	0.029442776710424	-0.0391657017294409	-0.0316650821390846	-0.0117625077307233	-0.00553372475161848	-0.02225213670011	-0.0101841392960118
0.0523517194213533	0.0534624223068264	-0.0322450959378595	-0.0306341610114766	0.0168187489293514	0.00176992288469349	0.0208580891320812	0.00537516985835669	0.00336489866553529	0.029464226003197	-0.039178271791729	-0.0316530652824718	-0.0117753683656893	-0.00552767581077526	-0.022264751465887	-0.0101868075355062
0.0523306235655395	0.0534476072912046	-0.032254792404001	-0.0305978128840402	0.0168088289457654	0.00175888531388465	0.0208540476572868	0.0053681108980609	0.00336724978965518	0.0294690134674625	-0.0391723667402407	-0.0316448580013046	-0.0117695080176899	-0.00551942382611917	-0.0222643225917903	-0.0101812824636736
0.0523313150726336	0.0534426885104404	-0.0322403545740669	-0.0306071126067177	0.0168292123397246	0.00177526774558636	0.0208630093098294	0.00538576737919657	0.00337775371256515	0.0294463697533452	-0.0391853097972643	-0.03166367956712	-0.0117553160569449	-0.00551844174634716	-0.0223007126287475	-0.0101804568461128
0.0523227096510183	0.0534308644376236	-0.0322333137745635	-0.0306317665808519	0.0168300840577583	0.00176525416407039	0.0208621375917956	0.00537644670175871	0.00339116475923833	0.0294341433491282	-0.0391637403638649	-0.0316616232066301	-0.0117466212283517	-0.00551589364747925	-0.0222847534832065	-0.0101750924274436
0.0523401915091504	0.0534365445746833	-0.0322066006459714	-0.0306807811624743	0.0168451519274893	0.00176429583302687	0.0208666554381437	0.00537130859450204	0.00340305868125661	0.0294130684480749	-0.0391528746220916	-0.0316737574099013	-0.0117446514808716	-0.00552811725772825	-0.0222722560640879	-0.0101812363632007
0.0523635644489306	0.0534435336857776	-0.0321908272993061	-0.0307489162644942	0.0168558737799077	0.00176741809233047	0.0208718564096816	0.00537239684506021	0.00342533638555841	0.0293758458086366	-0.0391381294556713	-0.0316838673833153	-0.0117327226342526	-0.00553874132126467	-0.0222564380139337	-0.0101861830836455
0.052380328257272	0.0534387727642087	-0.0321637593367707	-0.0308468839604418	0.0168718105737043	0.00176180780447218	0.020876639682995	0.00537152512702645	0.00345320901089418	0.0293627253346414	-0.0391228632142083	-0.0316979266305776	-0.0117040900496054	-0.00553402510318459	-0.0222680609210504	-0.0101792093393754
0.0524079047219938	0.0534405106123401	-0.0321303490667461	-0.030961375183478	0.0168845454801077	0.00175976820779064	0.020885328923652	0.00537022313791193	0.00349142490597664	0.0293101260920019	-0.0390891176680169	-0.0317126843698543	-0.0116849848960322	-0.005550638037251	-0.0222429207964743	-0.0101777620639219
0.0524172100326073	0.0534270394953536	-0.0321112536920612	-0.0310633145050185	0.016884217188861	0.00174412897159206	0.0208898733126966	0.00535722140755909	0.00352335018197896	0.029296923195949	-0.0390601428222827	-0.0317143090622794	-0.0116629390910791	-0.00554763591857385	-0.02220697220647	-0.010173396488833
0.0524581304887689	0.0534588404397774	-0.0320973117914572	-0.0310824978896973	0.0168952757144303	0.0017567521192732	0.0208921476026949	0.00536655884880529	0.00349848945420855	0.029284601796818	-0.0390646411108543	-0.0317186508886398	-0.0117004062027223	-0.00557600587022375	-0.0221767358841581	-0.0101945468270238
0.0524519851560277	0.053449588214557	-0.032092393010693	-0.0311142136180954	0.0168873645938771	0.00174935508884252	0.0208891762176664	0.00535757484451828	0.00351994852586967	0.0292990200689757	-0.0390620692632579	-0.0317221587155352	-0.0116739626920477	-0.00556082763875457	-0.0221949064554163	-0.0101834813165344
0.0524608280649278	0.0534670588968168	-0.032103197285169	-0.0310856341188412	0.0168825058834262	0.00175328061396248	0.0208889666700621	0.00535948871263727	0.00349139696629607	0.0293098522831323	-0.0390696101830435	-0.0317122876263902	-0.0117048835365335	-0.00557044727077452	-0.0221768993312895	-0.0101904187392198
0.0524673980808137	0.0534809379331396	-0.0321198283800278	-0.0310480622333958	0.0168836667771538	0.00176966304566419	0.0208904851917011	0.00537515588851641	0.0034693120457902	0.0293245806857444	-0.039090152833182	-0.0317106796977734	-0.0117197711953248	-0.0055750754788608	-0.0221960114697828	-0.0102016183601759
0.0524126852013391	0.053453270664456	-0.032158179782561	-0.0309733808642186	0.0168349888686822	0.00173052933207504	0.0208648966352518	0.00533729622436121	0.00347588764961214	0.0293824088396023	-0.0390793974531469	-0.0316732586866032	-0.0117057077571103	-0.00553445816823342	-0.022194844988119	-0.0101727357153876
0.0524341065544315	0.0534822916106631	-0.0321596913192798	-0.0308984270831558	0.0168560972973522	0.00176129371434971	0.0208719458166594	0.00536151154551047	0.00343262305425084	0.0293753317185142	-0.0391195998595178	-0.0316825709821368	-0.0117417303872681	-0.00555883553952999	-0.0222128968157347	-0.0102014493251084
0.0523903362508519	0.0534686514586093	-0.032208155489195	-0.0307865174866042	0.0168259392061459	0.00175433673388799	0.0208557575657377	0.00535837671335062	0.00341963110278619	0.0294189567357548	-0.0391348046336835	-0.0316688525989774	-0.011741333643804	-0.00553298015913131	-0.0222354329620818	-0.0101839087936471
0.0523647365185304	0.0534677727556554	-0.0322358786372398	-0.0306848016825082	0.0168162315641322	0.00175897891181456	0.0208467651795465	0.00535919674297532	0.00338808580643961	0.029456523033264	-0.0391561575345585	-0.0316522298860228	-0.0117570315533318	-0.00552840503643812	-0.0222593563135691	-0.0101844298686898
0.0523312927208892	0.0534514727460113	-0.0322474400770593	-0.0306216412406136	0.0168037313510455	0.00175128432378582	0.0208358519403162	0.0053479929310671	0.00339074007609368	0.0294739518060031	-0.0391610805062748	-0.0316436077005992	-0.0117463977109072	-0.00551229501662195	-0.0222825853639943	-0.0101712702791417
0.0523464877161667	0.053464611380799	-0.0322469972331223	-0.0305955832975308	0.0168172946689778	0.00176133841783862	0.0208344842929523	0.00536169035946612	0.00338092346932571	0.0294582566904434	-0.0391673208339299	-0.0316449529962186	-0.0117643280009124	-0.00553243812932827	-0.0222781862612887	-0.0101952802436388
0.0523240647255259	0.0534399979192016	-0.0322440956972952	-0.0306147205817366	0.0168124625012234	0.00174718557264633	0.020833094293844	0.00534977268871935	0.00341136235432176	0.0294560173250457	-0.0391557244695097	-0.0316489581494281	-0.0117269153716463	-0.00551228104678167	-0.0222973682489834	-0.0101738938151471
0.0523528649482566	0.0534572199383044	-0.0322193634920554	-0.030633440167718	0.0168356971395847	0.00175819380679057	0.0208446613215996	0.00535378482684908	0.00340127054170019	0.0294265912534703	-0.0391541039680367	-0.0316607486946283	-0.011746685489617	-0.00553788497005522	-0.0222855330002943	-0.0101925239941506
0.0523481431422404	0.0534385059402592	-0.0322103166234871	-0.0307060889251338	0.016833210508014	0.00173719993081092	0.0208404759574504	0.00534077052363998	0.00344234746007293	0.0294164379735515	-0.0391270192416929	-0.0316634364918991	-0.0117162032981161	-0.00552993333696525	-0.0222645950036758	-0.0101794985150693
0.052381012779446	0.0534550364522679	-0.0321773575793037	-0.03076588962044	0.0168618556655175	0.0017611065184899	0.0208651648561853	0.00536764989333151	0.00344271766084047	0.0293692883656071	-0.0391310523345831	-0.0316904471780893	-0.0117167048153823	-0.00555070788645243	-0.0222759147652584	-0.0101957580121765
0.0524027442629926	0.0534485153308231	-0.0321453219415631	-0.0308761451879019	0.0168797650007623	0.00175118793188786	0.0208741111419035	0.00536012294338619	0.00346344331588665	0.0293490656248111	-0.0391064151242572	-0.031696275395456	-0.0117070432738415	-0.00555456915030708	-0.0222522610316886	-0.0101909244474381
0.0524322988570987	0.0534515607560051	-0.0321089277136538	-0.0309993871188923	0.0169062797576224	0.00175702732512681	0.020891707552726	0.00536846573200413	0.00349878701180661	0.0292925212992753	-0.0390827166871985	-0.0317222872380659	-0.0116812661245485	-0.00556855575439999	-0.0222385538244014	-0.0101969538305049
0.0524609677633307	0.0534637564265736	-0.032090138278471	-0.0310753690802001	0.0169096241373866	0.00175594605948878	0.0208945154906232	0.00536405405644226	0.00350497006311656	0.0292719493124723	-0.0390626084990929	-0.0317293587712179	-0.011685566041388	-0.0055781977381644	-0.0222053922175339	-0.0101991526833657
0.0524371463916774	0.0534411196973765	-0.0320957876818821	-0.0311163118881061	0.0168814441755645	0.00172881662965615	0.0208830546336537	0.00534148438247852	0.00353546343048971	0.0292983746623545	-0.0390458838063042	-0.0317129917063405	-0.0116555867641374	-0.00554895606848074	-0.0221921096933913	-0.0101792763946088
0.0524610124668196	0.0534690984934984	-0.032098676644853	-0.0310938539728646	0.0168839643347519	0.00174050100407016	0.0208791151386935	0.00534831842834573	0.00350771932768456	0.0292960444929951	-0.0390522596414101	-0.0317086834075968	-0.0116912433844797	-0.00557296742996186	-0.0221695400194275	-0.0101985491862654
0.052475071714082	0.0534840294587945	-0.0320970002640188	-0.031094412766476	0.0168975541953807	0.00176014818744637	0.0208864465108748	0.00536320469015296	0.00349687873162373	0.0293043146384435	-0.0390782323684671	-0.031721066274025	-0.0116910422187796	-0.00557200630495028	-0.0222028217669215	-0.0102110661631603
0.0524253614344134	0.0534524911473681	-0.0321310643225687	-0.0310461106467081	0.0168607632240073	0.00173676826274612	0.0208702638478892	0.00534433981783268	0.00350362895844924	0.0293484816854872	-0.0390692469671961	-0.0316971722592023	-0.0116735184511266	-0.00553704817662218	-0.022204811072178	-0.0101831264825912
0.0524467660236974	0.0534866138792472	-0.0321352077771971	-0.0309661891904401	0.0168782786097561	0.00176601831433395	0.0208783915009667	0.00536690669782837	0.00344852352646273	0.0293602303211666	-0.0391148305560447	-0.0316983652835626	-0.0117204431446425	-0.00556124114602699	-0.0222230584775577	-0.0102123932979874
0.0524146242151706	0.053474923916897	-0.0321685789316689	-0.0308930989860712	0.0168505624466315	0.00175794933458559	0.0208679532363061	0.00536145287218128	0.00344704831132868	0.0293783575859198	-0.039109644951331	-0.0316830096351218	-0.011719683185331	-0.00554881357610984	-0.0222298310561277	-0.0102002115972592
0.0523606615161194	0.0534556064217515	-0.0322212452295417	-0.0307579212235416	0.016810234311698	0.00173574846440535	0.020848166354527	0.00534086132760183	0.00341827602827859	0.0294500563941963	-0.0391208711149837	-0.0316460677894733	-0.0117398947502547	-0.00552512631492333	-0.0222255451091284	-0.0101829392867314
0.0523663807687319	0.053477329523394	-0.0322338991108714	-0.030653764888348	0.0168238213783588	0.00176086903120506	0.0208489905751038	0.00536376907170046	0.00337808479777989	0.0294553509636642	-0.0391681254967303	-0.0316489539584761	-0.011768284259681	-0.00553755667880854	-0.0222616459703917	-0.0102023657466311
0.0523366138330536	0.053457933797143	-0.0322441529736403	-0.0306225115616633	0.0168146180475793	0.00175012343005817	0.0208437658548374	0.00535604095605504	0.00339255196437859	0.0294679852872175	-0.0391677622808829	-0.0316464896786499	-0.0117466868866011	-0.00551781450051839	-0.0222883060135908	-0.0101859092747759
0.0523228200127566	0.0534448328809241	-0.0322429487734078	-0.0306152723904279	0.0168274898584175	0.00175604384837077	0.0208515638196842	0.00536106730458943	0.00339932174898049	0.0294552643506544	-0.0391668933568172	-0.0316542485279439	-0.0117338821309962	-0.00551855490205347	-0.0223021892408656	-0.0101844145018654
0.0523399791675781	0.0534521796199297	-0.0322353561652131	-0.0306056681252322	0.0168360212398793	0.00175637213961746	0.0208573235848336	0.00536307197667026	0.00338462966795321	0.0294311174817225	-0.039159814838745	-0.0316525120767965	-0.0117586548487729	-0.00553997485816179	-0.0222718649085599	-0.0101968490567027
0.0523475131024436	0.0534493423453679	-0.032204911692281	-0.0306629095457982	0.0168524735207824	0.00176162619654848	0.0208711607116354	0.0053671190394007	0.00341775635022001	0.0294054590760719	-0.0391583382266269	-0.0316826408313383	-0.0117255058147616	-0.00553858765302154	-0.0223021948288017	-0.0101973617498412
0.0523494940257959	0.0534354982336459	-0.0321955993967473	-0.0307383327134946	0.0168506099440884	0.00174411639873581	0.0208684701203966	0.0053560241922467	0.00343996560230441	0.0293889998102486	-0.0391235225906697	-0.0316749602131498	-0.0117150535802607	-0.0055377019651475	-0.0222607630764858	-0.0101872447915071
0.0523679481848119	0.0534410330843667	-0.0321760500022531	-0.0307877831541339	0.0168598104808999	0.00174679022616627	0.0208725968112167	0.00535798276385459	0.00344892026992682	0.0293666620356336	-0.0391132491701244	-0.0316837975341138	-0.011713005601675	-0.00554640517564478	-0.0222502661384959	-0.0101911870804354
0.0524210419597974	0.0534596828211466	-0.0321238950005347	-0.0309134362795575	0.0169007449069017	0.0017676751373917	0.0208921406177748	0.00537327973896619	0.00346578186715029	0.0293128474168894	-0.0391092174742183	-0.031710611245556	-0.0117069846005123	-0.0055691061661072	-0.0222544375328049	-0.0102055061667271
0.0524029761623414	0.0534266413549055	-0.0321160327744225	-0.03102254073218	0.0168756383099423	0.00172788344432514	0.0208782993000208	0.00534285342682641	0.00352281793106412	0.0293075891690062	-0.0390510861748262	-0.0317011620455875	-0.0116643877635166	-0.00554693882354365	-0.0222098513905527	-0.0101726993938028
0.0524659857299609	0.0534688190966927	-0.0320829521926286	-0.0310851926718882	0.01691430682785	0.00176623903781045	0.0209053002073229	0.00537642574699828	0.00350408716921057	0.0292696359069211	-0.0390756954454715	-0.0317363883948491	-0.0116873877085611	-0.00558310394607234	-0.0222165792656337	-0.0102035000976622
0.0524538529236737	0.053455971034583	-0.0320922686791144	-0.0311215547691649	0.0168952673325261	0.00174431616745187	0.0208961401830483	0.0053610072342762	0.00351924584290336	0.0292966186534308	-0.0390555970362541	-0.0317185251600772	-0.0116784875233159	-0.00556537482176719	-0.022198872493073	-0.0101917388891266
0.0524774745266109	0.0534810007974208	-0.0320987548759585	-0.0310986484220503	0.016900024063143	0.00175365500568211	0.0208993099398088	0.00536393112184776	0.00349387242199449	0.0292991402096021	-0.0390635137447433	-0.0317161600661171	-0.0117133380838738	-0.00558866953044171	-0.0221767931605033	-0.0102125302024222
0.0524451022157195	0.0534592902686346	-0.0321235052419907	-0.0310786729474274	0.016873709074999	0.00173724184033177	0.0208881494344055	0.0053465791832303	0.0035060918412914	0.029332124399498	-0.0390628725290743	-0.0317015937136523	-0.0116850477603135	-0.00555736172137997	-0.0221872607618285	-0.0101919735824434
0.0524450672911188	0.0534744768820079	-0.0321415333208779	-0.0310048800600922	0.0168676838828842	0.00175119910776008	0.0208831300707912	0.00535816716574635	0.00347201520988526	0.0293513790303622	-0.0390877402417648	-0.0316963312748171	-0.0117082167404254	-0.00555786603261424	-0.0222059146895605	-0.0102006362804039
0.052447924123457	0.0534872355371398	-0.0321531157154579	-0.030945272148582	0.0168708983431337	0.00176436009429217	0.0208780073303589	0.0053711493383228	0.00344588182966492	0.0293710667262753	-0.0391131360144181	-0.0316915745442002	-0.0117328078502784	-0.00556260879339085	-0.0222263707266892	-0.010211637529628
0.0523993761345	0.0534686612374975	-0.0321986685706578	-0.0308475950253123	0.0168323862874372	0.00175063612319661	0.0208583601469827	0.00535724655327159	0.0034415902947295	0.0294069636278705	-0.039109447976583	-0.0316688651718337	-0.0117349759694905	-0.00553913946171278	-0.022223219130721	-0.0101933090991746
0.0523742080702434	0.0534702705630983	-0.032232062076874	-0.0307190501429498	0.0168248761013002	0.00175575467267688	0.0208497100218785	0.00536249921321859	0.00339431635520653	0.0294493425353578	-0.0391438473112997	-0.0316492179884574	-0.0117638767750712	-0.00553469146456617	-0.0222392676832399	-0.0101989640905218
0.0523709908160258	0.0534778715531971	-0.0322332006188572	-0.0306556368469461	0.0168466257456393	0.00178049945077293	0.0208630107068134	0.00538811570934841	0.0033734412228693	0.0294468181852184	-0.0391841684613131	-0.031667947353327	-0.0117618413693418	-0.00553578530306045	-0.0223002194933855	-0.0102085739436536
0.0523222039428	0.0534421380987332	-0.0322521255614907	-0.0306308641291695	0.0168201459133799	0.00175010806323386	0.0208572062381752	0.00535984773753258	0.00339776690575682	0.0294671652575928	-0.0391596863162144	-0.0316484496472418	-0.0117382085905324	-0.00551253250390679	-0.0222906459618385	-0.0101840694468104
0.0523301206512893	0.0534470596734654	-0.0322500873617932	-0.0306071223856059	0.0168314377352819	0.00175818123393431	0.0208630442344301	0.00536946317860045	0.00338136491627871	0.0294510761925371	-0.0391641524741533	-0.0316513958865578	-0.011755370539322	-0.00553040970851895	-0.0222772754277021	-0.0101959340321641
0.0523304573244402	0.0534437083087812	-0.0322411452670271	-0.0306191462271388	0.0168322661468108	0.00175203590119313	0.0208634703145588	0.00536376488074837	0.00339325744131296	0.0294317433305673	-0.0391566632427768	-0.031651550951785	-0.0117477024939898	-0.00553273289295828	-0.0222693615131809	-0.0101924010595561
0.0523378375910625	0.0534392421508422	-0.0322167106193853	-0.0306805646299499	0.016847693041437	0.00174949199327731	0.0208715434852592	0.00536651833626846	0.0034193908215333	0.0294100216259088	-0.0391480536302094	-0.0316680199964964	-0.0117231784393702	-0.00553449448981816	-0.0222789685723446	-0.0101917486680148
0.052356910614003	0.0534394950049514	-0.0321966317679443	-0.0307629685268365	0.0168677271893891	0.00175826086202393	0.0208827710458959	0.00537191209160233	0.00344579521665516	0.0293695496016204	-0.0391319533892814	-0.0316875260844858	-0.0117022725733844	-0.00554244472592411	-0.0222757652879674	-0.0101928592703175
0.0523893192464792	0.0534530164133628	-0.0321702581064711	-0.0308381611921681	0.0168846237112133	0.00176503204360986	0.0208852059890575	0.00537765509294332	0.00344422919755926	0.0293520467887279	-0.0391196389750706	-0.0316946129844621	-0.0117160873484418	-0.00555353258815797	-0.0222603886847661	-0.0101984486034153
0.0523977682058833	0.0534306646689075	-0.0321359705304766	-0.030976742007791	0.0168889823013821	0.0017494081742356	0.0208916209397162	0.00536475813639261	0.00350793166925688	0.0293159263696881	-0.0390810598641407	-0.0317085604730023	-0.0116673381937847	-0.00554606710550989	-0.0222490563503273	-0.0101822659404297
0.0524298066375919	0.0534430782689843	-0.0321069048807806	-0.0310541600686801	0.0169014182532034	0.00175102588174056	0.0208975301821566	0.00536700169274231	0.00350986230118421	0.029286318690189	-0.0390632371419057	-0.0317179845272582	-0.0116803832306425	-0.00556548238953739	-0.0222091948080593	-0.0101886948609286
0.0524499148256975	0.0534552515878083	-0.0320982631375805	-0.0311030293639635	0.0169092553336031	0.00175879590690683	0.0209023274253103	0.00537483877314195	0.00351284905303705	0.0292781742733031	-0.0390576799394405	-0.0317244749150544	-0.0116850631271378	-0.00557919239079266	-0.0221937357828004	-0.0101999685220383
0.0524680588542591	0.0534692158401568	-0.0320861540800219	-0.0311303711353685	0.0169132060044355	0.00176542878707394	0.0209063898548651	0.00537823065036304	0.00350857428190997	0.0292803144528347	-0.0390703813182272	-0.0317298449216598	-0.0116879297383642	-0.00557776746708363	-0.0222036431935302	-0.0102033268716427
0.0524646851378304	0.0534714524115863	-0.0321034976367352	-0.0311147011655213	0.0168954154128331	0.00175921639909939	0.0208956624145105	0.00537061010248781	0.00350142312066831	0.0293039192919635	-0.0390680553398198	-0.0317151360768242	-0.0116958408589173	-0.00557492739855378	-0.0221893813835837	-0.0102008444310241
0.0524470873300239	0.0534631752812177	-0.0321310866743132	-0.0310767548883563	0.0168740401602137	0.00175131924838653	0.020883607839329	0.00536228826863029	0.00349602936533443	0.0293325225399461	-0.0390696716503408	-0.031697798108047	-0.0116988876810834	-0.00555770118849888	-0.0221904836039822	-0.0101876862384601
0.0524160253901512	0.0534563202805901	-0.0321564712710942	-0.0309879667744597	0.0168495496332109	0.00174026211980129	0.0208734894840109	0.00535657320696988	0.00347643387036727	0.0293690969787952	-0.0390832992295384	-0.0316800661897738	-0.0117075978765008	-0.00554354554933853	-0.0221966009970428	-0.0101822030761484
0.0524042432268552	0.0534718072455296	-0.0321838102485311	-0.0308634703518117	0.0168459035048966	0.00176489094822298	0.0208687481202183	0.00537501060217745	0.00344028830561498	0.0293816335134665	-0.0391212329338471	-0.0316808289430534	-0.0117314499818027	-0.00555293607597782	-0.0222244540646021	-0.0101943428673557
0.0523712059515662	0.0534678495897769	-0.0322285821896591	-0.0307386149042684	0.0168230362733348	0.00176070977502581	0.0208603201155746	0.0053721705336476	0.00339741626276567	0.0294397690038108	-0.0391442566276201	-0.0316551258339138	-0.0117620732686905	-0.00553834178383253	-0.0222351172436914	-0.0101903656538267
0.0523211967173155	0.0534419578877935	-0.0322622075952241	-0.0306479869624063	0.0167949764521392	0.00173707559923238	0.0208446208090628	0.00535043625613287	0.00339823489540635	0.0294766410002578	-0.0391447343961578	-0.0316280662532826	-0.0117505034469668	-0.00551235508693518	-0.022247128512368	-0.0101721573639998
0.0523548738112895	0.0534772443073683	-0.0322391922833553	-0.0305952885339008	0.0168386671276292	0.00178402962941284	0.0208699159988661	0.00539133296356594	0.00335634074137696	0.0294407371137425	-0.0391918365066453	-0.0316601479914961	-0.0117851109323038	-0.00554754371762797	-0.0222878827274302	-0.010206139000492
0.0523538372491404	0.053473793756818	-0.0322415923019162	-0.0306086185555003	0.0168498346179527	0.00179139732317892	0.0208690135471837	0.00539702427649787	0.003364982484577	0.0294296646183329	-0.0391884027199033	-0.031670058196194	-0.0117706130320565	-0.00553934900931705	-0.0223093040805225	-0.0102016099782717
0.0523041521151843	0.053427349625808	-0.0322510219441082	-0.0306304534158651	0.0168153710219706	0.00174602607590271	0.0208516713874544	0.00535833620081379	0.00341089576165626	0.0294451348194641	-0.0391462892393815	-0.0316453790763472	-0.0117288571794459	-0.0055090819533565	-0.0222845132019536	-0.0101633409977962
0.0523255622924044	0.0534381650761563	-0.032221654545862	-0.0306635814951159	0.0168358200741792	0.00175366757853837	0.0208627327069918	0.00536316138364808	0.00341091531943265	0.0294193381123946	-0.0391457779432271	-0.0316588376204774	-0.0117354760897727	-0.0055313694365465	-0.0222716637428598	-0.0101810016698839
0.0523687095411074	0.0534570830338696	-0.0321911360327764	-0.0307414242391496	0.0168706077704558	0.00177681001595378	0.0208847575571844	0.00538494036465172	0.00342002086133013	0.0293663281564508	-0.0391425062066324	-0.0316893840732436	-0.0117358700392687	-0.00555641736017673	-0.0222731082243452	-0.0101994111254109
0.0523517375821456	0.0534266553247458	-0.0321896230990735	-0.0308142532075051	0.0168554239510505	0.00174667287950788	0.0208788273599836	0.00536700728067842	0.00345776597279501	0.0293662541162973	-0.0391083373742804	-0.031678505758614	-0.0117050763203295	-0.00553456433901958	-0.0222486624008313	-0.0101713219675508
0.0523967414226224	0.0534391150252956	-0.0321363491131483	-0.0309390555696554	0.0168884025530103	0.00175846202772403	0.0208962044443136	0.00537761178643844	0.00348263089151751	0.0293131337986152	-0.0390954976940748	-0.0317066368259951	-0.0116885709540333	-0.00555965556915469	-0.0222413436015062	-0.0101851926219693
0.0524120831012229	0.0534346530583087	-0.0321174535071794	-0.031036925476721	0.0168897967430707	0.00174776392403411	0.0208974645239072	0.00536874652579385	0.00351183065168031	0.0292894716831412	-0.0390608664600094	-0.031711344662171	-0.0116757997260451	-0.00556302230066327	-0.022205594780218	-0.0101808032981519
0.052438353385878	0.0534498815812029	-0.0320988498708725	-0.0310822925330451	0.0168965763065608	0.00175224125784531	0.0209036182385526	0.00537335797007179	0.00351004949704403	0.0292712843480747	-0.0390553385942088	-0.0317194290087436	-0.0116836158516843	-0.00557843801941729	-0.0221851806526101	-0.0101922180546484
0.0524663321819999	0.0534717136475997	-0.0320847962115462	-0.0311105730777172	0.0169086406606305	0.001767837187539	0.0209097817320861	0.00538450590261887	0.00349920331304709	0.0292717704985166	-0.0390703422026744	-0.03172906819854	-0.0116964289891933	-0.00559075941854828	-0.0221943504557729	-0.0102034665700455
0.0524763080449471	0.0534814212896134	-0.0320890137063281	-0.0311131365434094	0.0169095193635844	0.00177622607662989	0.0209029043797141	0.005389519678297	0.0034961257572324	0.0292820592858862	-0.0390773983690022	-0.0317302905595649	-0.0117012276293311	-0.00558947838419419	-0.0222064357646031	-0.0102071029194716
0.0524283914927711	0.0534501344353121	-0.0321330634067134	-0.0310750435829215	0.0168619157358307	0.00173407627452329	0.020878747731894	0.00535416480650482	0.00350006525219265	0.0293345244180589	-0.0390521800133205	-0.0316869449391299	-0.0116940024279359	-0.00555493935107462	-0.0221682533971373	-0.0101775930288545
0.0524585118654086	0.0534891060987539	-0.0321297427756778	-0.0309912790235912	0.0168890633264557	0.0017787699845457	0.0208931995316684	0.00538935902513373	0.00344509253368884	0.029327362080945	-0.0391063257172794	-0.03170678071535	-0.0117341112363769	-0.00558297821750978	-0.0222087198334896	-0.0102105269273254
0.0524024760420592	0.0534515328163246	-0.0321689924389413	-0.0309375454299206	0.0168468185294352	0.00173940856255991	0.0208702219383683	0.0053563678503177	0.0034609175687632	0.0293807603984488	-0.0390904559787161	-0.0316723590288888	-0.0117131453000778	-0.00554688015021446	-0.0222004943915301	-0.0101786309879876
0.0523981062760182	0.053470699437195	-0.0321970774058494	-0.0308225121770814	0.0168453991936623	0.00176637594224524	0.020870747204363	0.00537723320376672	0.00342297548255032	0.0293897346238476	-0.0391281298439956	-0.0316751194693291	-0.0117418784675751	-0.00555551909944643	-0.0222278193991267	-0.0101932155012447
0.052376005988688	0.0534691180512748	-0.0322221728269366	-0.0307225719396856	0.0168396827350179	0.00177695390530871	0.0208684058591313	0.00538575480634031	0.00338735238982467	0.0294340190175496	-0.0391627024047318	-0.0316684083580564	-0.011758659039725	-0.0055430188863598	-0.0222659905907202	-0.01019376870692
0.0523499047391003	0.0534581489326833	-0.0322491904980469	-0.0306369591704856	0.0168243997297465	0.00176513542042797	0.0208604765777858	0.00537554564706035	0.0033690966025408	0.0294547446725958	-0.0391651108051969	-0.0316439723134306	-0.0117773842136424	-0.00553823002511025	-0.0222568654910464	-0.0101897398049819
0.0523293397372174	0.0534458317245044	-0.0322522764357658	-0.0305964592065167	0.0168182739547818	0.00175737796811795	0.0208539708231653	0.00536888343022864	0.00337586778412673	0.0294505411476542	-0.0391631899521577	-0.0316412020941022	-0.0117673943808549	-0.00553322463133629	-0.0222634830043892	-0.0101828568646737
0.0523541739222913	0.0534639380344973	-0.0322298115356042	-0.0306003023095789	0.0168538369771942	0.00179072816782929	0.0208723453540916	0.00539563986532567	0.00336388864608271	0.0294203006343902	-0.0391876637153523	-0.0316676651625532	-0.0117743890798854	-0.00555264690028393	-0.022300540799712	-0.0102018320987322
0.0523220097620201	0.0534283540573244	-0.0322389533990864	-0.0306231010889233	0.0168265902007032	0.00175159026328805	0.0208542180893383	0.00536153110328687	0.00340000906512249	0.0294283472623941	-0.0391451954008872	-0.0316468556884653	-0.0117481034284059	-0.00552899875465021	-0.0222661191132509	-0.0101753229298083
0.0523512975321767	0.0534381734580604	-0.0322062905155171	-0.0306835555727548	0.016855006252826	0.0017652988675593	0.0208641268970522	0.00537052348947805	0.00341539405022789	0.029396972398099	-0.0391471777212236	-0.0316728214306022	-0.0117347301003015	-0.00554526383969353	-0.0222786514569702	-0.0101883023084166
0.0523715286548768	0.0534449935340874	-0.0321841594945382	-0.0307657177914045	0.0168730916080584	0.00177473409768749	0.0208735844789248	0.00537886348412794	0.0034352228415278	0.0293547750985354	-0.0391295170491358	-0.0316922199508214	-0.0117216738875716	-0.00554966433938317	-0.0222773299100792	-0.0101865113748922
0.0523594489339827	0.0534187875106975	-0.0321784919303348	-0.030842818736919	0.0168546416399946	0.00173741925730339	0.0208630023249092	0.00535142811479307	0.00346590200777674	0.029370903279144	-0.0390923111735059	-0.031669028618965	-0.0117031317185619	-0.00553577133322017	-0.0222301998599112	-0.0101697796971833
0.0524261353635651	0.0534509851985854	-0.0321181757479222	-0.0309668150392848	0.0169050336478691	0.00176903579983542	0.0208878015853824	0.00537638383747742	0.00348647678854785	0.0292948961721237	-0.0390951386691795	-0.0317160678651712	-0.0116884354465825	-0.00557091945137614	-0.0222432197510564	-0.0101979764228137
0.0524464936118118	0.0534482764465542	-0.0321049700579012	-0.0310626635104613	0.0169044483115611	0.0017583474750337	0.0208818294786608	0.00536607549233144	0.00351635687993251	0.0292783740420191	-0.0390591341998141	-0.031717189643346	-0.0116775543379848	-0.00557065542139476	-0.0222186146713632	-0.0101894198956394
0.0524500042326753	0.0534439639568584	-0.0320998054079479	-0.0311163957071478	0.0168980794613754	0.00175003402308035	0.0208831943320566	0.00535825377875611	0.00353180333233515	0.0292851033140842	-0.0390485604277027	-0.0317163388800727	-0.0116634042867606	-0.00556372498362959	-0.0222081750097185	-0.0101840317282417
0.0524472242344587	0.0534410051446861	-0.0321042841387432	-0.0311180581181417	0.0168824248583525	0.00173147369327827	0.0208774862553163	0.00534872355371398	0.00352748106375111	0.0292990871242091	-0.0390399410362471	-0.0316979517762902	-0.0116714145931798	-0.00556438156612296	-0.0221752369202956	-0.0101836377787456
0.0524838252160043	0.0534786343064766	-0.0320996014482798	-0.0310920742152124	0.0169019491071342	0.0017643419334998	0.020889008579583	0.00537376868337615	0.00348739321007051	0.029293488012223	-0.0390690318316557	-0.031711642219769	-0.0117089096445036	-0.00559070074521908	-0.02218438995965	-0.010216058984078
0.0524664118100896	0.0534734696565234	-0.0321302694386565	-0.0310493837802868	0.0168789254133612	0.00175924433877996	0.0208756855429036	0.00536802288806711	0.00347791467343743	0.0293237732289759	-0.0390715813275077	-0.0316970255758793	-0.0117154153991241	-0.0055755029559735	-0.0221827820310333	-0.0102014870436772
0.0524517448747748	0.053477131151662	-0.0321486691152953	-0.0309787341070156	0.0168729086031507	0.00176444810428596	0.0208720603693498	0.00537141616227223	0.00345464231650737	0.0293525580848823	-0.039096194789105	-0.0316900560225613	-0.0117268413314928	-0.0055677510915996	-0.0222086024868312	-0.0102000607229842
0.0524111820465245	0.0534519910270859	-0.0321728928183487	-0.0309207480939624	0.0168468967605408	0.00174777929085842	0.0208643769571932	0.00536020117449178	0.00345373148292082	0.0293832302662111	-0.0390929258464785	-0.0316721019838276	-0.0117142740631728	-0.00554919355576558	-0.0222127319716194	-0.0101845206726516
0.052394367946758	0.0534667152387458	-0.032207320092746	-0.0307802506162525	0.0168336365881427	0.00176355403450775	0.0208583587499987	0.00537266785996173	0.0034084189089738	0.0294143383065567	-0.0391324269668671	-0.0316641279989932	-0.0117514506021381	-0.00554982499254644	-0.022232004763276	-0.010194651600826
0.05235980516491	0.0534549959397311	-0.0322377030983809	-0.0306826251813919	0.0168173798850035	0.00175612627042845	0.0208431749305934	0.00536347430807045	0.00339339155177969	0.0294557491041123	-0.0391477448967391	-0.0316432808063365	-0.0117530892644035	-0.00553575037845974	-0.0222506754548163	-0.010193228074101
0.0523480006498695	0.0534551496079742	-0.0322447913953413	-0.0306161762390943	0.0168207075009593	0.00175923036893968	0.0208481565756388	0.00537053466535027	0.00337597674888095	0.0294575344497006	-0.0391631480426369	-0.0316409366671368	-0.0117661678288779	-0.00554053644574123	-0.0222670620774701	-0.0101964718710151
0.052310861829473	0.053425878601626	-0.0322603160788496	-0.0305973909948636	0.0168036181953392	0.00173608374057218	0.020852681406907	0.00535241717948522	0.00339858414141346	0.0294621039844577	-0.0391473579321632	-0.031634221364912	-0.0117413699653888	-0.00552286878873334	-0.0222603244235008	-0.0101783795308625
0.0523574666136463	0.0534614639757829	-0.0322256694779598	-0.0306026646095711	0.0168559673778376	0.00178284498695671	0.0208772026675585	0.00538985774843189	0.00336928240141659	0.0294149655523855	-0.0391819346838516	-0.0316680605090333	-0.0117672742402284	-0.00556095476430116	-0.0222928448146993	-0.0102096482243715
0.0523250370264097	0.0534235805628992	-0.0322301146811384	-0.0306387375311539	0.016828790450548	0.00174460394616174	0.0208611569090077	0.00536290433858684	0.0034093171697041	0.0294220985528348	-0.0391381001190067	-0.0316506010026456	-0.0117372530534569	-0.00553652151364345	-0.0222659528721515	-0.0101802081829558
0.0523983996426641	0.0534688917398622	-0.032182478922752	-0.0307137010911049	0.0168916477469084	0.00179451958248253	0.0208848986525713	0.00540130882651315	0.0033980113779618	0.0293583555686004	-0.0391607829486767	-0.0316967084605048	-0.0117545938162021	-0.00558191371568009	-0.0222852158849199	-0.0102206382977233
0.0523792008911611	0.0534388523922983	-0.0321819187321566	-0.0307880192444347	0.016870124413982	0.00176199919128408	0.0208730759767384	0.00537410815049507	0.00344414677550158	0.029358044041162	-0.0391134405569363	-0.0316856653017599	-0.0117196119391456	-0.00555634192303919	-0.0222616781010244	-0.0101928760341258
0.0523743812962629	0.0534107646314221	-0.0321563399545956	-0.0308944051661378	0.0168705351272863	0.00173301736062972	0.0208768618034556	0.0053535305757559	0.00348349422764709	0.0293513692514741	-0.0390830785060619	-0.0316766715185847	-0.0116850477603135	-0.00554433065436252	-0.0222365016548636	-0.0101775790590142
0.0524185748860031	0.0534322488487958	-0.0321179131149248	-0.0309859313687302	0.0168975625772849	0.00174334805752015	0.0208908581864367	0.00536672229593662	0.00349380257279307	0.029293929459176	-0.0390670704660798	-0.0316998237348883	-0.0116903185810528	-0.00557611064402588	-0.0222032157164175	-0.010196663257827
0.0524533653762478	0.0534485544463759	-0.0320891799474275	-0.0310669452665085	0.0169140246370762	0.00176217940222375	0.0209045039264266	0.00538461486737309	0.00350870001047254	0.0292591836724202	-0.0390691603541863	-0.0317276628326074	-0.011679623271331	-0.00558580012524726	-0.0222138216191616	-0.0102029329221467
0.0524673422014525	0.0534579268122228	-0.032084836724083	-0.0311160003606678	0.016910723563817	0.00175771603825283	0.0209010463909562	0.00537760340453427	0.00350977987912653	0.0292709253231794	-0.0390576645726162	-0.0317215761731954	-0.0116871041208034	-0.00558123338445823	-0.0221979895991671	-0.0102066586785506
0.0524630408876289	0.0534534243326991	-0.0320942789391314	-0.0311205028401915	0.0168978168283781	0.00174355760512442	0.0208948228271094	0.00536214857022745	0.00351419574564048	0.0292860476752874	-0.0390484430810443	-0.0317080184431992	-0.0116832023444119	-0.00557970089297902	-0.0221817273080918	-0.0101991806230462
0.0524583302574849	0.0534591966707047	-0.0321136970171269	-0.0310858296966052	0.0168840760934742	0.00173965163778086	0.0208861559381969	0.00535654387030528	0.00349687873162374	0.0293096567053684	-0.0390542042431777	-0.0316946241603344	-0.0116967642653601	-0.00557556023231867	-0.0221691376880273	-0.0102006726019886
0.052459513502957	0.0534714663814266	-0.0321278247166067	-0.0310366572557875	0.0168887015075924	0.0017622702061856	0.020886065134235	0.00537630141541974	0.00347486086635123	0.0293221275817904	-0.0390845816608765	-0.0317022475021777	-0.0117039629240588	-0.00557138185308956	-0.0222103333500425	-0.0102043173333189
0.0524436758950264	0.0534725043405598	-0.032153318278142	-0.0309542589468371	0.0168678347571593	0.0017528251971692	0.0208794587967645	0.00536788458664829	0.00344364525823536	0.029364180991999	-0.0390948760361822	-0.031676734382866	-0.0117385983490763	-0.00557045565267869	-0.0221979630564705	-0.0102058051213092
0.0524016448365623	0.0534556860498412	-0.0321874144673246	-0.0308727742654412	0.0168361302046335	0.00173748212158466	0.0208631769479128	0.00535394967096444	0.00344960339511673	0.0293903674576124	-0.0390960034022931	-0.0316627072662362	-0.0117232077760348	-0.00554927597782326	-0.0222055500767291	-0.0101911074523458
0.0524026758107753	0.0534804098731768	-0.0322107692463123	-0.0307524296793258	0.0168401339608591	0.00176658688683353	0.0208594470005568	0.00537697476172146	0.00339569378145859	0.029422154432196	-0.0391470966961499	-0.0316639338182132	-0.0117604206365848	-0.00555188833795647	-0.0222493567018934	-0.0102081813911416
0.0523462502288819	0.0534490629485623	-0.0322434572755941	-0.030670900294441	0.016811558652557	0.00174771223562506	0.0208485295703744	0.00536165403788138	0.00339458876709208	0.0294645012090506	-0.039148916966339	-0.0316390884572671	-0.01174967922639	-0.00552391373278663	-0.0222654597367894	-0.0101824419604173
0.0523508099847507	0.0534616916841795	-0.0322435690343164	-0.0306071084157656	0.0168227121730402	0.00175946925320855	0.020851502352387	0.00537101941880815	0.00336450331905523	0.0294558287322019	-0.0391659936991028	-0.031638149684	-0.0117798987848936	-0.00553893410506059	-0.0222653926815561	-0.0101984905129362
0.0523411777798745	0.0534541605432821	-0.0322505860850914	-0.0305858058063156	0.0168215512793125	0.00175797308331407	0.0208491568162032	0.00536956795240258	0.00337371363475485	0.0294477611494376	-0.039163645368951	-0.0316419704353178	-0.0117700179168603	-0.00553604933304183	-0.0222755613282992	-0.0101914259647043
0.0523292894457924	0.0534388523922983	-0.0322428495875418	-0.0306100323033371	0.0168243480413375	0.00174937045566683	0.0208492490171491	0.00536594976376888	0.00339305068767675	0.0294330788472985	-0.0391498739003985	-0.0316447169059178	-0.0117477751371592	-0.00552822342851442	-0.022277123156443	-0.0101825942316764
0.0523501142867046	0.0534469590906154	-0.032214045173859	-0.0306502500765324	0.0168477656846065	0.00175859474120673	0.0208700738580613	0.00537848210748816	0.0033976481621144	0.029400505370707	-0.0391519148940641	-0.0316628958590801	-0.0117505984418808	-0.00554530714619841	-0.022281198158854	-0.0101939335510354
0.0523785233539073	0.053453418744763	-0.0321901958625252	-0.0307337114903285	0.0168691339523058	0.0017694129855231	0.0208754829802195	0.00538393593313526	0.00341997755482525	0.0293627756260664	-0.0391370509840013	-0.0316816266209336	-0.0117398696045422	-0.00555974637311654	-0.0222730844756168	-0.0101973757196815
0.0523829657631178	0.0534437795549666	-0.03217609749971	-0.0308028733756093	0.0168708718004372	0.00175378352821273	0.0208831887441204	0.00537241919680467	0.00344411185090087	0.0293545892996596	-0.039115978876916	-0.0316869519240501	-0.0117216585207472	-0.0055546781150613	-0.022261265990736	-0.0101862054353899
0.052401482786415	0.0534333957726831	-0.0321457787553404	-0.030923183037124	0.0168852984544991	0.0017353531179253	0.0208905745986789	0.00535705097550761	0.00348162785698507	0.0293231054706103	-0.0390820838534336	-0.031689400837052	-0.0116932843781453	-0.00555813285656367	-0.022230388452755	-0.0101856368628903
0.052442524780187	0.0534485767981204	-0.0321125598721278	-0.0310229123299315	0.0169094872329518	0.00174733784390543	0.0209055991619049	0.00536633114040865	0.00350130158305783	0.0292784955796296	-0.0390697191477977	-0.0317125977568445	-0.0116924084691594	-0.00557659120653167	-0.0222174649535078	-0.0101954003842652
0.0524482985151766	0.0534439346201938	-0.032098627750412	-0.0310905417237332	0.016905225034681	0.00174300859040124	0.0209036838968019	0.00536564522125068	0.00352093339960973	0.0292750380441592	-0.0390535071481475	-0.0317159882370816	-0.0116784986991881	-0.00557408082623254	-0.022203778700981	-0.0101907442364984
0.0524943808273233	0.0534789751705796	-0.0320811109676791	-0.0311105535199408	0.0169280168291052	0.00176814731799332	0.0209118576503524	0.00538416783248398	0.00349028217304136	0.0292640787044559	-0.0390707249762982	-0.0317284451436633	-0.011712614446147	-0.00560006053820974	-0.0221987341916542	-0.0102176627217427
0.0524709813448466	0.0534623706184173	-0.0321069914937903	-0.0311145516882302	0.0168933073639342	0.00174190916397084	0.0208929955720002	0.00536206475118574	0.00350890397014069	0.0292967821005621	-0.0390477669407746	-0.0317078787447964	-0.0116930315240361	-0.00557716955791945	-0.0221849627231017	-0.010196962212409
0.0524735699562514	0.0534764480264721	-0.032117724522081	-0.0310794859921319	0.0168939066700824	0.00175746178715966	0.0208899962472911	0.00537093420278241	0.00348665979345558	0.0293109712673391	-0.0390724921610942	-0.0317080841014485	-0.0117031610552265	-0.00557636908607115	-0.0222022001090288	-0.0102004309237517
0.0524525439496391	0.0534739739677577	-0.0321461266043635	-0.0310041536283974	0.0168728806634701	0.001747611652775	0.020883610633297	0.0053635651120323	0.00346093992050766	0.0293436565026529	-0.039079503623933	-0.0316823726104048	-0.0117231812333383	-0.00556800254872472	-0.0221950629176274	-0.0102003792353427
0.0524516931863657	0.0534817509778441	-0.0321567450799638	-0.030950376728222	0.0168812388189124	0.00176184831700901	0.0208835198293352	0.00537637126462117	0.00344028551164692	0.0293602624517992	-0.0391097245794206	-0.0316853691411458	-0.011736571325251	-0.00556994854747636	-0.0222213276143465	-0.0102069073417076
0.0523852456410522	0.0534479369794353	-0.0322117038286273	-0.0308298742829113	0.0168203568579682	0.00172617912381042	0.0208583783077751	0.00534617824881413	0.00344091555144376	0.0294083899485636	-0.0390926883591936	-0.0316469423014751	-0.0117347119395091	-0.00553923305964268	-0.0221966247457713	-0.0101818021417322
0.0523996527373377	0.0534822818317749	-0.0322205648983198	-0.0307059212870504	0.0168445763700695	0.00176796710705365	0.0208669739505021	0.00537748326390782	0.00337449873977884	0.0294273344489735	-0.0391583228598026	-0.0316549316531338	-0.0117834485213099	-0.00555918059458502	-0.0222424556007928	-0.0102159430344037
0.0523461622188881	0.0534508524851027	-0.0322466521780672	-0.0306341749813169	0.0168190255321891	0.00174351150465149	0.0208523084121714	0.0053584591354083	0.00338446482383785	0.0294618651001889	-0.0391528047728902	-0.0316336779381249	-0.0117649217191245	-0.00552943321668306	-0.0222628208339597	-0.0101921635722713
0.0523424685931168	0.0534496846064549	-0.0322434391148018	-0.0306040727694717	0.0168289217670467	0.00174938442550712	0.0208564826004484	0.00535867706491673	0.00338235817192294	0.0294509071574696	-0.0391653720412102	-0.0316401878836975	-0.0117617310076035	-0.00553133870289788	-0.0222779138494031	-0.0101948290177976
0.0523459694350921	0.0534530960414524	-0.0322488566188641	-0.0305948498809159	0.0168330261061223	0.00174805729068008	0.0208524285527979	0.00535623234286694	0.00338190275512966	0.0294418016155722	-0.0391571326294103	-0.0316388328091899	-0.0117676849535328	-0.00553563861973747	-0.0222737201033497	-0.0101957985247133
0.0523367172098717	0.053438792321985	-0.0322324713931944	-0.0306376967780527	0.0168425940497332	0.00174633760334105	0.0208579284789179	0.00535522791135048	0.00341304013213994	0.0294240780792031	-0.0391463353398544	-0.031653762377502	-0.0117339771259102	-0.0055262047865933	-0.0222981268113109	-0.0101861411741246
