0.0524598599549961	0.0535203161189337	-0.0320198993185043	-0.0308461868654116	0.0168272230344681	0.00164607466263469	0.0209148653569657	0.00528746440708213	0.0034520956146235	0.0293621483802376	-0.0391804147652286	-0.0318021933275096	-0.0117595405366469	-0.00554559911586036	-0.0221910773221943	-0.0101251362785859
0.0524899188603364	0.0535218765500935	-0.0319815702677155	-0.0309658622961774	0.0168601206113542	0.00164839505310595	0.0209437843233388	0.00529923958545799	0.00346384844125491	0.0293314552441484	-0.0391701818572202	-0.0318183131262139	-0.011755521413597	-0.00555885789127444	-0.0221795480130074	-0.0101287838038842
0.0524777441445284	0.0534897417264869	-0.0319677946082109	-0.0310707743997305	0.0168390722529974	0.00160830300847328	0.02094600413096	0.00526931758455247	0.00351808075822362	0.0293085740427463	-0.0391162624646738	-0.0318086725394335	-0.0117166223933247	-0.00554626687422596	-0.0221245557367272	-0.0101058886326419
0.0525244299537754	0.0535197307826258	-0.0319391466567393	-0.03113338862087	0.0168543985647736	0.0016269150266844	0.0209477182303629	0.00527925712591494	0.00351671031689171	0.0292805156185348	-0.0391148165862044	-0.0318269185478292	-0.0117320297301745	-0.00557086077804694	-0.0221043567446598	-0.0101281579550395
0.0525531030509595	0.0535376750424713	-0.0319321994551658	-0.0311669427802495	0.0168619045599585	0.00163839963238235	0.0209421931585304	0.0052872325077334	0.00351035823051431	0.0292789244537263	-0.039119559346981	-0.0318318624743059	-0.0117407511014642	-0.00557797282373582	-0.0221054114676012	-0.0101350911867727
0.0525436105444861	0.0535323399604666	-0.0319365510604144	-0.0311880581938396	0.0168484557947166	0.00162752131775275	0.0209350028817359	0.00527762824253776	0.00352589967783089	0.0292950917498877	-0.0391101199259007	-0.0318272733817725	-0.0117274671803376	-0.00556328074270854	-0.0221091148722607	-0.0101236848121804
0.0525506220073249	0.0535475992170095	-0.0319450293564831	-0.0311588961522455	0.0168432408533383	0.00163551625734761	0.020929363257213	0.00528066109486354	0.00350347389322208	0.0293184870414122	-0.0391254155040283	-0.0318197925323001	-0.0117516364010139	-0.00556824981489776	-0.0221086971740362	-0.0101312466867264
0.0525097979430613	0.0535240754029543	-0.031986211048658	-0.0310967904332924	0.0168041602251423	0.00161114307700313	0.0209133943327837	0.00526049004247666	0.00350192184396646	0.029358777457777	-0.0391180045037573	-0.0317873922817281	-0.011743934828065	-0.00554387384058522	-0.0220962570312628	-0.010111296357816
0.0525107911987056	0.0535382561878271	-0.0319921915372838	-0.0310269761564703	0.0168148094343912	0.0016278719607439	0.0209164663006623	0.00527422379246041	0.00346824754396051	0.0293804684287868	-0.03915632796661	-0.0317924787005757	-0.0117601077121625	-0.00555045782631133	-0.022124052822477	-0.0101285421256473
0.0524784063149579	0.0535288936008684	-0.0320252469733652	-0.0309310620270445	0.0167886159838576	0.00161973871973022	0.0209039074142465	0.00526519648166853	0.00345410168368836	0.0293959833334068	-0.0391540899981964	-0.0317761367814108	-0.0117669222002533	-0.00554272132876174	-0.0221214125226632	-0.0101172517007293
0.052487200329417	0.0535618051475948	-0.0320548309041358	-0.0307999369151815	0.0167896762947352	0.00164844813849904	0.0209003856175107	0.00528809444687896	0.0033866762495549	0.0294322252900571	-0.0392051316036441	-0.0317662251797289	-0.0118250940121822	-0.00555565320991316	-0.0221407817062177	-0.0101468579832444
0.0524445727587727	0.0535361425509921	-0.0320805829077164	-0.0307341138217287	0.0167749213494267	0.00164075634443835	0.0208930514513614	0.00528359895227539	0.00339572591209124	0.0294648113395049	-0.0392190818861523	-0.0317617799765503	-0.0117990570238599	-0.00552519057618864	-0.0221918805880106	-0.0101218938786559
0.0524093841280799	0.0535129121035829	-0.0321007064626463	-0.0306793813844778	0.0167556248090416	0.00161761530400697	0.0208879706204499	0.00526897392648147	0.00339668005218268	0.0294795788576697	-0.0392092541035121	-0.0317396140309708	-0.0118002710029806	-0.0055147369447037	-0.0221746096744668	-0.010110166197737
0.0524084886613177	0.0535127318926432	-0.0320906942781144	-0.0306648317958214	0.0167729460140104	0.00163498121246471	0.0209001956276829	0.00528258474187073	0.00339882442266636	0.0294537611958398	-0.0392220183465801	-0.0317578768031748	-0.0117931645452278	-0.00552327670806965	-0.0221985050862736	-0.0101141462052341
0.0524307579837153	0.0535280051190263	-0.0320652733597485	-0.0306845166977664	0.016802971391734	0.0016596198197746	0.020909724455741	0.00529803678220949	0.00339288584356139	0.0294229004216671	-0.0392285827745298	-0.0317787463475759	-0.0118027911621679	-0.00554061467684683	-0.0222165806626178	-0.0101277961361761
0.0524003498323679	0.0534957194211447	-0.0320684123828605	-0.030720579840461	0.0167804310544349	0.00161530888337599	0.0208940684557341	0.0052673157064397	0.00343132106513632	0.0294293502969265	-0.0391863924598864	-0.0317566278994534	-0.0117771858419103	-0.00551939029850249	-0.0221813864439889	-0.0101038895484971
0.0524512992368697	0.0535220819067457	-0.0320305163971205	-0.0307930567688414	0.016822998554766	0.00164815337486903	0.0209184863395675	0.0052921806251622	0.00343121908530224	0.0293733689559542	-0.0391930658525903	-0.0317906374756262	-0.0117840156968255	-0.00555626089796554	-0.0221832318598904	-0.0101290031303767
0.0524346360113783	0.0534964109282387	-0.0320260125206128	-0.0308597879019127	0.016808123468831	0.00161611214919235	0.020915569436916	0.00526767193736695	0.00346768595638108	0.0293755482510386	-0.0391600858536465	-0.0317837419624617	-0.0117544778665278	-0.00553751896023977	-0.0221570467912611	-0.0101030862826808
0.0525030337463956	0.0535287329477051	-0.0319611463612195	-0.0309861856198234	0.016867424043855	0.00165558672688445	0.020952138287829	0.00530368199466848	0.0034703919144442	0.0293047616733327	-0.039170813294001	-0.0318302992491781	-0.0117559740364223	-0.00557553788057422	-0.022170836420606	-0.01013495847329
0.0524995077587077	0.0535075043784087	-0.031949830790589	-0.0310897356639487	0.0168508893408941	0.00162383048594957	0.0209425549773937	0.00527706665495832	0.00351749262794764	0.0292937031477634	-0.0391189516589286	-0.0318284831699411	-0.0117249442271822	-0.00556290355702085	-0.0221280272420379	-0.010109673062375
0.0525242553307718	0.0535188185520552	-0.0319369519948306	-0.0311506623283818	0.0168530840028028	0.0016227617931678	0.0209463813166477	0.00527648970055457	0.00352746569692679	0.0292823303007877	-0.0391123089998733	-0.0318285460342224	-0.0117248953327412	-0.00557452227318553	-0.0221009103850616	-0.0101227893454181
0.0525530653323907	0.0535396042774146	-0.0319298678888223	-0.0311710708680535	0.0168632079460571	0.00163322101258886	0.020940702576572	0.00528397613796307	0.00351353916314711	0.0292819936276369	-0.0391195970655497	-0.031834269477787	-0.0117389336252431	-0.00558357612667396	-0.0221020517210128	-0.0101299433006279
0.0525425376607523	0.0535342398587453	-0.0319414460924502	-0.031173104876799	0.0168427784516249	0.00162175456768329	0.0209298172770223	0.00527324730062452	0.00352256926790705	0.0293018196249687	-0.0391094270218226	-0.0318209478380916	-0.0117333903926182	-0.00557085798407889	-0.0220946756453426	-0.0101249141581254
0.0525489372445866	0.0535478590560387	-0.0319516315030016	-0.0311354352024716	0.0168433889336454	0.00163584315161027	0.02092951133752	0.00528416193683886	0.00349769876124844	0.029315237656562	-0.0391305871389016	-0.0318192868240818	-0.0117549081376085	-0.00557386848466021	-0.022105106925083	-0.010131813862242
0.0524943011992337	0.0535180781505201	-0.0319944658272822	-0.0310569442578488	0.01679747006863	0.00160308946407908	0.0209104592693399	0.00525856080753336	0.00349643868165477	0.0293637325601259	-0.0391212077881346	-0.0317854546648806	-0.0117453052693969	-0.00554258442432695	-0.0220916372050807	-0.0101045307641662
0.0525348766003402	0.0535653590749632	-0.0319848028887573	-0.0309951570512542	0.0168377548970586	0.0016544160542686	0.020930001678914	0.00530262308077491	0.00344204152057069	0.0293551564751752	-0.0391831598388445	-0.0318112639448063	-0.0117921475408551	-0.00557592624213413	-0.0221359984329043	-0.0101437734425096
0.0525078840749424	0.0535645851458115	-0.0320257205509508	-0.0308969127524689	0.016813131656573	0.00165478206408406	0.0209161296275115	0.00529968103241098	0.00342419085865507	0.0293783212643351	-0.0391860571837195	-0.0317967939842396	-0.011807606566114	-0.00556816180490396	-0.0221394322196462	-0.0101380206622804
0.0524201241412907	0.0535135267765554	-0.0320835962022658	-0.0307919559454269	0.0167541607697798	0.00160566829659561	0.0208829079503307	0.00526230193076157	0.00343296810930587	0.0294612616030886	-0.0391777716714468	-0.0317482082767139	-0.0117813278995547	-0.00551253529787485	-0.0221395509632887	-0.0100979733211366
0.0524339808258689	0.05353820170545	-0.0320820776806268	-0.0306975882773207	0.0167804673760196	0.00163635584474871	0.0208982845535319	0.00528469698172175	0.00338663154606599	0.0294562087118576	-0.039224667028298	-0.0317590279180143	-0.0118157733347444	-0.00553629659921487	-0.0221718059275217	-0.0101275907795239
0.0524100979869184	0.0535212702590251	-0.0320927059351153	-0.0306640494847655	0.0167713143366652	0.00162559347979348	0.0208917913717677	0.0052748957417781	0.00339737155927676	0.0294592150214869	-0.0392178385703669	-0.0317496066577264	-0.0118061062052675	-0.00552506484762608	-0.0221783885162638	-0.0101177895395803
0.0524186293683802	0.0535272758933635	-0.0320831463734086	-0.0306642799871302	0.0167920050671107	0.00164281968984838	0.0209041225497869	0.00528995383262084	0.00339414592315506	0.0294359398705888	-0.0392271662327249	-0.0317687243841558	-0.0118079460332329	-0.00553164324541608	-0.0222017307223953	-0.0101202552163905
0.0524253642283814	0.053525584145705	-0.0320666438010804	-0.0306917879996345	0.0168031879242585	0.00164814638994889	0.0209080410899867	0.00529753805891133	0.0034040547308689	0.0294139750907093	-0.0392189338058452	-0.0317789544981962	-0.0118012558767207	-0.00554140397282291	-0.0222011649438637	-0.0101257467606064
0.0524401513043226	0.0535260214017059	-0.032045464126225	-0.0307433632529811	0.0168119847326857	0.00164194517784657	0.0209114511280002	0.00529276735845415	0.00341640546666449	0.0293934240586667	-0.0392009951339358	-0.0317841051783091	-0.0117991869433745	-0.00554923686227046	-0.0221846120801106	-0.0101271870511397
0.0524499972477552	0.0535189247228414	-0.0320281527001444	-0.0308241759850593	0.0168208695511066	0.00164128580138514	0.0209190395452427	0.00529023043545847	0.00345179945400947	0.0293621427923015	-0.0391820967339989	-0.0317982426566771	-0.0117690903194654	-0.00554777282300864	-0.02218576319495	-0.0101189951367969
0.0524384623506322	0.0534952528284791	-0.0320231473063704	-0.03088832688863	0.0168027855928583	0.00160699682840667	0.0209082422556868	0.00526257993058323	0.00347669790034865	0.0293738090059232	-0.0391450165869315	-0.0317778369109734	-0.0117565970912989	-0.00553474315297522	-0.0221396529431227	-0.0100995058126159
0.0525204778859589	0.0535411255930216	-0.0319571356200738	-0.0310170659517724	0.0168728429449013	0.00165798814242937	0.0209451743224471	0.0053039823462346	0.00348551147258418	0.0292845207717443	-0.0391600076225409	-0.0318365032552485	-0.0117530361790104	-0.00558306063956746	-0.0221654845747929	-0.0101393296363151
0.052519498600155	0.0535261988186775	-0.0319435862719818	-0.0311256018318953	0.0168581396880018	0.00163412067030318	0.0209415128273085	0.00528530047882205	0.00352514530645553	0.0292764783346925	-0.0391169986752568	-0.0318325204537833	-0.0117269027987901	-0.00556814783506368	-0.022133137409614	-0.0101194994480311
0.0525068265580328	0.0535110904364098	-0.0319550960233922	-0.0311589045341497	0.0168276309538044	0.00160553418612887	0.0209286396194863	0.00525961972142693	0.00354338572691509	0.0292954563627191	-0.0390863083331357	-0.0318110837338667	-0.0117180948144907	-0.00555679175189636	-0.0220857056108958	-0.0101061987630962
0.0525473698285067	0.0535442799829578	-0.0319278743926137	-0.0311798956161613	0.0168592335264961	0.00163590741287558	0.0209430760524364	0.00528241570680328	0.00351946656637985	0.0292807908243884	-0.0391182294181859	-0.0318343099903238	-0.0117339896987664	-0.00557845338624161	-0.0221117034836654	-0.010128083914886
0.0525459672565421	0.0535473924633732	-0.0319459513659419	-0.0311576723942366	0.0168457610125257	0.00163332019845488	0.0209355267507466	0.00528199661159475	0.00350657519776525	0.029303796357369	-0.0391187379203722	-0.031818904050458	-0.0117524913552393	-0.00557715139712708	-0.0220965881164775	-0.0101328392485189
0.052531920582136	0.0535451475100395	-0.0319681117235853	-0.0311193936348729	0.0168291438875072	0.00163067291372095	0.0209246093205642	0.00527827644312697	0.00349507662222702	0.029329915767749	-0.0391246709115411	-0.0318060392245399	-0.0117607265760871	-0.00556826518172207	-0.0220918816772856	-0.0101256741174369
0.0525376719653811	0.0535646452161247	-0.0319829015934946	-0.0310343382623003	0.0168285920788159	0.00164760016919376	0.020927544384008	0.00529263324798742	0.00345239177523753	0.0293471782993887	-0.0391570069008478	-0.0318045570244857	-0.0117923249578267	-0.00557679656318386	-0.0221117230414418	-0.0101386087925564
0.0525106556912548	0.0535513529130939	-0.0320057827948967	-0.0309827210994328	0.0168126622699395	0.0016374594621312	0.020913603880388	0.00528340896244752	0.00345501391425894	0.0293757061102338	-0.0391624090380858	-0.0317920777661595	-0.0117848524902585	-0.00555957873503313	-0.0221218637485044	-0.0101305775313768
0.0524814265944274	0.0535506669939359	-0.0320472606476856	-0.030861768825265	0.0167879929289809	0.00164055098778617	0.0209029267314585	0.00528265598805618	0.00342676829418758	0.0294121017351272	-0.0391826080301533	-0.0317768268915208	-0.0118025704386914	-0.00554848528486315	-0.0221387993858814	-0.0101267707498992
0.05243707793946	0.0535298100223911	-0.0320834509159268	-0.0307548185220144	0.0167631349951786	0.00162825473436769	0.0208904963675733	0.00527268431606106	0.00340866058721072	0.0294571153544921	-0.0391978994173288	-0.0317511475311098	-0.0118073565059729	-0.00552955615127756	-0.0221487263543876	-0.0101142789187168
0.0524376507029117	0.0535418939342372	-0.0320883319781222	-0.0306749864727243	0.0167761800320363	0.00164601598930549	0.0208946454101378	0.00528660107095254	0.0033768680246911	0.0294544694667422	-0.0392214218343999	-0.0317539945845597	-0.0118342763882013	-0.00554348966997739	-0.0221692983411906	-0.010128525361839
0.0524378672354361	0.0535426469086286	-0.0320797558931715	-0.0306700313703753	0.016791483992068	0.00166342101331603	0.0209019474456546	0.00530168151353973	0.0033835442113631	0.0294358211269463	-0.0392362256741495	-0.0317723299999332	-0.0118219675619266	-0.00554242377116368	-0.0222079961957629	-0.0101276829804698
0.0523890943320506	0.0534994395896124	-0.0320962081740747	-0.0306714856307489	0.0167609724639025	0.00162354410422374	0.0208875962287302	0.00527056648827392	0.00341201893681513	0.029454751657516	-0.0392005536869828	-0.0317455316553154	-0.0117951021620753	-0.0055141725631562	-0.0221803931883446	-0.0100945367404266
0.0524223118182792	0.0535215259071023	-0.032064756475658	-0.0306903700608456	0.0167996661275227	0.00164858085198174	0.0209075591304969	0.00528878595397305	0.00339946005039931	0.0294128002271414	-0.0392153030443553	-0.0317699369662925	-0.0118084210078026	-0.00554447873466954	-0.0221876994148135	-0.0101197243624597
0.0524334346051138	0.0535161307547844	-0.03204433536313	-0.030758528911594	0.0168090678300342	0.00164097287696276	0.0209118422835281	0.00528392724352207	0.00342488795368527	0.0293900824728706	-0.0391959324638167	-0.031779780115757	-0.0117951301017559	-0.0055482422096422	-0.0221691334970753	-0.0101192633577303
0.0524505029559735	0.0535218891229497	-0.0320271329018036	-0.0308180152854938	0.0168183577738235	0.00164532308522738	0.0209189641081052	0.00528715986456392	0.00344264920862307	0.0293590275179181	-0.0391817921914807	-0.0317977593002032	-0.0117821297683871	-0.00555191627763704	-0.0221693430446795	-0.0101157848674995
0.0524692169540187	0.0535171784928058	-0.0320020039530997	-0.0309193301551736	0.0168328249404222	0.00163028594914507	0.0209276645246344	0.0052735308883823	0.00346339721541371	0.0293446609341694	-0.0391597030800227	-0.0317951832616548	-0.0117705459768231	-0.00555217891063439	-0.0221467174913546	-0.0101130970702287
0.0525106864249034	0.0535278696115756	-0.0319566899821687	-0.0310394190932118	0.0168615762687118	0.00164598385867284	0.0209500456057543	0.0052883123763874	0.00349690946527236	0.0292815689444922	-0.0391434240251391	-0.0318310731783299	-0.0117445662648459	-0.00557787643183785	-0.0221423295645213	-0.0101275740157156
0.052536342036586	0.0535351967928048	-0.0319321519577088	-0.0311227282357488	0.0168699986854194	0.00165264048756843	0.0209501308217801	0.0052956172058722	0.00351516664954026	0.0292593024160626	-0.039129279561851	-0.0318436614014103	-0.0117394072028288	-0.00558112162573596	-0.0221374387234376	-0.0101286063869126
0.0525199330621878	0.0535185866527065	-0.0319517125280753	-0.0311397630589918	0.0168340766381117	0.0016158690739714	0.0209300114578022	0.00526208679522118	0.00352325518706503	0.0292890944974535	-0.0390934748612016	-0.0318110753519625	-0.0117447967672106	-0.00556480764625164	-0.0220781423393658	-0.0101091408114601
0.0525572492995559	0.0535472304132259	-0.0319300201600814	-0.031163288270031	0.0168580265322955	0.00164621156706948	0.0209440818809368	0.00529352452379757	0.0035108387930201	0.0292781533185426	-0.039125158458967	-0.0318310913391222	-0.011752966329809	-0.00558813169159075	-0.0221043050562507	-0.010140355022592
0.0525492110534562	0.0535516644405323	-0.0319523188191436	-0.0311322333150784	0.0168369572191783	0.00164534823093989	0.0209325567627021	0.00529118597253394	0.00349455275321635	0.0292968477588114	-0.039129575722465	-0.0318200635472016	-0.0117673301195896	-0.00557551692581379	-0.0221003627673224	-0.0101209229747561
0.0525404547575658	0.0535507312552012	-0.0319726980221508	-0.0311048915436735	0.0168317772024008	0.00165223815616824	0.0209263932691685	0.00529425374946043	0.0034816390328573	0.0293229825360158	-0.0391412824486235	-0.0318118325173059	-0.0117652234676747	-0.00556370961680527	-0.0221182385749505	-0.0101225937676542
0.0525057941868358	0.0535335944521242	-0.0320034023341122	-0.0310303861944838	0.0168032857131405	0.00162754646346527	0.0209117598614704	0.00527662520800533	0.00346908433739356	0.0293776618878736	-0.0391408731323031	-0.0317777614738359	-0.0117820249945849	-0.00555304084977995	-0.0220952316449859	-0.0101226314862229
0.0524918439043276	0.0535360503500462	-0.0320180902241874	-0.0309552424235931	0.0167984772941145	0.00164115588187049	0.0209105277215573	0.00528652423683098	0.00345915736888735	0.0293776143904167	-0.0391663345632058	-0.0317874649248975	-0.011776037521039	-0.00555185900129188	-0.0221278903376031	-0.0101184321522334
0.0524683228842405	0.0535409160454173	-0.0320533012066247	-0.0308229047295934	0.0167869591607999	0.00164738503365338	0.0209029434952669	0.00528881948158973	0.00340977538046543	0.0294221991356849	-0.0391962481822071	-0.0317702610665871	-0.0118137071953663	-0.00554589807044245	-0.022147276284966	-0.010117723881331
0.0524566678464911	0.0535476341416102	-0.0320749474741456	-0.0307199176700315	0.0167897433499686	0.00165933343804877	0.0209032913442899	0.00529737042082791	0.0033799260227294	0.0294386402407158	-0.0392275727550772	-0.0317685497611522	-0.0118326712535526	-0.00554570668363055	-0.0221785785060917	-0.0101246627010003
0.0524139313110925	0.0535154923330834	-0.0320955110790445	-0.0306889381522165	0.0167682856752915	0.0016398650686282	0.0208920484168289	0.00528091953690881	0.00340178602880669	0.0294569686711691	-0.039219168499162	-0.0317527917813112	-0.0118018481979487	-0.00551720820945004	-0.0221958117010667	-0.0100980194216096
0.0523992881245062	0.0535040454459543	-0.0321038510736944	-0.0306599730853704	0.0167583140032964	0.00162792644312101	0.0208878211431588	0.00527349596378159	0.00340661121164098	0.0294560271039339	-0.0392056037842457	-0.0317434962495859	-0.0118032815035619	-0.00552148018660906	-0.0221748262069912	-0.0101010173493346
0.0524212235677211	0.0535208399879444	-0.0320825191275798	-0.0306655749913245	0.0167885195919597	0.00165337111021532	0.0209005029641691	0.00529415735756246	0.00339754478529629	0.0294202056394763	-0.0392231862252279	-0.031767605399949	-0.0118111632874505	-0.00553792268862399	-0.022197594252687	-0.0101107990315019
0.0524312776617739	0.0535192711748804	-0.0320591657455761	-0.0307118025898102	0.0168022170203587	0.00165443980299709	0.0209075619244649	0.00529536016081096	0.00341095164101739	0.0293977155936021	-0.0392125062823303	-0.0317815347276967	-0.0118006621585086	-0.00554344776045654	-0.0222008170948407	-0.0101088586206864
0.0524285521459344	0.0535007653274554	-0.0320429369821175	-0.0308044715253379	0.0168059288069223	0.00163955493817388	0.0209143359000189	0.00528409627858952	0.00345393544258898	0.0293788521182659	-0.0391821288646315	-0.0317855119412258	-0.0117636909761955	-0.00553817135178106	-0.022189639825629	-0.0100994694910311
0.0524524615275814	0.0535105707583512	-0.0320198099115264	-0.0308622801214194	0.0168245631768779	0.00165052265978129	0.0209278293687498	0.00529258295656239	0.00345719181235931	0.0293515983568547	-0.0391753409192373	-0.0318016121821537	-0.0117699117460742	-0.00554942126416222	-0.0221792979528663	-0.0101096465196784
0.0524824142621355	0.0535103709896351	-0.0319846939240031	-0.0309754679583571	0.0168423789141928	0.00163999638512687	0.0209373079053829	0.00528614705114329	0.00347710861365302	0.0293206649395126	-0.0391530324812868	-0.0318073328317503	-0.0117602543954854	-0.00556444023945216	-0.022142170308342	-0.0101089969221052
0.0524984181111655	0.0535025031755868	-0.0319575589062344	-0.0310870031631891	0.0168476986293731	0.0016302286727999	0.0209491543299442	0.00528422480112014	0.00352120860546334	0.0292831810640611	-0.0391236399373281	-0.0318223755557687	-0.0117283361044033	-0.00556430612898542	-0.0221312403053034	-0.0101021572883019
0.0525182413145293	0.0535132292189573	-0.031946296420997	-0.0311313741699009	0.0168497745476394	0.00162953297475373	0.0209509173237881	0.00528869235604314	0.00352308335802953	0.029267174421063	-0.0391101869811341	-0.0318280109893395	-0.0117400959159548	-0.0055766023824039	-0.0221000847675007	-0.0101079938875728
0.0525377026990298	0.0535267003359437	-0.0319351275336894	-0.0311681050709611	0.0168581941703789	0.00164023247542768	0.0209515585394571	0.00529653083342681	0.00351777900967348	0.0292729118344679	-0.0391194028847698	-0.0318314377911613	-0.0117439474009213	-0.00557942568712541	-0.022102550444311	-0.0101216130848662
0.0525599720214274	0.0535510260188313	-0.0319406190779053	-0.0311565198824131	0.0168549378006086	0.00164880017847421	0.020944725890574	0.00530105287072693	0.00349753531411711	0.0292767186159454	-0.0391232180481515	-0.0318304026259962	-0.0117679014860572	-0.00558943228372125	-0.0220940944999867	-0.0101325808064736
0.0525498452842051	0.0535491023718241	-0.0319634863094671	-0.031133342520397	0.0168315788306688	0.00164099802267528	0.020926418414881	0.00528895917999258	0.00349818211772228	0.0293074955710763	-0.0391269298347151	-0.0318152271884951	-0.0117624490573942	-0.00557318396248627	-0.0220978956935281	-0.0101200652265626
0.052529023237261	0.0535479945634895	-0.0319816261470766	-0.0310813425839058	0.0168270959089215	0.00164565696441018	0.0209288645339149	0.00529185233391551	0.00348585373367115	0.029330549998498	-0.0391442650095242	-0.0318093165490707	-0.0117612769877943	-0.00555875730842439	-0.0221323746563345	-0.0101179320319512
0.0524868818170585	0.053523667483618	-0.0320173079131315	-0.0310060702904845	0.0167898495207548	0.00161426673329076	0.0209107512390019	0.0052700062976785	0.00347415538941686	0.0293843422654977	-0.0391375231646029	-0.0317696952880556	-0.011774517602416	-0.00554383472503242	-0.0221054715379145	-0.0100995002246797
0.0524827132167176	0.0535398166189869	-0.0320358263334127	-0.03089863663076	0.016795850964141	0.00164505626127794	0.0209184514149667	0.00529802420935323	0.00343853788462732	0.0293785196360671	-0.0391755099543047	-0.0317827375309453	-0.011796165266921	-0.00555379242718726	-0.0221375574670801	-0.010116744595527
0.052465745448708	0.0535478604530228	-0.0320663616103067	-0.0307824327053049	0.0167938141614275	0.00165779396164941	0.0209157217081751	0.00530620215385582	0.00339047884008036	0.0294225944821649	-0.0392129519202354	-0.0317712068247744	-0.0118310144304948	-0.00554919076179752	-0.0221637788572942	-0.010123274098876
0.0524347310062922	0.053536090862583	-0.0320881894857513	-0.0307061364225908	0.0167799882104979	0.00165407099921357	0.0209009569839784	0.00530071340360801	0.00337989389209674	0.0294506333486001	-0.0392225980949519	-0.0317576518887462	-0.0118283000905276	-0.00553286420945695	-0.0221884901077736	-0.0101128484070716
0.0524182158611078	0.0535272647174912	-0.0320965462442096	-0.0306665263374479	0.0167737548677629	0.00164634008960009	0.020896422373822	0.00529524002018452	0.0033815954186434	0.0294509043635016	-0.0392213659550388	-0.0317481272516402	-0.0118276937994592	-0.00553038037185435	-0.0221903648603397	-0.0101087328921238
0.0524158842947643	0.0535229438458912	-0.0320926863773389	-0.0306495012930931	0.0167878071301052	0.00165815717749681	0.0209027856360716	0.00530453136095778	0.00338400242212443	0.0294312501952052	-0.0392276537801509	-0.031761813504167	-0.0118249515198113	-0.00553315897308695	-0.0222050792931115	-0.0101125173218569
0.0524141604164732	0.0535144026855412	-0.0320868553660042	-0.0306686595320594	0.0167886537024264	0.00164400572928854	0.0209007488333581	0.00529326328778425	0.00339555548003977	0.0294206526743654	-0.0392065788790976	-0.0317573235974996	-0.0118225626771227	-0.00553443581648896	-0.0221803163542231	-0.0101147105867816
0.0524187858305914	0.0535085674832544	-0.0320623816028096	-0.0307244285314594	0.0167976824102023	0.00164031629446939	0.0209057765788766	0.00529060203321004	0.00342177267930182	0.0293999982655046	-0.0391992489039003	-0.0317715183522127	-0.0117953620011046	-0.00553703001582981	-0.0221852574867317	-0.0101082746813625
0.0524419017253103	0.0535109633108632	-0.0320364046848005	-0.0308012696379447	0.0168169314531304	0.00164682484305797	0.0209151014472665	0.00529469659339745	0.00344491092576514	0.0293601269443484	-0.039183330270896	-0.0317924353940708	-0.0117774317110994	-0.00554605592963767	-0.0221837110254122	-0.0101108185892783
0.052472423032364	0.053520921013018	-0.0320121865696831	-0.0308803612856998	0.016841753065348	0.00165691665567954	0.0209275401930559	0.00530568247579723	0.00344863249121695	0.0293375628583208	-0.0391803016095223	-0.0318030189450704	-0.011778001680583	-0.00555628185272597	-0.0221804364948495	-0.0101208433466665
0.0524988022817734	0.0535183324016133	-0.0319818957649941	-0.0310058621398642	0.0168523519831719	0.00164701902383792	0.0209334228927997	0.00529730476257858	0.00348757342101019	0.0292938470371183	-0.039143126467541	-0.0318155317310133	-0.0117522706317628	-0.00556740883051263	-0.0221488716407265	-0.0101136865974887
0.0525217170107921	0.0535197671042105	-0.0319527448992723	-0.0311170802293217	0.0168646719853189	0.00164814080201277	0.0209428371681675	0.00529918650006491	0.0035232733478574	0.0292651962916787	-0.0391255314537026	-0.0318347276885483	-0.0117278136323766	-0.00556753875002727	-0.0221470346067291	-0.0101123189501249
0.0525208592625987	0.0535125391088473	-0.0319503169410309	-0.0311600710158135	0.0168506043561523	0.00163534722228017	0.0209377772920164	0.00528757756278843	0.00353162451837951	0.0292733015930118	-0.0391081501784206	-0.0318235154947359	-0.0117275761450918	-0.00556374733537404	-0.0221076815666475	-0.0101085722389605
0.052545911377181	0.0535352666420062	-0.0319470577772925	-0.031163629134134	0.0168511813105561	0.00163844992380737	0.0209337274353179	0.00528804275846991	0.00351081085333953	0.0292800476288852	-0.0391118647589522	-0.0318159647960621	-0.011753754228801	-0.00557754255265505	-0.0220893796788907	-0.0101242450027758
0.052543211007054	0.0535385118359043	-0.0319519486183761	-0.031159065187313	0.0168466928008727	0.00164285740841715	0.0209304235680906	0.00529338901634681	0.00351463719259348	0.029290691250198	-0.0391216282803271	-0.0318216826516906	-0.0117480056395239	-0.00557043050696618	-0.0221038817700901	-0.0101237714251901
0.0525479523708465	0.0535554125486806	-0.031972710595007	-0.0310994055873937	0.0168420687837385	0.00165385726065722	0.0209292864230915	0.00530548410406519	0.00347487623317554	0.0293083519222858	-0.039136399989444	-0.0318114874622509	-0.0117920357821328	-0.00557907783810233	-0.0220944688917063	-0.0101317035005037
0.052494904696334	0.0535268847378355	-0.0320088156472225	-0.0310354865831717	0.0168012698651874	0.00162443538003389	0.0209156001705647	0.00527733627287582	0.00347891491400181	0.0293631290630256	-0.0391334341923516	-0.0317813195921564	-0.0117724626389101	-0.00553956693882549	-0.0221042435889535	-0.0101071459182675
0.052515574472019	0.0535566740252583	-0.0320090447526031	-0.0309684369377419	0.0168199503356159	0.00165679511806906	0.0209185450128967	0.0053004870921954	0.00343706686044536	0.02936412930359	-0.0391712142284172	-0.0317907129127637	-0.0118072922447076	-0.00556503116369619	-0.0221267797353005	-0.0101307102448595
0.0524675685128651	0.0535395581769416	-0.0320509263337763	-0.0308618582322429	0.016786718879547	0.00164846350532335	0.0208983222721007	0.0052926472178277	0.00343146216052319	0.0294078772554251	-0.0391828762510867	-0.0317738541095083	-0.0118040456538255	-0.00553619182541273	-0.02214972938892	-0.0101131361857815
0.0524560168519338	0.0535510511645438	-0.0320794876722381	-0.0307466307986237	0.0167821856663746	0.00166040352781457	0.0208892740065484	0.00529636179835937	0.00338660640035348	0.0294393079990814	-0.0392111023133817	-0.0317588518980267	-0.0118404077511022	-0.00553902630600647	-0.0221637173899969	-0.0101219832856337
0.0523966925281814	0.0535108375823006	-0.0321116322747329	-0.0306773431847803	0.0167475376685009	0.00162573317819633	0.0208720156658608	0.00527277791399096	0.00340238393797087	0.0294735704293633	-0.0392010691740893	-0.0317294844997805	-0.0118146613354577	-0.00550527796584702	-0.0221700233759014	-0.0100920570937761
0.0524237562997647	0.0535363143800276	-0.0320932856834871	-0.030647038410251	0.0167863137541787	0.0016632575661847	0.0208942291088973	0.00530920706650103	0.00337613879902825	0.0294393010141612	-0.0392353609410359	-0.0317610046504145	-0.0118342009510638	-0.00553541230832486	-0.0222015435265355	-0.010120671517631
0.052396966337051	0.0535090326789359	-0.0320972768668564	-0.0306561481431005	0.0167763323032954	0.00164480480415282	0.0208914896232175	0.00529848800805068	0.00339702510723771	0.0294398695866608	-0.0392163968828496	-0.0317542893481898	-0.0118114370963201	-0.00551696234026103	-0.0221996114976241	-0.0101018862734003
0.0524176039821033	0.0535205508122505	-0.0320743146403807	-0.0306836561556049	0.0167990486605821	0.00165560768164488	0.0209133342624705	0.00531009554834313	0.00339455104852331	0.0294064383618758	-0.0392191838659863	-0.031771828482667	-0.0118167051230914	-0.00553749660849531	-0.022200342120271	-0.0101137033612971
0.0524149986068903	0.0535079765590103	-0.0320684487044452	-0.0307458289297913	0.0167936940208011	0.00162998000964284	0.0209040233639208	0.00528614425717524	0.00342766376094982	0.0294014860534949	-0.0391838359791143	-0.0317614251426071	-0.0117955505939484	-0.00553598926272861	-0.0221691516578676	-0.0101057363613828
0.0524539367427154	0.0535317825638393	-0.0320324833506326	-0.030809239431827	0.0168242055489666	0.00165626705810631	0.0209204532930795	0.00530552461660201	0.00343774579468319	0.0293488043887978	-0.0391901154223222	-0.0317948396035838	-0.0117885307492054	-0.00555684204332138	-0.022182471900579	-0.0101241975053188
0.0524629417017629	0.053518860461576	-0.0320065804727769	-0.0309239290265952	0.0168345069091924	0.00164135565058656	0.0209245408683468	0.00529322836318354	0.00346738141386287	0.0293446665221055	-0.0391648830968002	-0.031793769513818	-0.0117633431271724	-0.00554524428191713	-0.0221761715026106	-0.0101135608689262
0.0525077583463798	0.053533144623267	-0.0319663235840289	-0.0310310148372966	0.0168609504198671	0.00165108005640865	0.0209450388149963	0.00530547851612908	0.00348551007560015	0.0292842735055713	-0.0391428652315277	-0.0318191373467907	-0.0117606595208537	-0.00557736234171538	-0.0221471351895792	-0.0101287363064273
0.0525198380672739	0.0535298686957203	-0.0319541097526681	-0.031117483957706	0.0168534947161072	0.00163754467815693	0.0209438415996839	0.00529484886465655	0.00351518061938055	0.029270022871497	-0.0391171956500048	-0.0318225026813153	-0.0117425001254678	-0.00557350806278087	-0.0221182693085992	-0.0101190705739344
0.0525385632411913	0.0535417765875788	-0.0319346916746726	-0.0311707314009346	0.0168675483754335	0.00164983254967124	0.0209543860351307	0.0053046109890474	0.00351897482800183	0.0292651446032696	-0.0391266560258455	-0.0318390485601483	-0.011734704954589	-0.00557758166820785	-0.0221310824461082	-0.0101263404788185
0.0525550504466951	0.0535570344471376	-0.0319429702020252	-0.0311721032392506	0.0168580628538803	0.00164564439155392	0.02094767212989	0.00529809824950674	0.00349992275982174	0.0292783461023386	-0.0391145497622549	-0.031822293133711	-0.0117643741013854	-0.00558916825373987	-0.0220985243363409	-0.0101358483521162
0.0525337925407341	0.0535465277302596	-0.0319659268405648	-0.0311572407261718	0.0168332286688064	0.00162986266298445	0.0209360031223003	0.00528611631749467	0.00350946555772013	0.0293118052668041	-0.039111265452804	-0.0318093975741443	-0.0117490422016731	-0.00556699672022423	-0.022106773527029	-0.0101201588244926
0.0525485279282663	0.0535706732022075	-0.0319747501916886	-0.0311106541027908	0.0168441419080367	0.00165890316696801	0.0209371933526925	0.00531111115573181	0.00347397657546121	0.0293159906309534	-0.0391449215920176	-0.0318141752595216	-0.0117736905878712	-0.00557682589984845	-0.0221288291108703	-0.0101366711757089
0.0525038314242758	0.0535469649862605	-0.0320063262216838	-0.0310426754629821	0.0168124764710637	0.00163584315161027	0.0209177319681921	0.00528970516946377	0.00347000494986831	0.0293715864043339	-0.0391455628076867	-0.0317855580416987	-0.0117703978965161	-0.00554892393784809	-0.0221331807161189	-0.0101155194405341
0.0524982211364175	0.0535564868293985	-0.0320283426899722	-0.0309581188137077	0.0168038486977039	0.00164534264300378	0.0209147144826906	0.00529701418990066	0.00344067946114295	0.0293781578172037	-0.0391594432409934	-0.0317792324980179	-0.011793464896794	-0.00555851283621941	-0.022130632617251	-0.0101267176645062
0.0524738549409932	0.0535594121139541	-0.0320667904844034	-0.0308319236584811	0.0167849363279267	0.00164983254967124	0.0209008536071603	0.00530040886108981	0.00340484682081304	0.0294239984511135	-0.0391906267184766	-0.031765444265657	-0.0118180993131518	-0.00554197533929054	-0.0221567198969984	-0.010126563996263
0.0524162517015638	0.0535315366946503	-0.0321030031043891	-0.0307412901286829	0.016757507943512	0.00162729919729223	0.020884690501951	0.00527950718605604	0.00340770505013526	0.0294654581431101	-0.0391985867334708	-0.0317417542105024	-0.0118003101185334	-0.00551084215323236	-0.0221778227377323	-0.0100963472317275
0.0524197176189384	0.0535397188301049	-0.0321013253265709	-0.0306766251349896	0.0167694228202907	0.00164176217293884	0.0208935655414838	0.0052888963157113	0.00338077259505064	0.029459513976069	-0.0392190148309189	-0.0317448597059977	-0.0118215428787819	-0.00552700106748952	-0.0221856444513076	-0.0101173564745315
0.0523923856264216	0.053515471378323	-0.0321080490106999	-0.0306560126356498	0.0167598604646159	0.00163161867190822	0.0208909545783346	0.00528335727403846	0.00339850171935578	0.0294545113762631	-0.0392082594508838	-0.0317434250034004	-0.0118020479666648	-0.00551497163802048	-0.022191161141236	-0.0101027342427056
0.0524337098109674	0.0535435409784068	-0.0320823486955284	-0.0306594366435035	0.0168034421753516	0.00166567853950602	0.0209121845446151	0.0053124997578561	0.00337531876940355	0.0294134917342355	-0.0392299895374464	-0.0317684854998869	-0.0118297906724859	-0.00554971043985611	-0.0222080408992518	-0.0101320639223831
0.0524288343367081	0.0535300824342766	-0.0320725167219361	-0.0307075403915394	0.0168040875819728	0.00164877782672975	0.0209116229570357	0.00529642605962468	0.0034025180484376	0.0294010390186058	-0.0392051818950691	-0.031771483427612	-0.0118075758324654	-0.00554010198370838	-0.0222000194169604	-0.0101189685941003
0.0524147653105575	0.0535010600910854	-0.0320626023262861	-0.0307855577585766	0.0167925443029456	0.00161892846899372	0.0209041253437549	0.00527388572232553	0.00345112331373969	0.0293902333471457	-0.0391674172258278	-0.0317646982761858	-0.0117682018376233	-0.00552672306766785	-0.0221693849542004	-0.0101020804541803
0.0524483529975537	0.0535212590831529	-0.0320324568079361	-0.0308305364533408	0.0168162972223815	0.00163541707148159	0.0209182223095861	0.00528608278987798	0.00344646716597284	0.0293545529780749	-0.0391702852340383	-0.0317837265956374	-0.0117781329970816	-0.00554593020107511	-0.0221660838809411	-0.0101194994480311
0.0524895123379841	0.0535300083941231	-0.031986111862792	-0.0309584904114593	0.016851913330187	0.0016434734783737	0.020933386571215	0.00529474269387039	0.00347211439575128	0.0293139719890323	-0.0391631452486688	-0.0318079684594832	-0.011760085360418	-0.0055587279717598	-0.0221707456166441	-0.0101238482593117
0.0525312137082176	0.0535428536622648	-0.0319550052194304	-0.0310629023947301	0.0168664796826517	0.00164979203713441	0.0209386769497307	0.00529663560722895	0.00349271571921893	0.0292709602477801	-0.0391357266431423	-0.0318240463486667	-0.0117602264558049	-0.00557654929701082	-0.0221428129209951	-0.0101320583344469
0.0525264625655368	0.0535259878740892	-0.0319476640683608	-0.0311422189569138	0.0168512455718214	0.00162993111520184	0.0209329870337828	0.00528399429875544	0.0035258507833899	0.029272378186569	-0.0391046255877168	-0.0318223154854555	-0.0117302429876021	-0.00556341904412735	-0.0221231112552418	-0.0101152400437284
0.0525304537489061	0.0535296214295472	-0.0319495960972722	-0.0311567797214424	0.0168393670166274	0.00162580861533387	0.0209280598711145	0.00527989415063192	0.00351781672824224	0.0292848183293424	-0.0391032719101932	-0.0318117081857274	-0.0117431050195521	-0.00556403232011585	-0.0220993834815185	-0.0101079631539241
0.0525582104245675	0.053554450026685	-0.0319393408375193	-0.0311636906014312	0.016857557145662	0.00164873731419293	0.0209374434128336	0.00530664499779284	0.00350390975223895	0.0292769016208531	-0.0391229232845215	-0.031829213792588	-0.0117553579664657	-0.00558332606653286	-0.0221136257336886	-0.0101363764120789
0.0525606565436013	0.0535643839801114	-0.0319539714512493	-0.0311421113891436	0.0168500343866687	0.00165368682860575	0.0209343015957536	0.00530598422434738	0.00348648517045201	0.0292977879290626	-0.0391302001743257	-0.0318212914961626	-0.0117668369842275	-0.00558025409865429	-0.0221238307020164	-0.0101348243628233
0.0525163791348194	0.0535387479262051	-0.0319843237232356	-0.0310812908954967	0.0168172681262813	0.00163734910039295	0.02092086959432	0.00529257457465822	0.00348485489009081	0.0293392071085223	-0.0391330821523764	-0.0317975301948226	-0.0117567549504942	-0.0055496755152554	-0.0221271597149563	-0.010117433308653
0.0525199176953635	0.0535578656526346	-0.0320037180525026	-0.0310006611683263	0.0168185044571465	0.00164649794879531	0.0209172332448939	0.00529810244045882	0.00343953253725559	0.0293659020763221	-0.0391571256444902	-0.0317874649248975	-0.0118010938265734	-0.00556294546654171	-0.0221196201921547	-0.0101309267773839
0.0524860785512422	0.0535500215873148	-0.0320357243535786	-0.0309228980523822	0.016796735255031	0.00164598525565687	0.0209073775225732	0.00529707565719791	0.00344248436450771	0.0293826672816476	-0.0391678754365892	-0.0317824790889	-0.0117880390108274	-0.00554673905482758	-0.0221472455513174	-0.0101174249267489
0.0524326327362815	0.0535285834704141	-0.0320789777730677	-0.0307998097896349	0.0167650376874253	0.00162857045275813	0.0208964894290554	0.00528191838048915	0.00341402779984805	0.0294457411105324	-0.0391841055970318	-0.0317487307487405	-0.0118022575142691	-0.00552253490955054	-0.0221526127639547	-0.0101039719705548
0.052431529118899	0.0535427237427501	-0.032092933643512	-0.0306927533155982	0.0167686502881229	0.00164293424253872	0.0208952293494617	0.00529096245508938	0.00337521678956947	0.0294569756560893	-0.0392169486915408	-0.0317462804387546	-0.0118321725302544	-0.00553432266078266	-0.022166814503588	-0.01012199585849
0.0524402602690769	0.0535543606197072	-0.0320879799381471	-0.0306586305837191	0.0167898760634513	0.00166284126494422	0.0209001830548266	0.00530510272742542	0.00336278083774815	0.0294404046315437	-0.039235464317854	-0.0317608398062992	-0.0118406298715627	-0.00554298116779103	-0.0221980482724963	-0.0101312355108542
0.0524111932223968	0.053525584145705	-0.0320927059351153	-0.0306663740661888	0.0167849265490385	0.00165261673883995	0.0208972451974148	0.00529999675080141	0.00339055427721789	0.0294374891258763	-0.0392222642157691	-0.0317633082770775	-0.0118074920134237	-0.00552291908015837	-0.0222146430457703	-0.0101098993737876
0.052407572239795	0.0535188786223684	-0.032083608775122	-0.0306801203890288	0.0167893968979295	0.00164812403820443	0.0209005979590831	0.00529136897744166	0.00340380886167989	0.029423631044314	-0.039213032945309	-0.0317652528788451	-0.0117986854261083	-0.00552656241450458	-0.0222065740660219	-0.0101095417458763
0.0524039121416404	0.0535022992159187	-0.032067308765478	-0.0307292439354055	0.0167889107474876	0.00162510732935158	0.0208992400906074	0.00527512484715877	0.00342934014178397	0.029415433542035	-0.0391876804791606	-0.0317609110524846	-0.011781245477497	-0.00552318171315572	-0.0221854907830645	-0.0101043058497376
0.0524610278336439	0.0535371749221891	-0.0320303096434843	-0.0308027518379988	0.0168378680527649	0.0016681861258371	0.0209236775322172	0.00530823476561722	0.00342346861791236	0.0293548896512258	-0.0392001457676465	-0.0317993714197721	-0.0117929061031826	-0.00556018921705356	-0.0221975090366613	-0.0101313444756084
0.0524307007073701	0.0534988235196559	-0.0320288302373982	-0.0308781177293501	0.0168121900893378	0.001630773496571	0.0209187196359002	0.00528532841850262	0.00346589641984062	0.0293658685487054	-0.0391597072709748	-0.0317824022547784	-0.0117597542752033	-0.00553063601993156	-0.0221695875168845	-0.010099265531363
0.0524952581332932	0.0535275510992171	-0.0319788237971155	-0.0309854005147994	0.0168579720499184	0.00165418136095182	0.0209479613055839	0.00530583055610425	0.00346970180433414	0.029297366039886	-0.0391544266713472	-0.0318172430364481	-0.0117695387513386	-0.00557146706911529	-0.0221536227834073	-0.0101252997257173
0.0525197291025196	0.0535289550681657	-0.0319518494325101	-0.0310932518727484	0.0168634663881023	0.00165080205658698	0.0209476441902094	0.00530211597557258	0.00350271113994254	0.0292731325579444	-0.0391291510393204	-0.0318332957799191	-0.0117471017908575	-0.00557312528915707	-0.0221386736573188	-0.0101221076172123
0.0525368519357564	0.0535359302094197	-0.0319424603028548	-0.0311456206130231	0.0168596232850401	0.00164720482271371	0.0209446504534364	0.00529880931437722	0.00351006626085236	0.0292666966525253	-0.0391183761015089	-0.0318311709672118	-0.0117473462630625	-0.00557853301433123	-0.0221131018646779	-0.010123223807451
0.0525240821047523	0.0535256414220502	-0.0319482116861	-0.0311765400605249	0.0168417796080446	0.0016254272386941	0.020933780520711	0.00528201616937115	0.00352420793017243	0.0292932211882736	-0.0391045920601001	-0.0318152858618243	-0.0117309023640635	-0.00556099387985395	-0.0221038552273935	-0.010109775042209
0.0525674947804206	0.053566818923273	-0.0319379466474589	-0.0311733158213873	0.0168689202137494	0.00166562126316085	0.0209470183413647	0.00531418591757845	0.00349055179095885	0.0292812015376927	-0.0391373541295355	-0.0318373861491544	-0.0117606022445085	-0.00558418940266245	-0.0221320798927045	-0.0101389384807871
0.0525315140597837	0.0535452103743208	-0.0319774142402308	-0.0311305066428192	0.0168235070569524	0.00163487085072647	0.0209229063970335	0.00528669885983453	0.00348955155039448	0.0293258659110505	-0.0391164273087892	-0.0317975721043434	-0.0117661175374529	-0.00556071448304826	-0.0220964232723622	-0.0101149494710504
0.0525115721127775	0.0535475307647921	-0.0319940034255688	-0.0310439648792404	0.0168110976478276	0.00163989580227682	0.0209224104677034	0.00529152264568479	0.00347130833596686	0.0293476323191979	-0.0391461593198668	-0.0317937541469937	-0.0117725366790636	-0.00555432607508613	-0.0221241212746944	-0.0101141042957132
0.0525248797826326	0.0535662699085498	-0.0319994712210561	-0.0309968390200244	0.0168331224980202	0.00166804503045023	0.0209249893002199	0.0053119158185322	0.00343859376398846	0.0293593977186856	-0.039179209168012	-0.0318002724744704	-0.0117978081201384	-0.00556594060029872	-0.0221484762942465	-0.0101391969228324
0.0524651754792244	0.0535417919544032	-0.0320562697976851	-0.0308783999201238	0.0167843481976507	0.00164276241350322	0.0209010701396847	0.00528978479755339	0.00342924794083809	0.0294053054078287	-0.0391671643717187	-0.0317681334599118	-0.0117982579489956	-0.00553605911193003	-0.0221411253642887	-0.0101140763560327
0.0524405717965152	0.0535426245568841	-0.0320806052594608	-0.030774481072215	0.0167833479570863	0.00165119460909898	0.0209026179979882	0.00529884284199391	0.00339550239464669	0.0294431524991277	-0.0392102752988369	-0.0317610870724722	-0.0118095399920094	-0.0055279621925011	-0.0221791177419266	-0.0101147860239191
0.0524107811121084	0.0535303576401302	-0.032102215205397	-0.0306946364500685	0.0167669906710971	0.00163727366325541	0.0208914686684571	0.00528818525084081	0.00338518007966042	0.0294653743240683	-0.0392133332968752	-0.0317437155760784	-0.0118163977866051	-0.00551749738514393	-0.0221828239405541	-0.0101049917688956
0.0524080178777001	0.0535293601935339	-0.0321014915676703	-0.030660295788681	0.016773123430982	0.00164490399001884	0.0208957015300633	0.00529121111824645	0.00338391441213064	0.0294536033366446	-0.0392219526883307	-0.0317493621855214	-0.0118143106924666	-0.00552122174456379	-0.0221973888960348	-0.0101138123260513
0.0524136030198458	0.0535301397106218	-0.0320983651174146	-0.0306536601145458	0.0167842741574972	0.00165013150425333	0.0208963022331956	0.00529449403071332	0.00338026828381637	0.0294388930948249	-0.0392194073834309	-0.0317530530173246	-0.0118254223034289	-0.00552857826245765	-0.0221939048178679	-0.010115715018298
0.0523947493233978	0.0535056757263155	-0.0320810760430784	-0.0306990676834068	0.0167885768683048	0.0016421184038661	0.0209006049440032	0.00529032543037241	0.00341657869268401	0.029425739093213	-0.039207974466142	-0.0317619378357456	-0.011785021525326	-0.00551265264453324	-0.0222145466538723	-0.0101020916300525
0.0524226303306377	0.0535184693060481	-0.0320560784108732	-0.0307456626886919	0.0168044773405167	0.00164337848345977	0.0209085705469335	0.00529013264657648	0.00341698940598838	0.0293977630910591	-0.0391968349154991	-0.0317681432388	-0.0117994747220844	-0.00553852758270831	-0.0221819494285523	-0.0101157401640105
0.0524343999210775	0.0535126927770904	-0.0320418948320323	-0.0308143817300357	0.0168068591982852	0.00164010534988109	0.0209130981721697	0.00529027932989947	0.00344648392978119	0.0293652315239884	-0.0391754987784325	-0.0317796865178271	-0.0117734670704266	-0.005539543190097	-0.0221732196753585	-0.0101114584079633
0.0524622334308604	0.0535190909639407	-0.0320102838774364	-0.0309049007071436	0.0168319210917558	0.00164489421113064	0.0209245925567558	0.0052983762493284	0.00346043700625741	0.0293437794372474	-0.0391724757049949	-0.0317978081946442	-0.0117627326451519	-0.00554818772726509	-0.0221740187502228	-0.0101149173404178
0.052507717833843	0.053530690122329	-0.0319652018058541	-0.0310481991378306	0.0168595464509185	0.00165696275615248	0.0209411314506687	0.00530794139897124	0.00349885825799206	0.0292835847924453	-0.0391472196307444	-0.0318265539349978	-0.0117353084516893	-0.00556651755470247	-0.0221711144204276	-0.010126318127074
0.0525220620658472	0.0535273764762135	-0.0319481530127708	-0.0311424843838792	0.0168590491246044	0.00164616127564445	0.0209434057406671	0.00529892805801964	0.00352252316743411	0.0292689388118909	-0.0391151504653872	-0.0318269842060786	-0.0117244510918201	-0.00556804306126155	-0.0221446778946731	-0.0101185006044508
0.0525413180936954	0.0535415810098149	-0.0319449455374414	-0.0311730950979108	0.0168572274574312	0.00164887701259577	0.0209446015589954	0.00530030269030364	0.00351527002635837	0.0292698440575414	-0.0391094172429344	-0.03182312853016	-0.0117400861370666	-0.00558068297275102	-0.0221182246051102	-0.0101294417833616
0.0525338120985105	0.0535368689826869	-0.031949881082014	-0.0311859878635094	0.0168368468574401	0.00163041866262777	0.0209319099590969	0.0052818666920801	0.00352649479302702	0.0292896518940809	-0.0390993547669774	-0.0318112332111577	-0.0117302471785542	-0.00556775947350377	-0.0221062622308746	-0.0101171441329591
0.0525431732884852	0.0535496276378188	-0.031957686031781	-0.0311655625600293	0.0168385190473222	0.00164132212296988	0.0209287765239211	0.00529122788205479	0.00351133611933423	0.0293034163777132	-0.039118089719783	-0.0318132937625997	-0.0117430142155903	-0.00556906006563426	-0.0221170176109097	-0.0101236750332922
0.0525153104420376	0.0535392438555352	-0.0319918297184205	-0.0311083993705689	0.0168107903113413	0.00162695973017331	0.0209116201630676	0.00528093350674909	0.00349842658992726	0.0293394795204079	-0.0391161800426161	-0.0317831985356746	-0.0117556778758082	-0.00555470046680576	-0.022101227500436	-0.0101115506089092
0.0525150561909445	0.0535561333924393	-0.0319992141759949	-0.0310294390393125	0.0168121900893378	0.00164270932811014	0.0209142045835202	0.00529335269476207	0.00346122490524946	0.0293601465021248	-0.0391513924220374	-0.031784883298413	-0.0117813684120915	-0.00556045324703494	-0.0221263592431079	-0.0101219078484962
0.0525135781818423	0.0535638643020528	-0.0320028379525647	-0.0309796644983786	0.0168271406124104	0.00166628762454243	0.0209213990512668	0.00530917493586837	0.00344459241340666	0.029361037777935	-0.0391773008878292	-0.0317970230896202	-0.0117855509822727	-0.0055638535061602	-0.0221699255870194	-0.0101309183954797
0.0524531167130907	0.0535401714529301	-0.0320680156393964	-0.0308420224560228	0.0167756645449298	0.00163222356599254	0.0208911794927632	0.00527783779014203	0.003419916087528	0.0294283165287455	-0.039171891765671	-0.031749145652997	-0.0118030300464368	-0.00553459507266821	-0.0221382755168707	-0.0101114500260592
0.0524326006056488	0.0535418059242434	-0.032093426778874	-0.0307277128409103	0.0167653184812151	0.00163966949086421	0.0208833815279164	0.00528266856091244	0.00339012400613713	0.029454068532326	-0.0392034496348738	-0.0317416103211475	-0.0118211321654775	-0.00553177595889878	-0.0221557964905556	-0.010114732938526
0.0524284054626114	0.0535452550778097	-0.0320976666254004	-0.0306721841227632	0.0167760095999848	0.00165299811547972	0.020885131948904	0.00529713712449516	0.00337555765367241	0.0294513933079115	-0.0392238944961303	-0.0317499405369092	-0.0118258861021264	-0.00553165721525636	-0.0221933851398093	-0.0101172740524738
0.0523924792243515	0.0535144026855412	-0.0321099670697709	-0.0306587800610101	0.0167635526934031	0.00163510973499533	0.0208788217720475	0.00528291443010144	0.00340058462254221	0.0294558790236269	-0.0392083223151651	-0.031745119545027	-0.011800389746623	-0.00551201701680029	-0.0221948002846301	-0.0100943481475828
0.0524281861361189	0.0535413253617377	-0.032085816009887	-0.0306619875363395	0.016797963203992	0.00166601102170479	0.0208941215411271	0.00530373508006156	0.00338003219351556	0.0294181157513697	-0.0392281594883692	-0.0317679518519881	-0.0118213445070499	-0.00554142073663125	-0.0222070155129749	-0.0101157946463877
0.0524104430419735	0.0535128087267648	-0.0320732054350621	-0.0307198743635266	0.0167936088047753	0.00164194238387851	0.0208910188395999	0.00528789188419483	0.00342107418728759	0.0294139178143642	-0.0391988298086917	-0.0317620691522442	-0.0117867174639365	-0.00552357985360383	-0.0222042620574548	-0.0101041675483188
0.0524115284985636	0.0535007513576152	-0.0320559149637419	-0.030786559396125	0.0167998798660791	0.00162939327635089	0.0208981616189374	0.0052801484017251	0.00344625482440052	0.029391869215443	-0.0391757502355576	-0.0317671974806127	-0.0117707233937947	-0.00552654006276013	-0.0221754827894846	-0.0100998187370382
0.0524354043525939	0.0535098527085605	-0.0320349671882352	-0.0308274812492706	0.0168087800513244	0.00163456072027215	0.020902949083203	0.00528142664211114	0.00344851654154259	0.0293612291647469	-0.0391666041811233	-0.0317753740281312	-0.0117742060749776	-0.00554312086619388	-0.0221538197581553	-0.0101071459182675
0.0524772090996455	0.0535216167110642	-0.0319835735428123	-0.0309478384082423	0.0168469414640297	0.00164938691176616	0.0209231620451107	0.00529748217955019	0.00346926594531726	0.0293202206985916	-0.0391676030247036	-0.0318029267441245	-0.0117602068980285	-0.0055597882826374	-0.0221654133286075	-0.0101179348259193
0.0525318633057908	0.0535445984953163	-0.0319448561304636	-0.0310639962332244	0.0168824625769213	0.00167064761169524	0.0209488260386975	0.00531764764400096	0.00348167535444204	0.0292576400050688	-0.0391519526126328	-0.031835153768677	-0.0117604932797543	-0.00558756731004326	-0.0221571836956958	-0.0101341580014417
0.0524978369658097	0.053501184422664	-0.0319534908887435	-0.0311506385796533	0.0168415295479035	0.0016186281174276	0.0209354527105931	0.00527510528938237	0.00353976055336124	0.0292780625145808	-0.0390956108497811	-0.0318128760643752	-0.0117144556710965	-0.00555509721026984	-0.022111928398094	-0.0100934624597087
0.0525390060851283	0.0535353797977125	-0.0319403955604608	-0.031162353687716	0.0168578211756433	0.00163858543125813	0.0209421107364727	0.00528940761186571	0.00350788417179991	0.0292714659559984	-0.039112489210813	-0.0318195173264465	-0.0117479190265142	-0.00557827876323805	-0.0221003529884342	-0.0101203544022565
0.0525288569961616	0.0535312209762598	-0.0319512599052501	-0.0311648808318234	0.0168370326563159	0.00162050147300976	0.0209269101532591	0.0052700943076723	0.00351769519063177	0.0292920505156577	-0.0391046451454932	-0.0318060182697795	-0.0117398514437498	-0.00556444443040424	-0.0220889102922571	-0.0101043519502106
0.0525525107297314	0.0535556570208856	-0.0319446158492107	-0.0311526935431592	0.0168612228317526	0.00165752154976386	0.0209384715930786	0.00529989477096733	0.0034952372753903	0.0292916761239381	-0.0391381224707511	-0.0318265315832533	-0.0117474230971841	-0.00557702287459647	-0.0221337199519539	-0.010132062525399
0.0525414214705135	0.0535587611193968	-0.0319734300417817	-0.0310970404934335	0.0168477195841336	0.00166268200876498	0.0209346466508086	0.00530787154976982	0.00346733950434202	0.0293196577140281	-0.0391498822823027	-0.0318154479119716	-0.0117708952228302	-0.00556989546208328	-0.0221370755075902	-0.0101264326797644
0.0524947873496756	0.0535292484348116	-0.0320064295985019	-0.0310290995721936	0.0168071651377875	0.0016302188939117	0.0209136946843499	0.00528336565594264	0.00346567709334815	0.0293757298589623	-0.0391430510304035	-0.0317787323777357	-0.0117689366512223	-0.00554149477678476	-0.0221271597149563	-0.0101049833869914
0.0524972097199809	0.0535530390728163	-0.0320246602400732	-0.0309233450872713	0.0168098110255374	0.0016532719243493	0.0209139712871875	0.00530118837817769	0.00343343190800332	0.0293712678919754	-0.0391745139046924	-0.0317850048360234	-0.0118008465604003	-0.00556242997943521	-0.0221358908651341	-0.0101264997349977
0.0524544592147421	0.0535406422365477	-0.0320651755708665	-0.0308143495994031	0.0167866630001858	0.00165032987598537	0.0208975287851726	0.00529431242278962	0.00340695347272795	0.0294291225885299	-0.0391997629940227	-0.0317613259567411	-0.0118047944372647	-0.00553743234723	-0.022164112736477	-0.0101130579546759
0.0524248822688916	0.0535310477502403	-0.0320915562172599	-0.030718667369326	0.0167732463655765	0.00164574218043591	0.0208896553831882	0.00529050703829611	0.00338781479153809	0.0294571237363963	-0.0392162641693669	-0.0317448806607581	-0.0118145677375278	-0.00552471979257105	-0.0221790492897092	-0.010110314278044
0.0524076937774055	0.053520922410002	-0.0320934114120497	-0.0306785236362843	0.0167764426650337	0.00165007841886024	0.0208929410896231	0.00529238458483035	0.00338663014908196	0.0294569225706962	-0.0392246907770265	-0.0317512732596723	-0.0118054705775345	-0.00551881893203485	-0.022206184307478	-0.0101056427634529
0.052382390205698	0.0535015867540642	-0.0321039851841611	-0.0306622529633049	0.0167673888115452	0.00163532487053571	0.0208952642740624	0.00528462713252033	0.00339458597312402	0.0294524061213322	-0.0392113481825707	-0.0317426245315521	-0.0117980288436149	-0.00551117603241516	-0.0221901148001987	-0.0100940436050646
0.0524164542642479	0.0535236255740971	-0.0320821028263393	-0.0306661645185846	0.016799485916583	0.00165698371091291	0.0209129892074155	0.00530078744376152	0.00337654811534859	0.0294148328389028	-0.0392240216216769	-0.0317625846393507	-0.0118206041055148	-0.00554079209381844	-0.0221894218961205	-0.0101160153698642
0.0524266466597195	0.0535224185798965	-0.0320556383609043	-0.0307268271530363	0.0168175237743585	0.00165939769931408	0.020919247695863	0.00529864167629381	0.00340605241802959	0.0293876307659007	-0.03921897012743	-0.0317863221919623	-0.0117924632592455	-0.00553784166355034	-0.022211930102787	-0.01010756641046
0.0524394109027876	0.0535121158226867	-0.0320325923153868	-0.0308195631437973	0.0168282093051921	0.00165707451487476	0.0209261334301392	0.00530342634659127	0.00343730155376214	0.0293592901509154	-0.0391912525673214	-0.0317943897747266	-0.011769707786406	-0.00554467990036964	-0.0221987411765744	-0.0101120353623671
0.0524431254833192	0.0535072920368364	-0.0320314928889564	-0.0308601497207761	0.0168187587082396	0.00163541986544965	0.0209224495832562	0.00528579501116812	0.00344059145114916	0.0293571709261442	-0.0391596653614539	-0.0317776441271775	-0.0117820864618822	-0.00555111301182068	-0.0221465903658081	-0.0101018611276878
0.0524695955366904	0.0535042130840377	-0.0319844815824308	-0.0310015859717531	0.0168423230348316	0.00163383847952944	0.0209293395084845	0.00528743227644947	0.0034950458885784	0.029312584783892	-0.0391439688489102	-0.0318038124319985	-0.0117288166669091	-0.00555300732216327	-0.0221567101181102	-0.0101019896502184
0.0524994253366501	0.0535112664563974	-0.0319559034801607	-0.0311063583769033	0.0168540702735269	0.00163353812796332	0.0209368399157333	0.00528637196557187	0.00351796899950135	0.029278957981343	-0.0391182294181859	-0.0318152886557923	-0.0117211374457046	-0.00556466235991268	-0.0221318871089086	-0.0101049722111192
0.0525322418884625	0.053530493147581	-0.031943158794869	-0.0311535834219853	0.0168656750198513	0.00164409234229831	0.0209411356416208	0.00529692617990686	0.00351189351596159	0.0292632935994319	-0.0391143360236986	-0.0318261474126455	-0.0117408251416177	-0.00558039379705713	-0.0221095088217567	-0.0101177979214845
0.052530055608458	0.0535279045361763	-0.0319392206968928	-0.0311873527169052	0.016856872623488	0.00163531229767946	0.0209370941668265	0.00528740852772099	0.0035204360732956	0.029283324953416	-0.0391104873327002	-0.0318183871663674	-0.0117281922150483	-0.00556934784434412	-0.022114042034929	-0.0101113787798737
0.0524981596691203	0.0535095984574674	-0.031968143854218	-0.0311571555101461	0.0168124597072553	0.00159709081466088	0.020917335224728	0.00525582551280564	0.00352244773029657	0.0293234686864577	-0.0390839781637762	-0.0317810150496382	-0.0117330425435951	-0.00555446158253689	-0.0220641752930493	-0.0100944138058321
0.0525572954000289	0.0535661413860192	-0.0319505600162518	-0.0311266076603958	0.016865560467161	0.00166869881897554	0.0209443514988543	0.00531232373786851	0.00347123289882932	0.0292964384424911	-0.039152157969285	-0.0318227750932008	-0.0117683876364991	-0.00559181833244185	-0.0221275047700113	-0.0101422311721422
0.052499028593186	0.0535302263236316	-0.0319929123810425	-0.0310626774803016	0.0168174413523008	0.00163106267226489	0.0209206181371949	0.00528215307380593	0.00347921666255195	0.0293523666980704	-0.039136351095003	-0.0317845494192302	-0.0117572299250638	-0.00554965875144706	-0.0221206832970003	-0.0101080511639179
0.0524936110891236	0.0535398068400987	-0.0320114727108446	-0.0309803867391213	0.0168094310458816	0.00163069666244944	0.0209152676883659	0.00528375401750255	0.00344735704479897	0.029375715889122	-0.0391528997678041	-0.0317711467544611	-0.0117848874148592	-0.00555934543870037	-0.0221170930480472	-0.0101184084035049
0.0524872017264011	0.0535531564194746	-0.0320351599720311	-0.0308854756442279	0.0168091237093954	0.00165651851523143	0.0209151391658353	0.00529978580621311	0.00342147931265584	0.0293862491486966	-0.0391853042093282	-0.0317758350328606	-0.0117974882107959	-0.00555893751936407	-0.0221582146699088	-0.0101322385453866
0.0524347254183561	0.0535299161931772	-0.0320788743962496	-0.0307842390056537	0.0167799379190729	0.00164005086750398	0.0208989397390413	0.00528785556261009	0.0034050563684173	0.0294443692722165	-0.0391987096680653	-0.0317480015230777	-0.0117977731955377	-0.00552909235258012	-0.0221726930123798	-0.0101114681868515
0.0524173245852977	0.05352641814517	-0.0320961858223302	-0.0307010346369189	0.0167743164553423	0.00163934678755364	0.0208924018537881	0.00528806790418242	0.00338340870391234	0.0294631782651756	-0.0392174739575355	-0.0317371273994002	-0.0118130282611285	-0.00552814240344077	-0.0221802367261334	-0.0101112334935347
0.0524076253251881	0.0535213233444182	-0.0320958715009238	-0.0306703219430532	0.0167794811052955	0.00164406440261774	0.0208960912886073	0.00529099737969009	0.00338414770846339	0.0294526072870323	-0.0392216746885091	-0.031740702281529	-0.011810009378643	-0.00552773867505654	-0.022195680384568	-0.01011433898903
0.0524011530981842	0.0535139793993806	-0.0320957052598244	-0.030664813635029	0.0167855705586756	0.00164226369020506	0.0208945140936391	0.00528763204516554	0.00338746554553098	0.0294428940570824	-0.0392155628833846	-0.0317428382701085	-0.0118057527683083	-0.00552549372172281	-0.0221950224050906	-0.0101102835443954
0.0523914943506115	0.0534989115296497	-0.0320831910768975	-0.0306927561095662	0.016787311200775	0.00163439308218873	0.0208965453084165	0.00527949321621575	0.00341044034486298	0.0294294802164412	-0.0392031828109244	-0.0317465291019117	-0.0117819956579203	-0.0055205791319107	-0.0221990261613162	-0.0101008091987144
0.0524223425519279	0.0535145158412475	-0.0320506441430025	-0.0307413236562996	0.0168131973148224	0.00164610819025137	0.0209079251403123	0.00528756498993218	0.00341299123769894	0.0293943460681255	-0.0391989108337654	-0.0317650782558415	-0.0117928334600131	-0.00554303984112023	-0.0221912226085332	-0.0101159385357426
0.0524619805767513	0.0535334561507054	-0.0320205056095726	-0.0308254695922696	0.0168431793860411	0.00167251398235726	0.0209230656532127	0.00530961219186928	0.00342951755875558	0.0293446218186166	-0.0391954602832151	-0.0317970552202529	-0.0117816268541368	-0.00556095755826921	-0.0222093638431268	-0.0101275083574663
