0.0525328817071476	0.0536803308605052	-0.0317453095348548	-0.0308342971343454	0.0167232636740224	0.0014760658973236	0.0209245869688197	0.00511573455744798	0.00340209336529295	0.0294467259842725	-0.0392833682971738	-0.0319259116300537	-0.0120105073203751	-0.0055174373148307	-0.0220526320140221	-0.00993221976917622
0.0524899412120809	0.0536450570137867	-0.0317608914947082	-0.0308111658728022	0.0166992998099982	0.00144725170475265	0.0209112625351563	0.0050924859492464	0.0034324442402952	0.0294662362632139	-0.0392610640501754	-0.031908301249391	-0.0119799105761839	-0.00549687650389987	-0.0220500196538889	-0.00991574932748071
0.0524969540719037	0.0536547520829442	-0.0317536998209298	-0.0307899596552503	0.01671538747807	0.00146092538442318	0.0209155037786667	0.00510139870734795	0.00342010048941976	0.0294449965180453	-0.0392698538736825	-0.0319169346106869	-0.0119959870683833	-0.005510628414676	-0.0220468512941124	-0.00992610377309964
0.0524952260026605	0.0536462067316421	-0.0317403628144101	-0.0308107314107694	0.0167226224583533	0.00145957729483572	0.0209221352618498	0.00510561620212987	0.00343390688257299	0.0294250294253265	-0.0392637364806219	-0.0319248988166331	-0.0119830970967528	-0.00551155182111881	-0.0220522674011907	-0.00992367441787415
0.0525196173437974	0.0536558682731829	-0.0317135351331276	-0.0308635653467256	0.0167496513053359	0.00146756245554238	0.0209323108935131	0.00511530009541513	0.00344249554037995	0.0293939437367253	-0.0392601769653174	-0.0319444510050954	-0.0119805881134377	-0.00552898059385784	-0.0220500936940424	-0.00993535879228816
0.0525231670802137	0.0536433024018469	-0.0317027657832522	-0.0309361009484352	0.0167481942509942	0.00145481777025077	0.020938051100886	0.00510856802938199	0.0034769800911224	0.0293668939349823	-0.0392266982430754	-0.0319507583879838	-0.0119581288012122	-0.00552840363945408	-0.0220306295155739	-0.00992648934069149
0.0525621876380965	0.053661468782153	-0.0316683273329827	-0.0310223395664799	0.0167800622506514	0.00147019018249991	0.020959994926005	0.00512476745617598	0.00347856147704261	0.0293401333089332	-0.0392332528921369	-0.0319730710168864	-0.0119569944501811	-0.00554349665489753	-0.0220420121414378	-0.00993787196655535
0.05255735127939	0.0536317772836122	-0.031643994665175	-0.0311569501534939	0.0167703085081647	0.00143993989034771	0.0209571702242995	0.00509523241984635	0.00354542951454872	0.0293164320779064	-0.0391801088257264	-0.0319727217708792	-0.011905593819838	-0.00552987047268396	-0.0220104822119155	-0.00991391927840344
0.0525991015440645	0.0536523827980319	-0.0316108945256048	-0.0312459799456274	0.0167943338394861	0.00145314697735274	0.0209664657560248	0.00510667371903941	0.00354893594446015	0.0292790795189535	-0.0391732272824022	-0.0319888401725996	-0.0119128832824985	-0.00555059333376209	-0.0219870156742055	-0.00993068588071297
0.0526359805254317	0.0536758730844704	-0.0315951602944923	-0.031298485590337	0.0168074082130084	0.00146559550203031	0.0209762991266011	0.0051173117524161	0.00354182669273933	0.0292656447235518	-0.0391727592927527	-0.032004420735469	-0.0119269439267449	-0.0055680067396768	-0.0219781434286408	-0.00994201961213584
0.0525925748346835	0.0536423021612826	-0.0316168400896299	-0.0313044074056336	0.0167629072867819	0.00141756300017989	0.020956362767531	0.00507609653262455	0.00356721967142459	0.0293052981151996	-0.0391402361075862	-0.0319680754020006	-0.0119041884539054	-0.00553740580453346	-0.0219411498945832	-0.00990802121183529
0.052612136802034	0.0536660215531017	-0.0316222003173471	-0.0312760835544567	0.0167681194341921	0.00142793840055924	0.0209611949352854	0.0050854214010145	0.00353894890564071	0.0293146900388229	-0.0391585156435985	-0.0319649196150803	-0.0119306487283884	-0.00555789816324689	-0.0219252759650679	-0.0099389294834649
0.0526192334808986	0.0536829306477822	-0.0316303698799455	-0.0312416506921233	0.0167701646188098	0.00145072600403142	0.020957786294256	0.00510440920792928	0.00352121279641542	0.0293223902147877	-0.0391861088721286	-0.031974430282346	-0.0119380359799309	-0.00555690351061863	-0.021959105330301	-0.00994224871751651
0.0525919140612381	0.0536770689027988	-0.0316558341048162	-0.0311681413925459	0.0167473602515292	0.00144376902356971	0.0209429391480016	0.00510230255601437	0.0035064103536499	0.0293597790953254	-0.0391994137480156	-0.0319568450473958	-0.0119458870301708	-0.00553493733375518	-0.0219793392469691	-0.00993114548845834
0.0526046014701845	0.053699121692672	-0.0316723380741284	-0.031104380247519	0.0167507940382712	0.00146334076980838	0.0209390415625622	0.00511503466844972	0.00347034860793932	0.0293694713705148	-0.0392208798045969	-0.0319532995019316	-0.0119810770578476	-0.00554831205884362	-0.0219900988179563	-0.00994136861757858
0.0525309566631564	0.0536598762203605	-0.0317270509536029	-0.0309961936134033	0.0167018255571217	0.00143625464648064	0.0209162246224254	0.00509192715563502	0.00347752770886155	0.029424662018527	-0.0392169193548762	-0.0319236568978318	-0.0119588999363959	-0.00550179388768004	-0.0220038633015887	-0.00991087664718946
0.0525433311476804	0.053688567478337	-0.0317367823443451	-0.0308796152962286	0.0167245265475841	0.00147223257314951	0.0209225417842021	0.00512135602117849	0.00341632025063875	0.0294357624536171	-0.0392692084670613	-0.0319304155065615	-0.0120079033421461	-0.00552674681639633	-0.0220329736547737	-0.00994099282887493
0.0524909987289904	0.0536545411383559	-0.0317652430999569	-0.0308127905652273	0.0166904331523696	0.00144703517222824	0.0209093696217978	0.00509962314064779	0.0034255221844342	0.029466533820812	-0.0392613699896777	-0.0319073778429482	-0.0119915264983805	-0.00549908234168081	-0.0220337853024942	-0.00991288131927029
0.0525108973694917	0.0536730092672121	-0.031752631128148	-0.0307770892413961	0.0167197865807756	0.00147323700466597	0.0209280389163541	0.00512385801957345	0.0034018796267366	0.0294382197485232	-0.0392833138147967	-0.0319280029151443	-0.012011481018243	-0.00552435657672365	-0.0220556397206354	-0.00993641211824562
0.0524887370118483	0.0536490160665233	-0.0317533785146032	-0.0307980649565834	0.0167203579472432	0.00146088906283844	0.020929459649111	0.00511551104000342	0.00342484744114845	0.0294358406847227	-0.0392702031196896	-0.0319260457405205	-0.0119839310962178	-0.00550652966353651	-0.0220677641450184	-0.00991874166726967
0.0524763946579569	0.0536311975352404	-0.0317484429700307	-0.0308103626069859	0.0167124635904984	0.00144063419140985	0.020933434068672	0.00510001709014381	0.00344357401204991	0.0294211961011524	-0.039252303563333	-0.0319194338151138	-0.0119729829323867	-0.00550331520328703	-0.0220478976351497	-0.00990417252083689
0.0525261552290505	0.0536579805130339	-0.0317075783932302	-0.0308893480839548	0.016754959844644	0.00146629958198066	0.0209535562266178	0.00511814994283318	0.00344726763782115	0.0293792251130015	-0.039257215359177	-0.0319526652711827	-0.0119773359346194	-0.00553346211862113	-0.0220560504339397	-0.00992993849425775
0.0525163330343465	0.0536346578646788	-0.0317017320150711	-0.0309517192298733	0.016743125992939	0.00144264165745874	0.0209525853227181	0.00510522085564981	0.00348109840003829	0.0293633902990389	-0.0392169472945568	-0.0319420132679657	-0.0119550833760301	-0.00552985091490757	-0.0220230913897564	-0.00991861593870711
0.0525612348949891	0.0536557998209655	-0.0316607864131971	-0.0310445264668198	0.0167772096092653	0.00145732395959782	0.0209665523690346	0.00511478460830863	0.00348109560607023	0.0293326315047004	-0.0392205040158932	-0.0319647254343004	-0.011957433103166	-0.00554914326434055	-0.0220175956545884	-0.00993191802062607
0.0525877999432743	0.0536554980724154	-0.0316279628764645	-0.0311645218069281	0.0167900953899438	0.00145422824299076	0.0209733808269657	0.00511119715332355	0.00352782192785405	0.0292837147119599	-0.0391911226478067	-0.0319881388866173	-0.0119280964385684	-0.00555308834723691	-0.0220040840250652	-0.00992672124004021
0.0526070699409628	0.0536561490669726	-0.0316113750881106	-0.0312518249268025	0.016788779430989	0.00144681025779966	0.0209773845831912	0.00510529908675541	0.00354970707964385	0.029272966316845	-0.0391693716064836	-0.0319905053775615	-0.011918504746229	-0.00555704181203745	-0.0219803660302301	-0.00992517617570474
0.0526091458592291	0.0536534864154144	-0.0316172340391259	-0.0312819355205519	0.0167725269188019	0.00143254705086911	0.0209656694751286	0.00509137115599169	0.00355643216075684	0.0292844746712714	-0.0391510906734873	-0.0319770524213675	-0.0119164288279627	-0.00555335656817038	-0.0219496128238276	-0.00991894283296977
0.0526448248313159	0.0536836892101096	-0.0316019175062379	-0.0312947374821886	0.016790056274391	0.00145295978149292	0.0209704136328892	0.00510367020337823	0.00354065741710751	0.0292789817300715	-0.0391711793038165	-0.0319920001504719	-0.0119296331209997	-0.00556810313157477	-0.0219667510238887	-0.00994093136157767
0.0526229606342865	0.0536712798009848	-0.031623915813734	-0.0312766591118764	0.0167647052052266	0.00143782345954459	0.0209572219127085	0.00509579819837787	0.00354284369711205	0.0293121028244022	-0.0391664896284329	-0.0319732735795705	-0.0119255692944609	-0.00555047179615161	-0.0219611449269825	-0.0099272115814342
0.0526521338517527	0.0537057727336315	-0.0316300136490182	-0.0312281292837118	0.016789519832524	0.00148273230510739	0.0209694301561332	0.00513393446537071	0.00349416578864047	0.029306742596685	-0.0392078138129787	-0.031989206182415	-0.0119649488772391	-0.00557159000370979	-0.0219908462044115	-0.00995188371636077
0.0525956970939871	0.0536721124034658	-0.0316640316070952	-0.0311570716911044	0.016747544653421	0.0014502342656534	0.0209493820383408	0.00510952775740954	0.00349749759554834	0.0293641879769192	-0.0392038785089706	-0.0319569288664375	-0.0119544198086166	-0.0055365634231643	-0.0219910236213831	-0.00992226625797346
0.0526001506790698	0.0536897535177771	-0.0316788452257329	-0.031083662974377	0.0167534063984044	0.00146479083922992	0.0209492982192991	0.0051179152495164	0.00346866943313711	0.029365355855567	-0.0392218884270654	-0.0319529670197328	-0.0119772577035138	-0.00555124293133532	-0.02199931053064	-0.00994416537960355
0.0525622658692021	0.0536779755454332	-0.0317233461519594	-0.0309697347359043	0.0167281950276428	0.0014624676547906	0.0209353297759986	0.00511384862900956	0.00344524620193198	0.0294181967764433	-0.0392446858094258	-0.0319374982155857	-0.0119853699897671	-0.0055255817317166	-0.022026801779336	-0.00993050706675733
0.052506983020244	0.0536512358741445	-0.0317577301198518	-0.0308696953126425	0.0166959568272182	0.00143879017249229	0.0209149827036241	0.00509929065844901	0.00343638792620753	0.0294614627687887	-0.0392465256373913	-0.03190717388328	-0.0119832759107084	-0.00550135942564719	-0.0220302509329022	-0.00990907872874483
0.0525058947696858	0.053662351676059	-0.0317595783297215	-0.0307979839315097	0.0167032951843196	0.00144999538138454	0.0209196835548799	0.00511058527431909	0.00341084686721526	0.029455635948406	-0.0392662999463141	-0.0319074574710378	-0.0120068723679331	-0.00551936794675803	-0.0220361001050294	-0.00992462855796558
0.0525099208776559	0.0536676294817185	-0.0317578544514304	-0.0307784680646322	0.0167165972662386	0.00146656081799398	0.0209261683547399	0.00512330621088221	0.00340796628614858	0.0294357009863199	-0.0392753049053615	-0.031922095069688	-0.0120110269984337	-0.00552828349882764	-0.0220492177850566	-0.00993159950826758
0.0525033340979617	0.053654940675788	-0.0317512537018959	-0.0308048584899138	0.0167234438849621	0.00146404205579067	0.0209329032147411	0.00512181562892385	0.00342520646604377	0.0294214922617665	-0.0392704922953835	-0.0319287042011266	-0.0119882659376581	-0.00551806176669142	-0.0220640747101992	-0.00992146718310919
0.0524894718254473	0.0536366527578715	-0.0317385621019974	-0.0308404019545498	0.0167206233742086	0.00144334014947297	0.0209310438289993	0.00510730515582027	0.00345282903123844	0.0294117874137208	-0.0392457084017346	-0.0319275684531115	-0.0119714169132908	-0.00551198628315166	-0.0220497067294665	-0.0099077026994768
0.0525333538877492	0.0536595688838743	-0.0317051406561006	-0.0309086138906913	0.0167548494829058	0.00146786560107656	0.0209490872747108	0.00512729320329943	0.00345102412787367	0.0293680953412468	-0.0392446299300647	-0.0319529097433877	-0.011980262616159	-0.00554494951828713	-0.0220415427548042	-0.00993308869324192
0.0525319904313374	0.0536477671628019	-0.0316986586502085	-0.0309715787548219	0.0167492838985364	0.00145056535086815	0.0209457792165314	0.00511296573510358	0.00348093076195487	0.0293573441521638	-0.0392194171623191	-0.0319532003160656	-0.0119576650025147	-0.00553133730591384	-0.0220285340395312	-0.00991623547792262
0.0525518848808867	0.0536396995800375	-0.0316514950724238	-0.0310983341006439	0.0167726205167318	0.0014464540268724	0.0209593928258887	0.00511046373670861	0.00352047239488034	0.0293244437813096	-0.0392037695442163	-0.0319704544658011	-0.0119204255992682	-0.00553225233045248	-0.0220347687792502	-0.00991393185125969
0.0525894721331563	0.0536545551081962	-0.0316225355935139	-0.0311859613208129	0.0167837656553108	0.00144637858973486	0.020963184240542	0.00510819782861445	0.00353242219625976	0.0292827270442518	-0.039176754667074	-0.0319761625425413	-0.0119318333708445	-0.0055562441341572	-0.0219866091518532	-0.00992460201526904
0.052634964918043	0.0536777632038609	-0.0315974499513149	-0.0312657947670871	0.0168064149573642	0.00146475870859727	0.020974232987223	0.00512382868290885	0.00353394909980286	0.0292572306887484	-0.0391720985193072	-0.0319958250927419	-0.0119374813772716	-0.00557908063207038	-0.0219775497104287	-0.00994786319632688
0.0526437449626619	0.0536843751292676	-0.031597945880645	-0.0312970243450432	0.0167975147721189	0.00145784782860849	0.020966428037456	0.00511401207614089	0.00353812468506392	0.0292652731258003	-0.0391738461463268	-0.0319935270540151	-0.0119334399024773	-0.00556679136357205	-0.0219811301804936	-0.00992361574454495
0.0526270859281225	0.0536720299814081	-0.0316134649762171	-0.031303982722489	0.0167714680049083	0.00143403623584345	0.0209528311919071	0.00509312856189949	0.00355193107821716	0.0292947480918167	-0.0391468969274338	-0.0319696400241125	-0.0119256014250936	-0.00556013752864451	-0.0219471625138417	-0.0099303729562906
0.0526255757883878	0.0536813604377342	-0.0316267097817909	-0.0312634939343922	0.0167672756558389	0.00144336669216951	0.0209524162876506	0.00510257077694783	0.00353162312139548	0.0293108958302016	-0.0391704011837126	-0.0319666351114673	-0.011938779175434	-0.0055598818805673	-0.021959401490915	-0.00992978203204656
0.0526336601349604	0.0537016488367795	-0.0316415583250294	-0.0312002231307594	0.0167744659326334	0.00146962300698435	0.0209583101632667	0.0051255637370722	0.00349265704588974	0.0293196283773635	-0.0392032652329821	-0.0319718724045899	-0.0119666811374344	-0.00556777903128016	-0.0219836824703136	-0.0099404955025608
0.0525880248577028	0.0536751690045201	-0.0316759283230815	-0.0311453426132015	0.0167440074898609	0.00143934337816756	0.0209449284532581	0.00509959799493527	0.00349749200761223	0.0293704408774305	-0.0391983408642818	-0.0319433892972337	-0.0119574875855431	-0.0055371278047118	-0.0219830272848043	-0.0099183602906299
0.0525787363108976	0.0536874722428587	-0.0316934646635907	-0.0310488627052441	0.0167453136699276	0.00146478944224589	0.0209489615461482	0.00512041724791136	0.00347166316991009	0.0293713670778414	-0.0392285059404082	-0.0319546000940621	-0.0119713135364727	-0.00554572344743889	-0.0220129241399973	-0.00993332618052676
0.0525443998404622	0.0536812319152036	-0.0317306174538275	-0.0309352753308744	0.0167236729903427	0.00146489701001608	0.020934808700956	0.00511958604241443	0.00343544915294041	0.029425051777071	-0.0392548181345842	-0.0319300397178578	-0.0119981845242601	-0.00552587928931466	-0.0220295356770796	-0.009924747301608
0.0524962597708416	0.0536567623429611	-0.0317648994418859	-0.0308413700644815	0.0166975940924995	0.0014436460889752	0.0209187880881176	0.00510345367085381	0.00343192316525259	0.0294608648596245	-0.0392573159420271	-0.0319060283563767	-0.0119935074217328	-0.00550410310227908	-0.0220327710920895	-0.00990929665825327
0.0525047031423096	0.0536686031795863	-0.0317651956024999	-0.0307913300965822	0.0167137488158046	0.0014554869256004	0.0209196765699597	0.0051106006411434	0.00340802356249375	0.0294456600854588	-0.0392707996318697	-0.0319103701827371	-0.0120174293762361	-0.00551792206828857	-0.0220367552905387	-0.00991670067360409
0.052501534782533	0.0536632443488532	-0.0317592444505387	-0.0307940290697252	0.0167247514620127	0.00146570726075259	0.0209267676608882	0.0051177140838163	0.00342213310118116	0.0294306229493765	-0.0392781477678594	-0.0319261672781309	-0.0119966366659566	-0.00551818470128592	-0.0220593249645025	-0.00992074075141439
0.0524643819922962	0.0536288184714399	-0.0317627355136258	-0.0308062596648943	0.0167019931952051	0.00143005203739429	0.0209140006238521	0.00509243006988526	0.00345433777398917	0.0294325857119364	-0.0392426797403609	-0.0319081783147965	-0.0119659072082826	-0.00549943577864001	-0.0220361950999433	-0.00989720855545504
0.0525209710213209	0.0536641733432321	-0.0317172329498509	-0.0308490688434623	0.0167521896253156	0.00146938551969952	0.0209388278240058	0.0051221075985858	0.00343582494164407	0.0293815287396644	-0.03926472414833	-0.031944974874106	-0.0119893597761523	-0.00553741698040569	-0.0220500587694417	-0.00993217227171925
0.0525247512601019	0.0536511674219271	-0.0317026791702424	-0.0309294429225556	0.0167543381867514	0.00146102876124129	0.0209438821122208	0.00511721536051814	0.0034725963552411	0.0293542847571414	-0.039233160691191	-0.0319533316325643	-0.011964993580728	-0.00553569310211457	-0.0220379860334678	-0.00992197708227957
0.0525438633985953	0.0536543874701127	-0.0316861374823615	-0.0309935239769249	0.0167626097291839	0.00145470461454447	0.0209495608522965	0.00511448984467862	0.00347785041217213	0.029344496090054	-0.0392242185964249	-0.0319523467588242	-0.0119675402826119	-0.00554074319937744	-0.0220156328920284	-0.00992181922308436
0.0525791246724575	0.0536605244209497	-0.0316397897432494	-0.0311247608475102	0.0167924395291435	0.00145918753629178	0.0209653761084826	0.00511749755129189	0.00351977250588208	0.0292905739035396	-0.0392019660378356	-0.0319814138055043	-0.0119346482936619	-0.00555738267614039	-0.0220168049616283	-0.00992772986250876
0.052604331852267	0.0536637821877041	-0.0316102016215267	-0.0312346029076997	0.0168100024123493	0.00145960663150032	0.0209794744712978	0.00512160468433555	0.00354106813041188	0.0292623827658454	-0.0391823244423955	-0.0319965291726922	-0.0119244838378708	-0.00556331147635716	-0.0220029524680021	-0.00992784720916715
0.0526153303075231	0.0536659293521558	-0.0316066910006632	-0.0312848705839956	0.0167981126812831	0.00145060027546886	0.020973887932168	0.00511351474982676	0.00355396648394662	0.0292656251657754	-0.0391630334899465	-0.0319908057291276	-0.0119233425019196	-0.00556523232939629	-0.0219768665852388	-0.00992612472786006
0.052622299860841	0.0536673333211044	-0.0316017554560906	-0.0313089699554706	0.016791872353628	0.00144686334319274	0.0209704639243143	0.00510977781755064	0.0035571809441961	0.0292792555389411	-0.0391646693582439	-0.0319874571584114	-0.0119197480620143	-0.00556320251160294	-0.0219762449273461	-0.0099229996745884
0.0526335567581423	0.0536875532679323	-0.0316208522277596	-0.0312735284706686	0.0167844878960535	0.00144942541190093	0.0209600843329828	0.00511142346473616	0.00352800353577775	0.0292875173024854	-0.0391690586820613	-0.0319753285430763	-0.0119570615054144	-0.00557340328897873	-0.0219465925443581	-0.00992622670769414
0.0526323763066383	0.0536892785432075	-0.0316305039904122	-0.0312614096342217	0.0167876213312294	0.00146147719311442	0.02096603408796	0.0051276550221628	0.00352588431100658	0.0293011784092997	-0.039188634619252	-0.031983706256295	-0.0119427745497554	-0.00556378784791086	-0.0219837593044352	-0.00993692900233615
0.0525897794696426	0.0536704192588233	-0.0316638472052034	-0.0311898561122842	0.0167527581978152	0.00143832637379484	0.0209493652745325	0.00511069563605733	0.00351596572440454	0.029349597875726	-0.0391876455545599	-0.0319545092901003	-0.0119455629298762	-0.00554004470736321	-0.0219808479897199	-0.00991459402168918
0.0525827931525163	0.0536774474854705	-0.031680712993379	-0.0311201535941843	0.016748230572579	0.00144622631847576	0.0209457764225634	0.00511394641789155	0.00348951103785766	0.029364672730377	-0.0392046678049466	-0.0319472575460085	-0.0119681954681212	-0.00554698632100062	-0.0219798994375645	-0.00992073097252619
0.0525489665812512	0.0536746227837649	-0.0317227650066036	-0.0309988367071851	0.0167207518967392	0.00144655321273842	0.0209336980986533	0.00511396038773184	0.00346453575739691	0.0293976555232889	-0.0392232057830043	-0.0319327149422723	-0.0119834924432328	-0.00553266723470893	-0.0219902119736626	-0.00991685015089514
0.0525174995160102	0.0536670720850911	-0.0317562213771011	-0.0308826034450654	0.0167019582706044	0.00144329404900003	0.0209185254551203	0.00510784020070317	0.00343604147416848	0.0294415585403512	-0.0392482578975866	-0.0319100460824425	-0.0119993132873551	-0.00551996725290623	-0.0220035741258948	-0.00991380612269713
0.0525178110434486	0.053680369976058	-0.0317597096462202	-0.0308171589342843	0.0167181842400949	0.00146463856797082	0.0209222120959714	0.00512350737658231	0.00341502943739646	0.0294407524805668	-0.0392798199577415	-0.0319241961336668	-0.0120064672425648	-0.00552231558305807	-0.0220537775409255	-0.00991906017962816
0.052502810228951	0.0536709794494187	-0.031760830027411	-0.0308006661408444	0.0167213330420951	0.00146481458795841	0.0209262549677497	0.00512383985878108	0.00342213449816519	0.0294364134481744	-0.0392777887429641	-0.0319259200119579	-0.0119995856992406	-0.00551760215894606	-0.0220705217914905	-0.00991566550843901
0.0524783741843252	0.0536499408699502	-0.0317646801153934	-0.0307966931182674	0.0167137725645331	0.00144817930214754	0.0209239247983902	0.00511044557591624	0.00343518232899098	0.0294357373079046	-0.0392627069033929	-0.031915666149189	-0.0119865155166704	-0.00550770592408847	-0.0220557752280861	-0.00990581397707033
0.0524760509998859	0.0536408674586853	-0.0317516252996475	-0.0308161153872151	0.0167161208946849	0.00143910589088272	0.0209293353175325	0.00510613308622039	0.0034469407435585	0.0294201818907478	-0.0392523566487261	-0.0319172293743169	-0.0119786686573826	-0.00551154902715075	-0.0220432121507182	-0.00990397973704097
0.0525138352269036	0.0536597644616383	-0.0317189149186212	-0.0308733484258769	0.0167490994966447	0.00145695236184625	0.0209426220326271	0.00511906217340376	0.0034501468219038	0.0293785280179713	-0.039257018384429	-0.0319437511160971	-0.0119812293291067	-0.00553364512352885	-0.0220494385085331	-0.00991266478674588
0.0525352942985647	0.0536623139574902	-0.0316987522481385	-0.0309529862943871	0.0167665352543038	0.00146618502929032	0.0209560791797732	0.00512959124202624	0.00347618800117826	0.029342923086038	-0.0392365874930128	-0.0319635980681894	-0.0119636594609808	-0.0055461607034398	-0.022047716027226	-0.00992564975329039
0.0525486187322281	0.0536558123938218	-0.0316748330876032	-0.0310431951410407	0.0167705390105294	0.00144944636666135	0.0209536903370846	0.00511294198637509	0.00349259697557652	0.0293388802142596	-0.0392125342220109	-0.0319594154980082	-0.0119590298559105	-0.00554043586289118	-0.0220188347794217	-0.00991424756965012
0.0525771451460892	0.0536554603538466	-0.0316385729701606	-0.0311694098540437	0.0167897670986971	0.00145360937906616	0.0209626366228028	0.00511395340281169	0.00353927300593531	0.0292856662986477	-0.0391856171337506	-0.0319830133522169	-0.0119233508838237	-0.00554878982738135	-0.0220120566129156	-0.00991670067360409
0.0526040273097488	0.0536635894039082	-0.0316166081902812	-0.0312534593981158	0.0167921070469447	0.00145132251621157	0.0209589863035365	0.00511016897307861	0.00355381700665557	0.0292663250547737	-0.0391627582840929	-0.0319883400523174	-0.011923804903633	-0.0055572457717056	-0.0219823581294546	-0.00991576888525711
0.0526047858720763	0.0536615987016676	-0.0316125639215188	-0.031293872749075	0.0167841037254457	0.00144546496218025	0.0209575543949073	0.00511157573599526	0.00356170577546427	0.0292743702857936	-0.0391556965298291	-0.0319836475829658	-0.0119166537423913	-0.00555275446805411	-0.0219706025088552	-0.00991536795084095
0.0526411423814168	0.0536952730016736	-0.0316052199764812	-0.0312834442633026	0.0167956497984409	0.00146369420676758	0.0209680722876575	0.00512517816948034	0.00352427917635788	0.0292697113440587	-0.0391705925705245	-0.0319887088561009	-0.0119613893619346	-0.00558119566588946	-0.0219536920171907	-0.0099387576544294
0.052642624581471	0.0537005102947963	-0.0316150924626103	-0.0312730660689552	0.0167916111176146	0.00146917736907928	0.0209622901707638	0.00512782266024621	0.00352024049553162	0.0292853645500975	-0.0391828790450548	-0.0319879195601248	-0.0119587225194243	-0.00557401377099917	-0.0219714323173681	-0.00993651549506372
0.0526235585434507	0.0536936930127374	-0.0316434568263241	-0.0312392702313388	0.0167746237918286	0.00146580225566652	0.0209532153625149	0.00512411227066663	0.00351603836757402	0.029314891204523	-0.039189517513158	-0.0319750002518297	-0.0119545874467	-0.005555841802757	-0.0219834352041406	-0.0099248255327136
0.0525688065484234	0.0536616950935656	-0.0316796121699646	-0.031163778611425	0.0167339980992971	0.00143038451959306	0.0209356566702612	0.005094282470707	0.00351504231796173	0.0293708250480384	-0.0391842774260673	-0.0319391829783241	-0.0119461063566633	-0.00552250557288594	-0.0219751776315484	-0.00990005002096892
0.0525693262264819	0.0536775257165761	-0.0316931293874239	-0.0310604632606165	0.01673208143721	0.00144731037808184	0.0209426807059563	0.00510890609951688	0.00347707229206828	0.0293675896330285	-0.0392106692483329	-0.0319416137305336	-0.0119795836819212	-0.00554288477589307	-0.0219787259709806	-0.00991542243321806
0.0525593098509979	0.0536894140506582	-0.0317177414520373	-0.0309521495009541	0.0167383594834339	0.00147406262222679	0.0209480870341464	0.00513523366051718	0.00343705987552522	0.0293964205894078	-0.0392576777608905	-0.0319486573240051	-0.0120026311244227	-0.00553971362214847	-0.0220304283498738	-0.00992894803258157
0.052515183316491	0.0536704779321525	-0.0317557436085634	-0.030869228719977	0.0167133883939252	0.00146250257939131	0.0209341800581431	0.00512043261473568	0.00342219177451036	0.029438750602454	-0.0392629793152784	-0.0319218170698663	-0.0120063457049543	-0.00551142050462014	-0.0220418095787537	-0.00990776276979003
0.0525203675242207	0.0536824347184521	-0.0317585389736043	-0.0308085004272759	0.0167293237907378	0.00148033787448262	0.0209375984780608	0.00513556334874789	0.00339248490914523	0.0294379668944141	-0.0392820243985384	-0.0319217067081281	-0.0120313363522394	-0.00553469006758214	-0.0220461025106731	-0.00993317810021974
0.0524745855636401	0.0536470910225321	-0.031783757329286	-0.0307869812853016	0.0166997468448874	0.00144595530357424	0.0209229972009954	0.00510544996103048	0.00343029847282749	0.0294476619635715	-0.0392581359716518	-0.0319066695720458	-0.0119964285153363	-0.00550680067843803	-0.0220348428194037	-0.00990017016159537
0.0524673463924046	0.0536352250401944	-0.0317730927532128	-0.0307914488402246	0.0167069692523145	0.00144399114403023	0.0209276715095546	0.0051050727753428	0.00344172300821221	0.029430699783498	-0.0392549368782266	-0.0319119417897692	-0.0119846687037848	-0.00550599322166958	-0.0220423278598282	-0.00989428885883556
0.0524802545248275	0.0536397736201911	-0.0317418785420809	-0.0308210537257557	0.0167259123557403	0.00145325594210696	0.0209368692523979	0.00511337644840794	0.00344716565798708	0.0294039782730017	-0.0392562668070217	-0.0319307060792394	-0.0119793378127322	-0.00551753789768075	-0.0220517267683717	-0.00990207844177824
0.052511743941813	0.0536509005979777	-0.0317143230321196	-0.0308945728042213	0.0167527526098791	0.00146561226583865	0.0209496279075298	0.00512477164712806	0.00345438108049406	0.0293693288781439	-0.0392482914252033	-0.0319471164506217	-0.0119811077914963	-0.0055403632197217	-0.0220360176829717	-0.00991732652244884
0.0525210604282988	0.0536464037063901	-0.031698926871142	-0.0309595311645605	0.0167579116718962	0.00146006484226165	0.0209573127166704	0.00512188408114124	0.00347739918633094	0.0293446036578242	-0.0392290954676682	-0.0319568883539007	-0.0119641023049178	-0.00553866867809518	-0.0220294951645428	-0.00990993228598622
0.0525450089254986	0.0536411161218424	-0.0316607179609797	-0.0310785891283857	0.016780630823151	0.00145236326931277	0.0209677831119636	0.00511994925826183	0.00350476750043243	0.0293172996049881	-0.0392084550286478	-0.0319637629123048	-0.0119435289211308	-0.0055473537278001	-0.0220156720075812	-0.00991083892862069
0.0526009371810779	0.0536712728160647	-0.031623028728876	-0.0311664719966319	0.0168043502149701	0.00147018180059574	0.0209795219687548	0.0051337668272873	0.00351328770602199	0.0292605527167681	-0.0391953527154449	-0.0319939112246229	-0.0119567122594073	-0.00558009484247504	-0.0219898292000388	-0.00992847026404384
0.0526015951605553	0.0536547870075449	-0.031609630255059	-0.0312786232714204	0.0167963580693433	0.00145441124789849	0.0209734073696622	0.00511897975134608	0.00356486295936858	0.0292615906759013	-0.0391657715786423	-0.0319964495446026	-0.0119093614857628	-0.00555686160109778	-0.0219941333078305	-0.00991516119720473
0.0526313020259204	0.053676000210017	-0.0316047338260393	-0.0312968832496563	0.0168032885071085	0.00146746606364442	0.0209730958422239	0.00512781008738996	0.00353922690546237	0.0292640060612865	-0.0391703969927605	-0.0319943470836398	-0.0119432900368619	-0.0055751886345671	-0.02196936617799	-0.00992798970153805
0.0526165289198195	0.0536681784964417	-0.0316229043972974	-0.031286063608356	0.0167738750083894	0.00144057831204871	0.0209570933901779	0.00510373865559562	0.00354611263973863	0.0292871638655262	-0.0391503460810001	-0.031971435148589	-0.0119446073928007	-0.00556472662117799	-0.0219352783707116	-0.00991790766780468
0.0526383344435196	0.0536952590318333	-0.0316208354639513	-0.0312567926020077	0.0167890197122419	0.00146846351024073	0.0209613080909917	0.00512228082460532	0.00351858786342595	0.0292885398947942	-0.0391875268109175	-0.0319847218636837	-0.0119590116951182	-0.00557124075770268	-0.0219660217982259	-0.00993564238004594
0.052607916513284	0.053681202578539	-0.0316492193854415	-0.0312011563160904	0.0167668048722213	0.00146106787679409	0.0209510067307659	0.00511741093828212	0.00350958290437852	0.0293202151106554	-0.0391921508280517	-0.0319692293108081	-0.0119575113342716	-0.00554618165820022	-0.0219830510335327	-0.00991670765852424
0.0526029250893504	0.053689599849534	-0.0316705722863164	-0.0311272013786079	0.0167616122825876	0.00146463717098679	0.0209563194610261	0.00512212017144205	0.00347298611378504	0.0293514111609949	-0.0392144201504493	-0.0319542382751987	-0.011990129514352	-0.00555211185540102	-0.0219819404312301	-0.00993099740815132
0.0525832541572457	0.0536918783304844	-0.0316979992737471	-0.031047138826953	0.0167471940104299	0.00147449289330755	0.0209526076744625	0.00513135004491807	0.00346688269056471	0.0293589199501479	-0.0392297324923852	-0.0319578159512956	-0.0119869793153679	-0.00554610063312657	-0.0220123625524178	-0.00992845070626744
0.052520185916297	0.0536638352730972	-0.0317467847499889	-0.0309327342169266	0.0167083327087263	0.00144971319061079	0.0209295267043444	0.00511104069111236	0.0034477803309596	0.0294300292311644	-0.0392427998809874	-0.0319198543073063	-0.0119906813230433	-0.00551057532928292	-0.0220150587315927	-0.00990195550718373
0.0525110859623356	0.0536722814385332	-0.0317613608813418	-0.0308294495997667	0.0167115262142153	0.00146325555378265	0.0209277134190754	0.0051215432170383	0.00341042777200672	0.0294433257251472	-0.03927051883808	-0.0319127492465376	-0.0120180873557135	-0.0055209716844227	-0.0220325629414693	-0.0099154587548028
0.0524944450885886	0.0536634860270901	-0.0317644789496933	-0.0307838185134612	0.0167128114395215	0.00146349024709943	0.0209264728972582	0.00512039210219885	0.00341144477637944	0.0294411687818073	-0.0392790236768453	-0.0319163814050116	-0.0120100072000929	-0.00551505964801427	-0.0220538976815519	-0.00991104428527287
0.0524984739905267	0.0536640504086376	-0.031766574425736	-0.0307794319836118	0.0167228306089736	0.00147044722756114	0.0209288477701065	0.00512522566693731	0.00341127155035991	0.0294286797445929	-0.0392799792139207	-0.0319202873723552	-0.0120113427168241	-0.00552120078980336	-0.02205576964015	-0.00991524082529436
0.0524674525631908	0.0536342136237578	-0.0317658787276898	-0.0307999480910537	0.0167074777545008	0.0014445443497055	0.0209203121976927	0.00510397195192837	0.00344743946685665	0.0294262685501598	-0.0392525955329949	-0.0319112768253716	-0.0119787063759513	-0.00550235547525948	-0.0220489495641231	-0.00989196986534832
0.0525054030313078	0.05365759075449	-0.0317350808177985	-0.0308350878273055	0.016738856809748	0.00146260176525733	0.0209355085899542	0.00511995065524586	0.00344077585304092	0.0293888489359735	-0.0392569345653873	-0.031935888889985	-0.0119943777427826	-0.00553110261259706	-0.0220459348725897	-0.00991512906657208
0.0525176042898124	0.0536503906988073	-0.0317170010505022	-0.030916652136791	0.0167469229955283	0.00145439588107418	0.0209397079239437	0.00511203534374062	0.00347497122808948	0.029359073618391	-0.0392314340189319	-0.0319434912770678	-0.0119671114085151	-0.00553173125540987	-0.0220365275821421	-0.00991115325002709
0.0525385814019837	0.0536532852497143	-0.0316917771068844	-0.0309905134763436	0.0167632285931085	0.00145838566745945	0.0209445470766183	0.00511484048766976	0.00349132152915854	0.0293438409045447	-0.0392235773807558	-0.0319569582031021	-0.0119585171627721	-0.00553538576562831	-0.0220384610080375	-0.00991284080673347
0.0525642048830336	0.0536510584571729	-0.031650865032627	-0.031118222962257	0.0167802243007987	0.00145642709585155	0.0209584358918292	0.00511223371547266	0.00352876908302534	0.0293006657161612	-0.0391951375799045	-0.0319715678620717	-0.0119349053387231	-0.00554751438096337	-0.0220196771607908	-0.0099141288260077
0.0526294524190667	0.0536867569870361	-0.0316138924533299	-0.0312100634862558	0.0168093067143031	0.00147980981451986	0.0209689216539468	0.00513056493989407	0.00352363097576868	0.0292517852450055	-0.039185344721865	-0.0319965096149158	-0.011956941364788	-0.00557690413095404	-0.0220000942386799	-0.00994047873875245
0.0526081847342175	0.0536585602614057	-0.0316233807688511	-0.0312783145379501	0.016778718352016	0.00144340999867439	0.020953465422656	0.00510167531018559	0.00356783155042905	0.0292722259153099	-0.0391498836792867	-0.0319798910929133	-0.0119170099733186	-0.00554906503323496	-0.0219756302543736	-0.00991089620496586
0.0526293141176479	0.0536721794586992	-0.0316090016122462	-0.0313027380097196	0.0167893871190413	0.0014558892570006	0.0209592168059011	0.00511475806561209	0.00355427102646482	0.029271987031041	-0.0391620136916058	-0.0319865896313297	-0.0119284247298151	-0.00555889281587515	-0.0219779702026212	-0.00992137218819525
0.0526380159311612	0.0536869162432154	-0.0316145602116955	-0.031282234475134	0.0167832697259807	0.00146217708211268	0.0209540158343632	0.00511773783254478	0.00354133635134534	0.0292831475364444	-0.0391666335177879	-0.031982380518452	-0.0119513282829616	-0.00556686540372555	-0.0219731128891543	-0.00992950123825684
0.0526225163933654	0.0536831066677698	-0.0316423979124305	-0.0312456768000933	0.0167633668945273	0.00144859979434011	0.0209410867471798	0.00510217123951569	0.00352854137462871	0.0293168888916837	-0.0391681855670435	-0.031958473930773	-0.0119553166723629	-0.00554946317368307	-0.0219645395981717	-0.00992222434845261
0.0526015155324656	0.0536828482257245	-0.0316709313112118	-0.0311634796568429	0.0167482668941637	0.00145077769244047	0.0209322899387526	0.0051055784835611	0.00350635587127279	0.0293460006418527	-0.039188337061654	-0.031944628422067	-0.0119689861610813	-0.00554393251391441	-0.0219730681856654	-0.0099202699677968
0.0526025800342953	0.0536910652857799	-0.0316740465855952	-0.0311101791282212	0.0167586744251757	0.00146974594157886	0.0209393223563519	0.00511915996228575	0.00348033005882264	0.0293577269257876	-0.0392188108712507	-0.0319522140453415	-0.0119801927669576	-0.00554709249178678	-0.0220052407278408	-0.00993082837308388
0.0525418964450832	0.053663283464406	-0.0317250295177137	-0.030999715410139	0.0167181968129512	0.00145016721042004	0.0209247280642066	0.00510847722542014	0.0034773139703052	0.0293994590296696	-0.0392165966515656	-0.0319291009445907	-0.0119728152943033	-0.00551955374563381	-0.0220079885954247	-0.00991272206309105
0.0525380854726536	0.0536795443584972	-0.0317491582258532	-0.0308749367967173	0.0167157269451889	0.00146826094755661	0.0209253650889236	0.00512346407007743	0.00342108815712788	0.0294277004587889	-0.0392593890663253	-0.0319188750215024	-0.0120145124735847	-0.00553297596817922	-0.022020472044703	-0.00992891590194892
0.0525092670891305	0.0536660145681816	-0.0317767025599423	-0.0308039769929918	0.0166979726751712	0.00145479821247437	0.0209123046852415	0.00511225886118518	0.0034207458960409	0.0294520568753251	-0.0392623241297691	-0.0319069014713945	-0.0120085068392464	-0.00551268756913395	-0.0220406403031218	-0.00991367899715054
0.0525033801984346	0.0536616028926197	-0.031766719712075	-0.0307845170054754	0.0167132752382189	0.00146788795282101	0.0209196947307521	0.00512528154629845	0.00342236919148197	0.0294344129670457	-0.0392775540496473	-0.0319188456848378	-0.0119985910466124	-0.00551160071555981	-0.0220753609441651	-0.00991471555929966
0.0524893810214855	0.053647134329037	-0.031771040583675	-0.0307769914525141	0.0167145423027327	0.00146032607827497	0.0209235322458782	0.00511975368049785	0.00342421740135162	0.0294278792727446	-0.0392664969210621	-0.0319099343237203	-0.0120029789734458	-0.00550961839522343	-0.0220610628126339	-0.00990864286972796
0.0524900599557233	0.0536411524434271	-0.031756168291708	-0.0308014135272996	0.0167224184986852	0.00145640055315501	0.0209313860900862	0.00511734807400084	0.00343911204506302	0.0294089780788395	-0.0392555585361193	-0.0319196713023986	-0.0119936499141037	-0.00551582379827783	-0.0220585063318618	-0.00990606403721142
0.0525215046692198	0.0536526370491251	-0.0317260646828788	-0.0308522008816541	0.0167429108573986	0.00146457710067357	0.0209328347625237	0.00511989198191666	0.00344869675248227	0.0293791566607841	-0.0392460408839334	-0.031937020447048	-0.0120000690557145	-0.00553623513191761	-0.0220446300895071	-0.00991994866147025
0.0525460454876477	0.0536607269836339	-0.0316974334952156	-0.0309286228929309	0.0167621766641351	0.00147845613699629	0.0209400529789988	0.00512939007632614	0.00346832018713	0.0293366198941016	-0.0392367886587129	-0.0319641345100563	-0.0119817420222452	-0.0055411092091929	-0.0220561202831412	-0.00991583733747451
0.0525456752868802	0.0536441517681362	-0.0316891312191345	-0.0310125439144723	0.0167549891813086	0.00144887220622566	0.0209349442084067	0.00511308308176197	0.00349025702732885	0.0293430893271374	-0.0392020666206856	-0.0319437399402249	-0.0119712045717185	-0.00553493034883503	-0.0220094624135747	-0.00991198305853999
0.0525954735765426	0.0536602212754156	-0.0316351308015145	-0.0311482427520445	0.0167965843807559	0.00147636345492166	0.0209624578088472	0.00514218365605875	0.00352096692722641	0.029271741161852	-0.0391974635583119	-0.0319903447243982	-0.0119445850410563	-0.0055603680310092	-0.0220254453078443	-0.00992441202544117
0.0525764019505861	0.0536277833062748	-0.0316387573720524	-0.0312233502013505	0.0167586031789903	0.00142584292451655	0.0209455095986139	0.00509749693095648	0.00356363081945548	0.0292812574170539	-0.0391381476164636	-0.0319594378497527	-0.0119241164310713	-0.00554135228441385	-0.0219545735141127	-0.00989679085723053
0.0526308368302389	0.0536705282235775	-0.0316080153415221	-0.0312596857559306	0.0167939943723672	0.00146552565282889	0.0209606501115143	0.00512745665043076	0.00354441670112809	0.0292535049323445	-0.0391703257465751	-0.0319917500903309	-0.0119391507731856	-0.00556885889993416	-0.0219817001499772	-0.00992742671697458
0.0526441752337426	0.0536793515747013	-0.0316145699905837	-0.0312728788730954	0.0167824329325477	0.00145729462293322	0.0209477922705164	0.00511732572225639	0.00354020898523438	0.0292676479986486	-0.0391597589593838	-0.0319743213175918	-0.0119542214368846	-0.00556915506054819	-0.0219619467958149	-0.00992937690667831
0.0526428271441552	0.0536813562467821	-0.0316227800657189	-0.0312793678639076	0.0167814871743604	0.00146204855958206	0.0209469135675625	0.00512055974028227	0.00354480645967203	0.0292821919993689	-0.0391704277264092	-0.0319796927211812	-0.0119389845320862	-0.00555814263545187	-0.0219887311705925	-0.00992406417641809
0.0526183268382641	0.0536725021620097	-0.0316531588804017	-0.0312353153695542	0.0167604737406044	0.00145183101839793	0.0209437368258818	0.00511304676017723	0.00353002916261901	0.0293170579267511	-0.0391704975756106	-0.031959601296884	-0.0119494479424593	-0.00554553904554713	-0.0219777816097774	-0.00991566271447095
0.0525995751216501	0.053672905890394	-0.0316784820098856	-0.0311442753174037	0.0167456559310145	0.00144903844732504	0.0209377479553518	0.00510989656119306	0.00349768758537621	0.0293517045276409	-0.0391879975945351	-0.0319397739025681	-0.0119754416242768	-0.0055404414508273	-0.0219769531982485	-0.00992084692220055
0.0526146932828061	0.0536966294731652	-0.0316769760611029	-0.03109028747264	0.0167687089614521	0.0014871118500366	0.0209511226804403	0.00514247143476861	0.00346863869948848	0.0293431745431631	-0.0392298987334846	-0.0319618490441858	-0.011991504146636	-0.00555795683657609	-0.0220220506366552	-0.00994202799404001
0.0525599566546031	0.0536781026709798	-0.031727644671815	-0.0309709263632806	0.0167283668566783	0.0014693897106516	0.0209315006427766	0.00512667154540676	0.00345149770545932	0.0293981179250023	-0.0392364897041309	-0.0319367228894499	-0.0119973798614597	-0.0055273098009598	-0.0220317708515252	-0.00991535956893677
0.0525105872390374	0.0536526496219813	-0.0317729237181453	-0.0308632971257922	0.0166951577523539	0.00144288612966372	0.020912820172348	0.00510566649355489	0.00343639351414365	0.0294519688653313	-0.0392369535028283	-0.0318970429551057	-0.0120041021486046	-0.00550817111976995	-0.0220137721093025	-0.00991186710886563
0.052507129703567	0.0536569928453258	-0.0317744813553371	-0.0307951396720278	0.0167088663566251	0.00146160152469296	0.0209177445410484	0.00512156556878276	0.00341628392905401	0.0294433257251472	-0.0392678813322343	-0.0319078542145019	-0.0120098172102651	-0.00551294740816324	-0.0220479185899101	-0.00991747041180377
0.0525124382428751	0.0536637542480235	-0.0317662894409942	-0.0307791022953811	0.0167254625268832	0.00148119282870803	0.0209263834902803	0.00513918991928576	0.00341072952055687	0.0294225274269316	-0.0392803647815126	-0.031924405681271	-0.0120154163222511	-0.00552183222658422	-0.0220680016323032	-0.00992626582324694
0.0524644546354657	0.0536184752016932	-0.0317731458386059	-0.0307943182454191	0.0167026022802415	0.00144384865165933	0.0209200635345356	0.00511518973367688	0.00344786135603325	0.029432613651617	-0.0392500502280951	-0.0319078150989491	-0.0119783515420081	-0.00549274701911176	-0.0220571107448173	-0.00989157032791619
0.0524972167049011	0.0536386308872558	-0.0317465528506402	-0.0308052314846494	0.0167259989687501	0.00145682942725175	0.0209330890136169	0.00512188966907736	0.00343399768653484	0.029397560528375	-0.0392513075137207	-0.0319217458236809	-0.0120028769936117	-0.00552498382255242	-0.022040106655223	-0.00991240774168465
0.0525223414626529	0.0536391016708734	-0.0317142755346627	-0.0308928042224412	0.0167549235230593	0.00146715733017413	0.020950323605576	0.00513425158074517	0.00346073176988742	0.0293600780499075	-0.0392456511253895	-0.0319473148223537	-0.0119792498027384	-0.00553515246929556	-0.0220531810287453	-0.00992127998724937
0.0525425390577363	0.0536438989140271	-0.0316900546255773	-0.0309579232359437	0.0167694214233066	0.00147369800939536	0.0209647544505899	0.00514103812915541	0.00347272627475575	0.0293296042403107	-0.0392320919984093	-0.0319629023701432	-0.0119731114549174	-0.00554434741817086	-0.0220511330501596	-0.00992611634595589
0.0525519198054874	0.0536277092661213	-0.0316671734241752	-0.0310694430739514	0.0167724989791213	0.00144993112011923	0.0209672061575599	0.00512504964694973	0.00350754330769697	0.02931936015643	-0.0392002477474806	-0.0319569861427827	-0.011952130151794	-0.00554234274609003	-0.0220171430317632	-0.00991575212144877
0.0525853943367773	0.0536346522767427	-0.031639376235977	-0.031173744695484	0.0167829288618778	0.00145157676730475	0.0209686506390453	0.00512280609060002	0.00353632397265124	0.0292734636431591	-0.0391733222773161	-0.0319725066353389	-0.0119366934782795	-0.00555328113103284	-0.0219878929801754	-0.00991897915455451
0.0526015239143698	0.0536382872291848	-0.0316275158415754	-0.0312359803339518	0.0167842392328965	0.00144133128644005	0.0209645071844169	0.00511325351381344	0.00355383935840003	0.029259172496548	-0.0391510906734873	-0.0319768736074118	-0.0119325667874595	-0.0055586986350952	-0.0219613027861777	-0.0099121255509109
0.0526318901561964	0.0536626408517529	-0.0316086607481433	-0.0312775643575268	0.0168014179454944	0.00146222038861756	0.0209758297399676	0.00512799588626574	0.00354848751258701	0.0292519654559452	-0.0391716193537854	-0.0319941836365084	-0.0119320624762252	-0.00556838671933254	-0.0219795739402859	-0.00993039670501908
0.0526454157555599	0.0536765240790277	-0.0316102896315205	-0.0312912855346543	0.0167995878964171	0.00146240199654126	0.0209698422664216	0.00512395301448739	0.00353525807383753	0.0292642840611081	-0.0391665874173149	-0.031986111862792	-0.0119504998714328	-0.00557082026551011	-0.0219655789542888	-0.00993609360588713
0.052625341095071	0.0536676699942553	-0.0316334041292553	-0.0312604652730185	0.0167718689393245	0.00144690944366568	0.0209556908182133	0.00511382488028108	0.00353036024783376	0.0293013181077025	-0.0391612481443582	-0.0319568338715236	-0.011955911787559	-0.00556197176867387	-0.0219490861608489	-0.00993406239110975
0.052609291145568	0.0536662604373706	-0.0316557572706947	-0.0312030673902413	0.0167574953706557	0.00145285361070676	0.0209461899298358	0.00512068546884483	0.00351837831582168	0.0293206062661834	-0.0391807402625072	-0.031954398928362	-0.0119547285420869	-0.0055459693166279	-0.0219717298749661	-0.00992536895950067
0.0526142755845816	0.0536838512602569	-0.0316671566603668	-0.031137465020265	0.016766592530649	0.00147129379988239	0.0209453629152909	0.00513525880622969	0.00348185556538171	0.0293433826937834	-0.0392139102512789	-0.0319567682132743	-0.0119802542342549	-0.00555256308124221	-0.0219981272851679	-0.00993562841020565
0.052549152380127	0.0536499534428064	-0.0317143314140238	-0.0310484952984447	0.016716422643235	0.00143773125859872	0.020925926676503	0.00510761947722667	0.00349420350720924	0.0293784847114664	-0.0391975389954494	-0.0319240354805035	-0.0119635924057475	-0.0055207020665052	-0.0219836335758726	-0.00990716486062585
0.0525504320174971	0.0536768705310667	-0.0317369010879876	-0.0309166367699667	0.0167232231614856	0.00146695057653792	0.0209261781336281	0.00512733930377237	0.00342831615249111	0.0294139625178531	-0.0392515575738618	-0.0319221523460331	-0.0120096537631337	-0.00553093357752962	-0.0220155686307631	-0.00992986864505633
0.0525130403429914	0.0536590366329594	-0.0317622004687429	-0.0308355194953703	0.0167150899204719	0.00146111956520314	0.0209219117444052	0.00512246941744917	0.00342226162371178	0.0294412567918011	-0.0392663292829787	-0.0319108619211152	-0.0120055829516748	-0.00551175298681891	-0.022047864107533	-0.00991607482475934
0.0525291014683666	0.0536785846304696	-0.0317532471981045	-0.0308005040906971	0.0167452102931094	0.00149349746403068	0.0209415267971488	0.00515301447323137	0.00339406629506544	0.0294196775795135	-0.039295061053492	-0.0319317258775802	-0.012026357501162	-0.00553250518456163	-0.0220801051019257	-0.00993517299341238
0.05247988432406	0.0536347989600657	-0.0317799337840001	-0.0307780391905355	0.0167084430704645	0.00145601498556316	0.0209261501939476	0.00512183518670025	0.00342464487846433	0.0294383426831177	-0.0392631413654257	-0.0319078081140289	-0.0119987516997757	-0.00550335711280788	-0.0220584225128201	-0.00990066050298935
0.0524985592065524	0.0536472600575996	-0.0317566991456388	-0.0308002456486518	0.0167347398978162	0.0014723205831433	0.0209402876723156	0.00513156937141053	0.00342340435664706	0.0294098106813205	-0.0392685616634562	-0.0319258794994211	-0.0120026744309276	-0.0055180757365317	-0.0220644016044619	-0.00992141409771611
0.052480916695257	0.0536195145578104	-0.0317403446536177	-0.0308559531807546	0.0167314025029722	0.00145065475784597	0.0209397889490174	0.0051158044066494	0.00346313877336845	0.0294009300538516	-0.0392466639388101	-0.031929507466943	-0.0119638117322399	-0.00550386701197827	-0.0220638050922817	-0.00989819762014718
0.052504478227881	0.0536252841018479	-0.0317276237170546	-0.0309047442449324	0.016735026279542	0.00144504726395574	0.0209399258534522	0.00510990634008126	0.00347286457617457	0.0293697074608156	-0.0392197496445179	-0.0319289458793635	-0.0119711403104532	-0.00552623831420998	-0.0220165060070462	-0.00990729198617244
0.0525387853616518	0.0536411510464431	-0.0316921766443165	-0.0309780607607139	0.0167695792825018	0.00146829028422121	0.0209615818998613	0.0051330599533689	0.00348309888116704	0.029332220791396	-0.0392329846712035	-0.0319582741620569	-0.0119611518746497	-0.00553898160251756	-0.0220438449844831	-0.00992229280067001
0.0525668451828474	0.053640064192869	-0.031654840849172	-0.0311038256448597	0.0167883854814929	0.00145944737532108	0.0209690334126691	0.00512857563463755	0.00351578551346487	0.029295058222271	-0.0392010803499616	-0.0319692404866803	-0.0119454749198824	-0.00554900915387382	-0.0220188250005335	-0.00992089861060961
0.0525881855108661	0.0536392986456214	-0.0316265714803721	-0.031208795024758	0.0167946383820043	0.00145443499662697	0.0209751969062027	0.00512217744778722	0.00354528422820976	0.0292651012967648	-0.0391730344986063	-0.0319799078567216	-0.0119273755948097	-0.00555397682907901	-0.0219940872073576	-0.00992056892237889
0.0526462735037534	0.0536811592720341	-0.0316027040082459	-0.0312603199866796	0.016823244423955	0.00148283987287758	0.0209894754799575	0.00514682723096934	0.00352342003118038	0.0292361068932541	-0.0391810406140733	-0.0320022414403846	-0.0119610862164004	-0.00558623458728011	-0.0219877211511399	-0.00994799870377764
0.052606100434047	0.0536464176762304	-0.0316211511823417	-0.031313702937359	0.0167863794124281	0.00144130334675948	0.0209682790412937	0.005117159481157	0.00356941293634927	0.0292762883448646	-0.0391535996568024	-0.0319802096052718	-0.0119108688315295	-0.00554044284781132	-0.0219836154150802	-0.00990775019693377
0.0526255925521961	0.0536696648874479	-0.0316244131400482	-0.0312870135574953	0.0167843691524111	0.00145230180201552	0.0209668052231437	0.00512060304678715	0.0035387030364517	0.0292814753465623	-0.0391639471175012	-0.031972809780873	-0.0119467866878851	-0.00556120622142628	-0.021954981433449	-0.00992835710833754
0.0526359637616234	0.0536863839923005	-0.0316362595646095	-0.031243159434874	0.0167850397047448	0.00146951264524611	0.0209635865719422	0.0051353328463832	0.00351796061759718	0.0292937017507794	-0.0391889140160577	-0.0319753355279965	-0.0119633940340154	-0.00556344139587181	-0.0219777355093045	-0.00993924240788727
0.0525999103978169	0.0536732411665608	-0.0316797560593195	-0.0311702480444608	0.0167404703263009	0.00144121533676569	0.0209417042141204	0.00510741551755852	0.00351083041111593	0.0293410203937912	-0.0391778499025524	-0.0319387680740676	-0.0119699430951408	-0.00553731220660355	-0.0219620445846968	-0.00991988579718897
0.0526088846232158	0.0536909996275305	-0.031675900383401	-0.0311299590250801	0.016767817685642	0.00147511175723216	0.0209525783377979	0.00513643925773373	0.0034891156913776	0.0293449878284321	-0.0392222739946573	-0.0319603933868281	-0.0119725917768588	-0.00554543706571306	-0.0220208184967421	-0.00993856067968138
0.0525622644722181	0.0536771918373933	-0.0317245098396551	-0.0310248331829707	0.0167256902352798	0.00145911349613827	0.0209383235127715	0.00512757120312109	0.0034736762238951	0.0293841983761428	-0.0392184462584193	-0.0319349962171908	-0.0119878524303856	-0.00552851120722428	-0.0220090111877336	-0.00991986903338063
0.0525087711598004	0.0536543874701127	-0.0317640556635327	-0.0309052345863264	0.0166951074609289	0.00143993011145951	0.0209252198025846	0.00511654620516851	0.00345000013858082	0.0294397145214337	-0.0392353497651636	-0.0319043352117342	-0.0119956587771367	-0.00550328167567035	-0.0220164152030844	-0.0099053459874208
0.0525249426469138	0.0536816677742204	-0.0317640668394049	-0.030810072034308	0.0167201302388466	0.00147223955806965	0.0209360492227732	0.00513781389001773	0.00340235739527433	0.0294298909297455	-0.0392765775578114	-0.0319138682307444	-0.0120360148517507	-0.00552915381987737	-0.02204172855368	-0.00993360976828453
0.0524969596598398	0.0536595409441937	-0.0317754871838376	-0.0307799851892871	0.0167100062955923	0.00145529833275656	0.0209315132156328	0.00512768994676351	0.00341802736512153	0.0294349885244654	-0.0392667413932671	-0.0319076754005462	-0.0120175285621021	-0.00551645663204272	-0.0220499078951666	-0.00992024202811623
0.0524978774783465	0.0536567707248653	-0.0317694731675951	-0.030783515367927	0.0167230387595938	0.00146741437523536	0.0209388012813093	0.00513542504732907	0.00342404138136403	0.0294186060927637	-0.0392728196707749	-0.0319225155618805	-0.0120082288394247	-0.005517304601348	-0.0220686372600361	-0.00991948067182072
0.0525064367994889	0.0536564787552033	-0.0317545435992829	-0.0308173796577608	0.0167407846477073	0.00147215154807586	0.0209438066750832	0.00513926815039136	0.00343747338279764	0.0293989798641479	-0.0392650873641774	-0.0319355256741376	-0.0120019717479613	-0.00552264806525684	-0.0220765735263018	-0.00992165018801692
0.0524877605200124	0.0536304487518011	-0.031747381262169	-0.0308706564376541	0.0167233153624314	0.00143820902713645	0.0209329758579106	0.0051125005394221	0.00347172603419137	0.0294007777825925	-0.0392251797214365	-0.0319216354619426	-0.0119788949687952	-0.00551199885600792	-0.0220375823050836	-0.00990438486240922
0.0525411099430752	0.0536617817065754	-0.0317056323944786	-0.0309281493153452	0.0167670311836339	0.00147691805758095	0.0209565751091033	0.00514580044770842	0.00346640212805892	0.0293357747187644	-0.0392390419939508	-0.0319620516068699	-0.0119855376278505	-0.00554785524506632	-0.0220490082374523	-0.00993411687348686
0.0525402494009136	0.0536411845740598	-0.031689058575965	-0.0310272010708989	0.0167660588827501	0.00145153765175195	0.0209490090436052	0.00512410807971455	0.00350043265899213	0.0293396080429385	-0.0392113593584429	-0.03195312208496	-0.0119533622917071	-0.00552797336837332	-0.0220338872823283	-0.00991622430205039
0.0525895657310862	0.0536499548397904	-0.0316360318562128	-0.031197110650344	0.0167911235701887	0.00145223893773424	0.0209634343006831	0.00512105427262834	0.003534348637235	0.0292866204387391	-0.0391791644645231	-0.0319696539939528	-0.0119344890374826	-0.00554986969603535	-0.0220012230017749	-0.00992079802775956
0.0526178756124229	0.0536676252907664	-0.0316171544110363	-0.0312639521451535	0.0168009038553719	0.00145857705427135	0.0209694147893089	0.00512926993569969	0.00354862162305374	0.0292508925722113	-0.0391629021734479	-0.0319904285434399	-0.0119347446855598	-0.00556554804778672	-0.0219791939606302	-0.00992925676605186
0.0526225569059023	0.0536672103865099	-0.0316200503589273	-0.03129185969509	0.0167842839363854	0.00144828267896565	0.020961959085549	0.00512013785110567	0.00355404052410013	0.0292677555664188	-0.039152990571766	-0.0319783264708014	-0.0119345784444604	-0.00555822924846163	-0.0219643873269126	-0.00992580481851755
0.0526174062257893	0.0536658595029544	-0.031628822021642	-0.0312851192471527	0.016767622107878	0.00143609119934931	0.0209511757658334	0.00510915336568992	0.00355398604172302	0.0292882199854517	-0.0391480606151295	-0.0319670262669952	-0.0119343200024152	-0.00555481921044817	-0.0219481697393262	-0.00992317709156002
0.0526313704781378	0.0536847634908275	-0.0316344155456919	-0.0312547711661185	0.016771796296155	0.00145579985002278	0.0209543217738654	0.00512571042039519	0.00353229926166525	0.029296529246453	-0.0391738824679115	-0.0319736703230346	-0.0119537269045385	-0.00555871400191951	-0.0219699682781062	-0.00993344213020112
0.0526140855947537	0.0536822754622728	-0.0316505157866199	-0.0311982058858223	0.0167645696977758	0.00146171607738329	0.0209524148906666	0.0051295255837769	0.00351436617769196	0.0293203045176333	-0.0391922402350295	-0.0319671282468293	-0.0119590759563835	-0.00554986969603535	-0.0219920587865482	-0.00993016340868633
0.0525972505402268	0.0536837241347103	-0.0316790408034969	-0.0311215212415482	0.0167446948060029	0.00145348644447165	0.0209465992461561	0.00512400051194436	0.00348420948346966	0.0293566442631655	-0.0392026826906422	-0.03194133852468	-0.011988115063383	-0.00555041032885436	-0.0219776461023266	-0.00992985467521604
0.0525893366257056	0.0536967091012548	-0.0317004998751581	-0.0310404305096484	0.0167460121619418	0.00148151413503458	0.0209500176660738	0.00514442860939248	0.00346413621996477	0.0293576039911931	-0.0392332836257855	-0.0319561814799823	-0.0119918044982021	-0.00554764010952593	-0.0220221945260101	-0.00993772388624834
0.0525400873507663	0.0536786181580863	-0.0317487656733412	-0.0309163867098256	0.0167156277593229	0.00146413844768863	0.0209313902810383	0.0051288187098585	0.00343334948594564	0.0294242038077657	-0.0392447137491064	-0.0319255456202383	-0.0120110577320823	-0.00552071463936146	-0.0220277908440281	-0.00992125903248895
0.0525079525271598	0.0536661528696004	-0.031769814031698	-0.0308456811571933	0.0167042577063152	0.00145790929590574	0.0209233282862101	0.00512326011040927	0.00342685211322929	0.0294521281215105	-0.0392589448254043	-0.0319096688967549	-0.0120057757354707	-0.00550794480835734	-0.0220441453360492	-0.00991986623941258
0.0524892483080028	0.0536555399819362	-0.0317765153640825	-0.0307929492010712	0.0166965505454302	0.00144854810593106	0.020916157567192	0.00511555294952428	0.00342296710064615	0.029451171187451	-0.039256280776862	-0.0318978182812415	-0.0120101524864319	-0.00550776180344961	-0.0220419953776294	-0.00991226245534569
0.052505657282401	0.0536697584853778	-0.0317706787648116	-0.0307755567499169	0.0167200450228208	0.00147132732749907	0.0209278950269991	0.00513573936873548	0.00340940238572984	0.0294248883299396	-0.039274494654625	-0.0319151827927152	-0.0120218173030695	-0.00552369580327819	-0.0220578176187357	-0.00992546954235072
0.0524996432661585	0.0536564578004429	-0.031754251629621	-0.0308149642723756	0.0167291631375746	0.00147027539852564	0.0209360967202302	0.00513542504732907	0.00344004523039403	0.0294055303222573	-0.03926727643815	-0.0319303833759288	-0.0119924485078393	-0.00551486826120237	-0.0220812883473978	-0.00991715609039737
0.0525152643415647	0.0536580419803312	-0.0317262476877865	-0.0308661749128908	0.0167398444774562	0.00146694219463375	0.0209395360949082	0.00513046016609194	0.00345314055867679	0.0293838910396565	-0.0392517000662327	-0.0319381198734784	-0.0119890091331612	-0.00552477287796413	-0.0220695788272713	-0.00992151747453421
0.0525097588275086	0.0536384325155237	-0.0317205326261261	-0.0309367240033119	0.0167300474284646	0.00144243769779059	0.0209350140576081	0.00511221415769627	0.00348809170208474	0.0293695118830516	-0.0392141337687235	-0.0319307060792394	-0.0119661279317591	-0.00551782847035867	-0.0220331077652404	-0.0099063476249692
0.0525376747593492	0.0536496740460007	-0.0316913202931071	-0.0309918000986338	0.016752062499769	0.00145276280674491	0.0209447133177177	0.00511871711834873	0.00348871615394546	0.0293466670032343	-0.0392154315668859	-0.0319438726537076	-0.0119714043404346	-0.00553077152738232	-0.0220256213278319	-0.0099207658971269
0.0525816727713254	0.0536621337465505	-0.0316502056561656	-0.0311044878152892	0.0167787379097924	0.0014567288444017	0.0209558989688336	0.00512123029261593	0.00351342461045678	0.0292938372582301	-0.0391911701452637	-0.0319678910001088	-0.0119606880759523	-0.00555286762376042	-0.0220055396824228	-0.00993081440324359
0.0525904346551519	0.0536499967493113	-0.0316297314582445	-0.0312192416713228	0.0167768380115137	0.00144152965817209	0.020956658928145	0.00510757337675373	0.00356309018663647	0.0292733630603091	-0.0391634316303947	-0.0319772116775467	-0.0119187562033541	-0.00554301050445563	-0.0219930003537834	-0.00991510112689151
0.0526514325657705	0.053693180319599	-0.0316042728213099	-0.0312618217445101	0.0168045765263827	0.00148167339121382	0.0209724839632194	0.0051381952666575	0.00353669277643475	0.0292410871413156	-0.0391800389765249	-0.0320026256109924	-0.0119514568054923	-0.00557781217057254	-0.021995481397418	-0.0099458124237731
0.0526194360435827	0.053662793123012	-0.0316237523666027	-0.0313049047319477	0.0167657627221361	0.00143443297930753	0.0209469470951792	0.00509895677926621	0.0035658506270767	0.0292858018060984	-0.039142141593801	-0.0319658905189801	-0.0119245564810403	-0.00554071945064896	-0.0219639095583748	-0.00991410647426325
0.0526384252474815	0.0536878172979137	-0.0316225104478014	-0.0312835238913922	0.0167721008386732	0.00144928711048211	0.0209475184616469	0.00510884882317171	0.00354496431886724	0.0292858814341881	-0.039159719843831	-0.0319700800740814	-0.0119436322979489	-0.00555887884603487	-0.0219623994186401	-0.00993409871269449
0.0526414343510788	0.0536994094713818	-0.0316410260741146	-0.0312415109937204	0.0167660351340217	0.00145694537692611	0.0209424585854958	0.00511775878730521	0.00352407940764182	0.0293040003170371	-0.0391747709497536	-0.0319661545489615	-0.0119623267382177	-0.00555776964071627	-0.0219705885390149	-0.00993797394638943
0.0526035537321632	0.0536813772015425	-0.0316703236231594	-0.0311733549369401	0.0167371175646326	0.001442310572244	0.0209300142517703	0.00511041065131553	0.00352095575135419	0.0293435684926592	-0.0391821414374878	-0.0319482899172056	-0.0119543192257666	-0.00553344535481278	-0.0219890678437433	-0.00991836587856601
0.0526169745577245	0.0537039622423306	-0.0316743371582731	-0.0311197009713591	0.0167538464483734	0.00146999181076787	0.0209437256500096	0.00513722017180564	0.00348471100073588	0.0293450311349369	-0.0392167545107608	-0.0319596124727562	-0.0119821820722141	-0.00554950648018795	-0.0220112309953548	-0.00994213835577826
0.0525422401031542	0.0536688127271906	-0.0317360181940816	-0.0310074630835608	0.0166938417933991	0.00143815035380725	0.0209140523122611	0.0051077927032462	0.00348950405293751	0.0294029542837088	-0.0392066417433788	-0.0319215376730606	-0.011968627136186	-0.00550886122988	-0.0220021240564733	-0.00990607521308365
0.0525341487716614	0.0536845483552871	-0.0317644943165176	-0.0308720562156506	0.0166939982556103	0.00144726986554502	0.0209057151115793	0.00511382767424913	0.0034327976772544	0.0294344031881575	-0.0392426727554408	-0.0319053103065861	-0.0120132859216077	-0.00551757841021757	-0.0220077119925871	-0.00992359898073661
0.0525131325439373	0.053678552499837	-0.0317774862679823	-0.030804872459754	0.0167032239381342	0.00145332160035629	0.0209144490557252	0.00511958883638249	0.00342315848745805	0.0294420642485695	-0.0392654771227213	-0.0319087357114238	-0.0120113245560318	-0.00551199606203986	-0.0220449779385302	-0.00992262109191669
