0.0525570635006802	0.0534936015933575	-0.0321775280113552	-0.0311056277542565	0.0168621546200996	0.00174575925195327	0.0208375688336872	0.00532440764971466	0.00350902131679908	0.029350431875191	-0.0390561209052647	-0.0316665671331068	-0.0116409463715191	-0.00553288516421738	-0.0222432728364495	-0.0102570604653133
0.0525582858617051	0.0534861291257893	-0.0321786078800092	-0.0311164082800041	0.0168487365885063	0.00173705743844002	0.0208317280434642	0.00532057851649266	0.00351867028548363	0.0293652217451002	-0.0390507411197711	-0.0316560911498774	-0.0116348289784585	-0.00553184161714812	-0.0222380048096782	-0.0102598837700348
0.0525888043747907	0.0535175193569087	-0.0321774595591378	-0.0310854650837737	0.0168640782671068	0.0017611162973781	0.0208414147307175	0.00534188811086274	0.00348249119311466	0.0293652077752599	-0.0390792759155364	-0.0316671468814787	-0.0116700916493048	-0.00555282152328748	-0.0222491499482572	-0.0102811095453631
0.0525555212303127	0.0535089348900539	-0.0322100945030265	-0.0310330516400101	0.0168402946140223	0.00175123542934482	0.0208307291998838	0.00533169431840709	0.00347775122630611	0.0294016173699936	-0.0390817360044105	-0.0316466964322861	-0.0116706071364113	-0.00553279575723956	-0.0222547169296106	-0.0102680798753297
0.0525187679775081	0.0535006130561963	-0.0322358506975592	-0.030955922754815	0.0168190981753586	0.00173913615067436	0.0208215803514815	0.00531986326067009	0.00346274622085645	0.0294455986181615	-0.0390924718266692	-0.0316240163965841	-0.011679621874347	-0.00552084455887611	-0.0222578755104989	-0.0102608001915574
0.0525180150031167	0.0535266598234069	-0.0322364025062504	-0.0308869159347613	0.016842730954168	0.00177542001684547	0.0208317797318732	0.00535011215583827	0.00343188544668382	0.0294364860913439	-0.0391268418247213	-0.0316419578624616	-0.011701519598993	-0.00554061886779891	-0.0222943912760188	-0.010284441352271
0.0524687713161136	0.0535152352880222	-0.0322874566845544	-0.0307616819045462	0.0168058924853376	0.0017604192023479	0.0208101851527614	0.00533609481809673	0.00339569517844262	0.0295030691441082	-0.0391366570345053	-0.0316048567606338	-0.0117248799659169	-0.00551496185913227	-0.0222941258490534	-0.010270742526888
0.0524383338281016	0.0535110387480007	-0.0323096687306069	-0.0306642450625295	0.0167959068435021	0.00176386695893013	0.0207972714324023	0.00533375347286504	0.00337489129229084	0.0295281533893232	-0.0391584220456686	-0.0315955751987487	-0.0117265284070704	-0.00549989119543328	-0.0223241163021763	-0.0102647690231823
0.0524141366677447	0.0534948658639033	-0.0323234276263032	-0.0306151732045619	0.0167879817531087	0.00175234323767939	0.0207936602286887	0.00532757181853912	0.00337606336189072	0.0295406354416174	-0.0391612285865818	-0.0315867364808007	-0.0117234564391919	-0.00549232652691919	-0.0223304097152245	-0.0102544997935891
0.0524157459933455	0.0534898590731453	-0.0323228017774584	-0.0305900498437941	0.0167939496688783	0.00175580775806996	0.02079627538279	0.00533201981568573	0.00337870086773644	0.0295208764995189	-0.0391662130255953	-0.0315940455012376	-0.0117176673373779	-0.005497422724655	-0.0223379869565948	-0.010257047892457
0.0524340772177669	0.0535045022597316	-0.0323033082623253	-0.0305959702621067	0.0168177347189468	0.00177883284882699	0.0208097115751757	0.00534588069121607	0.00337132758603425	0.0294872846215707	-0.0391784142840999	-0.0316204848209601	-0.0117227160376568	-0.00550832758198113	-0.022359598299515	-0.010260531970624
0.0524074101896477	0.0534678440018408	-0.032300247470319	-0.030650085232417	0.01679383930714	0.00173848655310113	0.0207971037943189	0.00531928071833023	0.0034127439715259	0.0294976320822694	-0.0391317899421501	-0.0315966816100993	-0.0116887651348132	-0.00549348742064684	-0.0223203500332356	-0.0102529337744932
0.0524490878111527	0.0534870357684238	-0.0322671529186848	-0.0307211274582002	0.0168273808936633	0.00176152281973038	0.0208122722468999	0.00533411389474438	0.00342328561300464	0.0294445606590284	-0.0391367380595789	-0.0316338162395437	-0.0116849960719044	-0.00551464055280573	-0.0223321824879566	-0.010248605917973
0.0524690423310152	0.0534901817764559	-0.0322495453319902	-0.0307940444365495	0.0168420156983454	0.00176238894982802	0.0208210508945347	0.00533837748999923	0.0034378980659423	0.0294237903004933	-0.039116761187972	-0.0316380239554374	-0.0116818053603834	-0.00552401152166861	-0.0223121162093718	-0.010268437503241
0.0525038775247487	0.0534912881878064	-0.032205009481163	-0.0309237404337514	0.0168736992961108	0.0017626236431448	0.0208401728119162	0.00534008739845006	0.00346716767530652	0.0293796120775774	-0.0391034283724044	-0.0316594481024978	-0.0116589507016779	-0.00553537738372414	-0.0223062935799412	-0.0102662805599011
0.0525196927809349	0.0534872550949162	-0.0321784653876383	-0.0310297421848467	0.0168789868806585	0.00175541660254199	0.0208428675941071	0.00533209804679132	0.00350032788519	0.0293494721471634	-0.0390711398805547	-0.0316662081082115	-0.0116411684919797	-0.00553865051730281	-0.0222789671753606	-0.0102617752864093
0.0525503621682956	0.0534998195692682	-0.0321616317300954	-0.0310942241736322	0.0168865669159969	0.00176306369311377	0.0208442114927425	0.00533811346001786	0.00350520335944931	0.029337717923548	-0.0390638057144053	-0.0316790128638164	-0.0116418362503453	-0.00554861660136183	-0.0222651286515747	-0.0102708025972012
0.0525360752126366	0.0534848173577866	-0.0321739964357312	-0.0311168706817175	0.0168590700793648	0.00173431515879216	0.0208273540864711	0.00531117541699712	0.00351729146224754	0.0293647146398979	-0.0390397594283234	-0.0316546983568011	-0.0116316033423368	-0.00553176757699461	-0.0222326557578332	-0.0102534618344559
0.0525426857410593	0.0534944900751996	-0.0321740914306452	-0.0311111095195841	0.0168609420379629	0.00174132801861501	0.0208315506264926	0.00531986465765412	0.00351460366497679	0.0293707887264536	-0.0390548747955113	-0.0316583919825723	-0.0116335088285516	-0.00553753991500019	-0.0222425408168186	-0.0102641962597306
0.0525614360606892	0.0535184707030321	-0.0321765976199922	-0.0310855419178953	0.0168754455261464	0.00176758852438194	0.0208441542163973	0.00534833798612213	0.00347915100430262	0.0293738481214759	-0.0390845607061161	-0.0316704423668018	-0.0116580985414205	-0.00555104316261926	-0.0222639789337193	-0.0102781688939832
0.0525226795327877	0.0535066927306882	-0.0322084027553681	-0.0310161830578665	0.0168500106379402	0.00175520705493773	0.0208368465929445	0.0053350624468997	0.00346498139530198	0.0294074888938652	-0.0390892978789565	-0.0316505479172525	-0.0116652273509177	-0.00552801946884626	-0.0222657209728028	-0.0102555698833549
0.0525096135411696	0.0535105246578782	-0.0322357515116932	-0.0309461005601109	0.0168377940126114	0.00174661141221063	0.0208316037118857	0.00533171946411961	0.00344004662737806	0.0294452060656495	-0.0390993240333288	-0.0316258171089968	-0.0116886645519632	-0.00553377644002753	-0.0222480756675393	-0.0102756096192431
0.0524816948153609	0.0535091598044824	-0.0322657265979918	-0.0308519340577047	0.0168178325078288	0.00175682476244268	0.0208277354631109	0.00533750716894951	0.00343092571865627	0.0294621025874737	-0.039120000793934	-0.0316291936193935	-0.011683256826789	-0.0055217525984946	-0.0222873490795313	-0.0102645692544662
0.0524411194142544	0.0535011061915584	-0.0323110405689228	-0.0307194846049827	0.0167882318132498	0.00174260206804896	0.0208059131756023	0.00532323977106687	0.00339043972452756	0.0295273850481075	-0.039139297334319	-0.031592789612596	-0.0117141539225464	-0.0055013747924715	-0.0222874678231737	-0.0102544285474036
0.0524507306643701	0.053522049776113	-0.0323190201416934	-0.0306353973423418	0.0168051744355469	0.00176788189102791	0.0208093776959929	0.00534389278294358	0.00335959431717924	0.0295276309172965	-0.0391770047272151	-0.0316002327434996	-0.0117391431728474	-0.00551648457172329	-0.0223219118613794	-0.0102771379197702
0.0524116137145893	0.0534899512740912	-0.0323309350184721	-0.0306103871372804	0.0167891021342995	0.00174564050831085	0.0208014861332162	0.0053285133857743	0.00338402337688486	0.0295382018954399	-0.039165852603716	-0.0315912263874681	-0.0117093943979614	-0.00549104968351718	-0.0223382076800713	-0.0102514795141196
0.0524235118275597	0.0534986977910933	-0.0323215179491362	-0.0306023111726119	0.0168097174276075	0.00176493704869593	0.0208172287462328	0.00534635706276978	0.00337061931513182	0.0295135549062258	-0.0391770661945124	-0.0316094137225346	-0.01171826105559	-0.00550655480924902	-0.0223466273028108	-0.0102628719188716
0.0524053817688384	0.0534767008805812	-0.0323204702111149	-0.0306321758971722	0.0167999022178235	0.00174774576324174	0.0208089558068163	0.00533035041977172	0.00340161839072328	0.0295073606790436	-0.0391533090841245	-0.0316028451036328	-0.011692045253312	-0.00549055375418708	-0.0223416009542764	-0.0102450156690199
0.0524091326709548	0.0534690747447699	-0.0322941887505876	-0.0306821585887264	0.0168053071490296	0.00173685627273992	0.0208134443164997	0.00531912565310307	0.0034229154122371	0.0294890951128715	-0.0391381587923358	-0.0316094207074548	-0.0116732516271772	-0.00549422363122983	-0.022330630438701	-0.0102429187959932
0.0524586627396837	0.0534918944788747	-0.0322671445367807	-0.0307460859748526	0.0168391909966398	0.00176059242836743	0.0208280833121339	0.0053412524831298	0.00342427747166484	0.0294381987937628	-0.0391357462009187	-0.0316364900669742	-0.0116824395911324	-0.00552743972047445	-0.0223225852076811	-0.0102642214054431
0.0524625337824266	0.0534807675010881	-0.0322539304648555	-0.0308167132963792	0.0168404692370259	0.00174550919181218	0.0208260981978295	0.00532713037158613	0.00344949443036251	0.0294291058247216	-0.0391137925969115	-0.0316361058963663	-0.0116658951092833	-0.00551795838987331	-0.022308097086322	-0.0102486156968612
0.0525247764058145	0.0535029557984121	-0.032198728640971	-0.0309604867016359	0.0168856127759055	0.00176599875655755	0.0208485547160869	0.00534511654095251	0.00347496843412142	0.0293618424407354	-0.0391002097212028	-0.031665103093845	-0.0116561120301321	-0.0055516494536876	-0.0222994539461379	-0.0102780822809735
0.0525276597808492	0.0534894776965055	-0.0321857869809314	-0.0310570685894273	0.0168767838368456	0.00174516693072521	0.0208483088468979	0.00532752571806618	0.00350854075429329	0.0293472691033505	-0.0390595742497831	-0.0316653713147785	-0.0116374259717674	-0.00554382634312825	-0.0222609418904414	-0.0102607373272761
0.0525311005525113	0.0534827037209515	-0.0321864812819935	-0.0311040980567453	0.0168624996751546	0.00173284972254631	0.0208428983277557	0.00531802482968865	0.00352662191857361	0.0293525650698024	-0.0390429683006368	-0.0316617517291608	-0.0116220940720551	-0.00553587051908619	-0.0222421007668496	-0.0102538990904569
0.0525784625020281	0.0535149111877276	-0.0321590794402754	-0.0311330673145434	0.0168951541768198	0.00176485602362228	0.0208631252595038	0.00534871237784176	0.00350147480907736	0.0293353081260989	-0.0390782183986269	-0.0316869211904015	-0.0116427037774269	-0.00555719548028058	-0.0222671808211125	-0.0102776380400524
0.0525499542489593	0.0534997692778432	-0.0321809045217519	-0.0311206048200255	0.0168713621418312	0.001743880308435	0.020850129117087	0.00533225171503445	0.0035054436407022	0.0293711058418281	-0.0390605702993954	-0.0316641992451786	-0.0116474521261397	-0.00554252016306164	-0.0222436542130893	-0.0102639909030784
0.0525423392890202	0.0535037325215319	-0.0322026681359313	-0.0310676689042352	0.0168560805335439	0.00174446843871098	0.0208402342792135	0.00532977765632005	0.00348519994514584	0.0293929504810811	-0.039071694483214	-0.0316473390449392	-0.0116625325687268	-0.00554068033509617	-0.0222350418065538	-0.0102671578658709
0.0525331555160171	0.0535178392662512	-0.0322217313799836	-0.030985478745905	0.01684754496113	0.00174929920948138	0.0208341350469452	0.00533391552301234	0.00345355266896518	0.0294205129759625	-0.0390989831692258	-0.0316395578439007	-0.0116812828883568	-0.00553698950329298	-0.0222536803674615	-0.0102722512696387
0.0525200001174212	0.0535212688620411	-0.0322353561652131	-0.0309353787076925	0.0168431514463605	0.00175764618905141	0.0208270593228411	0.00533627223506835	0.00344037491862475	0.0294355878306136	-0.039113814948656	-0.0316371564283557	-0.0116821671792468	-0.00553132473305759	-0.0222759776295397	-0.0102701851302606
0.0524603642662304	0.0535034531247262	-0.032286699519211	-0.0308122666962167	0.0168004135139779	0.00173667885576831	0.0208059578790912	0.0053218763146551	0.00342857180056832	0.0294862801900542	-0.0391160515200855	-0.0316055748104244	-0.0116835320326426	-0.00550562162391801	-0.0222778789248024	-0.0102559708177711
0.052448467550244	0.0535180432259194	-0.0323121190405928	-0.0306745184830747	0.016795557597495	0.00175129130870596	0.0208020854393644	0.0053316160873015	0.00337657605502916	0.0295157118495657	-0.039154367998018	-0.0315941363051994	-0.0117262071007439	-0.00551345032241348	-0.0222926143123346	-0.0102719355512483
0.052426719302889	0.053508990769415	-0.0323206797587192	-0.0306240705958391	0.0167980386411296	0.00175658867214187	0.0208042312068321	0.00534221081417332	0.00336953525552574	0.0295260160037596	-0.0391692989633142	-0.031592348165643	-0.0117192557082183	-0.00550381672055324	-0.0223294723389414	-0.0102733884146379
0.0524238624705508	0.0535052398672986	-0.0323198485532222	-0.0306007088319312	0.0168024908292283	0.00176294075851926	0.0208067611449076	0.00534945697032892	0.00336978531566683	0.0295245896830666	-0.0391764473305878	-0.0316032516259851	-0.0117179327643434	-0.00550908754129261	-0.0223478859854205	-0.0102699644067841
0.0524072146118837	0.053482087650995	-0.0323263934233956	-0.0306013528415683	0.0167963259387107	0.00174387891145097	0.0208073464812155	0.00533343496050655	0.00338076421314647	0.0295319923014334	-0.039162272133651	-0.031594999641329	-0.0117084961372311	-0.00550177432990364	-0.0223324143873053	-0.0102553421749582
0.0524251365199848	0.0534856373874113	-0.0323094996955394	-0.030618567875751	0.0168085705037201	0.00174702631646708	0.0208126843571883	0.00533745408355642	0.00338485039142971	0.0295024391043114	-0.0391581189001344	-0.031604816248097	-0.0117173516189875	-0.00551565895416247	-0.0223176887786613	-0.0102620965927358
0.0524548196366214	0.0534927452421481	-0.0322741839393001	-0.0307047562023707	0.0168410699401581	0.00176338779340837	0.0208288670201739	0.00535044044708496	0.00341495819121101	0.0294549416473438	-0.0391527991849541	-0.0316369133531348	-0.0116947763570877	-0.00552652190196775	-0.0223411804620839	-0.0102700985172508
0.0524491353086096	0.0534742533645634	-0.0322634173833927	-0.0307720195863568	0.0168388948360258	0.00174648288968001	0.020829999974221	0.00533872114807023	0.00344072276764783	0.0294416130227283	-0.0391188091665577	-0.0316355345298987	-0.0116758290627097	-0.0055248748577982	-0.0223118172547897	-0.0102575214700426
0.052515870632633	0.0535081316242375	-0.0322179385683463	-0.0308702848399025	0.0168875699505293	0.00177830478886423	0.0208511377395556	0.00536200468087252	0.00342969637271123	0.0294029822233894	-0.0391317578115175	-0.0316650905209888	-0.0116920187106155	-0.00555552608436657	-0.0223158028502229	-0.0102872786268328
0.0525103818823852	0.053481252254546	-0.0321924030972902	-0.0310110910510827	0.016881611813648	0.00175337002094031	0.0208495605445874	0.00534238962812896	0.00350766903625954	0.0293556063040324	-0.039079847282004	-0.0316720991898595	-0.0116327991606652	-0.00553515386627958	-0.0222990963182266	-0.0102593515191199
0.0525230385576831	0.053479045019781	-0.032178651186514	-0.0310753914319445	0.0168756941893034	0.00174097039070372	0.0208502590366017	0.00533414742236107	0.003523253790081	0.0293285662811776	-0.0390530196007216	-0.0316604930465511	-0.0116369286454533	-0.00554350783076976	-0.0222459829854647	-0.0102609999602735
0.0525421409172882	0.0534951745973736	-0.0321693835944693	-0.0310939294100022	0.0168762446010106	0.00174652759316892	0.0208535587128769	0.00534354912487258	0.00351475174528381	0.0293227687974595	-0.0390574759797723	-0.0316698221058931	-0.011648649341452	-0.00555545204421307	-0.0222340555358297	-0.0102659480777023
0.052553228779522	0.0535036473055061	-0.0321657165113946	-0.0311019075857887	0.0168736084921489	0.00174592549305266	0.0208489556505031	0.00533840962063188	0.0035082711363758	0.0293308391741919	-0.039059866219445	-0.0316679878658638	-0.0116520007061363	-0.00555511537106221	-0.0222333388830231	-0.0102669525092188
0.0525620255879492	0.0535166462418909	-0.0321776621218219	-0.0310871875650808	0.0168721682016156	0.00175284475494561	0.0208440284878347	0.00534523947554701	0.00349105051425701	0.0293528011601032	-0.0390678108676149	-0.0316570899934578	-0.0116696013079108	-0.00556198713549819	-0.0222321193159663	-0.0102833461167927
0.0525559473104414	0.0535211403395105	-0.0322002359867377	-0.0310428403070975	0.0168662687380634	0.00176507255614669	0.0208405430126837	0.00535105232608942	0.00346838724236336	0.0293713768567296	-0.0390855791074728	-0.0316534229103831	-0.0116783617947533	-0.00555197215699818	-0.0222523015442254	-0.0102750745743602
0.0525109825855175	0.053500695478254	-0.032230537967299	-0.0309783038359349	0.0168328822167673	0.00174123022973302	0.0208249261282296	0.00533074157529969	0.00346725428831628	0.0294249833248536	-0.0390868238202422	-0.0316245151198822	-0.0116735044812863	-0.00552299731126396	-0.02225969298672	-0.0102573203043425
0.0524972837601344	0.0535115165165384	-0.0322512105369521	-0.0308920680118582	0.0168223573390969	0.00175008431450538	0.0208200785936509	0.00533557234607009	0.00344206666628321	0.02943982767714	-0.0391025790061151	-0.031619349072945	-0.0116940876439616	-0.00552882832259874	-0.0222655239980547	-0.0102651406209338
0.0525020530636076	0.0535381234743444	-0.0322763255158157	-0.0307689685732387	0.01682692547687	0.0017814745456248	0.0208200199203217	0.00536591204520011	0.00338237353874725	0.0294748612426056	-0.0391564606800927	-0.0316249286271547	-0.011737553405023	-0.00553429611808612	-0.0223097273666832	-0.0102834830212275
0.0524566999771237	0.053514049248582	-0.0323197787040208	-0.0306756961406107	0.0167941564225145	0.00175907670069655	0.0207972867992266	0.00534311186887167	0.00337311851955873	0.0295246371805235	-0.0391558809317209	-0.031590284820233	-0.011736571325251	-0.00550660370369001	-0.0223146461474474	-0.0102626749441236
0.0524306993103861	0.0535018396081733	-0.0323225782600138	-0.030620090588342	0.0167922956397886	0.00175455606038047	0.0207928108623994	0.00533930648437816	0.0033726211932446	0.029534086380492	-0.0391649613279058	-0.031586311797656	-0.0117280608985497	-0.00549988141654508	-0.0223347012501599	-0.0102616300000703
0.0524370011053385	0.0535115612200274	-0.0323254630320326	-0.030589604205889	0.0168038947981769	0.00176497057631261	0.0207959163578947	0.0053452730031637	0.0033643049473232	0.0295133649163979	-0.0391721599866045	-0.0315926610900654	-0.0117377853043718	-0.00551559608988119	-0.0223333838942211	-0.0102696333215694
0.0524261507303894	0.0534979168770214	-0.0323153474706826	-0.030607718897786	0.0168093164931913	0.00176395496892392	0.0207961524481955	0.00534557614869787	0.00338485877333388	0.0294925903669107	-0.039165263076456	-0.0316026397469806	-0.0117154880422936	-0.00550487703143084	-0.0223513197721624	-0.0102538627688721
0.0524274457345838	0.0534886842095774	-0.03229941207387	-0.0306485345801454	0.0168130031340424	0.00175085544968908	0.0208060752257496	0.00533609761206479	0.00340048124572411	0.0294724053446836	-0.0391494170866212	-0.0316056362777217	-0.0117040900496054	-0.00550317969583627	-0.0223391171166738	-0.010245661075641
0.0524529420900872	0.0534923205590034	-0.0322741615875556	-0.030725096289825	0.016833358588321	0.00176059382535146	0.0208297610899521	0.00534983694998466	0.00341708160693426	0.0294347803738451	-0.0391407515946927	-0.0316246422454288	-0.0116957374820992	-0.00552594075661191	-0.0223228296798861	-0.01026151544738
0.0524802866554602	0.0535036612753464	-0.0322484039960389	-0.0307971275803003	0.0168596526217047	0.00177781305048621	0.0208412135650174	0.00536202703261698	0.00342795293664371	0.029401685822211	-0.0391357811255194	-0.0316458009655238	-0.0116886212454583	-0.00553451544457858	-0.0223366570277997	-0.0102673855742676
0.0524757506483198	0.0534750971429166	-0.0322334939855032	-0.0309043251497239	0.0168451700882816	0.0017346755806715	0.0208321848572415	0.0053287243303626	0.00346867921202531	0.0293991614720716	-0.0390840577918658	-0.0316258171089968	-0.011664502316207	-0.00552514866666778	-0.0222764623829976	-0.0102456359299285
0.0525235722055819	0.0534933473422643	-0.0321871699951196	-0.0310078919576576	0.0168772113139583	0.00175491508527578	0.0208503680013559	0.00534514168666502	0.00349028217304136	0.0293411028158489	-0.0390836666363378	-0.0316608534684305	-0.0116508118727281	-0.00554693044163948	-0.022275355971647	-0.0102632602804315
0.0525527426290801	0.0535068938963883	-0.0321688178159377	-0.0310757504568399	0.0168870251267582	0.00176379012480856	0.0208567843489986	0.00535207212443019	0.00349549152648348	0.0293240945353025	-0.0390724670153817	-0.031674084304164	-0.0116574936473362	-0.00556011657388408	-0.0222590378012106	-0.0102711266974958
0.0525659539070372	0.0535147631074206	-0.0321581322851041	-0.0311223077435562	0.0168918992040335	0.00177333571667501	0.0208585515337946	0.00535951665231784	0.00349716930430165	0.0293271804730213	-0.039074544330632	-0.031681794259017	-0.0116532454189057	-0.00555877407223274	-0.022267842991542	-0.010271728797612
0.0525624907836307	0.0535124622747257	-0.0321683232835917	-0.0311221275326166	0.0168748462199981	0.00175999312221922	0.0208452089393388	0.00534820806660748	0.00350027759376497	0.0293474549022263	-0.039062517695131	-0.031666772489759	-0.011659547213858	-0.00555389999495745	-0.0222499378472493	-0.0102678158453483
0.0525770557391114	0.0535240991516828	-0.0321826814854361	-0.0310862837164144	0.016872334442715	0.00176879132763044	0.020842272478911	0.00535479344931763	0.00347378239468126	0.0293631150931853	-0.0390797816237547	-0.031659650665182	-0.0116832707966293	-0.00556025627228693	-0.0222469957988853	-0.010277323718646
0.0525407900337327	0.0535024067836889	-0.0322174496239364	-0.0310254087403904	0.0168398908856381	0.00174844006430388	0.020827151523787	0.00533636443601422	0.00347475469556507	0.029404678162	-0.0390795469304379	-0.0316378018349769	-0.0116713237892179	-0.00553281950596804	-0.0222552547684616	-0.0102548713913407
0.0525341334048371	0.0535144362131579	-0.0322312588110577	-0.0309467711124445	0.0168409456085796	0.00175470274370345	0.020828675633362	0.00533484870834335	0.00343588920290937	0.0294282410916079	-0.0391046437485091	-0.0316278287659977	-0.0117055848225158	-0.00553878323078552	-0.0222585586356889	-0.0102584434795014
0.0525210953528995	0.0535235040364866	-0.0322588925521246	-0.030844094183337	0.0168274605217529	0.00176542459612186	0.0208285121862307	0.0053459952439064	0.00341120589211057	0.0294386723713484	-0.0391219062801488	-0.0316226948496932	-0.0117224226710108	-0.00554719447162086	-0.0222666793038463	-0.0102779858890755
0.0524819127448693	0.0535212465102966	-0.0322965775932762	-0.0307364258302958	0.0168093556087441	0.00176723508742274	0.0208109437150888	0.00534983974395272	0.00338355678421936	0.0294932329795638	-0.0391514776380632	-0.0316069145181077	-0.0117334197292828	-0.00552216051783092	-0.0223036937926643	-0.0102666535546367
0.0524166749877244	0.053486116552933	-0.0323344568152078	-0.030645469597187	0.0167663578373322	0.00173136752249211	0.0207915046823328	0.0053194707081581	0.00338865996687531	0.0295384351917726	-0.0391438934117727	-0.0315690660298247	-0.0117187052965111	-0.00549188927091828	-0.0222953049035734	-0.0102398021246257
0.0524385629334823	0.053511692536526	-0.032316055741585	-0.0306072201744879	0.0168055683850429	0.00177156154695887	0.0208076929332546	0.00535217689823233	0.00336705141792314	0.0295109257822842	-0.0391840539086227	-0.031601872802749	-0.0117282662552018	-0.00551640354664964	-0.022347960025574	-0.0102633999788344
0.0524351333376924	0.0535031890947448	-0.0323171831076959	-0.0306029160666962	0.0168099842515569	0.00176989773898098	0.0208115723579016	0.00535187654666621	0.00337077438035898	0.0294978625846341	-0.0391772240537076	-0.0316015473054704	-0.0117282089788567	-0.00551650273251566	-0.0223489085777293	-0.0102577994698643
0.0524680658391793	0.0535211459274466	-0.0322952700162256	-0.0306267569961258	0.0168424920698991	0.00179277195546293	0.0208251706004346	0.00536909577180097	0.00336443486683784	0.0294614376230762	-0.039182445980006	-0.0316248517930331	-0.0117412093122255	-0.00553953899914491	-0.0223579079488406	-0.010276633608536
0.052440513123186	0.053484004313082	-0.0322929384498821	-0.030686607982857	0.0168244164935549	0.00175509389923142	0.0208151416520943	0.00533988902671802	0.00341390626223758	0.0294632550992972	-0.0391420270411106	-0.0316144065434523	-0.0116981528674844	-0.00551568270289095	-0.0223380973183331	-0.0102483069633909
0.0524304799838936	0.0534577214555706	-0.032282966777887	-0.0307425292535161	0.0168088401216376	0.00172472067248472	0.0208078801291144	0.00531805416635325	0.00344956008861185	0.0294459129395679	-0.0391048979996023	-0.0316036749121457	-0.0116713503319145	-0.00551116485654293	-0.0222909770470532	-0.0102356083785723
0.0525104992290436	0.0535082140462952	-0.0322331000360072	-0.030804085957746	0.0168673346368771	0.00177673318183222	0.0208405360277636	0.0053620871029302	0.00342253682956539	0.0293922464011307	-0.0391402361075862	-0.031650323002824	-0.0116999382130728	-0.00555584599370909	-0.0223180450095886	-0.0102786131349043
0.052509042174702	0.0534858357591433	-0.032213702912772	-0.0309283658478696	0.0168609601987553	0.00175249969989058	0.0208427893630015	0.00534538615887	0.00347626623228386	0.0293567029364947	-0.0390877360508127	-0.0316552445775562	-0.0116657889384972	-0.0055481388328241	-0.0222819064297565	-0.0102485989330529
0.0525299717894163	0.0534855088648807	-0.0321762777106497	-0.0310535272349152	0.0168834097320926	0.00175981710223163	0.0208546665212114	0.00535639159904618	0.00351042807971574	0.0293240107162608	-0.0390708297501004	-0.0316759115592732	-0.0116363433091454	-0.00555333840737801	-0.0222768465536054	-0.0102611298797881
0.052550133062915	0.0534937119550958	-0.0321674711233343	-0.0310951685348354	0.0168789840866904	0.00176080057898767	0.0208548229834226	0.00535589986066816	0.00350694120758071	0.0293195627191142	-0.039061486720918	-0.0316739222540167	-0.0116521683442197	-0.00556167560805984	-0.0222470516782465	-0.0102619121908441
0.0525669960571225	0.0535080268504354	-0.0321675954549128	-0.0311204162271817	0.0168821454615468	0.00175761405841876	0.0208543857274217	0.00535490381105587	0.00349939609684301	0.0293304354458076	-0.0390631756746084	-0.0316679222076144	-0.0116632673823258	-0.00556644910248508	-0.0222374977044758	-0.0102675797550475
0.0525460650454241	0.0534939131207959	-0.0321848160770316	-0.0311147486629783	0.0168599180486701	0.00173934290431057	0.0208455693612181	0.0053381749273151	0.00351176918438306	0.0293565548561877	-0.0390549823632815	-0.0316572031491641	-0.0116472509604396	-0.00554801869219765	-0.0222305113873495	-0.0102537761558623
0.052566773936662	0.053516700724268	-0.0321858554331488	-0.0310823945128792	0.016869831047336	0.00177069122590914	0.0208454240748792	0.00536507525176707	0.00348169491221844	0.0293613269536289	-0.0390867330162803	-0.03166239992975	-0.0116703067848452	-0.00556003275484238	-0.0222591327961246	-0.0102706628987983
0.0525270199621642	0.0535021818692603	-0.0322260117390468	-0.0309913907823134	0.0168280877675817	0.00174318600737286	0.02082337268199	0.00533839704777563	0.00346585730428783	0.0294117846197527	-0.0390787436646216	-0.0316257109382106	-0.0116844903636861	-0.005536106609387	-0.0222406381245718	-0.0102567950383478
0.0525307862311049	0.0535166769755396	-0.0322328625487223	-0.0309351202656472	0.0168386042633479	0.00176065389566468	0.0208260213637079	0.00535148399415421	0.00344510370956107	0.0294197083131621	-0.0391105613728537	-0.0316331652449864	-0.0116943139553742	-0.00554192923881761	-0.022272656998504	-0.0102684291213368
0.0524909735832779	0.0535106154618401	-0.032274820964017	-0.0308220246296554	0.0168091851766926	0.00176002385586784	0.0208138131202833	0.00535293266659172	0.00342542998348832	0.0294569197767281	-0.0391227919680228	-0.0316166291450416	-0.0117071927511326	-0.00552774007204057	-0.022288955611164	-0.0102597384836958
0.0524795797815418	0.0535221769016596	-0.0322987093909036	-0.0307132778049443	0.0168133034856085	0.00177887196437978	0.0208146904262531	0.00536382355407757	0.00337796046620136	0.0294892236354022	-0.0391638018311622	-0.0316069229000119	-0.0117394630821899	-0.0055285614986493	-0.0223174484974085	-0.0102714452098543
0.0524347868856534	0.0534987969769593	-0.0323229610336376	-0.0306256813184239	0.0167949303516663	0.00176204110080494	0.0208038274784479	0.00535280414406111	0.0033707408527423	0.0295138329060475	-0.0391654335085074	-0.0315890862079366	-0.0117379878670559	-0.00551166357984108	-0.0223245563521452	-0.0102543908288349
0.0524379552454299	0.0535027923512807	-0.0323184962726827	-0.0306035363276048	0.0168048712900127	0.00177122207983995	0.0208088063295253	0.00536343798648572	0.00336713663394888	0.029498002283037	-0.0391748715326037	-0.031598680694244	-0.0117408097747934	-0.00551924640914755	-0.0223320497744739	-0.0102665334140102
0.052439381566123	0.0534988319015601	-0.032316399399656	-0.0306073179633698	0.0168173617242112	0.00177747637733535	0.0208128254525751	0.00536832882756934	0.00337209453026587	0.0294816589668881	-0.0391790778515134	-0.0316110677516243	-0.0117340413871755	-0.0055212175536117	-0.0223427828027645	-0.0102560546368128
0.0524425694836759	0.0534929897143531	-0.0323034437697761	-0.030634818990954	0.0168201696621084	0.00177188005931736	0.020811788890426	0.00536349246886283	0.00338757590726923	0.0294670325441101	-0.0391641105646325	-0.0316149653370637	-0.0117261372515425	-0.00551992953433746	-0.0223387231671778	-0.0102553701146388
0.0524507767648431	0.0534873612657024	-0.0322869663431604	-0.0306950303995646	0.0168277510944308	0.00176388232575444	0.0208153023052576	0.00535837811033465	0.00341160822351077	0.0294486636011199	-0.0391438556932039	-0.0316188503496469	-0.011714577208707	-0.00553022949757927	-0.0223201446765834	-0.0102540695225083
0.0524370486027954	0.0534627254523606	-0.0322726877694056	-0.0307793453706021	0.0168239247551769	0.00174957301835096	0.0208207742916971	0.00534728745413273	0.00346258836166124	0.0294247206918562	-0.0391167472181317	-0.0316292257500262	-0.0116622336141448	-0.00550855249640971	-0.0223241945332819	-0.0102356558760292
0.0524856371042892	0.0534890069128879	-0.0322365715413179	-0.0308463153879422	0.016855056544251	0.00175976122287049	0.020831521289828	0.00535577692607366	0.0034440545745557	0.0293974026691798	-0.0391168855195505	-0.0316355778364036	-0.0116944913723458	-0.00554007264704378	-0.0222906040523176	-0.0102576988870143
0.0524920841855805	0.0534699283020113	-0.0322052469684478	-0.030979343192052	0.0168638282069657	0.0017492656818647	0.0208387730339197	0.00534653308275736	0.00350365410416175	0.0293543406365026	-0.0390783636849658	-0.0316549023164692	-0.0116390492672085	-0.00553572662973125	-0.0222844922471931	-0.0102412829276959
0.0525275829467276	0.0534880821094611	-0.0321806335068504	-0.0310529209438468	0.0168805067992815	0.00175429901531923	0.0208514730157224	0.00535011355282229	0.00350676518759312	0.0293241029172066	-0.039065462537463	-0.0316643529134217	-0.011653506654919	-0.00555870003207923	-0.0222493734657018	-0.0102579754898519
0.0525705038840179	0.0535184860698564	-0.0321632159099836	-0.0310991164116998	0.0169009195299053	0.00177752806574441	0.0208642861532314	0.00537059333867947	0.00349494670271238	0.0293098257404358	-0.0390797397142338	-0.0316865202559853	-0.0116670462241228	-0.00557693346761864	-0.0222586438517146	-0.0102758736492245
0.052554896778452	0.0535060082085142	-0.0321775042626267	-0.0311050228601721	0.0168669392903971	0.00175561776824209	0.0208446333819191	0.00534754310220993	0.00350689929805986	0.0293370222255018	-0.039056477136192	-0.0316649340587776	-0.0116623132422344	-0.00555885649429042	-0.022238242296963	-0.0102562097020399
0.0525404994610547	0.0535021385627554	-0.0321963495771706	-0.0310964872877583	0.0168494127287761	0.00174251685202323	0.020835153448302	0.005335224497047	0.00350801409131456	0.0293699659028609	-0.0390529260027917	-0.031647234271137	-0.0116575551146335	-0.00554571646251875	-0.0222272033291702	-0.010259453498954
0.0525510285296772	0.0535229270820829	-0.0321984045406764	-0.0310579738350777	0.0168692177713475	0.00177680582500169	0.0208478953396255	0.00536631717056836	0.00347509136871593	0.0293688720643666	-0.0390955270307394	-0.031661470935371	-0.01167250703469	-0.00555078891152608	-0.0222726430286638	-0.0102688398346412
0.05252612728937	0.0535167119001403	-0.0322376779526684	-0.030961572158226	0.0168304808012224	0.00175121168061634	0.0208242457970078	0.00534327112505091	0.00344525039288406	0.0294206596592855	-0.0390909463201101	-0.031621507413269	-0.0117069301181352	-0.00553977089849364	-0.0222425366258665	-0.0102570171588084
0.052507227492449	0.0535076021672907	-0.0322514592001091	-0.030907962896134	0.0168192923561385	0.00175207082579384	0.0208184217705931	0.00534399615976168	0.00345406675908765	0.0294363827145258	-0.0391113883873985	-0.0316249845065158	-0.0116828251587242	-0.00552474074733147	-0.0222829835044424	-0.0102527158449848
0.0524888431826345	0.0535169116688563	-0.0322921058474011	-0.0307696838290612	0.0168025844271582	0.00176019568490334	0.0208074805916823	0.00535080226594832	0.00339875736743299	0.0294791080740521	-0.0391369699589276	-0.0316057061269231	-0.0117309819921532	-0.0055226508592249	-0.0222867497733831	-0.0102598348755938
0.0524612890696572	0.0535100552712447	-0.032322588038902	-0.0306706376614437	0.016794476331857	0.00175577562743731	0.0208039099005055	0.00534995848759514	0.00337712646673637	0.029507478025702	-0.0391586455631132	-0.0315923118440583	-0.0117380619072094	-0.00551392809095122	-0.022308000694424	-0.0102558953806335
0.0524416949716741	0.053501234714089	-0.0323265359157665	-0.0306126712061669	0.0167965187225066	0.0017594720471766	0.0208018619219198	0.00535146443637782	0.00337143515380444	0.0295118897012639	-0.0391724505592824	-0.0315923034621541	-0.0117356171851596	-0.00551132690669023	-0.0223291817662635	-0.0102554846673292
0.052432363118364	0.0534978707765485	-0.0323241778067264	-0.0305916270387622	0.016801447282159	0.00176887095572006	0.020806388150172	0.0053618021181884	0.00337140162618775	0.0294973498914957	-0.0391750992410003	-0.0315993330857853	-0.0117353154366094	-0.0055151155273754	-0.0223369937009506	-0.0102598320816257
0.052455388209121	0.0535177666230818	-0.0323055560096271	-0.0306012578466544	0.0168313790619527	0.00179341596510004	0.020819444362902	0.00537903810713149	0.00336087674851736	0.0294666860920711	-0.0391866299471712	-0.0316214808705724	-0.0117496624625817	-0.00553294942548268	-0.0223508489885448	-0.0102756096192431
0.0524308473906931	0.0534802170893809	-0.0323111425487569	-0.0306387403251219	0.0168088051970369	0.00175432416103174	0.0208049394777345	0.00534622714325513	0.00340477697161162	0.0294693026431564	-0.0391453225264338	-0.0316065932117812	-0.0117140994401693	-0.00551088685672126	-0.0223261042104488	-0.0102465509544672
0.0524679848141056	0.0534943098642599	-0.0322777825701574	-0.0307255209729696	0.0168406676087579	0.0017681710667218	0.0208141819240668	0.00535410613317563	0.00342593289773856	0.0294292594929647	-0.0391446407982279	-0.0316307666234096	-0.0116986655606229	-0.00552426437577776	-0.0223331114823355	-0.0102598614182903
0.052486608008189	0.0534955434011571	-0.0322481176143131	-0.0307977799718416	0.0168635376342878	0.00178196628400281	0.0208271501268029	0.00536714139114516	0.00343928108013047	0.0293994911603023	-0.039136299406594	-0.0316524659763236	-0.0116898547823554	-0.00553440787680839	-0.022338337599586	-0.0102634558581955
0.0524954006256641	0.0534805984660206	-0.0322283502903104	-0.0308996731929091	0.0168610649725574	0.00175369970917102	0.0208267785290514	0.00534515565650531	0.00346570922398081	0.0293852614809884	-0.0390955884980367	-0.0316375042773788	-0.0116780223276344	-0.00553784166355033	-0.022282718077477	-0.0102539703366423
0.0525165607427431	0.053482826655546	-0.0321891299637115	-0.0310155739728301	0.016879945211702	0.00175954888129817	0.0208464410792519	0.0053514295117771	0.00350112975402233	0.0293358347890776	-0.0390788987298487	-0.0316660991434573	-0.0116456416348388	-0.00554598468345222	-0.0222794170042177	-0.010252971493062
0.0525572940030448	0.053506930217973	-0.0321659204710627	-0.0310826208242918	0.0168994219630268	0.00177658929247728	0.0208555019176605	0.00536639121072188	0.00349736069111355	0.0293077693799459	-0.0390731459496195	-0.0316847097646844	-0.0116617265089424	-0.0055683056942589	-0.0222600743633597	-0.0102707550997442
0.0525534327391902	0.0535023089948069	-0.03217295568263	-0.0311111584140251	0.0168844295304334	0.00176193213605072	0.0208491372584268	0.00535580207178617	0.00350431767157527	0.0293269751163691	-0.0390597963702436	-0.0316711143161195	-0.011661117423906	-0.00555830887655126	-0.0222390134321467	-0.0102648710030164
0.052556615068807	0.0535096934523813	-0.0321690804489351	-0.0311268186049841	0.0168833873803481	0.00176688025347951	0.0208529007333995	0.00535909616012527	0.00351165742566078	0.0293294868936523	-0.0390657782558535	-0.0316759339110176	-0.0116529283035312	-0.00555776405278016	-0.0222548971405503	-0.0102665166502019
0.0525461013670089	0.0535072263785871	-0.0321953074270853	-0.0310850739282458	0.0168619660272558	0.00175545013015868	0.0208481761334152	0.0053512870194062	0.0034922477295694	0.0293610615266635	-0.0390646019953015	-0.0316537023071888	-0.0116773224386361	-0.00555307856834872	-0.0222299609756423	-0.0102644686716162
0.0525376901261735	0.0535153330769042	-0.0322162132930712	-0.0310166622233882	0.0168490844375294	0.00176232748253077	0.0208423353431923	0.00536140537472431	0.00347069366299434	0.029377728943107	-0.0390830268176528	-0.0316461991059719	-0.0116918133539633	-0.00555024688172304	-0.0222456141816812	-0.0102668225897041
0.0525315392054962	0.0535192627929762	-0.0322347694319212	-0.030946303122795	0.0168476720866766	0.00176733008233667	0.0208376149341601	0.0053688666664203	0.00343836884955988	0.0294099783194039	-0.0391079085001836	-0.0316373743578642	-0.0117113306178249	-0.00554790413950731	-0.0222613987042187	-0.0102736440627151
0.0524970714185621	0.053510365401699	-0.0322642974833307	-0.0308685204490746	0.0168226143841582	0.00176719457488591	0.0208261023887816	0.00536323262983354	0.00343653460953052	0.0294282382976399	-0.0391184599205506	-0.0316324360193236	-0.0117039335873942	-0.0055260231786696	-0.0222854282264922	-0.0102522548402554
0.0524568466604467	0.0534996896497535	-0.0323064221397247	-0.0307387378388629	0.0167957112657382	0.00175770346539658	0.0208088999274552	0.00535769777911279	0.00339791917701592	0.0294953689681433	-0.0391406468208905	-0.0315980506544472	-0.0117292944354468	-0.00551273786055897	-0.0222887279027674	-0.0102552192403637
0.052444880095259	0.0535058056458301	-0.0323259882980273	-0.0306388115713074	0.0167940488547443	0.00176665813301899	0.020802901278037	0.00536242796703314	0.0033656795796072	0.0295112973800358	-0.0391660467844959	-0.0315913982165036	-0.0117519674862286	-0.00551106986162899	-0.0223101045523709	-0.0102583121630027
0.0524576890418159	0.0535158206243301	-0.0323124640956478	-0.0306245944648498	0.0168222805049754	0.00179363808556057	0.0208139891402708	0.00538408820439436	0.00336123297944462	0.0294902657854874	-0.039193739198892	-0.031615961386676	-0.0117426230600623	-0.00551587408970285	-0.0223634344176572	-0.0102703136527912
0.052412380658821	0.0534801681949399	-0.0323375217981662	-0.0306095754895598	0.0167910537209873	0.00175952792653774	0.0207984309291459	0.00535395665588458	0.00338510324553886	0.0295053294642662	-0.0391584471913811	-0.0315889842281025	-0.0117239160469372	-0.00549296494862019	-0.0223331044974154	-0.010241436595939
0.0524296795120453	0.0534902250829607	-0.032320424110642	-0.0306109403429556	0.0168097830858568	0.00176904837269167	0.0208075713956441	0.00536361121250525	0.00337830691824042	0.0294757790611123	-0.0391617342948001	-0.0315999826833585	-0.0117304888567911	-0.0055111830173353	-0.0223337764467331	-0.010255474888441
0.052440068882265	0.0534897291536306	-0.0322955061065264	-0.0306613477176544	0.0168227652584333	0.0017707876178071	0.0208117469809052	0.00536425522214237	0.00339790520717564	0.0294529760908158	-0.0391545412240376	-0.031616303647763	-0.0117120305068231	-0.00551630575776765	-0.0223393015185656	-0.0102548979340372
0.0524558031133775	0.0534863526432339	-0.032268975982842	-0.0307477833104471	0.0168434392250704	0.00177796113079323	0.0208264083282838	0.00536624313041486	0.00342311657793719	0.0294155355218691	-0.0391371306120909	-0.0316358181176565	-0.0116924517756643	-0.00552497963160033	-0.0223299598863673	-0.0102577603543115
0.0524683745726496	0.0534844848755878	-0.0322576562212594	-0.0308005460002179	0.0168455500679374	0.00176386695893013	0.0208310225665298	0.00535749102547658	0.00343088241215139	0.0294071186930977	-0.0391165795800483	-0.0316285887253092	-0.0116998627759353	-0.00552997664347012	-0.0222976294849967	-0.0102579517411234
0.052515573075035	0.0534916514036538	-0.0322069037915056	-0.0309392693082117	0.0168859089365195	0.00177704610625459	0.0208556681587598	0.0053719889257239	0.00346699444928699	0.0293454418482413	-0.0391084072234818	-0.0316666844797652	-0.0116684893086242	-0.00554645826103786	-0.0223097301606512	-0.0102643303701973
0.0525179451539153	0.053466329671154	-0.0321980273549887	-0.0310419504282713	0.0168670021546784	0.00174881864697559	0.0208484066357799	0.00534364970772263	0.00350776682514153	0.0293317653746027	-0.0390622257254691	-0.0316602220316496	-0.0116417091247987	-0.00553067513548435	-0.0222655826713839	-0.0102312916979243
0.0525564739734201	0.0534886981794176	-0.0321698250414223	-0.0310974330459455	0.016890398843187	0.0017687061116047	0.0208645837108295	0.00536445359387441	0.00350293326040307	0.0293118443823569	-0.0390697191477977	-0.0316780866634055	-0.0116563998088419	-0.00555680991268873	-0.0222578098522496	-0.010262008582742
0.0525570858524246	0.0534937357038242	-0.0321700848804515	-0.0311243138126211	0.0168837464052434	0.00176297009518386	0.0208578418659081	0.00535822583907555	0.00350055000565052	0.0293298906220365	-0.0390628040768569	-0.031671976255265	-0.0116601465200062	-0.00555168298130429	-0.022244032795761	-0.0102590050670809
0.052541299932903	0.0534912937757425	-0.0321895811895527	-0.031107421481749	0.0168604502995849	0.00175055928907505	0.0208437770307096	0.00534668675100049	0.00350371836542706	0.0293540025663677	-0.0390560594379675	-0.0316570285261605	-0.0116601521079424	-0.00553957392374563	-0.0222292862323566	-0.0102526851113361
0.0525525358754439	0.0535115151195544	-0.0322003170118114	-0.0310655860010488	0.0168641090007554	0.00176825488576351	0.020841780740533	0.00536018021973135	0.00347503409237076	0.0293649702879751	-0.0390809215627219	-0.0316554485372244	-0.0116840978111741	-0.00554807457155879	-0.022239418557515	-0.0102645161690731
0.052528484001426	0.0535118937022261	-0.0322255535282854	-0.0309928101180864	0.0168476120163634	0.00176718060504563	0.0208339338812451	0.0053608940785699	0.00345522904979933	0.0293961272227618	-0.0390980890994476	-0.0316414577421794	-0.0116937775135073	-0.00553631895095932	-0.0222532556843168	-0.010260091920655
0.0525201020972552	0.0535125195510709	-0.0322405962523039	-0.030944977384952	0.0168442816064395	0.00177408729408232	0.0208310281544659	0.00537155586067508	0.00343895697983587	0.0294171155108053	-0.0391170433787457	-0.0316394907886673	-0.0117018911967446	-0.00553153567764589	-0.0222738639927046	-0.0102602483828662
0.0524887453937525	0.0535057274147245	-0.0322806924878886	-0.030826666807582	0.0168145789320265	0.00177067027114871	0.0208153623755708	0.00536469666909536	0.00341817265146049	0.0294474943254881	-0.0391270765180381	-0.0316199302183008	-0.0117139806965268	-0.00552028995621681	-0.0222815278470847	-0.0102552835016291
0.0524730223385122	0.0535150606650186	-0.032317627348617	-0.0306949577563951	0.0167965759988518	0.00177148750680536	0.02080089101802	0.00535936717502679	0.00337028543594902	0.0294949820035675	-0.0391552047914511	-0.0315961577410886	-0.0117544918363681	-0.0055175057670481	-0.0222829457858736	-0.0102627811149098
0.0524444623970345	0.0535032421801379	-0.0323296693509423	-0.0306365694119417	0.016799532017056	0.00177560581572125	0.0208000695914113	0.00536303844905358	0.0033712074454078	0.0295114608271671	-0.0391779756311149	-0.0315997507840098	-0.0117347720098224	-0.00550127281263742	-0.022333186919473	-0.0102554218030479
0.052447238204299	0.0535161656793851	-0.0323197633371965	-0.0306004000984609	0.0168185575425395	0.0017933796435153	0.0208142000848591	0.00537607370702311	0.00335704063037522	0.0294892920876196	-0.0391918071699807	-0.0316140740612536	-0.011749430563233	-0.00551763009862662	-0.0223547745136648	-0.0102640677372
0.052397998708248	0.0534731176165483	-0.0323324577310631	-0.0306096746754259	0.0167977941689246	0.00175670182784817	0.0208047466939386	0.00535175640603976	0.00339021201613093	0.0295064819760897	-0.0391594627987698	-0.0315916091610919	-0.0117145827966431	-0.00549471816357591	-0.0223299403285909	-0.0102463637586074
0.0524448591404985	0.0535096962463494	-0.0322991424559525	-0.0306230298427379	0.0168413688947402	0.0017962755914063	0.020828920105567	0.00538627867535098	0.00336480925855747	0.0294536536280696	-0.0391825856784088	-0.0316267349275035	-0.0117439418129852	-0.00553357667131146	-0.022343004923225	-0.0102738452284152
0.0524309046670383	0.053485817598351	-0.0322922651035804	-0.0306988762965949	0.0168322200463378	0.00176904418173959	0.020819592443209	0.00536327174538633	0.00341100332942645	0.0294498244948476	-0.0391470086861561	-0.0316196787611757	-0.0117102647190112	-0.00551637281300101	-0.0223263822102704	-0.0102508299165463
0.0524332250575096	0.0534742575555155	-0.0322763995559692	-0.0307617559446998	0.0168314111925854	0.00176190978430626	0.0208275678250274	0.00535691965900894	0.00343976583358834	0.0294200701320255	-0.0391247505396307	-0.031625092074286	-0.0116873583718966	-0.00551686874233111	-0.0223068286248241	-0.0102460731859294
0.0525007734262375	0.0535119886971401	-0.0322427587835799	-0.0308326319293835	0.016870617549344	0.00178316769026729	0.0208401085506509	0.0053737072160789	0.00341822014891745	0.0293870132989601	-0.0391295100642157	-0.0316467048141902	-0.0117191188037835	-0.00555108786610817	-0.0222916503933549	-0.0102721339229803
0.0525132456996436	0.05348901110384	-0.0321970941696577	-0.0310002700127983	0.0168924328519324	0.00178187128908888	0.0208509267949673	0.00537341664340098	0.0034971665103336	0.0293367442256801	-0.0391000281132791	-0.0316811935558848	-0.0116407535877232	-0.00553410054032213	-0.0223225405041922	-0.0102588346350294
0.0525223135229723	0.0534759730519024	-0.0321886074916849	-0.0310745518445434	0.0168797077244172	0.00175573511490048	0.0208502045542246	0.00535349425417116	0.0035150409209777	0.0293304787523125	-0.039058885536657	-0.0316664707412089	-0.0116433980784891	-0.0055436964236136	-0.022252430066756	-0.0102549077129254
0.0525655669424614	0.053506731846241	-0.0321694269009741	-0.0311117200016046	0.0169016599314403	0.00178028012428047	0.0208585445488744	0.00537229486522613	0.00349859283102665	0.0293120190053605	-0.039074394853341	-0.0316880820841291	-0.0116587732847063	-0.00556465956594462	-0.0222532542873328	-0.0102753791168784
0.0525513260872753	0.0534996211975361	-0.032174280023489	-0.0311316158481378	0.0168787465994056	0.0017627759144039	0.0208450636529998	0.00535660114665045	0.00350963179881952	0.0293370054616935	-0.0390572985628007	-0.0316667613138868	-0.0116525399419713	-0.00554921730449406	-0.0222448751771301	-0.0102641836868744
0.0525466294269716	0.0535037981797812	-0.0321911136810319	-0.0310986274672899	0.0168618235348849	0.00176120849832398	0.0208360978095052	0.00535545841371517	0.0034959050337559	0.0293588626738027	-0.039067918435385	-0.0316597680118403	-0.0116626010209442	-0.0055438780315373	-0.0222379265785726	-0.0102579503441394
0.0525372361063643	0.0535045078476677	-0.0322196624466374	-0.0310543318977156	0.0168453223595407	0.0017565313957967	0.0208303254714996	0.00535024486932097	0.00347748160838861	0.0293861932693354	-0.0390708968053337	-0.0316403275821003	-0.0116770458357985	-0.00553737926183692	-0.0222290808757044	-0.0102591182227872
0.0525236462457354	0.0535095369901701	-0.0322304359874649	-0.0309830074811587	0.0168430201298618	0.00176332632611112	0.0208294984569548	0.00535493873565658	0.00345349818658807	0.0294169269179615	-0.0390986353202028	-0.031643501529813	-0.0116846454289133	-0.00553136664257844	-0.0222633237482099	-0.0102594758506985
0.0525281962227161	0.0535260227986899	-0.0322443038479154	-0.0309105976080117	0.0168500287987326	0.00177784518111887	0.0208329755502016	0.00536646245690732	0.00342311238698511	0.0294164701041842	-0.0391211980092464	-0.0316374763376983	-0.0117130866267486	-0.00554791671236357	-0.0222713354516131	-0.0102751989059387
0.0524990942514353	0.0535267380545125	-0.0322874203629697	-0.0307880429931632	0.016822849077475	0.00178034857649786	0.0208144683057926	0.00536237208767201	0.00339291518022599	0.0294645263547631	-0.0391421639455454	-0.0316224783171688	-0.0117321750165135	-0.00553193521507803	-0.0222925919605901	-0.0102665040773456
0.0524480554399556	0.0535044435864024	-0.0323184320114174	-0.0306935048930055	0.0167965089436184	0.00176679364046975	0.020798141753452	0.00535348866623505	0.00338698218905713	0.0295123493090092	-0.0391550930327288	-0.0315986611364676	-0.0117274685773216	-0.00550512290061985	-0.0223176580450127	-0.0102508229316262
0.0524609076930175	0.0535257671506127	-0.0323242881684647	-0.0306140667932113	0.0168103446734362	0.00178373626276687	0.0208006898523199	0.00537007366062089	0.00334797839498262	0.0295026933554045	-0.0391771095010173	-0.0315996222614792	-0.0117649077492842	-0.00552378660724003	-0.0223228883532153	-0.0102755216092493
0.052439283777241	0.0535067136854486	-0.0323307576015005	-0.0306105226447311	0.0168089714381363	0.00177659627739743	0.0207969249803632	0.00536414066945203	0.00337432132280723	0.0295002695881152	-0.0391735206490482	-0.0316057787700926	-0.0117323063330121	-0.00550913364176555	-0.0223458533736591	-0.0102593487251519
0.0524344977099595	0.0535017711559559	-0.0323218867529198	-0.0306248976103839	0.0168201892198848	0.00177699581482956	0.0208006549277192	0.00536214857022745	0.00338140403183151	0.0294836817997613	-0.0391683378383026	-0.0316081955524618	-0.0117242401472318	-0.00550672244733243	-0.0223497006676734	-0.0102573622138634
0.0524218941200547	0.0534802492200135	-0.0323095457960124	-0.030660344683122	0.0168172192318403	0.0017594077859113	0.0207995848379534	0.00534719804715491	0.00340615020691159	0.029472866349413	-0.0391496936894588	-0.0316057564183481	-0.0116996504343629	-0.0055007070341059	-0.02233411870782	-0.0102447530360225
0.0524363668745895	0.0534789416429629	-0.0322936872333213	-0.0307012148478585	0.0168219466257926	0.00174987476690111	0.0208051839499395	0.0053403248857349	0.00341418565904327	0.0294506151878077	-0.0391286942255431	-0.0316053876145646	-0.0117100998748958	-0.00551795140495317	-0.02228826410407	-0.010252140287565
0.05246525371033	0.0534888294959163	-0.0322590336475114	-0.0307808680831931	0.0168526216010894	0.00177044675370416	0.0208373117886259	0.00536170153533835	0.0034325671748897	0.0294068812058128	-0.0391314574599513	-0.0316399350295883	-0.0116879632659809	-0.00552963298539912	-0.0223185646876472	-0.0102681581064353
0.052506589070748	0.0535024933966986	-0.0322202910894503	-0.0308949891054617	0.0168847703945363	0.00177537112240447	0.0208496792882299	0.00536557537204926	0.0034420512994589	0.0293723100420606	-0.0391176370969578	-0.0316539425884417	-0.0116921584090183	-0.00555001079142223	-0.0222993799059844	-0.0102704309994496
0.0525228164372225	0.0534946479343948	-0.0321863387896226	-0.0310153979528425	0.0168912076969394	0.00177087842176895	0.0208537696574652	0.00536626827612737	0.00348898996281504	0.0293276289048945	-0.0390848247360974	-0.0316745061933406	-0.0116583402196574	-0.00555074839898925	-0.0222856559348888	-0.0102603950661892
0.0525544343767386	0.0535073562981017	-0.0321698082776139	-0.0310835358488304	0.0169013232582895	0.00177614365457221	0.0208573361576898	0.00536621379375026	0.00349320466362889	0.0293068320036628	-0.0390716022822681	-0.0316821826205769	-0.0116678941934281	-0.00556546562572904	-0.0222524063180275	-0.0102699490399598
0.0525495477266071	0.0535003685839914	-0.0321705598550212	-0.0311226653714675	0.0168844784248744	0.00176484205378199	0.0208511307546354	0.00535685679472766	0.00350798754861802	0.0293237830078641	-0.039059568661847	-0.0316736582240353	-0.0116527089770387	-0.00555081685120665	-0.022250855665756	-0.0102581612887277
0.0525596241724043	0.053510266215833	-0.0321701617145731	-0.0311281904433001	0.0168841613094999	0.00176926350823206	0.0208520653369505	0.00536268640907841	0.00349794742440551	0.0293318925001493	-0.0390674183151029	-0.031671583702753	-0.0116645819442966	-0.00555609605385018	-0.022244377850816	-0.0102654968518611
0.0525438159011383	0.0535038456772382	-0.0321943518900099	-0.0310981552866882	0.0168657378841326	0.00175736679224572	0.0208395204203749	0.00535061087913643	0.00348917995264291	0.0293645651626069	-0.0390654345977825	-0.0316530149910468	-0.0116675156107564	-0.00554318233349113	-0.0222355768514367	-0.0102574111083044
0.0525372193425559	0.0535136329473416	-0.0322162593935441	-0.0310356849549037	0.016854268645259	0.0017636448384696	0.0208318062745698	0.00535554782069299	0.00346839003633142	0.0293832931304923	-0.0390852410373379	-0.0316444123633996	-0.0116783142972963	-0.00553840185414575	-0.0222467555176324	-0.0102627336174528
0.0525015934558622	0.0535007611365034	-0.0322466102685464	-0.0309525336715619	0.0168226884243117	0.00174049122518196	0.0208141735421626	0.00533505406499553	0.00345225487080274	0.029435263730319	-0.0390874287143265	-0.0316127147957939	-0.0116906496662676	-0.00552349044662601	-0.0222375661566932	-0.0102512867303236
0.0525303671358963	0.0535433258428664	-0.0322474302981711	-0.0308600575198302	0.0168480422874441	0.00179324832701663	0.0208294467685457	0.00537942926265946	0.00340588198597812	0.029411354348672	-0.0391397918666651	-0.0316426144449549	-0.0117257796236312	-0.00555361361323162	-0.0222830449717396	-0.010288763620855
0.0524446426079741	0.0534989296904421	-0.0323150052095956	-0.0307444151819545	0.0167808697074198	0.00174471710186805	0.0207896997789681	0.00533646362188024	0.00341063731961099	0.0295037061688252	-0.0391315049574083	-0.0315892887706207	-0.0117108989497601	-0.00549250953182692	-0.0222856210102881	-0.0102404223855343
0.0524509164632459	0.0535176758191199	-0.0323157945055717	-0.0306566021629098	0.0168077071675905	0.00177656135279671	0.0208043778901551	0.00536598329138557	0.0033693913661708	0.0295090859543188	-0.0391755672306499	-0.0315993316888013	-0.0117399632024721	-0.00551292365943475	-0.0223295938765519	-0.010271922978392
0.0524400465305205	0.0535080352323395	-0.0323223729033617	-0.0306219192404353	0.01680915304606	0.00177449800738668	0.0208097800273931	0.00536845735009996	0.00336965260218413	0.0295035804402626	-0.0391814080208728	-0.0315994951359326	-0.0117367738879351	-0.00550740976347443	-0.022351349108827	-0.0102624751754075
0.0524337126049355	0.0534953310595847	-0.0323297573609361	-0.0306063708081986	0.0168065071583101	0.00176805232307939	0.0208103304391003	0.00536346452918226	0.00337449454882676	0.0294974476803777	-0.0391747779346738	-0.0315969554189688	-0.0117345247436493	-0.00550889336051266	-0.0223441155255277	-0.0102539451909298
0.0524411166202863	0.0534890781590734	-0.0323248790927087	-0.0306156411942114	0.0168134194352829	0.00176387813480236	0.0208136440852158	0.0053574574978599	0.00337872461646493	0.0294820752681285	-0.0391649822826662	-0.0316036106508804	-0.0117285959434326	-0.00551199466505583	-0.0223355715712096	-0.0102541184169493
0.0524664579105625	0.053495688687496	-0.032288563095905	-0.0306695815415182	0.0168360114609911	0.00177542839874964	0.020817728866515	0.00536585616583898	0.00339396291824733	0.0294508442931884	-0.0391659266438695	-0.0316246268786045	-0.0117178726940301	-0.00552243851765257	-0.0223509328075865	-0.0102620365224226
0.0524735825291076	0.0534904304396129	-0.0322759399482238	-0.0307398833657662	0.0168422643615025	0.00176990192993306	0.0208216348338586	0.00535847450223261	0.0034138727346209	0.0294245307020284	-0.0391353103419018	-0.0316257947572523	-0.0117104351510626	-0.00552823320740261	-0.0223169190404617	-0.0102621762208255
0.0524708877469167	0.0534866180701993	-0.0322553889161812	-0.0308121814801909	0.0168537629370407	0.00176765418263128	0.0208304959035511	0.00535962422008803	0.00344088342081111	0.0294058544225519	-0.0391239235250859	-0.0316390395628261	-0.0116846091073285	-0.00552388719009008	-0.0223208878720865	-0.0102558632500009
0.0524919444871777	0.0534853007142604	-0.0322175460158343	-0.0309321418956985	0.0168680694504761	0.0017638557830579	0.0208355040912931	0.00535613874493703	0.00347166316991009	0.0293675002260506	-0.0390949542672878	-0.0316478000496686	-0.0116689167857369	-0.0055363133630232	-0.0222877835415642	-0.0102545207483495
0.0525248909585048	0.0534919168306192	-0.0321900980736432	-0.0310276508997561	0.0168816593111049	0.00176463809411384	0.0208397062192507	0.0053577033670489	0.00349119859456403	0.0293334361675008	-0.0390758435257785	-0.0316610546341306	-0.0116616301170445	-0.00554422588056039	-0.0222650294657087	-0.0102596169460853
0.0525309203415716	0.0534881337978701	-0.0321803583009968	-0.0310998973257717	0.016875328179488	0.00175967041890865	0.0208402370731815	0.00535070168309828	0.00351674105054033	0.0293306366115077	-0.0390603370030626	-0.0316717220041718	-0.0116377193384134	-0.00553276502359092	-0.0222644986117779	-0.010245071548381
0.0525702356630845	0.0535147980320213	-0.0321650711047734	-0.0311254244149237	0.0168937669716796	0.00178271367045804	0.0208477011588456	0.00537063804216838	0.0034908339817326	0.029328735316245	-0.0390776610019995	-0.0316762608052803	-0.011666420375278	-0.00555514051677472	-0.022260431991271	-0.0102730126259342
0.0525444068253823	0.0534946465374108	-0.0321868319249847	-0.0311255487465023	0.0168628642879861	0.00175654955658907	0.0208350598503721	0.00534981599522424	0.0035078981416402	0.029359612854226	-0.0390564841211121	-0.0316580567064055	-0.0116517031485383	-0.00553476829868774	-0.0222432113691522	-0.010254249733448
0.0525436706147993	0.0535028733763544	-0.0322021191212081	-0.0310760382355497	0.0168541261528881	0.00175771324428478	0.0208275063577302	0.00535142671780904	0.00348434079996834	0.0293780544403856	-0.0390698937708013	-0.0316468347337049	-0.0116707230860857	-0.00553988545118397	-0.0222358785999869	-0.0102583387056993
0.052521466950651	0.053501970924672	-0.0322286813755252	-0.0309949097850811	0.016826580421815	0.00174726659771998	0.0208192725338665	0.00534368463232334	0.00346345588874291	0.0294115960269089	-0.0390783287603651	-0.031629118182256	-0.0116819743954509	-0.00552947792017197	-0.0222378762871476	-0.0102549272707018
0.0525396081852446	0.0535312209762598	-0.0322273710045065	-0.0309365577622125	0.0168531035605792	0.00178400448370033	0.0208324516811909	0.0053720182623885	0.00342466723020878	0.0294146051305062	-0.0391271086486708	-0.0316442810469009	-0.0117132081643591	-0.00554777002904058	-0.0222751450270587	-0.0102802378273294
0.0524954565050252	0.0535174006132663	-0.0322667841149013	-0.0308430897518205	0.0168241063631006	0.00177829780394409	0.0208227663909216	0.00536932906813372	0.00341802177718541	0.0294465387884127	-0.0391302225260702	-0.0316348332439164	-0.011706822550365	-0.00552616287707244	-0.0222986660471459	-0.0102653361986978
0.0524513020308378	0.0535027951452488	-0.0323107374233886	-0.0307240541397398	0.0168018342467349	0.00176123364403649	0.02081120076015	0.00535230961171503	0.00338486436126999	0.0295022966119405	-0.0391473984447001	-0.031598879065976	-0.0117272841754298	-0.00550773246678501	-0.0222977370527669	-0.0102540136431472
0.0524338928158752	0.0535012780205939	-0.0323283031005625	-0.0306345773127171	0.0167964055668003	0.00175812954552526	0.0208073367023273	0.00534922786494826	0.00336269422473839	0.0295189961590166	-0.0391652099910629	-0.0315910084579597	-0.0117398207101012	-0.005509204887951	-0.0223058702937806	-0.0102539661456902
0.0524377582706819	0.0535108878737256	-0.0323223812852658	-0.030599374712184	0.0168099940304451	0.00177388612838222	0.0208138173112353	0.00536165403788138	0.00335435562707253	0.0294993699304008	-0.039180924664399	-0.0316012022504154	-0.0117460805955327	-0.00551781170655032	-0.0223299668712875	-0.0102639811241902
0.0524156328376392	0.0534895894552278	-0.0323256418459883	-0.0306094972584542	0.0168067558214671	0.00176548466643508	0.0208151165063818	0.00535506306723512	0.00337586079920659	0.0294964446458453	-0.0391753339343171	-0.0316062956541831	-0.0117164170366725	-0.00549695473500546	-0.0223489183566175	-0.0102408889781998
0.0524248627111152	0.0534937007792235	-0.0323196082719693	-0.0306174335247199	0.0168134152443308	0.00176058823741534	0.0208105553535289	0.00535068072833785	0.00337695463770087	0.0294797464957531	-0.0391580127293483	-0.031601379667387	-0.0117297847768408	-0.00551546337639849	-0.0223157721165743	-0.0102530497241676
0.0524225982000051	0.0534796792505299	-0.0322937989920436	-0.0306888543331747	0.0168216784048591	0.0017553285925482	0.0208139011302771	0.00534539873172626	0.00341695727535573	0.0294584382983671	-0.0391441392809617	-0.0316165411350478	-0.0116908550229198	-0.00550581440771394	-0.0223288995754897	-0.0102450771363172
0.0524530636276977	0.0534912351024133	-0.0322643393928515	-0.030756267194452	0.0168466676551601	0.00177327704334581	0.0208308884560631	0.00536488945289128	0.00342621089756023	0.0294155676525018	-0.0391403618361487	-0.0316395634318368	-0.0116886645519632	-0.0055267356405241	-0.0223286537063007	-0.0102572141335564
0.0524552331438939	0.0534782054323799	-0.032255084373663	-0.0308375814437963	0.016847004328311	0.00175231250403076	0.0208286993820905	0.00535025045725709	0.00344353489649712	0.0294203299710548	-0.0391094703283275	-0.0316315377585933	-0.0116791413118412	-0.00551696653121311	-0.0222977845502239	-0.0102480038178568
0.0524921442558937	0.0534810524858299	-0.0322033317033448	-0.0309777855548603	0.0168796462571199	0.00176745301693118	0.0208514841915946	0.00536418397595691	0.00348505046785479	0.0293767300995267	-0.0391006553591079	-0.0316712037230973	-0.011640397356796	-0.00553736529199663	-0.0223124612644269	-0.010254544497078
0.0525222199250424	0.053488619948312	-0.0321835154849011	-0.0310640507156015	0.0168868784434352	0.00176744323804298	0.0208577105494095	0.00536515767382475	0.00349485310478247	0.0293491606197251	-0.0390723454777712	-0.0316763991066991	-0.0116536617201461	-0.00555326716119255	-0.0222691980660496	-0.0102596057702131
0.0525416044754212	0.0534986614695086	-0.032180268894019	-0.0311011043199723	0.0168817654818911	0.00176496778234455	0.0208550562797554	0.0053619446105593	0.00349751855030877	0.0293351740156322	-0.0390617004594744	-0.0316737336611728	-0.0116572324113229	-0.00555437916047921	-0.0222464607540024	-0.0102618130049781
