0.0524821991265952	0.0535725842763584	-0.0320119546703344	-0.0308358058770962	0.0167437937513046	0.00160160447005683	0.0209037663188596	0.00524263658659298	0.00342315988444207	0.0294409704100752	-0.039186618771299	-0.0317737968331631	-0.0118784643900054	-0.00553559810720064	-0.022122090059917	-0.0100663861152692
0.0524620713807131	0.0535703602777851	-0.0320367092273187	-0.030748265269937	0.0167436708167101	0.00160680125064269	0.020901184692375	0.00525161081199179	0.00339876295536911	0.0294642050484365	-0.0392124238602726	-0.0317643755728752	-0.0118901878799722	-0.00552818850391371	-0.0221438494831442	-0.0100746674365899
0.0524286178041837	0.0535459144542711	-0.0320542707135404	-0.030693876490757	0.0167305796793794	0.00158883743302076	0.0208979506743491	0.00523579276183757	0.00340272619905784	0.0294780030596856	-0.0392091311689176	-0.0317520974802491	-0.0118812625490144	-0.00551284822229722	-0.0221469270389589	-0.0100580084020505
0.0524509430059425	0.0535605953594262	-0.0320368181920729	-0.0306845823560157	0.0167638125324324	0.00162061742268412	0.0209125421725264	0.00525887792290782	0.0033934460341568	0.0294396209235037	-0.0392323141188698	-0.0317810695320153	-0.0118797244695991	-0.00553066675358019	-0.022179676535538	-0.010075603415889
0.0524105534037117	0.0535227315043189	-0.0320466529596332	-0.0307036260422916	0.0167381750815421	0.00158565929435602	0.0209023274253103	0.00523129587024997	0.00342887354911846	0.0294507073887536	-0.0391958360719187	-0.0317641045579737	-0.0118488343587618	-0.00550657157305737	-0.0221587776544723	-0.0100459202992523
0.0524612946575933	0.0535580053510374	-0.0320048300517893	-0.0307289477747915	0.0167833283993099	0.00162019553350753	0.0209248831294338	0.00526109353957695	0.0034081786277209	0.0293976694931292	-0.0392168215659942	-0.0317958412411322	-0.011873731408117	-0.0055461313667752	-0.0221679167239865	-0.0100804285987232
0.0524605794017708	0.0535389393130171	-0.0320008737930207	-0.0308084752815634	0.0167766675794622	0.00159779908556331	0.0209139531263951	0.00524041817595579	0.00345055753520817	0.0293879688360356	-0.039175426135263	-0.0317917061684079	-0.0118436012565912	-0.00554067754112811	-0.0221415640172737	-0.01006455886016
0.0524811569765099	0.053543602445704	-0.0319736801019228	-0.0308732813706435	0.016790941962265	0.0016001599885714	0.0209215890410947	0.00524371785223101	0.00346894463899072	0.0293628147416192	-0.0391697571740755	-0.0318076960475977	-0.0118317408621896	-0.00554645267310175	-0.0221432264282675	-0.0100670929891876
0.0525343317765691	0.0535534148615199	-0.0319108493482589	-0.0310523635472195	0.0168269059190936	0.00161019592183183	0.0209394480849145	0.00524910462264474	0.00351002714529957	0.0292971453164095	-0.0391424433423511	-0.0318339816990771	-0.011806326928744	-0.00556806680999003	-0.0221268202478373	-0.0100797217248048
0.0525508413338174	0.0535546358255608	-0.0318934904247213	-0.0311407283749555	0.0168284398075568	0.00159959281305585	0.0209433065548011	0.00524576583081672	0.00353102940318339	0.0292777356203181	-0.039114109712286	-0.0318405614938511	-0.0117970146332103	-0.00557241143031853	-0.0220983078038165	-0.010074723315951
0.0525623287334834	0.0535587918530454	-0.0318939612083389	-0.0311844050806052	0.0168202800238466	0.00159690920673718	0.0209366890414583	0.00523689079128394	0.00353534189287923	0.0292838138978259	-0.0391047904318321	-0.0318382383094118	-0.0117952725941268	-0.00556939534180109	-0.0220781255755574	-0.0100668568988868
0.052590979478923	0.0535829051943606	-0.0318773133496718	-0.03120830328638	0.0168383807459033	0.00161583694333874	0.0209416469377752	0.00525537149299639	0.0035208090680312	0.0292822674365064	-0.0391215584311257	-0.0318502230353919	-0.0118110124131754	-0.00558495634689407	-0.0220865563741692	-0.0100882740610271
0.0525760359407706	0.0535741977929113	-0.0318972636785822	-0.031195195385241	0.0168173128297702	0.00160444733255474	0.0209319784113143	0.00524570296653544	0.00351818134107367	0.0293080711284961	-0.0391162065853127	-0.0318329353580398	-0.0118095721226421	-0.00557037323062101	-0.0220781199876213	-0.0100762613953664
0.0525599915792038	0.0535700445593947	-0.0319207958745415	-0.0311479172547659	0.0168023860554261	0.00160208223859456	0.0209248300440407	0.00524499190166496	0.00350119820623972	0.0293369090697955	-0.0391244278363201	-0.031816301469213	-0.0118157817166486	-0.00556113776920888	-0.0220808427094928	-0.0100752290241693
0.0525474187229477	0.0535768059620924	-0.0319426447047466	-0.0310639305749751	0.0167951552660948	0.00160379214704539	0.0209240812606014	0.00525099334505121	0.00347335910852064	0.0293651952024037	-0.0391489365241154	-0.0318063437670581	-0.0118437325730899	-0.00556152892473685	-0.0220899957488472	-0.0100796881971882
0.0525408850286466	0.0535833927417866	-0.0319517264979156	-0.0310036996085882	0.0167986798567986	0.00161674917390933	0.0209345348920864	0.00525979294744646	0.00345439784430239	0.0293683621651962	-0.0391725245994359	-0.0318129445165926	-0.0118549377819822	-0.00556658740390389	-0.0221087334956209	-0.0100856407461334
0.0525036204796875	0.0535785382222877	-0.0319996304772354	-0.0308777293677902	0.0167683219968762	0.00161310164861102	0.0209165151951033	0.0052554748698145	0.00342113425760081	0.02941695066669	-0.0391901196132743	-0.0317888535270218	-0.0118752820603886	-0.00554689970799085	-0.0221164490384101	-0.0100786935445599
0.0524598823067406	0.0535603927967421	-0.0320387194873356	-0.030771487335442	0.0167431581235716	0.00159647614168836	0.0209015660690148	0.00524117394431519	0.00340475461986716	0.0294623959541197	-0.039202721806195	-0.0317605073241004	-0.0118788765002938	-0.00552349324059406	-0.0221276654231746	-0.010066328838924
0.0524545095061671	0.0535632454381282	-0.0320392419593623	-0.0307106989724277	0.0167551302766955	0.00160782244596749	0.0209059386290239	0.00524950276309285	0.0033885859267218	0.0294610241158037	-0.039227562976189	-0.0317671094706189	-0.0118844728183118	-0.00552920131733434	-0.022157289866482	-0.0100701817208745
0.0524315947771483	0.0535462315696456	-0.0320507796504533	-0.0306855350991231	0.0167452242629497	0.00159501070544251	0.0208991395077574	0.00524042376389191	0.00340103165743132	0.0294586282881949	-0.0392142902309347	-0.0317626209609355	-0.0118729435091249	-0.00551954955468173	-0.0221520637492316	-0.010059501777977
0.0524509374180063	0.0535570805476106	-0.0320330239834516	-0.0307004353307707	0.0167686125695542	0.00161558269224556	0.0209107037415449	0.0052582241343825	0.00339862605093432	0.0294282830011288	-0.0392291234073488	-0.0317843831781308	-0.0118718622434869	-0.00552410092864644	-0.0221824984432755	-0.0100626226402965
0.0524515856185956	0.053547379890517	-0.0320151872913763	-0.0307450717644479	0.0167776203225696	0.00161198406138826	0.0209177221893039	0.00525453609654737	0.00341968139421122	0.0294142014021219	-0.0392110855495734	-0.0317916251433343	-0.0118578029962245	-0.00552995708569373	-0.0221799056409187	-0.0100640755036861
0.0524579488808452	0.0535372475653586	-0.0319936024911526	-0.0308181689537369	0.0167842741574972	0.0016036845792752	0.0209221408497859	0.00524876236155776	0.00344582595030379	0.0293924685215912	-0.0391884055138714	-0.031794359041078	-0.0118440189548157	-0.00553421090206038	-0.0221529340702813	-0.0100666529392186
0.0524717063795574	0.0535369011133195	-0.0319815213732745	-0.0308541887899266	0.0167847770717474	0.00159654319692173	0.0209215708803023	0.00524258210421587	0.00345263205649042	0.0293688762553187	-0.0391634274394426	-0.0317949290105616	-0.0118477181685231	-0.00554653788912748	-0.0221219657283385	-0.0100653006586791
0.0525090798932707	0.0535426916121175	-0.031935251865268	-0.030975758531035	0.0168225976203498	0.00160671463763292	0.0209389395827281	0.00525112186758183	0.00347509695665204	0.0293360205879534	-0.0391631578215251	-0.0318217273551795	-0.0118252756201059	-0.00555304084977995	-0.022137655255962	-0.0100703954594309
0.0525287871469602	0.053538348388773	-0.0319138235272555	-0.031082875075385	0.016826435135476	0.00159423537930672	0.0209437382228658	0.00524311295814668	0.00350960106517089	0.0292958475182471	-0.0391239151431817	-0.0318288421948364	-0.0118077588373731	-0.00556151914584865	-0.0220978761357517	-0.0100634957553143
0.0525613676084718	0.0535540309314765	-0.0318881274030361	-0.0311686247490197	0.0168395025240782	0.00160448644810753	0.0209493624805644	0.00525213468100246	0.00352555182880781	0.0292699334645192	-0.0391171732982604	-0.0318477601525498	-0.0117942444138818	-0.00557075879821287	-0.0220981303868449	-0.0100715507652224
0.0525626933463148	0.0535497463814612	-0.0318886121564939	-0.0312052746250063	0.0168282218780484	0.00159680443293505	0.0209436697706484	0.00524476559025235	0.00353112439809732	0.0292873077548811	-0.0391053645922678	-0.0318376054756469	-0.0117939468562838	-0.00556263813005545	-0.0220835500645399	-0.0100673416523447
0.0525608311666049	0.0535538521175208	-0.0318919942548268	-0.0312015712203468	0.0168141332941214	0.00158609096242081	0.0209334033350233	0.00523496854126078	0.00353185502074421	0.0293021199765348	-0.0391038963620539	-0.0318247155040163	-0.0117981559691615	-0.00556192985915302	-0.022064356900973	-0.0100706343436997
0.0525854194824898	0.0535842742387085	-0.0318926187066875	-0.0311660529014233	0.0168249529354218	0.00161226625216201	0.020938590336721	0.00525182315356411	0.0035033132400588	0.0293046918241312	-0.0391329298811173	-0.031833386583881	-0.0118269883225248	-0.00558061452053363	-0.0220789288413738	-0.0100938117057159
0.0525584604847086	0.0535746601946247	-0.0319278702016616	-0.0311004086219261	0.0167971669230958	0.00160236163540025	0.0209232095425677	0.00524285731006948	0.00348748541101639	0.0293371884666012	-0.0391324632884518	-0.0318134292700504	-0.0118337189915739	-0.00556027722704735	-0.0220822843970101	-0.0100729379703627
0.0525517242277234	0.0535815361500128	-0.0319452011855186	-0.0310385697269225	0.0167925987853228	0.00160326967501875	0.0209223294426297	0.00524182074792036	0.00346208544741099	0.0293720264543028	-0.0391539069932886	-0.0318029323320606	-0.0118506029405419	-0.00556028560895152	-0.0220925298778748	-0.010083362265183
0.0525048414437284	0.0535583462151404	-0.0319851102252436	-0.0309487492418288	0.0167519297862863	0.00158115262388022	0.0209016429031364	0.0052231235136835	0.00346900331231991	0.0293980103572321	-0.0391484866952582	-0.0317794294727659	-0.011840645238387	-0.00553812385432409	-0.0220837568181761	-0.0100637486094235
0.0525247121445491	0.0535958747940808	-0.0319928215770807	-0.0308365434846632	0.0167789306935883	0.00163200284251604	0.020914092824798	0.00526474246185928	0.00340118811964251	0.0294157799940741	-0.0392180676757476	-0.0317997025049868	-0.011888165047099	-0.00555327833706479	-0.02214884509803	-0.0100899001504362
0.0524675293973123	0.0535609990878104	-0.0320318323560753	-0.0307628120646253	0.0167481453565532	0.00160890650557357	0.0208969197001361	0.00524864222093132	0.00340542796616887	0.0294585765997859	-0.039210922102442	-0.0317728426930717	-0.0118718552585668	-0.00551886363552376	-0.0221635595308017	-0.0100624591931652
0.0524424702978099	0.0535470711570467	-0.0320474143159287	-0.0307041415293981	0.0167323622309997	0.00159464329864303	0.0208939217724111	0.00524211271758231	0.00339965842213135	0.0294680732972113	-0.03920846620452	-0.0317550311467089	-0.0118805305293835	-0.00551629597887945	-0.0221520735281198	-0.010056359960897
0.0524501034185414	0.0535523126411215	-0.0320432010120989	-0.0306837455625827	0.016749114863469	0.0016121335386793	0.0209051535239999	0.0052632462919648	0.00339423812410094	0.0294421117460265	-0.0392220895927655	-0.0317726778489563	-0.0118822404378343	-0.00552886883513556	-0.0221701672652563	-0.0100654235932736
0.0524065091349493	0.0535105288488303	-0.0320446622573927	-0.0307108889622556	0.0167254359841866	0.00158002805173731	0.020894259842546	0.00523768986614822	0.00343790505086243	0.0294462160851021	-0.0391916101952327	-0.0317624044284111	-0.0118371877029166	-0.00549796475445805	-0.0221613914115896	-0.0100324631521062
0.0524642939823024	0.0535519298674977	-0.0319985450206453	-0.030739627717689	0.0167788398896265	0.0016178080878029	0.0209184723697272	0.00526442814045288	0.00341044034486298	0.0293955055648691	-0.0392095754098386	-0.0317972228583363	-0.0118705532694523	-0.00554525545778936	-0.0221671302219785	-0.0100738082914124
0.0524599633318142	0.0535314836092572	-0.0319898669558605	-0.0308190155260581	0.0167795383816407	0.00159584191093944	0.0209191261582525	0.00524585942874663	0.00344938267164023	0.0293773615363075	-0.0391737846790296	-0.0317933951220983	-0.0118429879806027	-0.00554037718956199	-0.0221388720290508	-0.0100602575463364
0.0524806778109882	0.0535390105592025	-0.03196716317143	-0.0308705418849637	0.0167885181949756	0.00160506759346337	0.0209247755616636	0.00525463807638145	0.00345673080762992	0.0293516067387589	-0.0391690516971411	-0.0318092257451088	-0.0118408478010711	-0.00554612717582312	-0.0221333567361065	-0.0100647111314191
0.052530692633175	0.0535522120582714	-0.0319241220935133	-0.0310109639255362	0.0168221715402212	0.00161245763897391	0.0209348925199977	0.00525545670902213	0.00349074178078673	0.0293085712487783	-0.0391508434073142	-0.0318301553598232	-0.011820024357143	-0.00556242997943521	-0.0221309064261206	-0.0100777505803407
0.0525491607620312	0.0535478590560387	-0.0318984567029425	-0.0311233205569769	0.0168293743898719	0.00159782283429179	0.0209409777824256	0.00524191713981833	0.00352843240987449	0.0292818665020903	-0.0391203723916855	-0.0318387551935023	-0.0117973317485847	-0.00556278201941038	-0.0221084596867513	-0.0100679325765887
0.0525750580519507	0.0535602558923073	-0.0318828859189613	-0.0311871655210454	0.0168397819208839	0.00160304476059017	0.0209456632668571	0.00524696025216105	0.00353217912103881	0.0292670389136122	-0.0391119765176745	-0.0318476595696997	-0.0117949708455766	-0.00557434625319794	-0.0220964875336275	-0.0100744900196183
0.0525532944377714	0.0535414874118849	-0.0318957982423363	-0.0312121477864263	0.0168122292048906	0.00157200517246189	0.0209295993475138	0.00521804407975603	0.00355015690850102	0.0292981371750697	-0.0390864885440753	-0.0318241161978681	-0.0117809940203719	-0.00555230044824487	-0.0220697478623388	-0.0100533606361879
0.0525926432869009	0.0535783999208689	-0.0318831820795753	-0.0311923567136951	0.0168326461264665	0.00160201099240911	0.0209426625451639	0.00524679820201375	0.00351333101252687	0.0292854958665962	-0.039118531166736	-0.0318399314540543	-0.0118164788116788	-0.00558217495169341	-0.0220731131968633	-0.0100882195786499
0.0525675855843825	0.0535669544307237	-0.0319110784536396	-0.0311701851801795	0.0168080131070927	0.00159233129007593	0.0209312394067632	0.00524398048522836	0.00351717411558915	0.0293187985688506	-0.0391191137090759	-0.0318242866299196	-0.0118087018015923	-0.0055602939908557	-0.0220810047596401	-0.0100714124638036
0.0525587203237379	0.0535770434493772	-0.0319308290138339	-0.0310904704775477	0.0167933810963787	0.00160022983777282	0.0209248775414977	0.00524957680324635	0.00348392310174383	0.0293401081632207	-0.0391377466820475	-0.0318146446461552	-0.0118340402979005	-0.00555881039381748	-0.0220876348458391	-0.0100736839598339
0.0525333133752124	0.0535674168324371	-0.0319550736716478	-0.0310287726779309	0.0167723550897664	0.00158885978476522	0.0209156309042133	0.00523919022699478	0.00347380474642571	0.029377040229981	-0.039144646386164	-0.03179514694007	-0.0118393530281607	-0.00554311248428971	-0.0220934616662218	-0.010068044335311
0.0525166333859126	0.0535760613696052	-0.031981789594208	-0.0309204840639811	0.0167632970453259	0.00160606504005969	0.0209115572987863	0.00525038286303077	0.00344398193138622	0.0293931502497971	-0.0391680095470559	-0.0317961136530177	-0.0118592963721509	-0.00554452623212651	-0.022114679059646	-0.0100762306617177
0.0524744793928539	0.0535634563827165	-0.0320223342616659	-0.0307978833486597	0.0167410584565769	0.0015982209747399	0.020895979529885	0.00524262820468881	0.00341637892396794	0.0294481592898857	-0.0391943385050402	-0.0317696924940875	-0.0118740918299963	-0.00552532468665537	-0.0221322237820594	-0.0100644722471502
0.0524739471419391	0.0535736306173957	-0.0320289908905615	-0.0307322991394757	0.0167551442465358	0.00161713474150118	0.0209008787528728	0.0052578315818705	0.00339045509135187	0.0294513597802949	-0.0392187871225223	-0.0317723034572367	-0.0118865599124503	-0.00553039434169464	-0.0221678482717691	-0.0100831988180517
0.0524561984598575	0.0535606428568832	-0.032035250775993	-0.0306952636958973	0.0167535111722065	0.00161167951887006	0.020896027027342	0.0052533151325065	0.00338835263038905	0.0294516713077332	-0.0392160169031938	-0.0317682815402188	-0.0118867848268789	-0.00552934520668927	-0.0221663521018746	-0.0100741030550424
0.0524442640253024	0.0535495354368729	-0.0320422901785124	-0.0306819183074735	0.0167494221999552	0.00160336606691671	0.0208882947207445	0.00524462170089742	0.00339322670766433	0.0294505774692389	-0.0392088182444952	-0.0317634968699213	-0.0118791838367801	-0.00552252652764637	-0.0221591757949204	-0.0100658985678433
0.0524611773109349	0.0535572174520454	-0.0320141786689077	-0.0307249747522145	0.0167819817067065	0.00162662724797454	0.0209110641634243	0.00526616179763219	0.00340714485953985	0.0294109184896551	-0.039221230447588	-0.0317980149482804	-0.0118602365424021	-0.00553149656209309	-0.0221970019314589	-0.0100751591749679
0.0524538752754182	0.0535369961082335	-0.0320056556693501	-0.0307708558986611	0.0167713269095214	0.00159411244471221	0.0209056620261862	0.00524301237529664	0.00342905655402619	0.0294089138175742	-0.0391837842907052	-0.0317795007189513	-0.0118542169382235	-0.00553229423997334	-0.022150369207605	-0.010066278547499
0.0524703415261616	0.0535375255651803	-0.0319836908894707	-0.0308439083844612	0.0167857144480305	0.00160212973605153	0.0209192449018949	0.00524832510555686	0.00345888914795388	0.0293661032420222	-0.0391731071417757	-0.0318036922913721	-0.0118275806437529	-0.00553701744297355	-0.0221535724919823	-0.0100657043870633
0.0525030099976671	0.0535487810654975	-0.0319508212522651	-0.0309270666527232	0.0168109397886324	0.00161119476541218	0.0209281534690444	0.00525962530936304	0.00346270151736754	0.0293452392855572	-0.0391681324816504	-0.0318171131169335	-0.0118326866203769	-0.00555005828887919	-0.0221460273812446	-0.0100777394044685
0.0525133127548769	0.0535353462700959	-0.0319259004541815	-0.0310434982865749	0.0168046128479675	0.00159027213561799	0.0209264086359928	0.00524008848772508	0.00351102459189589	0.0293137666323801	-0.0391213740292339	-0.0318184109150959	-0.0118027813832797	-0.00555339009578706	-0.0221053262515755	-0.0100641509408237
0.0525630481802581	0.0535619699917102	-0.0318882796742952	-0.0311332824500838	0.0168402890260862	0.00161720878165469	0.0209457680406592	0.00526228656393725	0.00351178734517543	0.0292686412542929	-0.0391236064097114	-0.0318480018307867	-0.0118131945022278	-0.00557851066258677	-0.0221017024750057	-0.0100844211790766
0.0525628553964621	0.0535548034636442	-0.0318906852807922	-0.0311767929146341	0.0168212984252034	0.00159832993949412	0.0209348687712692	0.00524396651538807	0.00352741959645385	0.0292798925636581	-0.0391025203327859	-0.0318363481900213	-0.0118030607800854	-0.00556506888226496	-0.0220775095056009	-0.0100714487853883
0.0525867857328696	0.0535749116517498	-0.0318859550928718	-0.031190189991467	0.0168289119881585	0.00160142845006924	0.0209360226800767	0.00524494161023993	0.00351534127254382	0.0292849803794897	-0.0391150009880961	-0.0318392622987047	-0.0118151838074844	-0.00557229687762819	-0.022078054329372	-0.0100773803795732
0.052589405077923	0.0535780674386701	-0.0318917176519892	-0.0311970030825738	0.0168316654436785	0.00161066391148137	0.0209370997547626	0.00525292537396256	0.00351340086172829	0.0292989320589819	-0.0391233787013148	-0.0318398839565973	-0.0118103516397299	-0.00556867170407435	-0.022095484499095	-0.010085668685814
0.0525552460244591	0.0535594875510916	-0.03192435678683	-0.0311544956525559	0.0167954053262359	0.00159192756169171	0.0209221184980414	0.00523749708235229	0.00350832142780082	0.0293381314308204	-0.0391124542862122	-0.0318102958348746	-0.0118130394370007	-0.00554730902431119	-0.0220780780781005	-0.0100681058026082
0.0525673606699539	0.0535887236328392	-0.0319285589147876	-0.031073403523672	0.0168101798293209	0.00162085071901687	0.020929114594056	0.00525712191398405	0.00346473552611297	0.0293518330501715	-0.039157604810012	-0.0318184765733453	-0.0118474611234619	-0.00556210587914061	-0.0221134161860843	-0.0100888929249517
0.0525408445161098	0.0535745903454233	-0.0319545609785093	-0.031020727446911	0.0167934984430371	0.00161366882412658	0.0209306722312477	0.0052587689581536	0.00345641369225546	0.0293735743126064	-0.0391626185856901	-0.0318050054563589	-0.0118498373932943	-0.00554729365748688	-0.022121156874586	-0.0100808309301234
0.0524665221718278	0.0535361201992476	-0.0320188920930197	-0.0308829093845677	0.0167337047326511	0.00157539984365104	0.020914486774294	0.00523283814061739	0.00344201637485819	0.0294381904118586	-0.0391580616237893	-0.0317614447003835	-0.0118523882861302	-0.00551464055280573	-0.0220985844066542	-0.0100523576016554
0.0524936082951556	0.0535786066745051	-0.032017041089182	-0.0307723171439549	0.0167668928822151	0.00162729640332417	0.0209258372695252	0.0052717930402509	0.00338354002041101	0.0294342076103935	-0.039226529208008	-0.0317848288160358	-0.0118957325095812	-0.0055423609068824	-0.0221535962407108	-0.0100893762814255
0.052442130830691	0.0535439824253598	-0.0320498548470265	-0.0307083702000523	0.0167361801883495	0.00159387914837946	0.020902411244352	0.00524295789291953	0.00339382042587643	0.029467957347537	-0.0392092750582725	-0.0317509449684256	-0.0118849827174822	-0.00551529434133105	-0.0221433158352454	-0.0100612815356292
0.0524617375015303	0.0535620915293207	-0.0320331762547107	-0.0306800016453864	0.0167646381499932	0.00162180066815622	0.0209143289150988	0.00526656552601642	0.00337844661664326	0.0294384125323191	-0.0392310191146754	-0.0317785675336203	-0.011893271023723	-0.00553855831635694	-0.0221697761097284	-0.0100836514408769
0.0524522310252167	0.0535474888552712	-0.0320317303762413	-0.0306968618456259	0.0167712025779429	0.0016174350930673	0.0209129808255113	0.00525971890729295	0.00339442112900866	0.0294305153816063	-0.039222800657636	-0.0317793344778519	-0.0118730049764222	-0.00552709885637151	-0.0221825459407325	-0.0100726166640361
0.052463538213943	0.0535486483520148	-0.0320089790943538	-0.0307349296604013	0.0167898411388506	0.00162684238351492	0.0209243774212155	0.00526809801749563	0.00340476719272341	0.0294032881628916	-0.0392199647800582	-0.0317980233301846	-0.0118677774621877	-0.00553698112138881	-0.0221899471621152	-0.0100727982719598
0.0524606562358923	0.0535338528941694	-0.0319966842379194	-0.0308115276916656	0.0167883449689561	0.0016097670477351	0.0209250270187887	0.0052524755451054	0.00343775976452348	0.0293954440975719	-0.039187061615236	-0.0317957197035217	-0.0118463183905266	-0.00553617506160439	-0.0221572675147376	-0.0100725733575312
0.0524954579020092	0.0535556011415245	-0.0319663305689491	-0.0308653059888251	0.0168125072047123	0.00162923541715567	0.0209387509898843	0.0052697310918249	0.00344126898840296	0.0293463373150036	-0.0391877545193141	-0.031822586500357	-0.0118506769806954	-0.00555720805313684	-0.0221578710118378	-0.0100811564274021
0.0524752156034369	0.0535148846450311	-0.0319521958845491	-0.030972764794262	0.0167975622695759	0.00158360153688211	0.0209309362612291	0.00523580952564591	0.00348618202491784	0.02935568872609	-0.0391400698664868	-0.0318018580513427	-0.0118099213686492	-0.00553250099360955	-0.0221190376498148	-0.0100515319840946
0.052537663583477	0.0535468448456341	-0.0319078975210068	-0.0310589335631053	0.0168316011824132	0.00160179306290067	0.020948211365725	0.00525277170571943	0.00349254947811954	0.0292874684080444	-0.0391336130063073	-0.0318277665171345	-0.0118206306482113	-0.00557508386076497	-0.0220944982283709	-0.0100804802871323
0.0525862772306832	0.0535710727396396	-0.0318795122025326	-0.0311510688507341	0.0168580642508643	0.00162349520978274	0.0209583800124681	0.00526790243973165	0.00350654027316454	0.0292527324001768	-0.0391337038102691	-0.0318590827081004	-0.0118141947427922	-0.00558988211257841	-0.0221033732679037	-0.0100936468616005
0.0525633345619839	0.0535465878005728	-0.0318927765658828	-0.0311958715255107	0.0168256891460048	0.00159264002354622	0.0209450038903956	0.00524513858498795	0.00353185502074421	0.029282539848392	-0.0391026893678533	-0.0318385512338342	-0.0117939314894595	-0.00556758485050021	-0.0220718447353655	-0.0100695391082214
0.0525727865559204	0.0535566432916097	-0.0318920864557727	-0.0312001211509253	0.0168214395205902	0.00159277134004489	0.0209425871080264	0.00524819798001027	0.0035251243516951	0.029287499141693	-0.0391081906909574	-0.0318371235161571	-0.0118007962689753	-0.00557284030441527	-0.0220614986716507	-0.0100743922307363
0.0525760876291797	0.053563386533515	-0.0318977931355289	-0.0311853536327605	0.0168210749077588	0.0016038955238635	0.0209437200620735	0.00525659525100532	0.0035120415962686	0.0293045688895367	-0.0391281130801872	-0.0318367952249104	-0.0118056759341867	-0.00556866751312227	-0.0220821363167031	-0.0100768355558021
0.0525503468014713	0.0535546777350816	-0.0319265961522277	-0.0311284153577286	0.0167967869434401	0.0015945832283298	0.0209337372142061	0.00524491367055937	0.00349738723381009	0.029336540266012	-0.0391266741866379	-0.0318152621130958	-0.011815412912865	-0.00555428695953333	-0.0220748189143621	-0.01006750649646
0.0525509642684119	0.0535725731004862	-0.0319371322057703	-0.0310600050498551	0.0168007348203045	0.00161042223324444	0.0209315383613453	0.00525655054751641	0.00346409710441197	0.0293577213378514	-0.0391611266067477	-0.0318171256897897	-0.011836521341535	-0.00555619523971621	-0.0221052927239588	-0.0100712029161993
0.0525204150216776	0.0535600170080384	-0.0319658486094592	-0.0309883397691953	0.0167795286027525	0.00160454931238881	0.0209195634142534	0.00524949298420465	0.0034647955964262	0.0293787375655755	-0.0391591540652995	-0.031802166784813	-0.0118314419076075	-0.00554559492490828	-0.0221127079151819	-0.0100718455288524
0.0524835751558632	0.0535547601571393	-0.0320128808707453	-0.0308441528566662	0.0167452144840615	0.00159169286837493	0.0208985709352578	0.00523889406638075	0.00341738335548441	0.0294361326543847	-0.0391769949483269	-0.0317668999230146	-0.0118714333693902	-0.00553310449070984	-0.022094942469292	-0.0100658147488016
0.0524846773762616	0.0535697875143334	-0.032019199429506	-0.0307600809608496	0.0167692719460156	0.00162426634496645	0.0209116313389398	0.00526572314464726	0.00338804249993473	0.0294388442003839	-0.0392268100017977	-0.0317853107755257	-0.0118814176142416	-0.0055400488983153	-0.0221599790607368	-0.0100793976245102
0.0524420609814895	0.0535378329016665	-0.0320406487222789	-0.0307115692934775	0.0167453639613526	0.00159474807244516	0.0208972675491592	0.00524270922976246	0.00340103724536743	0.0294591032627646	-0.0392085402446735	-0.0317611625096098	-0.0118678864269419	-0.0055186498969674	-0.0221528181206069	-0.0100588479894516
0.0524492358914597	0.0535448737011699	-0.0320431968211468	-0.0306817744181185	0.0167568751097471	0.00160596864816172	0.02090564945333	0.00525218636941151	0.00338691094287168	0.0294371091462206	-0.0392166092244219	-0.0317683150678355	-0.0118780341189246	-0.00553304442039662	-0.0221501135595278	-0.0100677216320004
0.0524499930568031	0.0535385006600321	-0.0320264805102623	-0.0307036372181639	0.0167672211734618	0.00160987740947335	0.0209095582146416	0.00525249649986583	0.00340309081188927	0.0294219518695118	-0.0392118958003099	-0.0317824665160437	-0.0118617871946737	-0.00553172846144181	-0.0221681989147602	-0.0100664950800234
0.0524485066657968	0.0535295711381222	-0.0320035811480679	-0.0307453567491897	0.0167728873406812	0.00160181960559721	0.0209105975707588	0.00524805967859145	0.00342473847639423	0.0294045063329645	-0.039199725275454	-0.0317874844826739	-0.0118481414546837	-0.00553106908498038	-0.0221600517039063	-0.0100652769099506
0.0524931179537616	0.053550422521731	-0.0319706598224532	-0.0308269657621641	0.0168060098319959	0.00162870596020889	0.0209247881345198	0.00527018511163415	0.00343465985696433	0.0293555308668948	-0.0392007786014114	-0.0318163210269893	-0.011846534923051	-0.00555521176296017	-0.022164457791532	-0.0100824905471492
0.0524717762287588	0.0535203859681351	-0.031973002564669	-0.0308895464556869	0.0167852716040935	0.00159232151118773	0.0209150022614005	0.00524198140108363	0.00347096328091184	0.0293634699271285	-0.0391576355436606	-0.0318046268736871	-0.0118161547113841	-0.0055303971356627	-0.0221336976002094	-0.0100561112977399
0.0525257473097142	0.0535417011504413	-0.031920082015703	-0.0309940492429196	0.0168235517604413	0.00160780288819109	0.0209393796326971	0.00525806627518728	0.00348054379737899	0.0293080962742086	-0.0391592532511655	-0.0318299374303147	-0.0118166995351552	-0.00556020039292579	-0.022128274508211	-0.010076392711865
0.0525567449883217	0.0535435298025346	-0.0318952310668208	-0.0311147752056748	0.0168359751394063	0.00160612231640486	0.0209444269359919	0.00525529046792274	0.00351417898183214	0.0292734468793508	-0.0391257298254347	-0.0318428385778175	-0.0117967659700532	-0.00556805004618169	-0.0221102184896432	-0.0100761063301392
0.0525521167802354	0.0535288880129323	-0.0318955006847382	-0.0311724441033535	0.016813130259589	0.00158204809064246	0.0209334508324803	0.00523521720441785	0.00353679755023689	0.0292816038690929	-0.0390919800882912	-0.0318283113409056	-0.0117852338668983	-0.00556116710587348	-0.0220636388511823	-0.0100649765583845
0.052594266582342	0.0535625441521459	-0.0318688406415392	-0.0312070948951954	0.0168489992215036	0.00161715709324563	0.0209565345965665	0.00526552058196313	0.00351095334571044	0.029267226109472	-0.0391220934760086	-0.0318547813942768	-0.0118042607893659	-0.00558479848769886	-0.0220904218289759	-0.0100909101698888
0.0525787097682011	0.0535544304689086	-0.031888957211549	-0.0312006352410478	0.0168203889886008	0.00159397833424548	0.0209421847766262	0.00524214065726288	0.00351884351150316	0.0292914106969727	-0.0391022451269323	-0.0318302838823538	-0.0118078594202232	-0.00557485196141624	-0.0220593082006941	-0.0100779461581047
0.0525901594492983	0.0535728538942759	-0.0319010886208521	-0.0311652244898944	0.01681985813467	0.00160857961131091	0.020940849259895	0.00525336682091556	0.00349551387822793	0.0293064366571828	-0.039125306539274	-0.0318302112391843	-0.0118249529167954	-0.00557815443165952	-0.0220708137611525	-0.0100918657069642
0.0525298488548218	0.0535368396460223	-0.031937952235395	-0.0311011252747327	0.0167770936595909	0.00157524757239194	0.0209217776339385	0.00522629327044407	0.00350643829333046	0.0293543755611033	-0.0391182042724734	-0.0317982761842938	-0.0118027408707429	-0.00553908917028775	-0.0220696794101214	-0.0100608470735964
0.0525614388546573	0.0535764762738617	-0.0319392863551422	-0.0310293915418555	0.016806403781492	0.0016134536885862	0.0209350615550651	0.00525629629642323	0.00345161644910174	0.0293561483338354	-0.0391677958084996	-0.0318125966675695	-0.0118462750840217	-0.00557066520028296	-0.0220960921871474	-0.0100947923885038
0.0525281836498599	0.0535691714443769	-0.0319772130745307	-0.0309366276114139	0.0167749143645065	0.00161055215275909	0.0209170949434751	0.00524959496403872	0.003446278573129	0.0293820358448667	-0.0391696244605928	-0.0318002319619336	-0.0118467849831921	-0.00555219846841079	-0.022113008266748	-0.01008213711019
0.0524932464762922	0.0535630233176676	-0.0320129549108988	-0.030826323149511	0.0167592667464038	0.0016117801017201	0.0209031237062065	0.00525068880253301	0.00341299542865102	0.0294366621113315	-0.0392004489131807	-0.0317805861755414	-0.0118629690431618	-0.00553174801921821	-0.0221394741291671	-0.0100762823501268
0.0524331761630685	0.0535299092082571	-0.0320508746453672	-0.0307350274492833	0.0167186648026007	0.00158038707663263	0.0208858569836148	0.0052269624257937	0.003408379793421	0.0294787839737575	-0.0391927487372159	-0.0317453262986632	-0.0118597615678324	-0.00550504886046635	-0.0221246660984655	-0.0100486667698523
0.0524454402858544	0.0535477165636678	-0.032043058519728	-0.0306747964828964	0.0167405625272468	0.00160360355420155	0.0208945224755433	0.00524161818523624	0.00338412116576685	0.0294554864711149	-0.0392190637253599	-0.0317586549232787	-0.0118805109716071	-0.00552447951131815	-0.0221469354208631	-0.0100655716735806
0.052441938046895	0.0535423144264298	-0.0320369271568271	-0.0306888934487275	0.0167561486780523	0.00161346765842648	0.0209001621000662	0.00525045410921622	0.00339680158979315	0.029444786970441	-0.0392221412811746	-0.0317729307030655	-0.0118622873149559	-0.00552024804669596	-0.0221726999972999	-0.0100699456305737
0.0524272417749157	0.0535231031020705	-0.0320302551611072	-0.0307159278836462	0.0167485379090652	0.0015982796480691	0.0208995250753492	0.00524460912804116	0.00341429182982943	0.0294362597799313	-0.0392009182998143	-0.0317702820213475	-0.0118458029034201	-0.00551096089687478	-0.0221622058532781	-0.0100554952277834
0.0524640620829537	0.0535427125668779	-0.0319965864490374	-0.0307653406057168	0.0167800161501784	0.00161507279307518	0.0209135242522984	0.00525639548228925	0.00342122785553072	0.0293998557731337	-0.0392036829312066	-0.0317921350425047	-0.011854043712204	-0.00554083819429138	-0.0221661327753821	-0.0100741072459945
0.0524801860726101	0.0535379153237242	-0.0319742263226779	-0.0308452173584959	0.0167918933083884	0.00161546115463509	0.0209253790587639	0.00526004719853964	0.003448438310437	0.0293646601575208	-0.0391831109444035	-0.0318105668497761	-0.0118337399463344	-0.0055433332077662	-0.0221610505474866	-0.0100727354076785
0.0524876068517693	0.0535307851172429	-0.0319622904911388	-0.0309117137982504	0.0167909545351213	0.00159811620093777	0.0209226968494292	0.00524442332916538	0.00346368220015552	0.029360547436541	-0.0391586134324805	-0.0317997933089487	-0.0118316388823556	-0.00554561308570065	-0.0221215103115452	-0.0100676392099427
0.0525275661829193	0.0535386249916106	-0.0319209006483436	-0.0310356151057023	0.0168183298341429	0.00160253625840381	0.0209345376860544	0.00524991627036527	0.00349700306320227	0.0293052659845669	-0.0391370719387617	-0.0318258833826641	-0.0118090021531585	-0.00556224837151151	-0.0221122175737879	-0.0100708410973359
0.0525644437673025	0.0535512285815154	-0.0318886275233182	-0.0311412075404772	0.016840231749741	0.001612658804674	0.0209481247527152	0.00525981529919091	0.00351924025496724	0.0292714897047269	-0.0391233954651231	-0.031848506142021	-0.0118010477261004	-0.00557445521795216	-0.0221092699374878	-0.0100807233623533
0.0525442028657142	0.0535318817497053	-0.0318988995468795	-0.0311831966894205	0.0168105137085037	0.00157844806280113	0.0209371598250758	0.00523351707485522	0.00354233938587777	0.0292896938036017	-0.0390904168631633	-0.0318251834936659	-0.01178738103135	-0.00555821807258941	-0.0220624556057102	-0.010062005173356
0.0525902684140525	0.053569520690384	-0.0318713412429501	-0.0312091931652061	0.0168445316665806	0.00161423180869005	0.0209611194981479	0.00526170122762933	0.00351527002635837	0.029270022871497	-0.0391239235250859	-0.0318507105828179	-0.0118084154198665	-0.00558238170532963	-0.0220895026134852	-0.0100911979485986
0.0525494178070924	0.0535417011504413	-0.031906581562052	-0.0311874365359469	0.0167974672746619	0.0015724871319517	0.0209379714727964	0.00522623739108293	0.00353222103055966	0.0293151147219675	-0.0390949696341121	-0.0318199462005432	-0.0117922020232322	-0.00555595356147928	-0.0220518762456627	-0.0100636522175255
0.0525717863153561	0.0535703952023858	-0.0319145220192697	-0.0311469184111856	0.0168135325909892	0.0015996836170177	0.0209441349663299	0.00524996935575835	0.00349209406132627	0.0293227757823796	-0.0391289945771092	-0.031822589294325	-0.0118218460243161	-0.00557185123972312	-0.0220665892814504	-0.0100910610441638
0.0525518723080304	0.0535692566604026	-0.0319330278666947	-0.0310827228041259	0.0168008158453781	0.00160245663031418	0.0209354862382098	0.00525153537485425	0.00347754447266989	0.0293518120954111	-0.039147343962323	-0.0318164188158713	-0.0118234986564217	-0.00555830468559917	-0.0220995790592824	-0.0100798837749521
0.0525270814294614	0.0535569827587286	-0.0319600539197092	-0.0310265556642778	0.0167809423505893	0.00159404958043093	0.0209246204964364	0.0052420777929816	0.00347186433561019	0.0293782961186226	-0.0391542981488166	-0.0317997248567313	-0.0118218697730446	-0.00554069430493645	-0.022106086210887	-0.0100666319844582
0.0524885079064677	0.0535503051750726	-0.0320039471578833	-0.0308994580573688	0.016752158891667	0.00159123884856568	0.0209109244650214	0.00523566843025904	0.00344393024297717	0.0294212841111462	-0.0391705869825884	-0.031777523986551	-0.0118397455806727	-0.00552716591160488	-0.0221093216258969	-0.0100662687686108
0.0525083478736398	0.0535886076831648	-0.032009968159046	-0.03078591957744	0.0167779220711198	0.00163613512127222	0.0209229413216342	0.00527066288017188	0.00337796186318539	0.0294308869793578	-0.0392303415774216	-0.0317905634354727	-0.0118937334254364	-0.00555428695953333	-0.0221502784036432	-0.0100983742555528
0.0524346485842345	0.0535379753940374	-0.0320538949248367	-0.0307210380512223	0.0167284073692152	0.00158579340482275	0.0208991758293421	0.00523149703595007	0.00340238673193892	0.0294770824472108	-0.0391982500603199	-0.0317489053717441	-0.0118691744462162	-0.00551110897718179	-0.0221383481600402	-0.0100562468051907
0.0524433462067957	0.0535486623218551	-0.0320386258894057	-0.030688915800472	0.0167531535442953	0.00160801383277939	0.020910510957749	0.00525083408887196	0.0033936276420805	0.0294483856012983	-0.0392226553712971	-0.0317680133192853	-0.0118738878703282	-0.00552679710782136	-0.02216366989254	-0.0100739689445757
0.052430991280048	0.0535349439386957	-0.0320424871532604	-0.0306814894333767	0.0167482193967067	0.0015964188653432	0.0209059120863273	0.00524321773194882	0.00340029404986429	0.0294419091833424	-0.0392066682860754	-0.0317624644987243	-0.0118739716893699	-0.00552267879890547	-0.0221471463654514	-0.010065000307113
0.0524447250300318	0.0535381276652965	-0.0320202150368947	-0.0307191423438957	0.0167741795509076	0.00160798449611479	0.0209174553653545	0.0052555880255208	0.00341141264574678	0.0294137781159613	-0.0392119335188786	-0.0317843594294023	-0.0118583380411074	-0.00552854752880902	-0.0221699800693965	-0.0100707349265498
0.0524466654408473	0.0535250477038381	-0.0319999908991147	-0.0307945836723845	0.0167801879792139	0.00159966545622533	0.0209206921773484	0.00524545849433046	0.00344379613251044	0.029396384267823	-0.0391918434915654	-0.0317939301669812	-0.0118303801997459	-0.00552595891740429	-0.0221627199434006	-0.0100584903615404
0.0525098552194065	0.0535686126507655	-0.031961320984223	-0.0308625092268001	0.0168302796355223	0.00164262690605246	0.0209453475484666	0.00527921102544201	0.0034256255612523	0.0293372205972338	-0.0392010063098081	-0.0318296468576368	-0.0118563738815634	-0.00556607890171754	-0.0221718827616433	-0.0100899602207494
0.0524826307946599	0.0535226351124209	-0.0319512626992181	-0.0309798782369349	0.0168090678300342	0.00159557648397404	0.0209368538855736	0.00524709156865973	0.00348260015786888	0.029355884303854	-0.0391521900999177	-0.0318064680986366	-0.0118076470786508	-0.00553842979382632	-0.0221349353280586	-0.0100615288018023
0.0525389124871984	0.0535506865517123	-0.0319045252015621	-0.031079343499761	0.0168473116647973	0.00161578246096163	0.0209582892085062	0.00526298365896745	0.00349160791088437	0.0292846269425305	-0.03914101422769	-0.0318346089449059	-0.0118154254857213	-0.00557792532627885	-0.0221112648306805	-0.0100860933689586
0.05252681739948	0.053527303833044	-0.0318937544547027	-0.0311748776495311	0.0168296509927095	0.0015914609690262	0.0209529666993578	0.0052444736205904	0.00354001899540651	0.0292836853752953	-0.0391087411026646	-0.0318364892854082	-0.0117716412123014	-0.00555253653854568	-0.0220958002174855	-0.0100625374242708
0.05256981796486	0.0535643588343988	-0.031886404921729	-0.0311895892883348	0.0168397274385068	0.00160817588292669	0.020953856578184	0.00525423714196529	0.0035093705628062	0.0292750757627279	-0.0391160543140536	-0.0318373204909051	-0.0118127502613068	-0.00557911695365512	-0.0220666130301789	-0.0100867709062124
0.0525725644354599	0.0535680217265215	-0.0318876147098976	-0.0312034054603762	0.0168277441095107	0.00160262985633371	0.0209457624527231	0.00524793115606083	0.00351728028637532	0.0292868746898323	-0.0391094186399184	-0.0318330541016822	-0.0118105402325738	-0.00557259303824223	-0.0220687168881258	-0.0100834656420011
0.0525588963437255	0.0535638084226916	-0.0319122351564151	-0.0311703137027101	0.0168061187967502	0.00159133104951156	0.0209368776343021	0.00523996275916251	0.00350803784004305	0.0293189829707423	-0.0391119555629141	-0.0318163908761908	-0.0118182404085386	-0.00556279179829857	-0.0220540653196353	-0.0100780229922262
0.0525681359960897	0.0535815640896933	-0.0319113327047327	-0.0311374482564566	0.0168244556091077	0.00162236365271969	0.020945022051188	0.005265318019279	0.00348538155306953	0.0293231040736263	-0.0391543931437305	-0.0318309111281826	-0.0118206907185245	-0.00556361043093925	-0.0221077905314017	-0.0100891681308053
0.0525308686531626	0.0535669390638994	-0.0319492705999935	-0.0310491211472894	0.0167876800045586	0.00159488637386398	0.0209256137520806	0.00524045589452456	0.00346315693416082	0.0293777918073883	-0.0391455711895908	-0.0317925178161285	-0.0118455751950234	-0.0055478594360184	-0.022080707202042	-0.0100767698975527
0.0525321580694208	0.053582578300098	-0.031962643928098	-0.0309755238377182	0.0167936856388969	0.00161930984563349	0.0209298983020959	0.00526224186044834	0.00343724427741697	0.0293711687061094	-0.0391802904336501	-0.031804326522121	-0.0118584567847498	-0.0055550413309087	-0.0221089891436981	-0.0100830130191759
0.0524887621575608	0.0535697372229084	-0.0320080291452145	-0.0308639998087585	0.0167598786254082	0.00161216846328002	0.0209119386754261	0.00525769328045169	0.00341633422047903	0.0294335412490119	-0.039195701961452	-0.0317806224971262	-0.0118671180857263	-0.0055307114570691	-0.0221281557645685	-0.0100757151746112
0.0524667121616557	0.0535692343086582	-0.0320326048882431	-0.0307659762334497	0.0167510385104762	0.00161667233978776	0.0209066301361179	0.00525654216561224	0.00338985857917172	0.0294597486693857	-0.0392205459254141	-0.031769323690304	-0.0118809873431608	-0.00552477706891621	-0.022149043469762	-0.0100731782516156
0.0524296976728377	0.0535467708054806	-0.0320491004756511	-0.0307152824770251	0.0167400414522042	0.00159863448201233	0.0208989187842809	0.00524550040385132	0.00339336780305121	0.02947311501257	-0.039213080442766	-0.0317511964255507	-0.0118708396511781	-0.00551190246410996	-0.0221532232459752	-0.0100614212340321
0.0524408651631612	0.0535580053510374	-0.0320375530056719	-0.0306893851871056	0.0167635247537225	0.00162160369340821	0.0209131037601058	0.00526214407156635	0.00338035070587405	0.0294441611215962	-0.0392312160894234	-0.0317708296390867	-0.0118801240070312	-0.00553095453229005	-0.0221675143925863	-0.0100761817672767
0.0524147471497651	0.0535304121225074	-0.032039620542034	-0.0307045061422296	0.0167549975632128	0.00159803377888009	0.0209054482876299	0.00524378211349632	0.00340707221637037	0.0294407748323113	-0.0392081379132733	-0.0317627494834661	-0.0118539836418907	-0.00551538654227693	-0.0221557909026195	-0.0100550928963832
0.0524165771988424	0.053523569694736	-0.0320189926758698	-0.0307346614394678	0.016766640028106	0.00158857619700744	0.0209150120402887	0.0052376549415475	0.00342186627723172	0.0294173921136429	-0.0391977247943252	-0.0317707989054381	-0.0118403742234855	-0.00552243013574841	-0.0221476129581169	-0.010054693358951
0.052455337917696	0.0535386822679558	-0.0319828918146064	-0.030820578751186	0.016799678700379	0.00161213772963139	0.0209313092559647	0.00525882483751474	0.00343878934175245	0.0293747701309347	-0.0391985266631575	-0.0318001886554287	-0.0118321906910468	-0.00554408618215754	-0.0221595683474324	-0.0100714990768134
0.0524596727591363	0.0535309918708792	-0.0319775958481545	-0.0308686587504934	0.0167867356433553	0.00159716066386231	0.0209262563647337	0.00524883221075919	0.00344987441001825	0.0293627658471782	-0.0391665874173149	-0.0317921657761533	-0.0118331085095535	-0.00554214297737396	-0.0221220188137315	-0.0100600116771474
0.052507226095465	0.0535466716196146	-0.0319330599973273	-0.030983759058566	0.0168223978516338	0.0016085935811512	0.0209404608983351	0.00525577242741256	0.00346443657153088	0.0293192358248515	-0.03915868607565	-0.0318123382255242	-0.0118271517696562	-0.00556365653141219	-0.022116889088379	-0.0100692541234796
0.052538645663249	0.0535528113644196	-0.0318997405312646	-0.0310975364227636	0.016835958375598	0.00161044179102084	0.0209473829541961	0.00525614542214816	0.00349954417715003	0.029277140505122	-0.0391388000080049	-0.0318369991845786	-0.0118030635740535	-0.00556650218787816	-0.0221092517766955	-0.0100661765676649
0.0525584115902676	0.0535596356313986	-0.0318878647700387	-0.0311702620143011	0.016836546505874	0.00160450321191587	0.0209487757472725	0.0052546995436787	0.00351173286279831	0.0292705537254278	-0.0391144519733729	-0.0318369251444251	-0.011801715484466	-0.00557467594142866	-0.02208237799494	-0.010076585495661
0.0525590961124415	0.05355508984537	-0.0318927234804897	-0.0312003781959865	0.0168237529261414	0.00159132965252753	0.0209428888565765	0.00524152598429036	0.00352200628334358	0.0292884490908324	-0.0391070842796069	-0.0318284622151807	-0.0117931407964994	-0.00556538599763942	-0.0220691094406378	-0.0100678543454831
0.052577087869744	0.0535722769398721	-0.0318858628919259	-0.0312077556686408	0.0168338321659067	0.00161175774997565	0.0209474025119725	0.00526168586080502	0.003513533575211	0.0292852960978801	-0.0391240059471436	-0.0318404217954483	-0.0117986407226194	-0.00557674208080675	-0.0220892274076316	-0.0100802162571509
0.0525552516123952	0.0535620188861512	-0.0319176456755573	-0.0311661576752255	0.0168006188706301	0.00159170963218327	0.020930930673293	0.00523962608601166	0.00350128621623351	0.0293245248063832	-0.0391128733814208	-0.0318105137643831	-0.0118136373461649	-0.00555897104698075	-0.0220603252050668	-0.0100658426884821
0.0525433423235526	0.053565889928894	-0.0319411555197722	-0.0310904481258032	0.0167871673114201	0.00159812877379403	0.0209220612216963	0.0052422007275761	0.0034821349621874	0.0293462548929459	-0.0391357350250465	-0.0318055474861619	-0.011822037411128	-0.00555141196640277	-0.0220748272962662	-0.0100660173114857
0.0525354186301432	0.0535730313112475	-0.0319520966986831	-0.0310325012283029	0.0167837139669018	0.00160457725206938	0.0209147410253872	0.00524438002266049	0.00346156018141629	0.0293768209034885	-0.0391589249599189	-0.0318002612985982	-0.0118337385493503	-0.00554333181078218	-0.0221011911788513	-0.0100721975688276
0.0525180331639091	0.0535748683452449	-0.031976344150465	-0.0309456828618864	0.0167776161316176	0.00162297692870818	0.0209179638675408	0.00525786231551913	0.00344370532854859	0.0293840223561552	-0.0391811384029553	-0.0318042133664147	-0.0118422727247802	-0.00554214297737396	-0.0221327252993256	-0.0100725286540423
0.0524770149188655	0.05356078395227	-0.0320229279798779	-0.0308163808141805	0.0167447562733002	0.00160384104148639	0.0208932623959496	0.0052413415823986	0.00340892322020807	0.0294485266966852	-0.0391917359237952	-0.0317642065378078	-0.0118712433795623	-0.00552558312870063	-0.0221204569855877	-0.0100659153316516
0.052471732922254	0.0535725339849334	-0.032034960203315	-0.0307258855858011	0.0167533547099954	0.00162314596377563	0.0209000726930884	0.0052577184261642	0.003376372095361	0.0294551581798682	-0.0392257175602874	-0.031766426345429	-0.0118941832542936	-0.00553439670093617	-0.0221489624446884	-0.0100795568806895
0.0524555181286357	0.0535604095605504	-0.0320375404328156	-0.0306963463585194	0.0167613021521332	0.00162742771982285	0.0209156867835744	0.00526524118515744	0.00337714462752874	0.0294462747584313	-0.0392373055428035	-0.0317784837145786	-0.0118837547685212	-0.00553018200012231	-0.0221775377529905	-0.0100678543454831
0.0524356711765434	0.0535405626084581	-0.0320449374632463	-0.0307003459237928	0.0167565426275483	0.00162126003533721	0.0209212984684167	0.00526785773624274	0.00339147349270862	0.0294417163995464	-0.0392237142851906	-0.0317749730937151	-0.0118703646766084	-0.00552369859724625	-0.0221714343297701	-0.010066914175232
0.0524284515630843	0.053532113649054	-0.03203657791082	-0.030715522758278	0.0167592695403718	0.00161332516605558	0.0209213208201612	0.0052660248931974	0.00340090592886876	0.0294268748412281	-0.0392125831164519	-0.0317762024396601	-0.0118622062898822	-0.00552197751292319	-0.0221641253093332	-0.0100590910646726
0.052444586728613	0.0535350165818651	-0.0320049306346393	-0.0307629336022357	0.0167753823541561	0.00161730098260057	0.020928135308252	0.00526675970679637	0.00341228017282845	0.029400407581825	-0.039207780285362	-0.0317910020884576	-0.0118574258105368	-0.00553054102501763	-0.0221629434608452	-0.0100623125098422
0.0524726940472655	0.0535416438740961	-0.0319745210863079	-0.030849691898339	0.0168021262163968	0.00163262310342468	0.0209408199232304	0.00528205947587603	0.00343535834897856	0.0293558493792533	-0.0391967944029623	-0.031815421369275	-0.0118410084542344	-0.00554572903537501	-0.0221692578286538	-0.0100707502933741
0.0524547232447235	0.0535161405336726	-0.031983215914901	-0.030893970704105	0.0167725772102269	0.00158525975692388	0.0209255983852563	0.00524491087659131	0.00345708424458912	0.0293699980334935	-0.0391476205651606	-0.0317824078427145	-0.0118356216838207	-0.00553359203813578	-0.0221025825749436	-0.010047280961696
0.0525327643604892	0.0535536579367409	-0.0319121708951498	-0.0310299698932433	0.0168392636398093	0.00163216489266334	0.0209609253173679	0.0052820483000038	0.00347593794103717	0.0292857654845137	-0.0391666083720754	-0.031840064167537	-0.0118176844088953	-0.0055748645342725	-0.0221392506117225	-0.0100819149897295
0.0525162184816561	0.0535198118076994	-0.0319084660935064	-0.0311354980667529	0.0168105584119926	0.00158569002800465	0.0209477992554366	0.00524283775229308	0.00352890598746013	0.0292884644576567	-0.039105079607526	-0.0318223671738645	-0.0117820836679141	-0.00554945618876293	-0.0220852320333102	-0.0100521033505623
0.0525776173266908	0.0535684031031612	-0.0318805501616657	-0.0311736762432666	0.0168470350619596	0.00162831340769689	0.0209659027714613	0.00527837562899299	0.00349808153487224	0.0292537060980446	-0.0391292655920107	-0.0318517834665517	-0.0118182278356824	-0.00559083066473373	-0.0220862392587947	-0.0100868617101743
0.0525726524454537	0.0535599289980446	-0.0318822293364679	-0.031211006450475	0.0168337776835296	0.00161666535486762	0.0209579651082116	0.00526632524476352	0.00351318852015597	0.0292746021851423	-0.0391200818190076	-0.0318417950307483	-0.0118037690509879	-0.00557413670559367	-0.0220856609074069	-0.0100764262394817
0.0525843745384365	0.053577574303308	-0.0318958094182085	-0.0311776478688595	0.016823192735546	0.00161850797680115	0.0209542644975203	0.00527073831730942	0.00348666677837571	0.0292854972635802	-0.0391237377262101	-0.0318293576819429	-0.0118402596707952	-0.00558820852571232	-0.022061265375318	-0.0100845301438308
0.0525449083426485	0.0535532849420053	-0.03193348747444	-0.0311504388109373	0.0167848664787252	0.00158952474916276	0.0209316962205405	0.0052500699386084	0.00350323640593724	0.0293315935455672	-0.0391125101655734	-0.0318030203420544	-0.0118174092030417	-0.00555635030494336	-0.0220550446054393	-0.0100609197167658
0.0525548758236916	0.0535781833883445	-0.0319353887697028	-0.0310747795529401	0.0167967785615359	0.00161987702114904	0.0209411272597167	0.0052721073616573	0.00346505822942355	0.0293421198202216	-0.039159226708469	-0.0318150916810443	-0.0118403881933258	-0.00556515828924278	-0.0221006212093677	-0.0100794730616478
0.0525351965096827	0.0535724292111312	-0.031960141929703	-0.0310213686625801	0.0167853693929755	0.00161492750673622	0.0209307239196567	0.00526820837923388	0.00345246441840701	0.0293684627480462	-0.0391627010077478	-0.0318027409452487	-0.0118460976670501	-0.00555271814646938	-0.0221079400086927	-0.0100740737183778
0.0524869139476912	0.0535572048791891	-0.0320037753288478	-0.0308997109114779	0.0167462733979551	0.00160352532309596	0.0209129067853578	0.00525474983510373	0.00343909528125468	0.029413565774389	-0.0391719574239203	-0.0317818672098955	-0.0118482015249969	-0.00553495130359546	-0.0221128825381854	-0.0100608889831172
0.052485530933503	0.0535779947955006	-0.0320254313752569	-0.030778606366051	0.0167533169914266	0.00162760094584238	0.02091458596016	0.00527464568163701	0.00338265992047309	0.0294363673477015	-0.039215831104318	-0.0317754271135243	-0.0118937962897177	-0.00554621378883288	-0.0221349185642503	-0.010082477974293
0.0524410132434682	0.0535476928149394	-0.0320547498790622	-0.0307157015722336	0.0167295640719907	0.0016039597851288	0.020902165375163	0.00525654775354835	0.00338914891128527	0.0294677785335813	-0.0392106832181732	-0.0317576057882733	-0.011877316069134	-0.005519071786144	-0.0221445898846793	-0.0100581522914055
0.0524402085806678	0.0535458376201496	-0.0320431269719454	-0.0306971272725913	0.0167493230140892	0.00162009774462554	0.0209130506747127	0.00527071875953302	0.00339071353339714	0.0294469690594934	-0.0392284752067596	-0.0317738331547479	-0.0118692694411301	-0.0055279230769483	-0.0221740047803825	-0.0100631590821635
0.0524516680406532	0.0535507256672651	-0.0320353779015396	-0.030693088591765	0.0167667056863553	0.00163124428018859	0.0209189892538177	0.00527947365843935	0.00337666965295906	0.0294256161586185	-0.0392269399213123	-0.0317788245786815	-0.011887381339059	-0.00553977648642975	-0.0221719107013238	-0.0100677928781859
0.0524377666525861	0.0535271906773377	-0.0320258546614176	-0.0307363154685575	0.016768361112429	0.0016212544474011	0.0209240644967931	0.00527127196520829	0.00340858934102527	0.0294128994130074	-0.0392129239805548	-0.0317853498910785	-0.0118542993602812	-0.00552549232473878	-0.0221783689584874	-0.0100527934606723
0.052444977884141	0.0535211026209417	-0.0320009631999985	-0.0307833072173068	0.0167759523236397	0.00161409350727123	0.0209310075074145	0.00526453570822307	0.00341866159587044	0.0293884382226691	-0.0391919887779044	-0.0317877052061504	-0.0118551794602191	-0.00553884469808277	-0.0221453191103422	-0.0100554617001667
0.0524717496860623	0.05353466454189	-0.0319796228719798	-0.0308366887710021	0.0167961527126912	0.00162609080610761	0.0209413954806501	0.00527423077738056	0.00343079300517356	0.0293423880411551	-0.0391839253860921	-0.0318107777943644	-0.0118511170306643	-0.0055525966088589	-0.0221418378261432	-0.0100608987620054
0.0524804473086235	0.0535160930362157	-0.0319508757346422	-0.0309613863593503	0.0168084936695985	0.00161406836155872	0.0209434546351081	0.00526406352762145	0.00347259356127304	0.0293405132885889	-0.0391646553884036	-0.0318131889887975	-0.0118074612797751	-0.00553810988448381	-0.0221451430903546	-0.0100589066627808
0.0525201034942393	0.0535315422825864	-0.0319256587759446	-0.0310525772857758	0.0168200760641785	0.00160904341000836	0.0209457163522501	0.00525805509931506	0.00348965213324453	0.0292857110021366	-0.0391315259121687	-0.0318264840857964	-0.0118127544522589	-0.00556061390019821	-0.0220989378436134	-0.0100513475822029
0.0525504585601936	0.0535390091622185	-0.0318845078174183	-0.0311682238146035	0.0168432562201627	0.00162502630427793	0.0209630627029315	0.0052773013482751	0.00352257764981122	0.029255783413295	-0.0391312562942512	-0.0318562775641713	-0.0117810582816372	-0.0055705590294968	-0.022114381502048	-0.0100702110575391
0.0525578164750715	0.0535445118823066	-0.0318959477196274	-0.0311852740046709	0.01682211566086	0.00160451159382004	0.0209493652745325	0.00525772541108434	0.00351368584647009	0.0292726855230553	-0.0391031336087744	-0.0318311947159403	-0.0118090608264876	-0.00557504753918023	-0.0220572015487792	-0.0100655577037403
0.0525535836134653	0.0535439894102799	-0.0318957102323425	-0.0311957430029801	0.0168076457002933	0.00159493666528901	0.0209428301832474	0.00524508829356292	0.00352646266239436	0.0292870940163248	-0.0391024490866004	-0.0318257269204529	-0.0117946746849626	-0.00556544467096861	-0.0220601603609515	-0.0100617215855982
0.0525879144959646	0.0535783873480126	-0.0318964939403825	-0.0311655024897161	0.0168242963529284	0.00162119856803996	0.0209504954346115	0.00526757275150093	0.0034884185963474	0.0292858185699068	-0.0391306807368315	-0.0318346690152191	-0.0118309082597087	-0.00558676963216301	-0.0220701306359626	-0.0100889474073288
0.0525658617060914	0.0535669516367557	-0.0319287391257273	-0.0311305583312283	0.0168003436647765	0.00161340619112923	0.0209332035663073	0.00525917687748991	0.00348983513815225	0.0293212321150282	-0.0391326616601839	-0.0318199308337189	-0.0118212439241998	-0.00556250960752483	-0.0220831533210758	-0.0100712140920715
0.0525463276784215	0.0535657460395391	-0.0319471108626855	-0.0310657815788128	0.0167900185558222	0.00161620155617017	0.0209273935097329	0.00526503443152123	0.00347030111048234	0.0293559681228957	-0.0391557272634777	-0.0318116369395419	-0.0118288868238195	-0.00555099706214632	-0.0221099293139493	-0.0100669211601521
0.0525217267896803	0.053556612557961	-0.0319761597485733	-0.0309940240972071	0.0167684798560715	0.00160498936235778	0.0209155331153313	0.00525675031623248	0.00346038531784836	0.0293711756910295	-0.0391509356082601	-0.0317899697172606	-0.0118424012473108	-0.00554403728771655	-0.0220983874319062	-0.0100597378682778
0.0524725375850543	0.0535405486386178	-0.0320179505257846	-0.0308687355846149	0.0167397424976221	0.00159990014954211	0.0209054147600132	0.00524958239118247	0.00343721354376835	0.0294233292957639	-0.0391779518823864	-0.0317741600490105	-0.0118468646112817	-0.0055176775960836	-0.0221235932147316	-0.0100413353976709
0.0524857544509476	0.0535711104582084	-0.0320268618869021	-0.0307556511244954	0.0167637329043428	0.00163354650986749	0.0209116355298919	0.00527768551888293	0.0033772507983149	0.029432120516255	-0.0392216425578764	-0.0317793610205485	-0.0118983336938421	-0.00554806898362267	-0.0221420487707315	-0.0100808686486922
0.0524470635812954	0.0535442436613731	-0.0320469337534229	-0.0307097182896397	0.0167457397500562	0.00161684975675937	0.0209013537274425	0.00526431917569866	0.0033886054844982	0.0294510747955531	-0.0392164569531628	-0.0317628207296515	-0.011876630149976	-0.00552392909961094	-0.0221615841953855	-0.0100611767618271
0.0524503730364589	0.0535444015205683	-0.0320391539493685	-0.0306935565814145	0.0167591521937134	0.0016273564736374	0.0209071442262404	0.00527435650594312	0.00338878569543787	0.029431138436483	-0.0392229375620708	-0.0317746657572288	-0.0118732536395793	-0.00553445537426536	-0.0221772513712646	-0.0100674338532905
0.0524284334022919	0.0535249876335249	-0.0320398817780473	-0.0307070249044329	0.0167525682079873	0.00160993189185046	0.0209046953132385	0.00525854124975696	0.00341040961121435	0.0294277507502139	-0.0392054040155296	-0.0317703867951497	-0.0118511826889137	-0.0055202745893925	-0.0221699102201951	-0.0100532530684177
0.05245730207724	0.0535415628490225	-0.0320089120391204	-0.0307321803958333	0.0167836050021476	0.00162697649398166	0.020923617461904	0.00527348478790936	0.00340031919557681	0.029391128813908	-0.039211605227632	-0.0317883897283244	-0.0118674868895098	-0.00554833580757211	-0.0221661425542703	-0.0100749440394275
0.0524554091638814	0.0535227943686002	-0.0319948458069379	-0.0308104939234846	0.0167844837051015	0.00161165018220546	0.0209245855718357	0.00526081833372334	0.00343944173329374	0.0293718015398743	-0.0391812445737415	-0.0317925625196174	-0.0118382661745866	-0.00554611599995089	-0.0221468013103964	-0.0100606542898004
0.0524764826679507	0.0535281545963174	-0.0319699725063112	-0.0308641646528738	0.0167974435259334	0.00161736803783393	0.0209364054537005	0.00526412220095064	0.00345193216749217	0.0293384932496838	-0.0391712798866665	-0.0318086376148328	-0.0118324142084914	-0.00555521735089629	-0.0221394070739337	-0.0100693086058567
0.052509976757017	0.0535349159990151	-0.0319341985393105	-0.0309697878212974	0.0168179512514712	0.00160901966127987	0.0209421833796422	0.00526098178085467	0.0034685953929836	0.0293142080793331	-0.03915318614953	-0.0318133203052962	-0.0118303690238737	-0.00556765609668566	-0.0221153454210276	-0.0100739689445757
0.052528584584276	0.0535295851079625	-0.0318960552873975	-0.0311065469697472	0.0168338768693956	0.00161169069474228	0.0209532586690198	0.00526027770090433	0.00352352480498252	0.0292738073012301	-0.0391314043745583	-0.0318440651297945	-0.0117830392049896	-0.00555993356897636	-0.0221310922249964	-0.0100624689720534
0.0525693108596576	0.0535535028715137	-0.0318822181605957	-0.0311588486547886	0.0168436236269621	0.00161953755403012	0.0209535059351928	0.00526309541768973	0.00351337850998384	0.0292555920264831	-0.0391183272070679	-0.0318483776194903	-0.0118120950757975	-0.00558606136126058	-0.0220907012257816	-0.010074917496731
0.0525532846588832	0.0535380578160951	-0.0318976855677588	-0.0311957960883732	0.016813672289392	0.00158826746353715	0.0209382843972187	0.00523649684178791	0.00353584201316142	0.0292913324658671	-0.0390921533143107	-0.0318260705785239	-0.0117900115522756	-0.00556218969818231	-0.0220670977836368	-0.0100642333628813
0.0525758291871344	0.0535602894199239	-0.0318920389583157	-0.0311884060428627	0.0168206153000135	0.00160500053823	0.0209427240124612	0.00524992185830138	0.00351949450606042	0.0292882171914836	-0.0391102442574792	-0.0318323598006201	-0.0118115223123458	-0.00557652554828234	-0.0220697436713867	-0.010081251422316
0.0525826185295127	0.0535749018728616	-0.0319061484970031	-0.03116353413922	0.0168187545172876	0.0016174448719555	0.0209393209593679	0.00525970633443669	0.0034975842085581	0.0293049307084001	-0.0391266113223566	-0.0318315383740113	-0.011826749438256	-0.00557527943852895	-0.0220822215327289	-0.0100831792602753
0.0525742589770864	0.0535782769862744	-0.0319223758634777	-0.0311186965398427	0.0168160499562085	0.00162806195057177	0.020935744680255	0.00526958580548594	0.00348247442930632	0.0293230579731533	-0.0391442468487319	-0.0318298172896883	-0.0118312644906359	-0.00556557878143535	-0.0221139163063665	-0.0100816146381634
0.0525295387243675	0.0535506111145748	-0.0319546685462795	-0.031056955433721	0.0167849419158628	0.00160292182599566	0.020921556910462	0.00525016772749039	0.00347651210147287	0.0293753889948593	-0.0391423190107726	-0.031799122756615	-0.011831415364911	-0.00553946635597544	-0.0221051488346039	-0.0100625430122069
0.0525054728805092	0.0535527415152182	-0.0319864680937193	-0.0309428427933565	0.0167621948249274	0.00160116302310383	0.0209118408865441	0.00525046528508845	0.00345103809771396	0.0293893211165751	-0.0391517221102681	-0.0317840953994209	-0.0118528213511791	-0.00554522612112476	-0.0220942118466451	-0.0100668499139666
0.0524874154649574	0.0535621767453464	-0.0320131532826308	-0.0308251804165757	0.0167608118107393	0.00161956130275861	0.0209101002444446	0.00526470614027454	0.00340817024581673	0.0294275453935618	-0.0391964451569551	-0.0317802034019176	-0.0118736503830433	-0.00553938952185387	-0.0221378173061094	-0.0100746478788135
