0.0524143043058281	0.053507125795737	-0.032228376833007	-0.0308217144992011	0.0168459510023535	0.00177408030916218	0.0208528588238786	0.0053688666664203	0.00341881107316149	0.0294138228194502	-0.0391288520847383	-0.031663972933766	-0.0117234452633196	-0.00554010338069241	-0.022258023590806	-0.0102313322104612
0.0523935786507819	0.0535096906584133	-0.0322523211392547	-0.0307216513272108	0.0168398657399256	0.00178630112544311	0.0208459465469058	0.00537981343326729	0.00338208156908531	0.0294568890430795	-0.0391668779899929	-0.0316525120767965	-0.0117427180549762	-0.00552931307605661	-0.0222926520309033	-0.0102361210717107
0.0523369686669968	0.0534760359161837	-0.0322872722826627	-0.0306422956494743	0.0168053169279178	0.00175633442104869	0.0208309778630409	0.00535664165918728	0.00338235677493891	0.0294958998220742	-0.0391576620863571	-0.0316210338356833	-0.0117339938897185	-0.00550487563444681	-0.0222845090110015	-0.010208889662044
0.0523161186803721	0.0534628525779072	-0.0322999862343056	-0.0305904354113859	0.0167926253280193	0.00174272639962749	0.0208280539754693	0.00534853216690208	0.00338609370721503	0.0294918806990243	-0.0391544839476924	-0.0316113736911265	-0.0117305251783759	-0.00550209982718228	-0.0222773299100792	-0.0102026493343889
0.0523452779279981	0.0534851945434743	-0.0322769513646604	-0.0305884335332732	0.0168357991194188	0.00177988757176847	0.02084860780148	0.00537842902209509	0.00336923071300753	0.0294509448760384	-0.0391818969652828	-0.0316421618221297	-0.0117397215242352	-0.00552479662669261	-0.0223133707010294	-0.0102260390379773
0.0523585003818274	0.0534858776686642	-0.0322541176607153	-0.0306263071672687	0.0168559059105403	0.00178727622029498	0.0208557282290731	0.00538693525784436	0.00337950273656877	0.0294265940474384	-0.0391737260057004	-0.0316591812785484	-0.0117343892361986	-0.00553193661206206	-0.0223267691748463	-0.0102298933169119
0.0523176302170909	0.0534391960503693	-0.0322581074471006	-0.0306813483379898	0.0168190367080613	0.00173493961065288	0.0208348181721351	0.00534163944770568	0.0034321299188888	0.0294443078049192	-0.039118528372768	-0.0316303810558177	-0.0116964918534746	-0.00550568448819929	-0.0222755948559159	-0.0101975615185573
0.0523782746907502	0.0534761700266504	-0.0322129974358377	-0.0307368211767758	0.016867231260059	0.00177928966260429	0.0208613315320112	0.00537537242104082	0.00342238874925837	0.0293740604630483	-0.0391376125715807	-0.0316738957113201	-0.0117082893835949	-0.0055466957483227	-0.0222875041447585	-0.0102303026332322
0.0523947465294297	0.0534717429842643	-0.0321941786639903	-0.0308350584906409	0.0168806185580037	0.00177108517540516	0.0208656663734515	0.00536938075654277	0.00344889652119833	0.029365453644449	-0.0391181903026331	-0.0316775180909059	-0.0116912811030485	-0.00554209268594894	-0.0222856279952083	-0.0102236432103685
0.0523921160085042	0.0534425138874369	-0.0321704117747142	-0.0309565779403243	0.0168740988335429	0.0017403361599548	0.0208693613962068	0.00534397380801723	0.00350623573064634	0.0293320894748973	-0.0390648073519537	-0.0316760805943406	-0.0116489622658744	-0.00553859882889376	-0.022242415088256	-0.0102028714548494
0.0524642688365899	0.0534897221687105	-0.032128478505132	-0.0310388533146803	0.0169213518183055	0.00177909548182434	0.0208916921859017	0.00537578173736116	0.003492915487935	0.0292738869293197	-0.039077635856287	-0.0317166029100541	-0.0116704855988009	-0.00557565662421663	-0.0222469957988853	-0.0102340060378916
0.0524528387132691	0.0534758110017551	-0.0321324207940603	-0.0310945398920226	0.0169040878896818	0.00175977519271078	0.0208817819812038	0.00535847310524858	0.00352187496684491	0.0292913129080907	-0.039055739528625	-0.0317093693267547	-0.011645996468782	-0.00555590606402231	-0.0222337048928386	-0.0102182787916993
0.0524825902821231	0.0534969795007383	-0.0321174213765468	-0.0311202206494177	0.0169124041356032	0.00177128773808929	0.0208864772445234	0.0053702315198161	0.00350620779096577	0.0292972151656109	-0.0390634941869669	-0.0317083844530147	-0.0116665810284413	-0.00557675884461509	-0.0222249192602836	-0.0102456135781841
0.0524539353457314	0.0534802603958857	-0.0321476409350504	-0.0310944490880607	0.016876261364819	0.00174645494999944	0.0208690652355927	0.00534944439747266	0.0035088452968115	0.0293335814538397	-0.0390498819745936	-0.0316830822782913	-0.0116673856912417	-0.00555668697809422	-0.0221957055302805	-0.0102230159645398
0.0524785753500253	0.0535073143885808	-0.0321541145590382	-0.0310472785253559	0.0168913795259749	0.00177748755320758	0.0208752874024555	0.00537216215174343	0.00346987223638561	0.0293336568909772	-0.0390852787559067	-0.0316895559022791	-0.0116963898736405	-0.00556912851785166	-0.0222208875643775	-0.0102431018009009
0.052433740544616	0.053487491185217	-0.0321875946782642	-0.0309715256694288	0.0168524679328463	0.001753551628864	0.0208578558357484	0.00535292009373546	0.00346529292274033	0.0293868568367489	-0.0390847618718161	-0.031661814593442	-0.0116935037046377	-0.0055425718514707	-0.0222224270407769	-0.0102259775706801
0.0524480400731313	0.0535105078940699	-0.0321907965656574	-0.0309054818524995	0.016867572124162	0.0017828491779088	0.0208625888176368	0.00538443046548133	0.00342659646515208	0.0293813974231657	-0.0391169763235124	-0.0316691515535595	-0.0117243099964333	-0.00556159877393828	-0.0222460584226022	-0.0102496089525055
0.05238523446518	0.0534838450569028	-0.0322465390223609	-0.0307839973274168	0.0168203680338404	0.00175788507332028	0.0208416480270503	0.00536384730280605	0.00341879850030523	0.0294439180463753	-0.0391206615673794	-0.0316423266662451	-0.0117200603710187	-0.00552364271788511	-0.022255376306072	-0.0102229405274022
0.0523509538741057	0.0534725420591285	-0.0322780032936339	-0.0306663531114284	0.0168047287976418	0.001750851258737	0.0208335636804776	0.00535813224114564	0.00339041876976713	0.0294816324241915	-0.0391432968995925	-0.0316182245008021	-0.0117357890141951	-0.00551529853228314	-0.0222667016555907	-0.0102191560976691
0.0523851632189945	0.0535076454737956	-0.0322661009897114	-0.0306043828999261	0.0168428496978104	0.00179547651654202	0.0208477011588456	0.00538751360923214	0.00335352721554365	0.0294586660067637	-0.0391895538347428	-0.0316430461130197	-0.011765975045082	-0.00554331644395786	-0.0223150149512309	-0.0102511526198569
0.0523340922768822	0.0534650234910874	-0.0322908862803443	-0.0305964228849319	0.0168102636483626	0.00175734723446932	0.0208271403479147	0.00535246886789428	0.00339336081813106	0.0294784277428302	-0.0391559563688584	-0.03162361965312	-0.0117280413407733	-0.00550696971350547	-0.0223055350176138	-0.0102106931684247
0.0523552468060251	0.0534788913515379	-0.0322714528355244	-0.0306061137631373	0.0168385707357312	0.0017804240136354	0.0208408964496429	0.00537708791742777	0.00338387110562576	0.0294500061027713	-0.039169536450599	-0.0316423853395743	-0.0117348488439439	-0.00552674122846022	-0.0223214396807778	-0.0102324763403805
0.0523050028784577	0.0534347941536956	-0.0322774179573259	-0.0306340059462495	0.0168070799217617	0.0017340916413476	0.0208283375632271	0.0053384445452326	0.00342301180413506	0.0294620341352563	-0.039125254850865	-0.0316198072837063	-0.0116980103751135	-0.00549723413181116	-0.0222846682671807	-0.0101963978308615
0.052362703906769	0.0534695846439403	-0.0322335526588324	-0.0306938527420286	0.0168576507435919	0.00176915035252575	0.0208518180707774	0.00536456255862863	0.00341370230256943	0.0294089375663027	-0.0391397946606332	-0.0316555365472182	-0.0117146512488605	-0.00553957951168174	-0.0222876969285544	-0.0102334458472962
0.0523881904833842	0.053480319069215	-0.0322139222392645	-0.0307596953932578	0.0168720955584461	0.00178051062664516	0.0208618372402295	0.00537527463215883	0.0034314328238586	0.0293710122438982	-0.0391256627702013	-0.0316754687153362	-0.011708834207366	-0.00554822404884983	-0.022291066454031	-0.0102377988495289
0.0524082623499051	0.0534718924615553	-0.0321791205731476	-0.0308842169616183	0.0168895522708657	0.00177089937652938	0.0208696827025333	0.00536861381231115	0.00346118299572861	0.0293524826477447	-0.0391084072234818	-0.0316820177764616	-0.0116816544861084	-0.0055428372784361	-0.0222851655934948	-0.0102291487244247
0.0524159052495247	0.0534566024713638	-0.0321563455425317	-0.0309955300459898	0.0168856169668575	0.00174948500835717	0.0208728329015175	0.00535426259538681	0.00350794144814508	0.0293204288492118	-0.0390625428408435	-0.031683807313002	-0.0116543644031125	-0.00554498444288784	-0.0222473925423494	-0.0102181083596478
0.0524677026233319	0.0534852657896597	-0.0321278833899359	-0.0310632698015296	0.0169141014711978	0.00177142045157199	0.0208893368708297	0.00537326996007799	0.00350294303929127	0.0292849203091765	-0.039065954275841	-0.0317066871174201	-0.011670985719083	-0.00557537443344289	-0.0222352918666949	-0.0102435139111893
0.0524675657188971	0.0534824913793792	-0.0321316412769724	-0.0311014270232829	0.0169023193079018	0.0017640862854226	0.0208882835448722	0.00536680751196235	0.00350866229190377	0.0292989320589819	-0.0390552058807261	-0.0317023536729638	-0.0116635677338919	-0.00556386607901646	-0.0222245658233244	-0.0102365206091429
0.0524839565325029	0.0534959094109725	-0.032124794658249	-0.0311098466460224	0.0169057014062347	0.00177359276173624	0.0208844460297461	0.00537325179928562	0.0035010249802202	0.0293026270817372	-0.0390638937243991	-0.0317032631095663	-0.011675206007833	-0.00557123516976657	-0.0222263693297052	-0.0102459013568939
0.0524898923176399	0.0535086401264239	-0.0321363602890206	-0.0310725737151591	0.0168953427696637	0.00177892504977286	0.0208741768001529	0.00537751120358839	0.00347966928537718	0.0293175482681451	-0.039075526410404	-0.0316979308215297	-0.0116956899846423	-0.00557274251553327	-0.0222289272074613	-0.0102419548770135
0.0524460954713637	0.0534816741437225	-0.0321751056410498	-0.0310271423975697	0.0168578267635795	0.00175318841301661	0.0208559056460447	0.00535508262501152	0.00349009777114961	0.0293629125305012	-0.0390645838345091	-0.0316672963587697	-0.011676678428999	-0.0055416833696286	-0.0222229020153465	-0.0102273913185169
0.0524447962762173	0.0534959764662059	-0.0321829762490661	-0.0309547925947359	0.0168614449522132	0.00176592611338807	0.0208551205410207	0.00536504870907053	0.00345529331106464	0.0293880330973009	-0.0390989189079605	-0.0316671426905266	-0.0117016257697792	-0.00554848109391107	-0.0222435801729357	-0.010234121987566
0.0524249255753965	0.0534961105766726	-0.0322141122290924	-0.0308716664571067	0.0168444352746827	0.0017654120232656	0.02084673863685	0.00536140537472431	0.00344105524984661	0.0293993654317397	-0.0391049091754746	-0.0316535304781533	-0.0117091359559162	-0.00554280375081942	-0.0222512691730284	-0.0102320209235872
0.0523944741175442	0.0534950516627791	-0.0322514480242369	-0.0307556916370322	0.0168252043925469	0.00176978458327467	0.0208355767344626	0.00536517443763309	0.00340691575415918	0.0294521965737279	-0.0391380651944059	-0.031638496136039	-0.0117267798641956	-0.00552627184182666	-0.0222806030436579	-0.0102270225147334
0.0523566060714848	0.0534804070792087	-0.0322776261079462	-0.0306574152076143	0.0168125267624887	0.00176309722073045	0.0208272129910842	0.00536331505189121	0.00338346458327348	0.0294860552756256	-0.0391528662401874	-0.0316181378877923	-0.0117406421367099	-0.00551666478266296	-0.0222884974004027	-0.0102208352724713
0.0523412671868524	0.0534758864388927	-0.0322909980390666	-0.0305884880156503	0.0168021276133809	0.00175213927801124	0.0208220888536678	0.00535781093481909	0.00336644931780688	0.0294913470511254	-0.0391533412147571	-0.0316032572139212	-0.0117570315533318	-0.0055207607398344	-0.0222711580346415	-0.0102240818633535
0.0523479517554285	0.0534791735423116	-0.0322811618745222	-0.030577131932483	0.0168244136995868	0.0017741794950282	0.0208363953671033	0.00537283270407709	0.00336763535724703	0.0294621794215953	-0.0391719811726488	-0.0316282003637493	-0.0117488717696216	-0.00552666020338657	-0.022305153640974	-0.0102256003849924
0.0523574945533269	0.0534806026569727	-0.0322650923672429	-0.0306107950566167	0.0168517484860716	0.00178834910402883	0.0208546106418503	0.0053869129060999	0.00337608291966712	0.0294340595300865	-0.0391724966597553	-0.0316486983103989	-0.0117373396664667	-0.00553262951614016	-0.0223315077446708	-0.0102313014768125
0.0523377411991645	0.0534561777882192	-0.0322586718286481	-0.0306471781086538	0.0168403099808466	0.00175855981660602	0.0208488941832059	0.0053632703484023	0.00340058601952625	0.0294282760162086	-0.0391369741498797	-0.0316356840071898	-0.0117237889213906	-0.00552513609381152	-0.0222929677492938	-0.0102134144933122
0.0523682890489148	0.053466676123193	-0.032224011257918	-0.0307232033764664	0.0168699190573298	0.0017811504453302	0.0208664333176831	0.00538096594509076	0.00341866159587045	0.0293792293039536	-0.0391413397249686	-0.0316693527192596	-0.011703679336301	-0.00553839766319366	-0.0223075704233432	-0.0102237703359151
0.0523906226325777	0.0534703683519803	-0.0322045834010343	-0.0308014079393635	0.0168826637426214	0.00178368038340573	0.0208718019273045	0.00538291473781046	0.00343142863290651	0.0293670294424331	-0.0391266951413983	-0.0316762552173442	-0.0117002106249584	-0.0055437802426553	-0.0222980890927421	-0.0102294881915436
0.0524092989120542	0.0534583556863196	-0.0321814591244112	-0.0309121706120277	0.0168847773794564	0.00175510507510365	0.0208677464826699	0.00535749102547658	0.00346586289222394	0.0293410245847433	-0.0390796097947192	-0.0316682854234618	-0.0116859823426285	-0.0055494450128907	-0.0222466228041497	-0.0102160869237586
0.0524425415439953	0.0534675254894823	-0.0321462718907025	-0.0310174193887316	0.0169024631972567	0.00176398430558852	0.020881006655068	0.00536956655541856	0.00349371875375137	0.0292999253146261	-0.039068651852	-0.0316945431352607	-0.0116652790393268	-0.00556032472450432	-0.0222452090563129	-0.0102230327283481
0.0524476712693478	0.0534617699152851	-0.0321304803832448	-0.0310897161061723	0.0169039048847741	0.00175619472264585	0.0208874998368323	0.00536591204520011	0.00351894269736918	0.0292919569177278	-0.0390519886265086	-0.0317001869507357	-0.0116471182469569	-0.00555895009222032	-0.0222357207407917	-0.010219691142552
0.052478166033705	0.0534875037580733	-0.0321310098401916	-0.0310947382637546	0.0169075999075293	0.0017627954721803	0.0208878644496637	0.00536540493999778	0.0034917029057983	0.0292965683620058	-0.0390543956299896	-0.0316962907622803	-0.0116861597596001	-0.0055790373255655	-0.0221989451362425	-0.0102370291113292
0.052457694629752	0.0534749895751464	-0.0321430322847405	-0.0310999881297336	0.0168869049861318	0.00174567682989559	0.0208738974033472	0.00535306957102651	0.00351486210702206	0.0293168888916837	-0.0390468155946512	-0.0316894483345089	-0.0116582172850629	-0.00555688395284223	-0.0222091347377461	-0.0102204636747198
0.0524419631926075	0.0534710822108188	-0.0321622952975089	-0.0310543193248593	0.0168650268192621	0.0017344157416422	0.0208627480738161	0.00534386484326301	0.00350246107980145	0.0293486549115068	-0.039052600505513	-0.0316667124194458	-0.0116669526261929	-0.0055516047501987	-0.0221971723635104	-0.010218559585489
0.0524726255950481	0.0535123840436201	-0.0321616065843828	-0.030977232349185	0.0168891178088329	0.00177705867911085	0.0208748585283588	0.00537765648992735	0.00344796333586732	0.0293443591856193	-0.0391024937900894	-0.0316837262879284	-0.0117110568089553	-0.00557447477572856	-0.0222362474037704	-0.0102491856663448
0.052447485470472	0.0534983080325494	-0.0321828351536793	-0.0309434309236325	0.0168767181785963	0.00176778829309801	0.0208660128254906	0.00537247647314983	0.00345190283082757	0.0293790323292056	-0.0391066903301108	-0.0316746458917434	-0.0116985565958687	-0.00555401734161584	-0.0222624604120803	-0.0102370877846584
0.0524017440224283	0.0534848201517546	-0.0322266767034443	-0.0308260046371525	0.0168350670997878	0.00175550740650384	0.0208523237789957	0.00536126847028952	0.00343575509244264	0.0294108290826773	-0.0391061860188766	-0.0316500687517308	-0.0117127373807415	-0.00554106310871996	-0.0222527918856194	-0.0102217866185947
0.0524030711572553	0.0535056827112356	-0.032247768368306	-0.0307163609486951	0.0168441949934298	0.00178332135851042	0.0208526450853223	0.00538470148038286	0.0033814040318315	0.0294418169823965	-0.0391538092044066	-0.0316422819627562	-0.0117543032435242	-0.00554914605830861	-0.0222848359052641	-0.0102483321091035
0.0523410674181363	0.053468489408462	-0.0322854087059687	-0.0306350900058556	0.0168047441644662	0.00174626216620352	0.0208295780850444	0.00535289494802296	0.00339047884008036	0.0294860287329291	-0.0391447343961578	-0.0316100060437627	-0.0117366900688934	-0.00551566314511456	-0.0222799632249729	-0.0102119881726191
0.0523236372484132	0.0534592176254651	-0.0322887349249405	-0.0305832744712561	0.0168000768408271	0.0017357163337727	0.0208249331131498	0.0053441149034041	0.00339253939152233	0.0294807132087008	-0.0391432773418161	-0.0316049503585637	-0.0117312767557832	-0.00551778236988573	-0.0222791990747093	-0.0102124533683006
0.0523408620614841	0.0534735814152457	-0.0322747064113267	-0.030577136123435	0.0168295727616039	0.00176237358300371	0.0208388945715302	0.00536793348108929	0.00338598194849276	0.0294491218118813	-0.0391676491251766	-0.0316302385634468	-0.011733229739455	-0.0055301959699626	-0.0223090693872058	-0.0102260963143225
0.0523545497109949	0.0534784401256967	-0.0322601470437821	-0.0306071908378233	0.0168459202687049	0.00177456366563602	0.0208517328547517	0.00537565321483054	0.00338813609786464	0.0294240291847621	-0.039161583420525	-0.0316449823328832	-0.0117371776163194	-0.00554154227424172	-0.0223111620692804	-0.0102292395283865
0.0523676464362617	0.0534783940252237	-0.0322348462660427	-0.0306703135611491	0.0168585476073381	0.00176754382089303	0.0208526925827792	0.00537004152998823	0.00340932415462424	0.0294055205433691	-0.0391439269393893	-0.0316561819538393	-0.0117247067398973	-0.00554440469451603	-0.0223051731987504	-0.0102301573468932
0.0523560989662825	0.0534564753458172	-0.0322341002765715	-0.0307325994910418	0.0168408981111226	0.00173943370827242	0.0208440731913237	0.00534226669353445	0.00344996800794816	0.0293907320704439	-0.039099483289508	-0.0316450424031964	-0.0116963116425349	-0.00553536620785192	-0.0222636129239038	-0.0102134298601365
0.0523918505815387	0.0534710375073299	-0.0321974545915371	-0.0308150886039541	0.0168754874356672	0.001757773314598	0.0208598199952924	0.00536275206732774	0.0034552765472563	0.0293609707227016	-0.0391080998869955	-0.0316721885968374	-0.0116884997078478	-0.00554574859315141	-0.0222822654546518	-0.0102256227367369
0.0524354462621148	0.0534804126671449	-0.0321522942888492	-0.0309479599458528	0.0169090471829828	0.00177177528551522	0.0208793428470901	0.00537599407893349	0.00348306954450244	0.0292992896868932	-0.039087258282275	-0.031699269132229	-0.0116744753851861	-0.00556880581454108	-0.0222694257744462	-0.0102348889317976
0.0524449275927159	0.053473644279527	-0.0321360180279336	-0.0310389273548338	0.0169034634378211	0.00176035773505065	0.0208778718229081	0.00536761636571483	0.00351190748580187	0.0292853463893052	-0.0390556710764076	-0.0317027741651564	-0.0116606131126717	-0.00556640998693228	-0.0222375703476453	-0.010227151037264
0.0524708737770765	0.0534905603591276	-0.0321182749337882	-0.0311015164302607	0.0169193289854323	0.00177854786408518	0.020889155262906	0.00538316898890364	0.0035113445012384	0.0292739651604253	-0.0390625372529074	-0.0317176869696602	-0.0116596114751233	-0.00557399141925471	-0.0222441459514673	-0.010239180466733
0.0524614706775809	0.0534805090590428	-0.0321332659693975	-0.0311051304279423	0.016890055185116	0.00175155394170331	0.0208702303202725	0.00535910314504541	0.00350998802974677	0.0293030741166263	-0.0390360434508078	-0.0316835041674679	-0.011673194350832	-0.00556964819591024	-0.0221967756200463	-0.0102284222927299
0.0524745268903109	0.0534965827572742	-0.0321351630737082	-0.0310891014331998	0.0168962494122981	0.00176621948003405	0.0208712836462299	0.00537153350893062	0.00349839026834253	0.0293091789368306	-0.0390611193141185	-0.0316935373067602	-0.0116820204959238	-0.00556899720135298	-0.0222168446925991	-0.0102371813825883
0.0524473290082608	0.0534818795003747	-0.0321596116911902	-0.0310585871110662	0.0168782380972192	0.0017563889034258	0.0208628388777779	0.00536639679865799	0.00349821564533897	0.0293413249363094	-0.0390660548586911	-0.0316783339295785	-0.0116680911681761	-0.00554851881247984	-0.0222316597082209	-0.0102217544879621
0.0524372651353198	0.0534951732003895	-0.0321802032357697	-0.0309682245961695	0.0168636591718983	0.00175890906261314	0.0208605310601629	0.00536632415548851	0.00345960859472854	0.0293708683545433	-0.0390851041329031	-0.0316624250754625	-0.0117043736373632	-0.00555478288886344	-0.0222266808571435	-0.0102305443114691
0.0524197301917947	0.0534858413470794	-0.0321981628624395	-0.0309134069428929	0.0168533661935766	0.00176151304084218	0.0208561836458664	0.00536638003484964	0.00345407653797585	0.0293888503329575	-0.0390990851490599	-0.0316564236320762	-0.0116977686968766	-0.0055442216896083	-0.0222507201583052	-0.0102261521936836
0.052395493915885	0.0534919587401401	-0.0322420686734699	-0.0307783646878141	0.0168301357461674	0.00176631168097993	0.0208391893351602	0.00536766945110791	0.00341195886650191	0.0294258801885998	-0.0391155653696436	-0.0316396444569104	-0.0117301186560236	-0.00554011595354867	-0.0222562480241058	-0.0102264721030262
0.0523651625986591	0.0534850744028478	-0.0322729587843071	-0.0306739820412078	0.0168146012837709	0.00176771984088061	0.0208295780850444	0.00537068693660938	0.00338616495340048	0.0294617323867062	-0.0391397499571443	-0.031623126517758	-0.0117410263073178	-0.0055233968486961	-0.0222837853732747	-0.0102226946582132
0.0523577725531486	0.0534906036656324	-0.0322843050885862	-0.0306007716962125	0.0168207563954003	0.00177416552518791	0.0208290276733372	0.00537619384764956	0.00336210050652629	0.0294687815681137	-0.0391610874911949	-0.0316194524497631	-0.0117608662744899	-0.00552919992035031	-0.022295042270576	-0.0102286765438231
0.0523558544940775	0.0534892891036617	-0.0322777071330198	-0.030577476987538	0.01683173529288	0.00178769252153546	0.0208346198004031	0.00538102601540399	0.00336606095624696	0.0294504796803569	-0.0391689734660355	-0.0316329263607176	-0.0117539106910122	-0.00553216851141078	-0.022320519068303	-0.0102330756465287
0.0523405868556305	0.0534725015465917	-0.0322777308817483	-0.0305872684485934	0.0168250730760483	0.0017743024296227	0.0208231743102579	0.00536837353105826	0.00338295747807115	0.0294476172600826	-0.0391579331012587	-0.0316286138710217	-0.0117352036778872	-0.00551276859420759	-0.0223214815902986	-0.0102135863223477
0.0523307618669584	0.053454942854338	-0.0322671040242438	-0.0306167853241307	0.0168249263927253	0.00175944829844812	0.0208251286909138	0.00535879441157513	0.00340545311188139	0.029441055626101	-0.0391354374674484	-0.0316259218827989	-0.0117228110325707	-0.00551470341708701	-0.022303679822824	-0.0102140682818375
0.0523483778355572	0.0534514811279155	-0.0322434754363865	-0.0306771992954253	0.0168391895996558	0.00175853467089351	0.0208326640227633	0.00536027242067724	0.00342166092057954	0.0294094530534092	-0.0391193861209614	-0.0316379890308367	-0.0117174214681889	-0.00552748582094739	-0.0222867344065588	-0.0102119420721462
0.0523787720170643	0.0534639492103695	-0.0322104661007781	-0.0307503383942352	0.0168699414090742	0.00178229038429742	0.0208523070151874	0.00537920015727879	0.00343576068037876	0.0293623537368898	-0.0391218713555481	-0.0316708726378825	-0.0117029193769895	-0.00554282330859582	-0.0223025636325852	-0.0102227198039257
0.0523889350758714	0.053447379582808	-0.0321874060854204	-0.0308554209298397	0.0168787633632139	0.00175765177698753	0.0208534623209789	0.00535925541630452	0.0034643192248725	0.029352154356498	-0.0390935810319878	-0.0316636376575992	-0.011682765088411	-0.00553780115101352	-0.0222714122857347	-0.0102098968875285
0.052439725224194	0.0534660726260928	-0.0321444613994016	-0.0309761804202116	0.0169137284764622	0.00177795414587309	0.0208806713789012	0.00537882017762305	0.00348913664613803	0.0292880788900648	-0.0390785536747937	-0.0317031709086205	-0.0116703752370626	-0.00556691848911864	-0.0222686336845021	-0.0102258937516384
0.0524280143070834	0.0534427388018654	-0.0321448846855622	-0.0310526443410092	0.0168818786375974	0.00174174571683952	0.0208678652263123	0.00535168655683834	0.00352523611041738	0.0292972892057644	-0.0390336476231989	-0.0316854892817723	-0.0116488044066792	-0.00555068972566006	-0.0222198384293721	-0.0102004560694642
0.0524592564578958	0.0534678118712082	-0.0321314568750807	-0.031083070653149	0.0168938982881782	0.00176252725124684	0.0208710335860888	0.00536835537026588	0.00351313822873094	0.0292902204665804	-0.0390492323770204	-0.0316971624803141	-0.011662243393033	-0.00556397224980262	-0.0222228391510653	-0.0102162643407302
0.0524568508513988	0.0534663673897227	-0.0321338848333221	-0.031088225524214	0.0168830437222771	0.0017485881446109	0.0208602684271656	0.00535334337989609	0.00351524767461391	0.0293046457236583	-0.0390379363641663	-0.0316828489819585	-0.0116653419036081	-0.00556315920509806	-0.0222030494753181	-0.0102139090256583
0.0524838447737807	0.0534947471202608	-0.0321298238007514	-0.0310664172065457	0.0169024156997997	0.00177754902050483	0.0208675257591934	0.00537698454060966	0.00348595990445732	0.0293007495352029	-0.0390676264657231	-0.0316962446618074	-0.0116863148248273	-0.00557925944602602	-0.0222260564052828	-0.0102380335428457
0.0524556731938628	0.0534815288573836	-0.0321650361801727	-0.0310183022826376	0.0168733500501037	0.00176354844657164	0.020851111196859	0.00536483916146626	0.00348136941493981	0.0293375544764166	-0.0390647067691036	-0.0316782375376806	-0.0116851609160198	-0.00555409976367352	-0.0222297304732776	-0.010213700875038
0.0524366644321876	0.0534776075232157	-0.0321835755552144	-0.030949736909537	0.0168602197972202	0.00176407510955037	0.0208445076533565	0.00536509760351152	0.00346528873178824	0.029377531968359	-0.0390856824842909	-0.0316645680489621	-0.0116960112909688	-0.00554762753666968	-0.0222407820139267	-0.0102230089796196
0.0524149133908645	0.0534730002698899	-0.0322066006459714	-0.0308755542636578	0.0168407039303427	0.00176011605681372	0.0208325243243604	0.00536142912345279	0.0034535736237256	0.02939152136642	-0.039093150760907	-0.0316508021683457	-0.0116978916314711	-0.00553927077821145	-0.0222493678777656	-0.0102151439595394
0.0523585590551566	0.0534512240828543	-0.0322628655747015	-0.0307354591173481	0.0167966430540851	0.00173107555283016	0.0208060095675003	0.00533462379391477	0.00342833291629945	0.029460202689195	-0.0390995042442685	-0.0316089876424059	-0.011713006998659	-0.00551019674661121	-0.0222383093521964	-0.0101983410356451
0.0523743938691191	0.0534820569173463	-0.032262498167902	-0.0306369452006454	0.0168248383827315	0.00177404538456146	0.0208330873089239	0.00537361501513302	0.00337923591261934	0.0294543786627804	-0.0391593300852871	-0.0316338553550965	-0.0117452954905087	-0.00553542208721305	-0.0222944248036355	-0.0102278802629268
0.0523603653555054	0.0534751586102138	-0.0322706928762129	-0.030599028260145	0.0168248020611467	0.00177195270248684	0.0208304358332379	0.00536843779232356	0.00337830552125639	0.0294587679865978	-0.0391627415202846	-0.0316257332899551	-0.0117476116900279	-0.00552966930698387	-0.0223097050149387	-0.0102230439042203
0.0523296931741766	0.0534480403562534	-0.0322855176707229	-0.0305836558478958	0.0168106031154815	0.00175167408232976	0.0208224953760201	0.00535198132046834	0.00340020464288647	0.029466093770843	-0.0391435916632225	-0.0316174687324427	-0.0117233432834856	-0.00551684499360264	-0.0223026698033714	-0.0102076938437156
0.0523670555120177	0.0534760149614233	-0.0322534750480622	-0.0305935450978333	0.016855252122015	0.00178760590852569	0.0208384894461619	0.00538239226578382	0.0033809276602778	0.0294200393983769	-0.0391658190760993	-0.0316474745523899	-0.0117415473823604	-0.00554624731644957	-0.0223222597104025	-0.010237409090985
0.0523481054236717	0.0534492864660068	-0.0322425855575604	-0.0306454416575064	0.0168477237750857	0.00176326904976595	0.0208342915091564	0.00536288338382642	0.00342089677031598	0.0294143215427484	-0.0391359529545549	-0.031644877559081	-0.0117087531822924	-0.00553218387823509	-0.0223120407722343	-0.0102189423591128
0.0523845904555429	0.0534604916748991	-0.0322184833921174	-0.0307100088623177	0.0168747540190523	0.00177635180519245	0.0208505482122956	0.00537502736598579	0.00342021085115801	0.0293718825649479	-0.0391232725305286	-0.0316616790859913	-0.0117179551160878	-0.00555866371049449	-0.0222909337405483	-0.0102328605109883
0.0523820814722277	0.0534468291711008	-0.0322110458491499	-0.0307685983724711	0.0168671711897458	0.00175926948449248	0.0208409537259881	0.00536199071103223	0.00345467165317197	0.0293594494070946	-0.0390980653507191	-0.0316642998280287	-0.0116933737851231	-0.00554684522561374	-0.0222757401422548	-0.0102144482614932
0.0524254466504391	0.0534505647063928	-0.0321609974993464	-0.0309140383796738	0.0169079212138559	0.00177458322341242	0.0208625036016111	0.00537980784533117	0.0034871962353225	0.029311798281884	-0.0390891889142023	-0.0316945612960531	-0.0116633078948626	-0.00556391916440954	-0.0222883213804151	-0.0102254872292861
0.0524059279895935	0.0534159586180399	-0.0321539846395236	-0.0310182254485161	0.0168845133494751	0.00173074586459945	0.0208576700368726	0.00534573819884517	0.00354121481373487	0.0293011979670761	-0.0390311023182991	-0.0316773560407586	-0.0116277518573704	-0.00554360701663578	-0.0222358003688813	-0.0101951391482519
0.0524513802619434	0.0534464575733492	-0.0321288277511391	-0.0310638565348216	0.0169078373948142	0.00175313113667144	0.0208733274338636	0.00535958510453523	0.00352544565802165	0.0292722636338787	-0.0390396965640422	-0.0316951368534728	-0.0116500477224645	-0.00557522355916781	-0.0222140856491429	-0.0102225535628263
0.0524946364754005	0.0534797002052903	-0.0321104937327497	-0.0311025418165376	0.0169307982243059	0.00177725425687483	0.0208828548649376	0.00537838850955826	0.00351040852193934	0.0292665918787231	-0.0390603216362383	-0.0317153148907798	-0.011662737925379	-0.00559003717780557	-0.0222396504568637	-0.0102395353006763
0.0524760649697262	0.0534664931182853	-0.0321293781628463	-0.0311166206215764	0.016901743750482	0.00175734164653321	0.0208677478796539	0.00536285684112988	0.00352509641201453	0.0292968812864281	-0.0390413645629721	-0.0316970954250807	-0.011651738073139	-0.00556783910159339	-0.0222275106656564	-0.0102226792913889
0.0524543111344351	0.0534604302076018	-0.0321565858237846	-0.0310722803485132	0.0168786488105236	0.00174361208750153	0.0208537948031777	0.00534928374430939	0.00351241738497226	0.0293312303297198	-0.0390403866741522	-0.0316718882452712	-0.011662785422836	-0.00555713820393541	-0.0222055891922819	-0.0102170745914667
0.05247585821609	0.0534946283766184	-0.0321572563761182	-0.0309981619638994	0.0168956361363096	0.00178404639322119	0.0208627355009598	0.00538214080865869	0.00346246123611465	0.0293274752366513	-0.0390898957881207	-0.0316869756727786	-0.0117007610366656	-0.00557166683783136	-0.0222398991200208	-0.0102403651091892
0.0524349587146889	0.0534710961806591	-0.0321899304355598	-0.0309458770426663	0.0168626044489568	0.00175738495303809	0.0208438077643583	0.00536176020866754	0.0034631806828893	0.0293819059253521	-0.0390855777104888	-0.0316603282024358	-0.011691749092698	-0.00554135368139788	-0.0222407219436135	-0.01022116076975
0.0523911004011155	0.0534573009633781	-0.0322236634088949	-0.0308400904271114	0.0168324030512456	0.0017506305352605	0.0208289843668323	0.0053552293083345	0.00345562160231132	0.0294087908829797	-0.0390938296951449	-0.0316442838408689	-0.0116914850627166	-0.00552957850302202	-0.0222471187334798	-0.0102100114402189
0.0523892326334694	0.0534826576204786	-0.0322403950866038	-0.0307054337396245	0.0168407500308156	0.00178150807324148	0.0208348279510233	0.00538250821545818	0.00338591629024342	0.0294356674587032	-0.0391467041436379	-0.0316434470474359	-0.0117442030489985	-0.00554300212255146	-0.0222749368764385	-0.0102349462081428
0.0523498055532343	0.0534610001770854	-0.0322696074196228	-0.030633146801072	0.0168242334886472	0.00176409746129482	0.0208283920456042	0.00537292071407088	0.00338191672496995	0.0294653743240683	-0.0391514413164784	-0.0316211386094855	-0.0117365126519218	-0.00552192303054608	-0.0222902017209174	-0.0102237689389311
0.0523454637268738	0.05346014522286	-0.0322714011471154	-0.0305915557925768	0.0168296593746137	0.00176983627168372	0.0208323427164367	0.00537333980927942	0.00337051174736163	0.0294575456255729	-0.0391606558231301	-0.0316232899648893	-0.0117447883853064	-0.00552751655459602	-0.0222960187624119	-0.010223618064656
0.0523353705172682	0.0534486885568426	-0.0322701173187932	-0.0305921942142778	0.0168355476622936	0.00177286353607339	0.0208308772801909	0.00537507067249068	0.00338498310491241	0.0294475641746896	-0.0391589473116633	-0.0316329361396058	-0.0117255114026977	-0.00551878959537024	-0.0223170866785451	-0.0102153828438083
0.05231699878031	0.0534264723198381	-0.0322697806456424	-0.0306087778116796	0.0168277259487183	0.00175281541828101	0.0208293364068075	0.00536159396756816	0.00340592808645106	0.0294389825018027	-0.0391338896091449	-0.0316247316524067	-0.0117110484270511	-0.00551413903553952	-0.0222939735777943	-0.0102035126705185
0.0523496616638794	0.0534421702293658	-0.0322369165963729	-0.0306479981382785	0.0168567902014303	0.0017665016708078	0.0208449672611019	0.00537407322589436	0.00340680678940496	0.0294016397217381	-0.0391366095370483	-0.0316471658189196	-0.0117185739800124	-0.0055420270276996	-0.0222885574707159	-0.0102247621945753
0.0523623169421931	0.0534352900830257	-0.0322182039953117	-0.0307276555645651	0.0168716583024452	0.00176715406234909	0.0208524592864465	0.00537696079188118	0.00343466125394836	0.0293637130023495	-0.0391172263836535	-0.0316622490554749	-0.011694206387604	-0.00554305101699246	-0.0222856475529847	-0.0102159737680523
0.0523807655132729	0.0534369524940196	-0.0322000907003988	-0.0308009162009855	0.0168832225362328	0.00176550841516357	0.0208578097352755	0.00537399639177279	0.00344419147899049	0.0293512714625921	-0.0391016388358639	-0.031666867484673	-0.0116917169620653	-0.00554474136766689	-0.0222689200662279	-0.0102188264094384
0.0524068276473078	0.0534338008980514	-0.0321607739819019	-0.0309308692432486	0.0169017968358751	0.00176275915059556	0.0208714890028821	0.00537191767953845	0.0034890961336012	0.029301538831179	-0.039075576701829	-0.0316870734616606	-0.0116587034355048	-0.00555493376313851	-0.0222546820050099	-0.0102166135867373
0.0524348357800944	0.0534390996584713	-0.0321304859711809	-0.0310331047254032	0.0169147622446432	0.00176327463770206	0.0208793135104255	0.0053724555183894	0.0035133715250637	0.0292736899545717	-0.0390565986738025	-0.0317016454020614	-0.0116470344279151	-0.00556268842148047	-0.0222402860845966	-0.0102189591229211
0.0524627726666954	0.0534549442513221	-0.0321154013376416	-0.0310852541391854	0.0169243036455576	0.00177096084382663	0.0208874691031836	0.00537636427970102	0.00351580507124127	0.029263003026754	-0.0390544109968139	-0.031711102983934	-0.0116531839516084	-0.00557782334644477	-0.0222268778318915	-0.010231568300762
0.052483369799211	0.0534714733663468	-0.0321143843332689	-0.0311092710886027	0.016924963022019	0.00177539766510101	0.0208848427732101	0.00537820829861859	0.00350642851444227	0.0292725583975087	-0.039057216140743	-0.0317076719911602	-0.0116685060724325	-0.00558120963572975	-0.0222204070018717	-0.0102385755726487
0.0524561300076401	0.0534538895283806	-0.0321346280288253	-0.0311062242664366	0.0168972985473035	0.00175311996079921	0.0208748138248698	0.00535999861180765	0.00352286403153706	0.0293053330398003	-0.0390442674957833	-0.0316918623229101	-0.0116529646251159	-0.00555967792089915	-0.0222111463947471	-0.0102226764974208
0.0524662469659742	0.0534737741990416	-0.0321486509545029	-0.0310505097494137	0.0168992124154225	0.00176893661396939	0.0208742019458654	0.00537092023294213	0.00348405302125847	0.0293168581580351	-0.0390673652297098	-0.0316848299053109	-0.011686545327192	-0.00557092923026434	-0.0222073996835827	-0.0102379734725324
0.0524443995327532	0.05347349619922	-0.0321755945854598	-0.0309742106727315	0.0168772085199903	0.00176054493091046	0.0208600882162259	0.00536315439872794	0.00346714532356206	0.0293551816208877	-0.0390817471802827	-0.0316708251404256	-0.0116947134928064	-0.0055558515816452	-0.0222190770730766	-0.0102291990158497
0.0524210349748772	0.0534651296618735	-0.0321943323322335	-0.0309222722035375	0.0168645504477084	0.00175752046048885	0.0208531745422691	0.00536131457076246	0.00346061162926097	0.0293761629240111	-0.0390933770723196	-0.0316617573170969	-0.0116874561607785	-0.0055411287669693	-0.0222378818750837	-0.0102212934832327
0.0523931665404936	0.0534707888441728	-0.0322303144498544	-0.0307919349906665	0.016845779173318	0.0017693934277467	0.0208463838029067	0.00537012534902994	0.00342194730230537	0.0294113264089914	-0.0391182280212019	-0.0316507784196172	-0.0117196608335866	-0.00553909056727178	-0.0222525627802387	-0.0102263407865275
0.0523705731178013	0.0534743022590044	-0.0322575793871378	-0.0306890457199866	0.0168432576171467	0.00178048408394862	0.0208445104473246	0.00537748326390782	0.00338744039981847	0.0294437629811481	-0.0391547912841787	-0.0316416100134385	-0.011739661453922	-0.00552958688492619	-0.0222866897030699	-0.0102228497234404
0.0523369826368371	0.0534585037666266	-0.0322738249144047	-0.0306234838625471	0.0168316836044709	0.00176660784159396	0.0208372726730731	0.00536720565241046	0.00338107434360079	0.0294666106549335	-0.0391527754362256	-0.0316237244269221	-0.011739366690292	-0.00552061964444753	-0.0222901500325084	-0.010221996166199
0.0523616631536678	0.0534796750595778	-0.0322660423163822	-0.0305934389270471	0.016861192098104	0.00179709981198308	0.0208535712857331	0.00539101445120745	0.00335870443835311	0.0294350318309703	-0.0391765311496295	-0.0316464743118256	-0.0117605519530835	-0.00554287779097293	-0.0223125199377561	-0.0102395157428999
0.0523140343802016	0.0534340355913681	-0.0322821774819109	-0.030593972574946	0.0168270637782888	0.00175724944558733	0.0208344856899364	0.0053606635762052	0.0033963475699839	0.029450926715246	-0.0391406985092996	-0.0316206776047561	-0.0117280720744219	-0.00551283425245694	-0.0222904112685217	-0.0102059629805044
0.0523383838118176	0.0534471420955231	-0.0322534918118706	-0.0306267765539022	0.0168564200006628	0.00177802259809048	0.0208455358336015	0.00537589349608344	0.00340040161763449	0.0294156416926553	-0.0391494967147108	-0.031645859638853	-0.0117234815849044	-0.00552755567014881	-0.0223103629944161	-0.0102204161772628
0.0523508057937987	0.0534437613941743	-0.0322355713007535	-0.030695983142672	0.0168631199360633	0.00177343490254103	0.0208499558910675	0.00537110463483389	0.00342180900088656	0.0293970618050768	-0.0391265470610913	-0.0316528389710592	-0.0117152393791365	-0.00553717250820071	-0.0222891567768641	-0.0102185442186647
0.0523476248611659	0.0534306786387478	-0.0322231060122676	-0.0307545069945761	0.0168594025615636	0.0017614697343373	0.0208498147956806	0.00536593439694457	0.00345173100179207	0.0293706350582105	-0.0390999554701096	-0.0316564892903256	-0.0116895195061886	-0.00553163626049594	-0.0222740092790436	-0.0102080682354353
0.0523917094861519	0.0534457283476863	-0.0321794013669373	-0.030851014842214	0.0168951052823788	0.00177741351305407	0.0208712347517889	0.00538934365830942	0.00345050864076717	0.0293400425049713	-0.0391086880172715	-0.0316778952765936	-0.0116935358352704	-0.00555114234848528	-0.022274963419135	-0.0102244450792009
0.052419502483398	0.0534460957544858	-0.0321508707621242	-0.0309687317013719	0.0169060003608168	0.00177183535582845	0.0208802299319482	0.00538112799523806	0.00348923164105196	0.0292897385070906	-0.0390700991274535	-0.0316924364833458	-0.0116707943322711	-0.00556161553774662	-0.0222474833463113	-0.0102217307392336
0.0524495879314349	0.0534563328534463	-0.0321216123286322	-0.0310637489670514	0.0169272345180493	0.0017859616583242	0.0208917634320871	0.00539018045174246	0.00350764947848314	0.029259317782887	-0.0390633265488835	-0.0317123518876555	-0.0116565786227976	-0.00557153971228477	-0.0222524007300914	-0.0102264693090581
0.0524539339487474	0.053453615719511	-0.0321228989509224	-0.0311066321857729	0.0169147720235314	0.00177893063770898	0.0208869899376619	0.0053876197800183	0.00351052028066162	0.0292734538642709	-0.0390493245779663	-0.03170422842553	-0.0116582005212546	-0.00556764072986135	-0.022231760291071	-0.010219150509733
0.0524288650703567	0.0534351182539902	-0.0321390271315309	-0.0311097069476196	0.0168818129793481	0.00174818441622667	0.0208755332716445	0.00535669474458035	0.0035220412079443	0.0293060524865749	-0.0390289970633682	-0.0316786929544738	-0.0116508370184406	-0.00554928016877534	-0.0221946019128981	-0.0102031592335593
0.0524500056296594	0.0534609973831174	-0.0321412217934396	-0.0310733448503429	0.016890794189667	0.00176333470801528	0.0208730256853134	0.00537045922821274	0.0034889340834539	0.029313469074782	-0.0390550410366107	-0.0316800158983488	-0.0116792502765954	-0.00556209190930032	-0.0221981600312185	-0.0102218941863649
0.0524550724907306	0.0534731944506698	-0.0321551986186443	-0.0310233062794276	0.0168965539548163	0.00178304196170472	0.0208755220957723	0.00538717134814517	0.00346454134533302	0.0293243920929005	-0.039078763222398	-0.0316855437641494	-0.0116946576134452	-0.00556469169657728	-0.0222238268187734	-0.0102335017266574
0.052431184063844	0.053467656805981	-0.0321747061036177	-0.0309691424146762	0.0168857412984361	0.00177891247691661	0.0208694480092165	0.00538143253775627	0.0034494595057618	0.0293661060359902	-0.0390946944282585	-0.0316719706673289	-0.0116993458918447	-0.00554521773922059	-0.0222483857979936	-0.0102264776909623
0.0523977123265221	0.053456268592181	-0.0322031263466926	-0.0308911683541439	0.0168573657588501	0.00176944651313979	0.0208559587314378	0.00537091604199004	0.00344352511760892	0.0293867255202503	-0.0390946832523862	-0.0316507700377131	-0.0117002734892396	-0.00553709288011109	-0.0222419596714627	-0.0102188445702308
0.0523972359549684	0.0534826143139737	-0.0322444617071106	-0.0307434750117034	0.0168456464598353	0.0017829623336151	0.0208455805370904	0.00537987210659648	0.00337789341096799	0.0294278457451279	-0.0391296930691234	-0.0316362260369928	-0.0117622171580454	-0.00554295602207852	-0.0222435759819837	-0.0102370458751376
0.0523525562147863	0.0534593922484687	-0.0322688684150718	-0.0306695116923167	0.0168348743159919	0.00177531943399542	0.02083652947757	0.00537629722446766	0.00338851188656829	0.029457552610493	-0.0391499647043603	-0.0316331848027628	-0.0117316162229021	-0.0055157972555813	-0.0222953188734137	-0.0102167714459326
0.0523153265904279	0.0534356854295058	-0.0322861379316316	-0.0306083936410718	0.0168160401773203	0.00175728995812416	0.020831128737316	0.00536559912077774	0.00338603922483792	0.029471642591404	-0.0391435860752864	-0.0316153620805278	-0.0117290820938745	-0.00550506003633858	-0.0222858557036049	-0.0102052742673784
0.0523415116590573	0.0534577130736665	-0.0322760684707544	-0.0305831696974539	0.0168450639174955	0.00178850416925599	0.0208431204482163	0.00538887846262794	0.00336879485399065	0.0294368968046483	-0.0391669995276033	-0.0316357580473433	-0.0117461700025105	-0.00552914404098917	-0.022305692876809	-0.0102274807254947
0.05231346161675	0.0534285677958808	-0.0322754188731812	-0.0306044024577025	0.0168369292794978	0.00176979715613093	0.0208351422724297	0.00537314423151544	0.00339937343738954	0.0294364735184876	-0.0391449369588419	-0.0316312639497237	-0.0117142279626999	-0.00550878020480635	-0.0223107429740719	-0.0102031159270544
0.0523429994470476	0.0534459462771948	-0.0322445399382162	-0.0306378518432798	0.0168638519556942	0.00178621451243335	0.020848408032764	0.00538451009357096	0.00339665770043823	0.0294007666067203	-0.0391502454981501	-0.0316516822682836	-0.0117229116154208	-0.00552924322685519	-0.0223123411238004	-0.0102205391118573
0.0523175841166179	0.0534047059116907	-0.0322448989631115	-0.0307241086221169	0.0168443374858007	0.0017463152515966	0.0208393094757866	0.00535357388226079	0.0034533179756484	0.029405660241772	-0.0391018106648994	-0.0316379820459166	-0.0116790812415279	-0.005507094045084	-0.0222789490145682	-0.0101908797439491
0.05237875665024	0.053447527663115	-0.0322038429994992	-0.0307699338892023	0.0168876062721141	0.00178868996813178	0.0208599582967112	0.00538600207251335	0.00343134201989675	0.0293537776519391	-0.0391198750653714	-0.0316727655512411	-0.0117103331712285	-0.00554612438185506	-0.0222845634933786	-0.0102262220428851
0.0523765228727785	0.0534195223242965	-0.0321773324335912	-0.0308883073308536	0.0168863112679197	0.0017585388618456	0.0208601385076509	0.00536304822794178	0.00347787974883672	0.0293379987173377	-0.03908180864758	-0.0316716465670343	-0.0116697186545692	-0.00552951563874074	-0.0222614503926278	-0.0102001808636106
0.0524336273889097	0.0534450438255124	-0.0321354718071785	-0.0309932976655123	0.0169239697663748	0.00178305453456098	0.0208807426250866	0.00538599927854529	0.00348386582539866	0.0292800811565019	-0.0390738109140171	-0.0316990763484331	-0.0116726732757894	-0.00556602022838834	-0.0222442884438382	-0.0102317457177336
0.0524455632204489	0.053443009816767	-0.0321252794117069	-0.0310739651112515	0.0169270990105985	0.00178057349092644	0.0208840059797771	0.00538416643549995	0.00350608345938724	0.0292663571854063	-0.0390592152248878	-0.0317045078223357	-0.0116555294877922	-0.00556360623998717	-0.0222318385221766	-0.0102229167786737
0.0524462868581756	0.0534397548439806	-0.0321357316462078	-0.03109785074417	0.0169105223981169	0.00176086763422103	0.0208789628674344	0.00536817096837413	0.00350633771048042	0.0292891419949105	-0.0390411913369526	-0.0316889649780351	-0.0116620254635245	-0.00555767464580234	-0.0221972072881111	-0.0102193991728901
0.0524780891995834	0.0534704172464212	-0.0321184802904404	-0.0311091202143276	0.0169285113614513	0.00178831138546006	0.0208875193946087	0.00538897625150993	0.00349547057172305	0.0292789677602312	-0.0390686881735847	-0.0317082587244521	-0.011668824584791	-0.00557361563055106	-0.0222296438602679	-0.0102396316925742
0.0524408791330015	0.0534474675928018	-0.0321540810314215	-0.0310726589311849	0.0168864062628336	0.00175552696428024	0.0208668272671792	0.00536081864143236	0.00349851599690509	0.0293273201714242	-0.0390487895330834	-0.0316721774209651	-0.0116700483427999	-0.00554888901324738	-0.0221992175481281	-0.0102179002090276
0.0524602441256039	0.0534808471291777	-0.0321663661089678	-0.0309935030221645	0.0168962047088092	0.0017855984424768	0.0208698307828403	0.0053813459247465	0.00345254684046469	0.0293321788818751	-0.0390875614278092	-0.0316775334577302	-0.0117070320979693	-0.00556356572745034	-0.0222218067798682	-0.0102414282140348
0.0524317163147588	0.0534659762341948	-0.0321845674138746	-0.0309487171111962	0.0168793892120587	0.00177980235574273	0.020859899623382	0.0053747675269565	0.00345247280031118	0.0293740814178087	-0.0391005100727689	-0.031668242116957	-0.0116981430885962	-0.00554175740978211	-0.0222509380878136	-0.0102252301842249
0.0524179378612861	0.0534758906298447	-0.0322170095739674	-0.0308339953857953	0.0168595534358386	0.00178745922520271	0.0208525584723125	0.00537911633823708	0.00341319100641501	0.0293880414792051	-0.0391103769709619	-0.0316496328927139	-0.0117406211819495	-0.00554903150561828	-0.0222383638345735	-0.0102347171027621
0.0523590410146464	0.0534508119725659	-0.0322671668885251	-0.0307160005268157	0.0168162581068287	0.00176074889057861	0.0208289550301677	0.00535756925658217	0.00340071873300895	0.0294556108026935	-0.0391232068722793	-0.0316132219009962	-0.0117346309144355	-0.00551047474643288	-0.0222530936341695	-0.0102119183234177
0.0524485443843656	0.0534418782597039	-0.032134122320607	-0.0310804163834949	0.0169152386161969	0.00177430103263867	0.0208825391465472	0.00537581526497784	0.00349802286154304	0.0292817882709847	-0.0390464887003885	-0.0316934129751817	-0.0116733577979634	-0.00555897104698075	-0.0222149769249531	-0.0102163816873886
0.0524738381771848	0.0534593042384749	-0.0321231559959836	-0.0311057269401225	0.0169259143681424	0.00178528970900651	0.0208889457153017	0.00538240064768799	0.00349303004062534	0.0292806623018577	-0.0390620538964336	-0.0317014903368342	-0.0116816810288049	-0.00556539437954359	-0.0222237695424282	-0.0102261130781309
0.0524564736657111	0.0534491816922047	-0.0321418392603802	-0.0310996221199181	0.0168987597925973	0.00176658409286548	0.0208762974219081	0.00536796421473791	0.0035014817939975	0.0293077330583612	-0.0390485282970701	-0.0316827344292682	-0.0116740115864887	-0.00555338869880304	-0.0222068911813964	-0.0102174601590586
0.0524533318486311	0.0534559193461739	-0.0321609178712568	-0.0310547300381637	0.0168920416964044	0.00177479696196877	0.0208765307182408	0.00537836755479783	0.00348206790695404	0.0293245737008242	-0.0390669140038686	-0.0316801989032565	-0.0116868317089178	-0.00555192605652524	-0.0222157550450569	-0.0102203561069496
0.0524373866729303	0.0534657680835745	-0.0321880389191853	-0.0309483441164606	0.0168773482183931	0.00178162821386793	0.0208598702867174	0.00537911913220514	0.00345213053922421	0.0293510074326107	-0.0390892517784836	-0.031671534808312	-0.0117086106899215	-0.0055444913075258	-0.0222329072149583	-0.0102210797446763
0.0524203881712721	0.0534687967449482	-0.0321998294643854	-0.0308800036577885	0.0168770688215874	0.00179632448584729	0.0208683974772271	0.00539576000595212	0.00342970056366331	0.0293730350767714	-0.039118923719248	-0.0316681485190271	-0.0117157744240194	-0.00554179792231893	-0.0222730174203834	-0.0102319762200983
0.052368692777299	0.0534556581101606	-0.0322569563322611	-0.0307399881395683	0.0168356328783194	0.00177424515327753	0.0208454017231347	0.00537645228969482	0.00338609650118309	0.0294458612511589	-0.0391249768510433	-0.03162361965312	-0.0117526506114186	-0.0055209619055345	-0.0222502368018313	-0.0102186503894508
0.0523581734875647	0.0534659035910253	-0.0322719012673976	-0.0306416991372942	0.0168369376614019	0.00179083852956754	0.0208445607387496	0.00538832944790476	0.00335820990600704	0.0294582972029802	-0.0391636593387913	-0.0316256229282168	-0.0117627228662637	-0.00552368043645388	-0.0222863711907114	-0.0102255934000723
0.0523381519124689	0.0534577507922352	-0.0322851055604345	-0.0305852553946084	0.0168261697085106	0.00178163519878807	0.0208323622742131	0.00537966255899221	0.00335530976716396	0.0294642707066859	-0.039162759681077	-0.0316140614883973	-0.0117658912260403	-0.0055164552350587	-0.0222906347859663	-0.0102151495474755
0.052345227636573	0.0534599761877926	-0.0322739171153506	-0.0305846616763963	0.0168505903863121	0.00180328426027706	0.0208402426611176	0.00539816002451301	0.00336124555230087	0.0294404786716972	-0.0391777898322391	-0.0316381440960639	-0.0117524676065108	-0.00552243292971646	-0.0223269214461054	-0.0102228706782008
0.0523223143045383	0.0534340006667674	-0.0322792843279879	-0.0306022999967396	0.0168373553596265	0.00178039327998677	0.0208399045909827	0.00538020877974734	0.0033828568952211	0.029442331072519	-0.0391513058090277	-0.031628379177705	-0.0117359748130709	-0.00550895762177796	-0.0223074782223974	-0.0102056849806827
0.0523289360088332	0.0534334251093477	-0.0322567705333853	-0.0306390183249436	0.0168496320552685	0.0017772919754436	0.0208582386093722	0.00538016966419454	0.00339410541061823	0.0294166768578204	-0.039147545128023	-0.0316391694823408	-0.0117285707977201	-0.00551760215894606	-0.0223048798321044	-0.0102049194334351
0.0523583173769197	0.0534371466747995	-0.032225042232131	-0.0307279000367701	0.0168795275134775	0.00179243528231207	0.0208743430412523	0.00539676583445261	0.00341573072337874	0.0293755831756393	-0.0391399567107805	-0.0316648628125921	-0.0117149027059856	-0.00553341601814819	-0.0223056733190326	-0.0102180957867915
0.0523674564464338	0.0534358251279086	-0.0322102481712697	-0.0307821058110423	0.0168843079928229	0.00178599518594088	0.0208721274245831	0.00538806821189144	0.0034244227580038	0.0293631528117541	-0.0391197982312498	-0.0316632786327039	-0.011713743209242	-0.0055388949895078	-0.0222790775370988	-0.0102142093772244
0.0524151606570376	0.0534495099834514	-0.0321677295653796	-0.0308985528117183	0.0169185117497756	0.00179456149200338	0.0208884944894605	0.00539408641908603	0.00344146037521486	0.0293135375269994	-0.0391070297972297	-0.031683657835711	-0.0117091331619481	-0.00556052589020442	-0.0222628892861771	-0.0102258043446606
0.0524140933612398	0.0534276332135657	-0.0321512283900354	-0.0310152233298389	0.0169096883986519	0.00176980134708301	0.0208857955163175	0.00537612120448007	0.00349669712370004	0.0292946335391263	-0.0390658746477514	-0.0316910953786785	-0.0116597302187658	-0.00554389060439356	-0.0222429012386979	-0.010204519896003
0.0524394276665959	0.0534401376176044	-0.0321326666632493	-0.0310727692929231	0.0169159119624987	0.00177821538188641	0.0208904544580524	0.0053813165880819	0.00350037258867891	0.0292793323730627	-0.0390596510839046	-0.0316997804283834	-0.0116664036114697	-0.00555639780240033	-0.0222226184275888	-0.0102148813265421
0.0524642869973823	0.0534622923873117	-0.0321244146785932	-0.0310957426952711	0.0169244545198327	0.00178785317469873	0.0208898551519042	0.00539099908438314	0.00347909791890954	0.0292819964216049	-0.0390658159744222	-0.0316989715746309	-0.0116880582608948	-0.00556888823659876	-0.0222132488557099	-0.0102256953799063
0.05244846615326	0.0534499137118356	-0.0321391849907261	-0.0310978619200423	0.0169020175593516	0.00177359695268833	0.0208786164153953	0.00538130261824162	0.00349097088616739	0.0293026089209448	-0.0390552170565983	-0.0316875232905177	-0.0116759617761924	-0.00555288019661668	-0.0222082602257443	-0.0102106037614469
0.0524478836109201	0.0534572213352884	-0.0321541844082397	-0.0310578536944513	0.0168928519471409	0.00177589778538319	0.0208680202915395	0.00537846254971177	0.00347371394246386	0.029322500576526	-0.0390664837327878	-0.0316761029460851	-0.0116905812140502	-0.00555279218662288	-0.0222055123581603	-0.0102130414985766
0.0524334890874909	0.0534616469806906	-0.0321711717340257	-0.0309905749436408	0.0168839783045922	0.00178412322734275	0.0208618065065809	0.00538492220385935	0.00345205510208667	0.0293464616465821	-0.0390886119597986	-0.0316701350303155	-0.0116987172490319	-0.00554557257316382	-0.0222313062712617	-0.0102123932979874
0.0524315836012761	0.0534714538085704	-0.032186354156447	-0.0309221394900548	0.0168780495043754	0.00179292422672203	0.0208551624505415	0.00538851524678054	0.0034204217957463	0.0293733228554812	-0.0391071694956326	-0.0316611328652361	-0.0117311105146838	-0.00554910973672387	-0.0222373021267119	-0.0102171151040036
0.0524043619704976	0.0534704507740379	-0.0322261374676093	-0.0308212632733599	0.0168549852980656	0.00179102712241138	0.0208414636251585	0.00538449472674664	0.00340383959532852	0.0294004830189625	-0.0391149898122239	-0.0316465343821388	-0.0117408754330427	-0.00554092620428517	-0.0222416132194237	-0.0102187663391252
0.052363878770337	0.0534560520596566	-0.032264609010769	-0.0307130850211483	0.0168315564789243	0.0017807187772654	0.020827936628811	0.00537823204734707	0.00338327179947755	0.0294578781077716	-0.0391438277535233	-0.031625192657136	-0.0117403878856168	-0.00551305776990149	-0.0222731110183133	-0.0102062535531823
0.0523646429206005	0.0534706295879936	-0.0322712432879202	-0.0306350061868139	0.0168457987310944	0.00180555575630733	0.0208374403111565	0.00539900100889814	0.00335164827202538	0.0294604080458472	-0.0391760771298202	-0.0316348667715331	-0.0117639871368095	-0.00552476589304399	-0.022309227246401	-0.0102199509815813
0.0523270207437302	0.05344708901013	-0.0322940239064722	-0.0305749959439034	0.0168235992578982	0.0017760696144187	0.0208252097159874	0.00537311349786681	0.00336351285737906	0.0294652318316974	-0.0391593845676642	-0.0316095464360173	-0.0117558552927798	-0.00551603055191405	-0.0222827446201735	-0.0102082652101833
0.0523544421432247	0.0534628204472745	-0.0322591146725851	-0.0306102041323726	0.0168718301314807	0.00181775142687576	0.020854352199805	0.00540990027828816	0.00336429097748291	0.0294214852768463	-0.0391894071514198	-0.0316542094123911	-0.0117414649603027	-0.0055315021500292	-0.0223463842275899	-0.0102245861745877
0.0523235310776271	0.0534294059862978	-0.0322707138309734	-0.0306376059740908	0.0168405390862273	0.00177110473318156	0.0208444070705065	0.00537235074458727	0.00339053332245747	0.0294331766361805	-0.0391358509747208	-0.0316252848580819	-0.0117320311271585	-0.00551567571797082	-0.022287530687455	-0.0102003554866142
0.0523537534300987	0.0534374330565254	-0.0322312602080417	-0.0307194329165736	0.0168760364503904	0.00178936890236961	0.0208649734693734	0.00538898323643008	0.0034144077795038	0.0293875148162263	-0.0391420619657114	-0.0316582061836965	-0.0117095648300129	-0.0055322579183886	-0.0223093208443309	-0.0102103662741621
0.0523413104933572	0.0534187763348253	-0.0322312532231216	-0.0307686668246885	0.0168592572752246	0.00176619712828959	0.0208561515152337	0.00537021475600776	0.00343913579379151	0.0293821126789883	-0.0391062027826849	-0.0316465315881707	-0.0116962585571418	-0.00552174561357446	-0.0222682984083353	-0.0101941989780008
0.0524013626457885	0.0534422610333277	-0.0321804323411503	-0.0308835841278534	0.0169055407530714	0.00178849718433585	0.020875903472412	0.00538766448350721	0.00344440382056282	0.0293337365190669	-0.0391111271513852	-0.0316768922420612	-0.0116959526176396	-0.00554517722668377	-0.0222751897305476	-0.0102110144747513
0.0523995605363918	0.0534188671387872	-0.0321537359763665	-0.0310038504828632	0.016900318826773	0.0017699089148532	0.020875755392105	0.00537305482453761	0.00350205735141722	0.0293066545866912	-0.0390677116817488	-0.0316870762556286	-0.0116501231596021	-0.00553079667309483	-0.0222634913862933	-0.0101893919559588
0.0524538193960571	0.0534534341115873	-0.0321235052419907	-0.0310671394472884	0.0169320024245384	0.00179785977129457	0.020892396265852	0.00539425545415347	0.00348087907354582	0.0292737639947252	-0.0390674993401765	-0.0317043653299648	-0.0116844889667021	-0.0055642460586722	-0.0222412178729436	-0.0102259482340155
0.0524387864509268	0.05343746239319	-0.0321352971841749	-0.0310944882036135	0.0169082299473262	0.00177263443069272	0.020879240867256	0.00537401455256516	0.00349190826245049	0.0292957008349241	-0.039047149473834	-0.0316844624985114	-0.0116750243999093	-0.00554561727665273	-0.0222113014599742	-0.0102046372426614
0.0524564387411104	0.0534572157473523	-0.0321303183330975	-0.0310969971869287	0.0169124711908366	0.0017875374563083	0.0208862984305678	0.00539197976717111	0.00347766461329634	0.0292960528748992	-0.0390661316928127	-0.0316941240400522	-0.0116878598891628	-0.00555881039381748	-0.022216000914246	-0.010215416371425
0.0524447962762173	0.0534560115471198	-0.0321547236440746	-0.031067512442024	0.0168896081502268	0.00177665495072662	0.0208782545965319	0.0053845170784911	0.00346588803793645	0.0293227883552359	-0.0390679840936344	-0.0316754351877195	-0.0116964848685545	-0.00554629062295445	-0.0222046210823501	-0.0102054670511743
0.0524369228742329	0.053461862116231	-0.0321708001362741	-0.0310114151513773	0.0168910107221914	0.00178992629899696	0.0208767737934618	0.00539311691217028	0.00344603410092402	0.0293387642645853	-0.0390899167428812	-0.0316775418396344	-0.0117032406833161	-0.00554260817305544	-0.0222305993973433	-0.0102082889589118
0.0524259034642164	0.053466086595933	-0.0321831606509579	-0.0309393531272534	0.0168846181232772	0.00179287672926506	0.0208710740986257	0.00539403333369294	0.00341541221102025	0.0293720907155681	-0.0391126931704811	-0.0316641978481946	-0.0117284087475727	-0.00554486569924542	-0.0222348909322787	-0.0102145250956148
0.0523904731552867	0.0534565396070826	-0.0322210049482888	-0.0308395553822285	0.0168514006370486	0.00177993227525738	0.0208522511358262	0.00538421812390901	0.00340856978324887	0.0293958478259561	-0.039110773714426	-0.0316449334384422	-0.0117346029747549	-0.0055329550134188	-0.0222264447668427	-0.0102089623052135
0.0523703901128936	0.0534619822568574	-0.0322519732902316	-0.0307265784898792	0.0168453544901734	0.00179409210536982	0.020850228302953	0.00539075600916219	0.003368370170846	0.0294401378075943	-0.0391491851872725	-0.0316350427915207	-0.0117537695956254	-0.0055216785583411	-0.0222712041351145	-0.0102118792078649
0.0523440192453884	0.0534565996773958	-0.0322805793321823	-0.030633345172804	0.016834831009487	0.00178461915667285	0.0208412694443785	0.00538584281633411	0.00334816838481049	0.029467813458182	-0.0391625473395046	-0.031619347675961	-0.0117681599281025	-0.00551320305624045	-0.0222792912756552	-0.0102066894121992
0.0523352643464821	0.0534576571943053	-0.0322835674810192	-0.0305905122455075	0.0168345697734737	0.00178858240036158	0.0208397565106757	0.00538636389137672	0.00334189452953869	0.0294662334692458	-0.0391706987413107	-0.0316207488509415	-0.0117688458472605	-0.00551355369923159	-0.0222992443985336	-0.0102031508516551
0.0523210919435134	0.0534422107419027	-0.0322878380611942	-0.030586266811045	0.0168336743067115	0.00178612231148747	0.0208378328636685	0.00538511079670319	0.00335912632752971	0.0294605100256813	-0.0391622735306351	-0.0316235442159825	-0.0117480377701566	-0.00550369797691082	-0.02231330504278	-0.0102007159084935
0.0523242365545614	0.0534415555563933	-0.0322759762698086	-0.0306013612234725	0.0168428985922514	0.00178602591958951	0.0208424526898506	0.00538188516058149	0.00336423789208983	0.0294424651829857	-0.0391564690619968	-0.0316251158230145	-0.0117478659411211	-0.00551041048516756	-0.0223075676293752	-0.0102009911143471
0.0523369407273162	0.0534420556766755	-0.0322508445271366	-0.0306449163915117	0.0168583743813186	0.00178496141775982	0.020848853670669	0.00538035127211824	0.00337671854740006	0.0294180654599447	-0.0391473635200993	-0.0316381832116167	-0.0117402356143577	-0.00551909693185651	-0.0223023736427574	-0.0102033073138663
0.0523479503584445	0.0534341557319946	-0.0322286366720363	-0.0307325003051758	0.0168738543613379	0.00178995842962961	0.020857002278507	0.00538494595258784	0.00341072812357284	0.0293831199044728	-0.0391307212493683	-0.0316579519326034	-0.0117090200062418	-0.00552116307123459	-0.0223030092704903	-0.0101987126333967
0.052381554809249	0.0534495658628125	-0.0322079515295269	-0.0307845700908685	0.016888191608422	0.00179528792369818	0.0208625999935091	0.00538886728675571	0.0034040547308689	0.0293631919273069	-0.0391225977872429	-0.0316620325229505	-0.0117290820938745	-0.00553776063847669	-0.0222787478488681	-0.0102105716308143
0.0523988662353297	0.0534370153583008	-0.0321758432486168	-0.030916456559027	0.0168982610692991	0.00177882586390684	0.0208658745240718	0.00537417101477635	0.00345916295682346	0.0293269262219281	-0.0390874273173424	-0.0316707161756714	-0.0116862896791148	-0.0055370789102708	-0.0222658844199341	-0.0101994069344588
0.0524128542364066	0.0534283163387556	-0.0321534286398803	-0.0310201281407628	0.0168977204364801	0.00176596941989296	0.0208635010482074	0.00536482379464194	0.00349789433901242	0.0293076995307445	-0.0390548650166231	-0.0316796387126611	-0.011661215212788	-0.00553536201689983	-0.0222380159855504	-0.010196125418976
