0.0523614885306643	0.0534864518290999	-0.0321901092495154	-0.030673990423112	0.016792218805667	0.00172577958637828	0.0208636561134346	0.0053173696441793	0.00337149382713363	0.0294869814760365	-0.0391908320751288	-0.0316755497404098	-0.011760234837709	-0.00549126342207354	-0.022255719964143	-0.0101677401005018
0.0523548933690659	0.0534854893071043	-0.0321912282337222	-0.0306285283718739	0.0167973359581633	0.00173145553248591	0.0208640123443618	0.0053236043838983	0.00335774610730959	0.0294866895063745	-0.0391963543529933	-0.0316715501751363	-0.0117704286301647	-0.00549953496450603	-0.0222639244513422	-0.010179677329025
0.0523198709794725	0.0534572618478253	-0.0322098891463744	-0.030604184528194	0.0167785409350444	0.00170767607035351	0.0208569743388265	0.00530400469797905	0.00337753019512059	0.0294904920969	-0.039178470163461	-0.0316588962938066	-0.0117531479377327	-0.00548207545811838	-0.0222465990554212	-0.0101590885784136
0.052351216507103	0.0534787279044065	-0.0321808905519117	-0.0306101440620594	0.0168154073435554	0.00173821693518364	0.0208745958953614	0.00532915879239544	0.00336218292858397	0.0294482780335281	-0.0391976842817884	-0.031687341682594	-0.0117658353466791	-0.00550902328002731	-0.0222669754644603	-0.0101798896705973
0.0523483582777808	0.0534649620237901	-0.0321664932345144	-0.030657839890759	0.0168179135329024	0.00172232763884397	0.0208799631079987	0.00532310426361611	0.0033894548507875	0.0294300641557651	-0.0391797330370227	-0.0316900658014495	-0.0117465877007351	-0.00550365606738998	-0.0222618094175231	-0.0101699627020911
0.0523572151565212	0.0534539034982209	-0.0321508190737151	-0.0307346572485158	0.0168197296121394	0.00171140322374144	0.0208873000681162	0.00531785719160523	0.00342075288096104	0.0294034488160549	-0.0391533076871404	-0.0316961622397497	-0.0117211011241199	-0.00550952898824561	-0.0222414190386437	-0.0101646150472301
0.0524057631454781	0.0534822008067013	-0.0321142739715307	-0.0308056240371614	0.0168563641213017	0.00174370149447936	0.0209069919549813	0.00534251116573943	0.00341979175594946	0.0293673507487596	-0.0391651317599573	-0.031730539222722	-0.0117287454207236	-0.00553047257280023	-0.0222639943005436	-0.0101858939079516
0.0524065286927257	0.0534596758362264	-0.0320917601769281	-0.0309268990146397	0.0168508488283573	0.00170839132617608	0.0208998673364362	0.00531086668352683	0.00346787594620895	0.0293459210137631	-0.0391127783865068	-0.0317166755532236	-0.0117015377597854	-0.00552514726968376	-0.0222096739735811	-0.0101655035290722
0.0524632113196804	0.0534886423000565	-0.0320448005588115	-0.031035306372232	0.0168889124521807	0.00173592727836099	0.0209186414047946	0.00533140653969723	0.00347849162784119	0.0292950693981432	-0.0391142773503694	-0.0317571112559272	-0.0116958841654222	-0.00555418358271523	-0.0222122905246664	-0.0101864485106109
0.0524419268710228	0.0534638486275194	-0.0320450296641922	-0.031104870588913	0.0168637835034768	0.00170534450401002	0.0209075493516087	0.00531287135560767	0.00351706515083493	0.0293070890487241	-0.0390785648506659	-0.0317453821780243	-0.011664552607632	-0.00553145744654029	-0.0221886032634799	-0.0101610178133569
0.0525025392140495	0.0535161684733532	-0.0320231081908176	-0.0311140850955647	0.016900121852025	0.00174572851830464	0.020930096673828	0.00534107366917415	0.00346654462042982	0.0292863633936779	-0.0391118298343515	-0.0317655043359702	-0.01171639189096	-0.00557337255533011	-0.0221874242089598	-0.0101969203028882
0.0524881209418918	0.0535038289134298	-0.0320427791229223	-0.0311220213618304	0.0168753994256734	0.00172567760654421	0.0209151643115478	0.0053220285859142	0.00348406699109876	0.0293134970144626	-0.0390940392427491	-0.0317476913926234	-0.0117039657180268	-0.00555535844628316	-0.0221751544982379	-0.0101867740078895
0.0524493769868466	0.0534807982347367	-0.0320709730545846	-0.0310890385689185	0.0168419081305752	0.00170197637551741	0.020900448481792	0.00530536815439083	0.00349322282442126	0.0293544817318895	-0.0390893984618066	-0.0317223528963152	-0.0116887525619569	-0.00553263510407628	-0.0221693961300726	-0.0101650341424387
0.0524700579384038	0.0535130350381774	-0.0320748119666948	-0.0310141546370571	0.0168561294279849	0.00173372144058006	0.0209067572616645	0.00533186055950648	0.00344354048443323	0.0293517827587465	-0.0391312129877464	-0.0317315562270947	-0.0117230121982708	-0.0055477169436475	-0.0221969725947943	-0.0101874473541912
0.0524442821860948	0.0535011620709195	-0.0321034487422942	-0.030957988894193	0.0168363886466788	0.00172227315646686	0.020891464477505	0.00531699245849162	0.00343533320326605	0.0293921681700251	-0.0391324465246435	-0.0317121367521151	-0.0117273079241583	-0.00553171728556959	-0.0221964403438795	-0.0101785779025946
0.0524204147139686	0.0535058154247183	-0.0321355416563799	-0.0308485729141322	0.0168197407880116	0.00173452610338045	0.0208892334940116	0.00532687612049295	0.00340925290843879	0.0294105454949195	-0.0391541235258131	-0.0317055611482932	-0.0117450510183038	-0.00553160133589523	-0.0222152563217588	-0.0101806971273657
0.0523972918343296	0.0535077712023582	-0.032165101838422	-0.0307315727077809	0.0168081067050227	0.00174186865143402	0.0208763253615886	0.00533401750284642	0.00337023793849205	0.0294558413050582	-0.0391862318067231	-0.0316909989867805	-0.0117713478456554	-0.00552180009595157	-0.0222415531491105	-0.0101828540707057
0.0523665051003105	0.0534961175615928	-0.0321909488369165	-0.0306443645828205	0.0167922062328108	0.00173242783336971	0.0208664151568908	0.00532245326905885	0.00335762317271509	0.029480822173455	-0.0391937727265087	-0.0316734388975428	-0.0117764971287843	-0.00550960442538315	-0.0222509269119414	-0.010175016990306
0.0523579765128167	0.0534906064596005	-0.0321916543138509	-0.0306098660622377	0.0167985415553798	0.00173319757156939	0.0208697329939584	0.00532165838514666	0.00335781176555893	0.0294710642400162	-0.0392026142384248	-0.0316773406739343	-0.0117717934835605	-0.00550697949239368	-0.0222664292437052	-0.0101739119759395
0.0523624370828196	0.0534917366196795	-0.032187238447337	-0.0306071042248135	0.0168112499190867	0.00174282139454143	0.0208760264070065	0.00533186335347454	0.00335657264072569	0.0294543800597644	-0.0392055744475811	-0.0316867381854937	-0.0117732784775827	-0.0055094256114275	-0.0222784642611103	-0.0101792638217525
0.0523389789270137	0.0534649480539498	-0.0321851932627193	-0.0306234992293715	0.0167988335250418	0.00172043612246944	0.0208755458445008	0.00531591538380568	0.00338134954945439	0.029448222154167	-0.0391810881115303	-0.0316819437363081	-0.0117530389729785	-0.00549770212146069	-0.0222630080298195	-0.0101587560962148
0.0523690392293381	0.0534797868183001	-0.0321552894226062	-0.030675514532687	0.0168237976296303	0.00172751883149371	0.0208866071640381	0.00532228283700738	0.00338655471194442	0.0294195644238072	-0.0391798168560644	-0.031695536390905	-0.0117569533222262	-0.00552249300002969	-0.0222488174660584	-0.0101807306549824
0.0523664995123743	0.0534604609412504	-0.0321351197672033	-0.0307700540298288	0.0168298633342818	0.00172173811158396	0.0208953103745354	0.00531954195434355	0.00343685451887304	0.0293897779303524	-0.0391549756860704	-0.0317122694655978	-0.0117085757653208	-0.00551010175169728	-0.0222648799884176	-0.010164070223459
0.0524088267314525	0.0534809952094847	-0.0321112550890452	-0.0308346575562248	0.0168538621229067	0.00173147648724633	0.0209015395263183	0.00532342417295863	0.00342348119076862	0.0293706155004341	-0.039149506493599	-0.0317164785784755	-0.0117354718988206	-0.00553230401886154	-0.0222359414642681	-0.0101786058422751
0.0524242019376697	0.0534668661130209	-0.0320721870337054	-0.0309763927617839	0.0168650128494218	0.00171929199255013	0.0209109915202548	0.00531521828877548	0.00348530332196394	0.0293253280721996	-0.0391164510575177	-0.0317375814192094	-0.0116823669479629	-0.00552911051337249	-0.0222298645837444	-0.0101682597785604
0.0524620099134159	0.0534817635507004	-0.0320460913720538	-0.0310592395026075	0.0168791056243009	0.00172086779053423	0.0209188258066864	0.00531730817688205	0.00349038834382753	0.0292974889744805	-0.0390961668494245	-0.0317480755632312	-0.0116929728507069	-0.00555107110229983	-0.0221949176312885	-0.0101792233092157
0.0524658222828296	0.0534805467776116	-0.032041094360184	-0.0311159780089233	0.0168739325924435	0.0017179746366113	0.020917631385342	0.00531403504330337	0.00350951165819307	0.0293005190328382	-0.0390889346631091	-0.0317519298421657	-0.0116744306816972	-0.0055410896514165	-0.0221908593926858	-0.0101756568089911
0.0524799360124691	0.0534941240653842	-0.0320354072382042	-0.0311350342680555	0.0168722436387531	0.00171867731957761	0.0209150930653623	0.00531306134543554	0.00349937374509856	0.0293116376287207	-0.0390911824104109	-0.0317459297957635	-0.0116860438099258	-0.00554876887262093	-0.0221793608171476	-0.0101824196086728
0.0524670362619503	0.0534915508208037	-0.0320568900585938	-0.0311053762971313	0.0168494867689296	0.00170472703706944	0.020901478059021	0.00529922282164965	0.00349239720686045	0.029336981712965	-0.039080925753674	-0.03172916878139	-0.0116966860342546	-0.00554389898629773	-0.0221531897183585	-0.0101767450595492
0.0524771224866357	0.0535101083566378	-0.0320716366219981	-0.0310551686911486	0.0168517945865446	0.00172256931708089	0.020899561396934	0.00531467346500438	0.00346388196887159	0.0293483643388288	-0.0391104915236523	-0.0317274197573864	-0.0117180040105288	-0.00554767084317456	-0.0221707749533087	-0.0101869095153403
0.0524496815293648	0.0535026275071654	-0.0320931767187329	-0.0309805068797477	0.0168303662485321	0.0017158931304089	0.0208903147596496	0.00531063478417811	0.00345139432864121	0.0293852964055892	-0.0391275836232404	-0.0317168627490834	-0.0117183770052644	-0.00552658616323307	-0.0221983053175575	-0.0101748102366698
0.0524399613144948	0.0535037255366117	-0.0321108765063735	-0.0309260999397755	0.0168255410656978	0.00171866754068941	0.0208825391465472	0.00531025759849043	0.00343490153520125	0.0294034711677994	-0.039136789747988	-0.0317042535712425	-0.0117352497783601	-0.00552309649712998	-0.0222047845294815	-0.010177914335181
0.0523943749316782	0.0534930078751454	-0.0321527077961216	-0.0308051211229111	0.0167971431743673	0.00171668941130512	0.0208739001973152	0.00530988879470691	0.00341457262361915	0.0294461518238368	-0.0391533188630127	-0.0316883503050626	-0.0117446933903925	-0.00550806494898379	-0.022219883132861	-0.0101735892726289
0.0523908433560542	0.0535085423375419	-0.0321725337934534	-0.030689652011055	0.0168037145872372	0.00173700714701499	0.0208757777438495	0.00532318808265782	0.00336334242532759	0.029468056533403	-0.0391919650291759	-0.0316820918166151	-0.0117811714373435	-0.0055205595741343	-0.0222456993977069	-0.010186799153602
0.052369968223717	0.0535029781501565	-0.0321912408065785	-0.0306209189998709	0.016793300071305	0.00173148766311856	0.0208676878093407	0.00531628279060516	0.00335147504600585	0.0294847323317507	-0.0391983562311061	-0.0316700651811141	-0.0117869591421734	-0.00551266801135755	-0.0222521576548705	-0.0101855460589285
0.052367122567251	0.05350118302568	-0.032186553925163	-0.0306089678015075	0.0168085816795923	0.00174332710275973	0.0208759062663801	0.00533227965471502	0.00335839710186685	0.029464966404732	-0.0392092708673204	-0.0316900546255773	-0.0117711187402748	-0.00551334554861135	-0.0222879050791746	-0.0101845472153482
0.052340022474083	0.0534726300691223	-0.0321851555441505	-0.0306301446823948	0.016799877072111	0.00173093445744329	0.020879830394516	0.00532113870708808	0.00338263896571266	0.0294638166868766	-0.0391931203349674	-0.0316844541166072	-0.0117424065275379	-0.00549390930982343	-0.0222956038581555	-0.0101660944533163
0.0523288088832866	0.0534582872341022	-0.0321788677190385	-0.0306343621771767	0.0167914350976271	0.00170499106705082	0.020872662469466	0.00529962096209776	0.00339227955249304	0.029456179375193	-0.0391657771665784	-0.0316686891518461	-0.0117451264554413	-0.00549946790927267	-0.0222479876575455	-0.0101639864044173
0.0523841196719253	0.0534875582404504	-0.0321372361980064	-0.0307014718929198	0.0168376487262724	0.00173455264607699	0.0208933057024545	0.00532920489286838	0.00339530961085076	0.0294045594183575	-0.0391812767043742	-0.0317065404340971	-0.0117480419611087	-0.00553347469147739	-0.0222617214075293	-0.0101964956197435
0.0523790472229179	0.0534708628843263	-0.0321318703823531	-0.0307673187351011	0.0168254237190394	0.00171559976376292	0.0208889261575253	0.00531014025183204	0.00342915154894012	0.0293909262512238	-0.0391429197139048	-0.0317045050283676	-0.0117249959155912	-0.00552455494845569	-0.0222366860567553	-0.010177227019039
0.0524183904841114	0.0534821994097172	-0.0320906495746254	-0.0308632929348401	0.0168531217213716	0.00172096837338428	0.0208998827032605	0.00531664880042062	0.00344173977202055	0.0293617167121728	-0.0391378193252169	-0.0317230527853135	-0.0117188673466584	-0.00553628542334264	-0.0222404816623606	-0.0101842189241015
0.0524506524332645	0.0534845547247892	-0.0320469658840556	-0.0309995407871355	0.0168790357750995	0.00172698937454693	0.0209131009661378	0.00532036757190437	0.00348430587536763	0.0293117689452194	-0.0391119723267224	-0.0317464243281095	-0.0116920368714079	-0.00554582123632089	-0.0222360029315654	-0.0101920113010122
0.0524871388621198	0.053502265688302	-0.0320294337344985	-0.0310766459236021	0.0168952715234782	0.00173546906759966	0.0209175573451885	0.00532746145680087	0.0034866611904396	0.0292863410419334	-0.0390968094620776	-0.0317556025131765	-0.0117024444024199	-0.00556711406688262	-0.022211586444716	-0.010198529628489
0.0524496312379397	0.0534701671862802	-0.032049931681148	-0.0311201885187851	0.0168493372916385	0.00169159119624986	0.0208954053694493	0.00528995383262084	0.00352586475323018	0.0293247622936681	-0.0390614727510777	-0.0317269489737688	-0.0116641796128964	-0.00552761993141412	-0.0221790660535176	-0.0101673056384689
0.052482632191644	0.053498876605049	-0.0320352144544082	-0.0311117521322372	0.0168652838643234	0.00171030938524715	0.0209016959885294	0.00530375463783796	0.00349981239808349	0.0293197652817983	-0.039081221914288	-0.0317338682356618	-0.0116934953227336	-0.00555221942317122	-0.0221816937804751	-0.0101926650895375
0.0524814838707726	0.0535052161185701	-0.0320524560312874	-0.0310818538800602	0.0168526690985464	0.00170936223007586	0.020896323187956	0.00530135461927707	0.00348223554503745	0.0293441203013504	-0.0390864829561392	-0.0317235948151165	-0.0117092169809898	-0.00554921031957392	-0.0221759354123098	-0.010194014576109
0.0525039655347425	0.0535337551052874	-0.0320605739054768	-0.0310367075472125	0.016869339308958	0.00174516553374118	0.0208995376482055	0.00532660789955948	0.00344859197868013	0.0293429091161977	-0.0391240827812651	-0.0317377029568199	-0.0117321093582641	-0.00555652353096289	-0.0222120376705572	-0.0102101343748134
0.0524572727405754	0.0535090340759199	-0.0321011646734076	-0.0309716639708476	0.0168285026718381	0.00171105677170238	0.0208768953310722	0.00529942817830183	0.00344745203971291	0.0294032364744826	-0.0391155444148832	-0.0317008002267242	-0.0117276390093731	-0.00552753331840436	-0.0222025158274193	-0.0101860168425461
0.0524294434217445	0.0535008742922097	-0.0321249036230032	-0.0308972787622844	0.0168114021903458	0.00171150240960746	0.0208749269805762	0.00530253367379709	0.00344195211359287	0.0294154167782267	-0.0391280851405066	-0.0316955936672501	-0.011724689976089	-0.00552065037809615	-0.0222142071867534	-0.0101826431261174
0.0524023894290494	0.0535059174045524	-0.0321606971477803	-0.0307631319739678	0.0167942053169555	0.00171835601325106	0.0208643909270335	0.00531070603036356	0.00339422275727662	0.0294645375306353	-0.0391602129791931	-0.0316783465024348	-0.0117606399630773	-0.00551314857386334	-0.0222331698479557	-0.0101853784208451
0.0523840009282828	0.0535075337150733	-0.0321811643607812	-0.0306593458395417	0.0167890490489064	0.00172714723374214	0.0208576476851282	0.00531433399788546	0.00336240085809241	0.0294873209431554	-0.0391870057358749	-0.0316691082470546	-0.0117775308969654	-0.00551061584181975	-0.0222550899243462	-0.0101895735638825
0.0523660580654213	0.0534992468058165	-0.032190971188661	-0.0306146367626949	0.0167851430815629	0.00172013437391929	0.0208544793253516	0.00530513066710599	0.00336517806234098	0.0294916180660269	-0.0391915152003187	-0.0316630676881156	-0.0117733678845606	-0.00550084254155667	-0.0222718257930071	-0.010180761388631
0.0523659211609866	0.0534950865873798	-0.0321841119970813	-0.0306135443211847	0.0168054356715602	0.00173671657433707	0.0208674181914232	0.00532213755066842	0.00337335600684356	0.029471297536349	-0.0391989834769349	-0.0316824494445264	-0.0117598255213887	-0.00550822141119497	-0.0222991200669551	-0.0101911130402819
0.0523369058027155	0.0534646407174636	-0.0321871993317842	-0.0306203867489561	0.0167876632407502	0.00170852823061087	0.0208582511822285	0.00529967125352278	0.00339188280902896	0.0294720770534369	-0.0391705325002113	-0.0316653308022417	-0.0117453890884386	-0.00549181802473283	-0.022269216226842	-0.0101697475665507
0.0523744651153046	0.0534868443816119	-0.0321517187314294	-0.030651067312189	0.0168287764807077	0.00172983782498095	0.0208798513492765	0.00531646579551289	0.00338887370543166	0.029427605463875	-0.0391864385603593	-0.0316954525718632	-0.0117546119769945	-0.0055222974222657	-0.0222781932462088	-0.0101929402953911
0.0523753717579391	0.0534696237594931	-0.0321399267892452	-0.0307281459059591	0.0168291913849642	0.00171409241799622	0.0208810038610999	0.00530425196415209	0.00342299504032672	0.0294104071935007	-0.039151959597553	-0.0316982563188084	-0.0117301912991931	-0.00552179311103143	-0.0222523197050178	-0.010184344652664
0.0524103522380116	0.0534899638469474	-0.0321141552278883	-0.0307856792961871	0.0168502243764966	0.00173056565365978	0.0208903468902823	0.00531719362419171	0.00342219037752632	0.0293772148529845	-0.0391496573678741	-0.0317194010690631	-0.0117334323021391	-0.00553710405598332	-0.022251202117795	-0.0101974204231704
0.0524276804279006	0.0534752619870319	-0.0320835948052817	-0.0309212370383724	0.0168614058366604	0.00171494737222163	0.0208945099026871	0.00530785618294551	0.00347043102999699	0.0293516276935193	-0.0391176887853669	-0.0317264139288859	-0.0116977756817968	-0.00553296339532297	-0.0222384783872638	-0.010185568410673
0.0524373615272178	0.0534662570279845	-0.0320650177116713	-0.0310133904867936	0.0168544795898473	0.00169011737809984	0.0208902882169531	0.0052884353109819	0.00350275444644742	0.0293275353069645	-0.039076067043223	-0.0317217172685823	-0.0116802714719202	-0.00553445816823342	-0.0221899276043388	-0.0101763790497338
0.0524774368080421	0.0534925412824799	-0.032037414704253	-0.0310804471171435	0.0168820155420322	0.00171669220527317	0.020912571509191	0.00531007040263061	0.00350217190410756	0.0292981413660218	-0.0390907311845697	-0.0317494124769464	-0.01168311154045	-0.0055557384259389	-0.0221990261613162	-0.0101957594091605
0.0525113765350135	0.053518367326214	-0.0320235244920581	-0.0311251184754215	0.0169033935886197	0.001740394833284	0.0209220807794727	0.00532771570789405	0.00348738482816634	0.0292946419210305	-0.0391040430453769	-0.0317638195732319	-0.0117013407850374	-0.00556670335357826	-0.0222124050773567	-0.010208400717634
0.052461231793312	0.0534823935904972	-0.0320539773468944	-0.0311247706263984	0.0168485326288381	0.00168774669620355	0.0208944889479266	0.00528445530348483	0.00351734873859271	0.0293419731368987	-0.0390610033644442	-0.0317224786248778	-0.0116766965897914	-0.00553407958556171	-0.0221691418789794	-0.0101760228188065
0.0524778824459472	0.0535045651240128	-0.0320643723050502	-0.0310766487175702	0.0168510569789776	0.00170585021222832	0.0208935040741866	0.00529942957528586	0.00348567491971551	0.0293502642371075	-0.0390879833169858	-0.0317227482427953	-0.0117039671150109	-0.00554827434027486	-0.0221703279184196	-0.0101939056113548
0.0524684011153461	0.0535094559650965	-0.0320789721851316	-0.0310142244862586	0.0168504716426696	0.00172576142558591	0.0208972996797919	0.00531585391650842	0.00346479419944217	0.0293615923805943	-0.039120196371698	-0.0317268651547271	-0.01170696643972	-0.00554023190322303	-0.0222150355982823	-0.0101911381859944
0.0524477942039423	0.0535051881788895	-0.0320987520819905	-0.0309587013560476	0.0168342009696902	0.00171400580498645	0.0208831524225357	0.00530528293836509	0.00344566250317245	0.0294001058332748	-0.0391247323788384	-0.0317042214406099	-0.0117263216534342	-0.00552961342762273	-0.022205646468627	-0.0101874040476863
0.0524114083579371	0.0534945962459858	-0.0321365907913853	-0.030849689104371	0.0168096615482463	0.00171197459020907	0.0208789530885462	0.00530769972073432	0.00342914735798804	0.0294196664036413	-0.0391317927361182	-0.031691612262769	-0.0117346113566591	-0.00552406740102976	-0.0222094434712164	-0.0101853001897395
0.0523880479910133	0.0534996672980091	-0.0321746809579052	-0.0307161402252186	0.0167921126348809	0.00171650920036544	0.0208678861810727	0.00531187670297941	0.00337959074656257	0.0294670940114074	-0.0391680500595927	-0.0316718337628941	-0.0117724780057344	-0.00551731996817231	-0.0222181187420331	-0.0101841630447403
0.0523624161280592	0.0534907321881631	-0.0321875276230309	-0.030655092023175	0.0167916935396723	0.00172243800058222	0.0208663942021303	0.00531688908167351	0.00337845639553146	0.0294830363931401	-0.0391927431492797	-0.0316743539220815	-0.0117503441907876	-0.00550032705445017	-0.0222734560733683	-0.0101782118927791
0.0523355311704315	0.0534704409951497	-0.03220142621713	-0.0306145194160365	0.0167786890153514	0.00170460549945897	0.0208568094947111	0.00530042003696203	0.00337980169115086	0.0294912436743073	-0.0391799090570103	-0.0316581447163993	-0.0117498482614575	-0.00549339382271694	-0.0222569339432638	-0.0101633661435087
0.05233673397368	0.0534699674175641	-0.0322019444982045	-0.0305988550341255	0.016789860696627	0.00170728351784152	0.0208645390073405	0.00530493089838992	0.00338017747985452	0.0294727545906907	-0.0391809861316962	-0.0316637144917207	-0.011751886461155	-0.005498158935238	-0.0222615649453181	-0.0101691370845302
0.0523322287001882	0.0534584883998023	-0.0321822204807067	-0.0306250414997389	0.0168037956123108	0.00170369466587241	0.0208698014461757	0.00530143145339864	0.00340316485204277	0.0294525583925913	-0.0391750307887829	-0.0316810943700188	-0.0117267086180101	-0.00549966907497276	-0.0222705405677009	-0.0101648581224511
0.0523744930549852	0.0534857770858141	-0.0321431524253669	-0.030664763343604	0.0168453000077963	0.00173433611355258	0.0208922174518964	0.00532438390098618	0.00339111446781331	0.0294057957492227	-0.0391877293736016	-0.0317107132253901	-0.0117487055285222	-0.00553132193908953	-0.022278545286184	-0.0101884867103084
0.0523903627935484	0.0534816643648344	-0.032128132053093	-0.0307595794435834	0.0168554924032679	0.00173283854667408	0.0208942514606418	0.00531957827592829	0.00342593848567468	0.0293754420802524	-0.0391582027191761	-0.031720033902828	-0.0117214364002867	-0.00553096431117825	-0.0222668776755783	-0.0101903419050982
0.0523974930000297	0.0534721201699519	-0.0321107423959067	-0.0308380117148771	0.0168569452666575	0.0017186228372005	0.0208949443647199	0.00531130813047983	0.0034449821719506	0.0293734527749959	-0.0391388684602223	-0.0317164352719707	-0.0117120710193599	-0.00552671747973174	-0.0222488621695473	-0.01017816020437
0.0524025947857016	0.0534531938303344	-0.0320823277407679	-0.0309571632766322	0.0168538216103699	0.00169448854112488	0.0208933182753108	0.00529235943911784	0.00349936955414647	0.0293381873101815	-0.0390935111827864	-0.0317192683555804	-0.0116732851547939	-0.00552579547027296	-0.022211193892204	-0.0101647882732497
0.0524714730832247	0.0534948477031109	-0.0320375669755121	-0.0310443448588961	0.0169001917012264	0.00173426486736713	0.0209169342903118	0.00532189866639956	0.00348907797280883	0.0292855615248455	-0.0391035345431906	-0.0317559126436308	-0.0116928080065916	-0.00556554665080269	-0.0222122318513372	-0.0102023042793339
0.0524648751276583	0.0534827735701529	-0.0320441425793341	-0.0311000719487753	0.016878126338497	0.00171121602788162	0.0209087270091447	0.00530378956243867	0.00351368305250204	0.0292984989939331	-0.0390753755361289	-0.0317459032530669	-0.0116781047496921	-0.00554880938515775	-0.0221848551553315	-0.0101844270747217
0.0524895291017925	0.0535023313465513	-0.032025434169225	-0.0311289056991226	0.0168961865480168	0.00172945505135715	0.0209192099772942	0.00532214034463648	0.00349971321221747	0.0292970014270546	-0.039094374518916	-0.0317596272241625	-0.0116870230957297	-0.00556112519635263	-0.0222004566729613	-0.0101986204324508
0.0524870229124454	0.0535045860787733	-0.0320485039634709	-0.0310989124520317	0.0168709709863032	0.00171338135312573	0.0209139098198902	0.0053157449517542	0.00348207489187418	0.0293211385170982	-0.0390842743243902	-0.0317359818724968	-0.0117187653668243	-0.0055630725920883	-0.0221607851205212	-0.0101985338194411
0.0524886308410622	0.0535105302458143	-0.0320588095146489	-0.0310811889156626	0.0168800667493125	0.00173470352035206	0.0209198092834424	0.00533083098227751	0.00347420568084188	0.0293289155271847	-0.039114897611278	-0.0317468238655417	-0.0117038134467677	-0.00555460267792376	-0.0222088204163397	-0.0101987363821252
0.0524458537931268	0.0534933459452803	-0.0320997984230278	-0.0309939682178459	0.0168409330357233	0.00170194005393267	0.0208998980700848	0.00530372250720531	0.00345594849657398	0.0293808428205064	-0.0391039187137984	-0.0317059383339808	-0.011723165866514	-0.00553825936177485	-0.022174618056371	-0.0101828177491209
0.0524197134279863	0.0534854446036154	-0.0321145617502405	-0.0309366695209348	0.0168299248015791	0.00170101245653777	0.0209032620076253	0.00530500773251149	0.00345269631775573	0.0293974836942534	-0.0391258569509813	-0.0317045637016968	-0.011713006998659	-0.00552653587180804	-0.0222010266424449	-0.0101723236050992
0.0524115801869726	0.0535021441506915	-0.0321426327473083	-0.0308153638098078	0.0168227079820881	0.00172712208802963	0.0208986379904911	0.00532885983781336	0.00340372643962221	0.029421469910022	-0.0391591359045072	-0.0317037338931839	-0.0117455706963623	-0.00553540672038874	-0.0222238002760768	-0.0101906045380955
0.0523762085513721	0.0534891913147797	-0.0321780267346533	-0.0307074607634498	0.0167997862681492	0.00171441512130679	0.0208771914916863	0.00531879037693624	0.0033831516588511	0.0294662069265493	-0.0391752403363872	-0.0316780852664215	-0.0117578082764516	-0.00551599423032931	-0.0222327297979867	-0.0101795963039513
0.0523476751525909	0.0534753877155945	-0.0322024027089659	-0.0306280128847674	0.0167883743056207	0.00170123737096636	0.020862940857612	0.00530677491730748	0.00337802053651458	0.0294853274469468	-0.039177733952878	-0.0316615575483808	-0.0117613524249318	-0.00550715551238126	-0.0222364527604226	-0.0101710705104256
0.0523467657159884	0.0534784792412495	-0.0321951537588422	-0.0306070176118037	0.0168061732791273	0.00172162914682974	0.020878750525862	0.00532166816403486	0.00337469711151088	0.029467318925836	-0.0391954519013109	-0.0316784484822689	-0.0117573891812431	-0.0055150610449983	-0.0222682076043734	-0.0101787525255981
0.0523353998539328	0.0534655487570821	-0.0321897558125562	-0.0306111638604002	0.0168134934754364	0.00172041097675693	0.0208882835448722	0.00532071821489551	0.00337944685720764	0.0294554836771469	-0.0391908809695698	-0.0316832205797101	-0.011750560723312	-0.00550995367139026	-0.0222696939953797	-0.0101735557450123
0.0523413370360538	0.0534644451396996	-0.0321748779326532	-0.0306319146611589	0.0168189836226682	0.0017161781151507	0.0208892809914685	0.00531615007712246	0.00338826741436331	0.0294352022630217	-0.0391789311681904	-0.031689107470406	-0.0117486692069375	-0.00551358303589619	-0.0222606052172905	-0.0101721559670157
0.0523701218919601	0.0534731134255962	-0.0321537373733505	-0.0307032879721568	0.0168429405017722	0.00172346059289105	0.0208967422831645	0.00532191263623984	0.00340424472069677	0.0294060513972999	-0.0391705981584606	-0.031705897821444	-0.0117411632117526	-0.00552518778222058	-0.0222591118413641	-0.0101796032888714
0.0523874081723283	0.0534726971243557	-0.032129410293479	-0.0307832094284248	0.0168589303809619	0.0017337284255002	0.0209048196448171	0.00533425918108334	0.00342687306798971	0.0293692688078307	-0.0391583857240839	-0.0317256483816383	-0.0117190489545821	-0.00552862156896253	-0.0222659654450077	-0.0101776950086886
0.0524105729614881	0.0534707609044923	-0.032095047280347	-0.0308885895216274	0.0168778259869308	0.00172870766490193	0.0209144839803259	0.00533388758333177	0.00344355585125754	0.0293550614802613	-0.0391417252925605	-0.0317317867294594	-0.0117125585667859	-0.00553301648071605	-0.0222547588391315	-0.010177373702362
0.0524295579744348	0.0534656060334272	-0.0320678815289297	-0.0309922261787625	0.0168804495229363	0.00171505913094391	0.0209161240395753	0.00532314477615294	0.00348343974526998	0.02930953935871	-0.0391025790061151	-0.0317386179813585	-0.0116899078677485	-0.00554071945064896	-0.0222187417969098	-0.0101722467709776
0.0524486924646726	0.0534680214188124	-0.0320442766898008	-0.0310828387538002	0.0168852788967227	0.00171519463839467	0.0209226074424514	0.00532388378070399	0.00351001736641137	0.029291771118852	-0.0390869760915013	-0.0317473114129676	-0.0116695440315657	-0.00554610482407866	-0.0222081680247984	-0.0101802472985086
0.0524724775147411	0.0534861291257893	-0.0320403623405531	-0.0311033101577533	0.0168822418534448	0.00171749966204162	0.0209206209311629	0.00532259017349364	0.00349511154682774	0.0292947243430882	-0.0390852298614657	-0.0317449840375762	-0.0116937481768427	-0.00555902133840577	-0.0221780797827935	-0.0101866594551992
0.0524952707061494	0.0535070224189189	-0.032030734326629	-0.0311178443795853	0.016893099213314	0.00173119569345661	0.0209229399246502	0.00533199466997321	0.00348848984253285	0.0292936011679293	-0.0390973277431521	-0.0317561878494844	-0.0117026944625609	-0.00556774410667946	-0.0221937092401039	-0.0101973715287294
0.0524682041405981	0.0534879354261381	-0.0320512294793105	-0.0311059071510622	0.0168688042640751	0.00171599790421103	0.0209106925656727	0.00531813798539495	0.00349289453317458	0.0293270407746185	-0.0390911572646984	-0.0317370757109911	-0.0116901984404264	-0.0055478496571302	-0.0221897515843513	-0.010176538305913
0.0524403371031984	0.0534808555110819	-0.0320838127347902	-0.0310402768414053	0.0168394843632858	0.00170134074778446	0.0208995446331256	0.00530848761972637	0.00347642688544713	0.0293597693164372	-0.039092559836663	-0.0317124385006652	-0.0117025310154296	-0.00553456713298764	-0.0221700764612945	-0.0101699836568515
0.0524639964247044	0.0535194234461395	-0.0320878025211754	-0.0309563795685923	0.0168603497167348	0.00173054330191532	0.0209013663002987	0.00532937532491986	0.00342194450833732	0.0293733032977049	-0.0391383920886686	-0.0317169647289174	-0.011749480854658	-0.00555710886727082	-0.0221958815502681	-0.0101982921412041
0.0524266131321029	0.053499563921191	-0.032122682418398	-0.0308917942029887	0.0168301413341035	0.0017107731839446	0.0208793833596269	0.00530994048311597	0.00343335507388175	0.0293994660145898	-0.0391296637324588	-0.031700055634237	-0.0117325717599776	-0.00553032030154113	-0.0222024194355213	-0.010179729017434
0.0523963907796312	0.0534996505342007	-0.0321604149570066	-0.0307698905826975	0.01680984315617	0.00171597834643463	0.0208726526905778	0.00531478801769471	0.00339888588996361	0.0294464018839779	-0.0391628812186874	-0.0316892401838887	-0.0117490477896092	-0.00551671088313591	-0.022230093689125	-0.0101763119945004
0.0523906072657534	0.0535134695002102	-0.0321799894972133	-0.0306728337203364	0.0168131568022855	0.00173332888806806	0.0208725912232806	0.005322706123168	0.00335977592510294	0.0294662111175014	-0.0391902341659646	-0.0316859712412621	-0.0117786582630763	-0.0055247519232037	-0.0222529315840222	-0.0101864764502914
0.0523599001598239	0.0534927089205633	-0.0321950280302796	-0.030627209618951	0.0168054272896561	0.00172387829111556	0.0208662028153184	0.00531779293033992	0.00336561392135786	0.0294783523056927	-0.0391940968268033	-0.0316772498699725	-0.0117670982202409	-0.00550814038612132	-0.0222706746781677	-0.0101703790033315
0.0523460742088943	0.053484247388303	-0.0321980133851485	-0.0306084243747204	0.0168083874988124	0.0017238657182593	0.0208661902424622	0.00531699804642773	0.00336886470319208	0.0294695554972655	-0.0391912260246248	-0.0316790282306407	-0.011760427621505	-0.00550656598512125	-0.0222727436115138	-0.0101677540703421
0.052329173496118	0.053467950172627	-0.0321955127837375	-0.030615624430403	0.0168043166873535	0.00171206120321884	0.0208660756897719	0.00531500594720315	0.00338453048208719	0.0294607237642376	-0.0391820198998773	-0.031675410042007	-0.0117452759327323	-0.0055014725813535	-0.0222639621699109	-0.0101605596025955
0.052347826026866	0.0534747562788136	-0.0321673160581071	-0.0306486044293469	0.0168232597907793	0.00172119189082883	0.0208811966448959	0.00532038154174465	0.00339104601559591	0.0294312976926622	-0.0391818969652828	-0.0316933473169324	-0.0117429178236923	-0.00551261492596447	-0.0222727575813541	-0.0101715007815064
0.0523854412188162	0.0534889021390858	-0.0321342606220258	-0.0307330744656115	0.0168565834477941	0.00173384018422248	0.0208997457988257	0.00533124169558187	0.00340369430898956	0.0293914864418192	-0.0391739201864803	-0.0317169312013008	-0.0117415124577597	-0.00553414244984299	-0.0222709498840213	-0.0101861439680927
0.0523798560766704	0.0534734375258908	-0.0321362024298254	-0.0307878110938145	0.0168400012473763	0.00171001601860118	0.0208920148892122	0.00530699284681592	0.00343168148701566	0.0293887176194748	-0.039138266360106	-0.0317086135583953	-0.0117254164077838	-0.00552269556271381	-0.0222352737059025	-0.010168438592516
0.0524094330225209	0.0534742701283717	-0.0320945331902246	-0.0309078567253478	0.0168639679053686	0.0017058641820686	0.0208973178405843	0.00530252808586098	0.0034673828108469	0.0293549273697945	-0.0391237991935073	-0.0317211920025876	-0.0116975381945119	-0.00553355292258298	-0.0222270650277513	-0.010170154088903
0.0524199076087663	0.0534627058945842	-0.032069127638683	-0.0310149299631929	0.0168657476630208	0.00169070131742374	0.0209017127523378	0.00529842933472148	0.00350680290616189	0.0293209890398072	-0.0390872848249715	-0.0317322644979971	-0.0116687128260687	-0.00553559531323258	-0.0221980608453525	-0.0101610206073249
0.0524765860447688	0.053497747841954	-0.0320326104761792	-0.031089456267143	0.0169034271162363	0.00173043713112916	0.020920281464044	0.00533177254951269	0.00349597907390941	0.029280772663596	-0.0391023107851816	-0.0317626908101369	-0.011684632856057	-0.00556669217770603	-0.0222097340438943	-0.0101888764688523
0.0524640425251773	0.0534847572874734	-0.0320415553649134	-0.0311245974003789	0.0168810041255956	0.001709712873067	0.0209103754502982	0.00531567510255278	0.00350663666506251	0.0293057353712005	-0.0390800973421451	-0.0317443665706356	-0.0116793173318288	-0.00554966433938317	-0.0221862689031683	-0.010172072147974
0.0524758288794254	0.0534953813510098	-0.0320416377869711	-0.0311166778979216	0.0168819722355273	0.00171705123016849	0.0209121035195414	0.00533215532313648	0.0034948642806547	0.0293066811293877	-0.0390876899503398	-0.0317464830014387	-0.0116962082657168	-0.00556226373833582	-0.0221855243106811	-0.0101795529974464
0.0524559456057484	0.0534892220484283	-0.0320675336799066	-0.0310824699500167	0.0168562998600364	0.00170208534027163	0.0209039549117035	0.00532063160188575	0.00348671567281671	0.0293363516731681	-0.0390861155493397	-0.0317257978589294	-0.0117075755247564	-0.00554830647090751	-0.0221690189443849	-0.0101643887358175
0.0524714060279913	0.0535166183022104	-0.0320771072114536	-0.0310139911899258	0.016867379340366	0.00173106856791002	0.0209119051478094	0.00534328928584328	0.00344774959731097	0.0293418655691285	-0.0391243663690229	-0.031734320858487	-0.0117306271582099	-0.00556523372638032	-0.0221980384936081	-0.0101875968314823
0.0524421489914833	0.0535049297368443	-0.0321053137159722	-0.0309650841760736	0.0168478676644406	0.00171517787458633	0.0208953662538965	0.00532965611870958	0.00344276655528146	0.0293847376119778	-0.0391280753616184	-0.0317137782083485	-0.0117270047786242	-0.00554393111693038	-0.0222067542769616	-0.010172709172691
0.052397555864311	0.0534828895198273	-0.032136182872049	-0.0308760362231477	0.0168121258280725	0.0017069733873872	0.0208843901503849	0.00531959643672066	0.00344470976006505	0.0294081608431829	-0.0391303342847925	-0.031702067291238	-0.0117143103847576	-0.00552424062704929	-0.0222166574967393	-0.0101565726101783
0.0524002827771345	0.0535093539852624	-0.032167162389864	-0.030735063770868	0.0168137798571622	0.00172798402717519	0.0208767682055257	0.00533090641941504	0.00337367591618608	0.0294475222651687	-0.039174344869625	-0.0316856387590633	-0.0117736766180309	-0.00553727169406673	-0.0222257099532437	-0.0101814053982682
0.0523610764203759	0.0534900183293245	-0.0321897166970034	-0.0306541295011794	0.0167991604193044	0.00171899722892013	0.0208721176456949	0.00532670289447342	0.00337014294357811	0.0294755052522427	-0.0391892548801607	-0.0316698598244619	-0.011767643044012	-0.00552044222747591	-0.0222496053650505	-0.0101730695945704
0.0523614633849518	0.0534942721456912	-0.0321886815318384	-0.0306102013384046	0.0168127349131089	0.00173067182444594	0.0208819817499199	0.0053403444435113	0.00335445900389063	0.0294614976933894	-0.0392014742994576	-0.0316785700198793	-0.0117816729546097	-0.00553301927468411	-0.0222628529645923	-0.0101809527754429
0.0523437258787424	0.0534771828400711	-0.0321973665815433	-0.0306015861379011	0.0168105095175516	0.00172203147822994	0.0208773647177058	0.00533436395488547	0.00336839391957449	0.0294556960187192	-0.0391916074012646	-0.0316786049444801	-0.0117639829458574	-0.00551973255958946	-0.022267648810762	-0.0101687389440821
0.0523469137962954	0.0534729052749759	-0.0321845450621301	-0.030615720822301	0.0168166478653726	0.00172065963991399	0.0208785186265133	0.00533243332295815	0.00338085781107638	0.0294364651365835	-0.0391823398092198	-0.0316870846375328	-0.0117603256416709	-0.00552537358109637	-0.0222594317507066	-0.0101705801690316
0.0523589851352853	0.0534630942561441	-0.0321537429612867	-0.0307107590427409	0.0168295015154185	0.00171319555424995	0.0208814928055099	0.0053199177430472	0.00342607678709349	0.0294068504721642	-0.0391564103886676	-0.0317004719354775	-0.0117353126426414	-0.00552610979167936	-0.0222533283274863	-0.0101629791789328
0.0523951460668619	0.0534829160625238	-0.032127595611226	-0.0307705094466221	0.0168543077608118	0.00172794351463836	0.0208945420333197	0.00533448688947998	0.00342336803506231	0.029370167068561	-0.0391464680533371	-0.0317155412021925	-0.0117451963046427	-0.00555079030851011	-0.0222393626781538	-0.0101874138265745
0.0524234447723263	0.0534866502008319	-0.0320890151033121	-0.0308921015394749	0.0168836122947767	0.00173212468783554	0.0209082450496548	0.00533607526032033	0.00345142087133776	0.0293421617297425	-0.039141258699895	-0.0317359245961517	-0.0117198256777019	-0.00555197355398221	-0.0222512300574756	-0.0101824056388325
0.0524349838604014	0.0534757928409627	-0.032067015398832	-0.0310095543686514	0.0168825002954901	0.00171000204876089	0.0209126762829931	0.00532041227539328	0.0034962193551623	0.0293077456312174	-0.0390963037538593	-0.0317399423222175	-0.0116904498975515	-0.00555397962304707	-0.0222105219428863	-0.0101725652833361
0.0524627545059031	0.0534832457507546	-0.0320425081080208	-0.031086412238945	0.0168923895454275	0.00171597974341866	0.0209207326898852	0.00532822281309638	0.00351006486386834	0.0292844648923832	-0.0390859227655438	-0.0317547964533921	-0.0116859697697723	-0.00556360344601911	-0.0221986433876924	-0.0101799986353515
0.0524758749798983	0.0534942428090266	-0.0320409658376534	-0.0311160953555817	0.0168842535104458	0.00171618090911876	0.0209148988845824	0.00532594293516194	0.00350689091615568	0.0292944337704103	-0.0390802677741966	-0.0317487838341336	-0.0116956033716325	-0.00556485514370861	-0.0221804937711947	-0.0101856536266987
0.052469330109725	0.0534916094941329	-0.032051601077062	-0.0311184380977974	0.0168637164482434	0.00170114237605242	0.0209045318661072	0.00531153025094035	0.0035133324095109	0.0293137498685717	-0.0390735357081635	-0.031732306407518	-0.011692291122501	-0.00555718430440835	-0.0221684643417256	-0.0101751217641082
0.0524816445239359	0.0535100035828356	-0.0320559610642148	-0.0310976747241825	0.0168709570164629	0.00171853063625462	0.0209070562162466	0.00532878440067582	0.0034917615791275	0.0293231809077478	-0.0390988839833598	-0.03173957212145	-0.0117043624614909	-0.00555989026247147	-0.0221923374017879	-0.0101832368443295
0.0524673072768518	0.0535114690190815	-0.032081988273649	-0.0310363066127964	0.0168534011181773	0.00171771619456603	0.0208998938791327	0.00532197969147321	0.00346852833775023	0.029349993222206	-0.0391060239687293	-0.0317221698914075	-0.0117210019382539	-0.00555285924185625	-0.022187429796896	-0.0101825090156506
0.0524603684571825	0.0535175165629407	-0.0320959008375884	-0.0309698423036745	0.0168495244874983	0.00172514954658145	0.0208941173501751	0.00532661907543171	0.00344303757018298	0.0293774984407423	-0.0391301065763958	-0.0317142000975251	-0.0117387590022396	-0.0055501421079209	-0.022207019703927	-0.0101878608614637
0.0524177520624104	0.0534965813602902	-0.0321284589473556	-0.0308863501562298	0.016817547523087	0.00170837176839968	0.0208827933976404	0.00531288113449587	0.00344394002186537	0.0294032336805145	-0.0391275053921348	-0.0316980314043798	-0.0117297875708088	-0.00553097828101853	-0.0222100064557798	-0.0101719827409962
0.0523936652637917	0.0535008589253853	-0.0321683037258153	-0.0307540417988946	0.016797126410559	0.00170858131600395	0.0208673343723815	0.00530772626343086	0.00340364820851662	0.0294526394176649	-0.0391585659350235	-0.031675313650109	-0.0117604010788084	-0.00552053163445373	-0.0222213080565701	-0.0101731142980593
0.0523789396551477	0.0535031206425274	-0.0321794530553464	-0.0306666646388667	0.0168024503166914	0.00172353882399664	0.0208678303017116	0.00532040389348911	0.00338056304744637	0.029469139196025	-0.0391873954944188	-0.0316728284155224	-0.0117728244577735	-0.00552385785342549	-0.0222528421770444	-0.0101901197846377
0.0523685754306406	0.0535038205315257	-0.0321861962972517	-0.0306233399731922	0.0168102804121709	0.00172899963456388	0.0208664514784755	0.00532546237265615	0.00337267986657379	0.0294630441547089	-0.0391980055881149	-0.0316753248259812	-0.0117741138740318	-0.00552429790339445	-0.0222702695527994	-0.0101877658665497
0.0523542353895885	0.0534908886503743	-0.0321971612248911	-0.030601581946949	0.0168042552200562	0.00172132041335945	0.0208653660218854	0.00531966069798597	0.00337841169204255	0.0294582483085392	-0.0391844953555757	-0.031671090567391	-0.0117725394730317	-0.00552203059831627	-0.0222606038203065	-0.0101828834073703
0.0523566968754467	0.0534857281913731	-0.0321797687737368	-0.030619304086334	0.0168220500026107	0.00172742523356381	0.0208706885310338	0.00532344093676697	0.00338903156462688	0.0294362569859632	-0.0391861912941863	-0.0316864434218637	-0.0117591926876238	-0.00552352537122672	-0.0222748837910454	-0.0101820088953684
0.0523835231597451	0.0534966847371083	-0.0321566528790179	-0.0306553756109328	0.0168420813565947	0.00173324087807427	0.0208779346871894	0.00532699905508745	0.00339352845621448	0.0294063098393452	-0.0391777604955745	-0.0316990903182733	-0.0117675256973536	-0.00554252016306164	-0.0222681293732678	-0.0101932476318774
0.0523622750326723	0.0534607291621839	-0.0321509448022777	-0.0307405497271478	0.0168268905522693	0.00170030278865132	0.0208706564004012	0.00530181702099049	0.00345091376613543	0.0294011549682802	-0.0391366472556171	-0.0316950586223672	-0.0117153259921463	-0.00552138938264721	-0.0222463727440086	-0.0101684511653723
0.052425392168062	0.0535026791955744	-0.0321052620275631	-0.0308036081892083	0.0168745402804959	0.00174665611569954	0.0209012740993528	0.00534088367934628	0.0034313741505294	0.0293532509889604	-0.0391613724759367	-0.0317330831306378	-0.0117408111717774	-0.00555950329789559	-0.0222684157549937	-0.0102039946300083
0.0524198545233732	0.0534728228529183	-0.032087240933596	-0.0309373554400927	0.0168687120631292	0.00171121183692954	0.0209013690942668	0.00531408952568048	0.00348701323041477	0.0293352410708655	-0.039107923867008	-0.0317249415077199	-0.0117005500920773	-0.00554407500628532	-0.0222282217305269	-0.0101800056202716
0.0524496493987321	0.0534738733849076	-0.0320557473256585	-0.0310703706713463	0.0168765798771775	0.00170206997344732	0.0209107791786825	0.00530327128136411	0.0035197585360418	0.0293038368699058	-0.0390798053724832	-0.03173417277818	-0.0116772148708659	-0.00554660075340876	-0.0221991421109905	-0.0101767646173256
0.0524904916237881	0.0535028691854023	-0.0320359827956239	-0.0311036021274152	0.0168972161252458	0.00172460611979438	0.0209231005778135	0.00532323697709882	0.00350420730983702	0.0292828094663095	-0.0390845160026271	-0.0317565189346992	-0.0116981528674844	-0.00557929576761076	-0.0221848984618364	-0.0102055704279924
0.0524966313685931	0.0535079807499624	-0.032035743911355	-0.0311232339439671	0.0168894977884886	0.00171956999237179	0.0209191820376136	0.0053187149397987	0.00351027999940872	0.0292938889466392	-0.0390845229875473	-0.0317515191288613	-0.0116974669483265	-0.00557375951990599	-0.0221890852229697	-0.0102004141599434
0.0524987044928914	0.0535182122609868	-0.0320446007900954	-0.031108599139285	0.0168859382731841	0.00171824565151282	0.0209147061007865	0.00532212916876425	0.00349701982701061	0.0293141116874351	-0.0390897588836859	-0.0317470320161619	-0.0117078213939454	-0.00557427919796458	-0.02219096835744	-0.0102060076839933
0.0524856021796885	0.0535147211978997	-0.0320739751732618	-0.0310555849923891	0.0168691032186572	0.00171372640818076	0.0209076834620754	0.00531655939344279	0.00347752491489349	0.0293392308572508	-0.0390962003770412	-0.0317291771632942	-0.0117202531548146	-0.00556576737427919	-0.0221812271878096	-0.010201966209199
0.0524609984969793	0.0535086694630884	-0.0320885429227105	-0.0309889488542317	0.0168596540186887	0.00171661537115161	0.0209066385180221	0.00531998479828057	0.00346534880210147	0.0293697018728795	-0.0391225698475623	-0.0317236283427332	-0.0117237791425024	-0.00555295423677019	-0.0222086918938091	-0.0101984961008723
0.0524366686231397	0.0535058866709038	-0.0321241380757556	-0.0308959097179365	0.0168309208511914	0.00170406486663995	0.0208883883186744	0.00530850717750277	0.00343710737298219	0.029396088107209	-0.039115339058231	-0.031693576422313	-0.0117530040483778	-0.00555359126148716	-0.0221785058629222	-0.0101935675412199
0.0524300427278927	0.0535247864678248	-0.032142073953697	-0.0307895251932174	0.0168395388456629	0.0017391920300355	0.0208930724061218	0.00533695116930618	0.00340115598900985	0.0294169325058976	-0.0391776207971717	-0.0317121605008436	-0.0117626474291262	-0.00554338629315929	-0.0222508458868678	-0.0102034120876684
0.0523822742560237	0.053499123871222	-0.0321823992946624	-0.0306964329715291	0.0168098976385471	0.0017175527474347	0.0208723718967881	0.00532069865711911	0.00339136313097037	0.0294665952881092	-0.0391765954108948	-0.0316822566607304	-0.0117664723713961	-0.00552043384557174	-0.0222516756953807	-0.0101836112360491
0.0523370706468309	0.0534702370354816	-0.0322116214065696	-0.0306239322944203	0.0167822625004962	0.00168701188260458	0.0208617240845232	0.00529681861213667	0.00339452869677885	0.0294908609006835	-0.0391633045048481	-0.0316517102079642	-0.0117617421834758	-0.00550470659937938	-0.0222355461177881	-0.0101679510450901
0.0523514917129566	0.0534874073661753	-0.0321912994799077	-0.0305954519810321	0.0168141402790416	0.00172298003038526	0.0208790732291726	0.00532491894586908	0.00338514515505971	0.0294536941406064	-0.0391949056805558	-0.031684048991239	-0.0117654036786143	-0.00552524366158172	-0.0222746798313773	-0.0101878175549588
0.0523747598789346	0.053502070110538	-0.0321744239128439	-0.0306133557283408	0.0168408953171546	0.00174425889110671	0.0208894444385999	0.00534282269317778	0.00337537744273274	0.0294293977943835	-0.0391996218986359	-0.0317004104681802	-0.0117786582630763	-0.00554276742923468	-0.0222859898140716	-0.0102037990522443
0.0523434381000326	0.0534692954682464	-0.0321764649065095	-0.0306459739084213	0.0168133956865544	0.00170004015565397	0.0208712207819487	0.00530568946071737	0.00341383781002018	0.0294361410362889	-0.0391564229615239	-0.0316798985516904	-0.0117503679395161	-0.00552187553308911	-0.0222518656852085	-0.0101701890135037
0.052383763440998	0.0534857267943891	-0.0321372348010224	-0.030729365473016	0.016849898879218	0.0017218135487215	0.0208892167302032	0.00532592058341748	0.00343140907513011	0.0293908591959905	-0.0391611363856359	-0.0317129539877717	-0.0117368423401525	-0.00554263750972003	-0.022268090257715	-0.0101903474930343
0.0523919860889895	0.0534831311980642	-0.0321273134204523	-0.0307873486921011	0.0168492925881496	0.00171378647849398	0.0208883869216903	0.00531858641726808	0.00345058407790471	0.0293724832680801	-0.0391369545921033	-0.031715124900952	-0.0117306537009065	-0.0055439367048665	-0.0222438414089491	-0.0101830636183099
0.0524054376481995	0.0534706547337061	-0.0320924041865652	-0.0309123438380473	0.0168643087694715	0.00169979009551288	0.0208973234285204	0.00531189905472386	0.00348497922166934	0.0293489426902166	-0.0391139364862664	-0.0317205829175512	-0.011699700725788	-0.00554217510800661	-0.0222307474776503	-0.0101714449021453
0.0524409252334744	0.053479387280868	-0.0320562907524456	-0.0310166887660848	0.0168822055318601	0.00170740505545199	0.0209114874495849	0.00531573656985003	0.00350868743761628	0.0293008347512287	-0.0390885965929743	-0.0317384712980355	-0.011691750489682	-0.00556194103502525	-0.0222108390582608	-0.0101820913174261
0.0524823933073751	0.0535008281917367	-0.0320352074694881	-0.0310745741962879	0.0169002489775716	0.00172073228308347	0.0209176174155018	0.00532528635266856	0.0035017863365157	0.0292754934609525	-0.0390813490398346	-0.0317527708265508	-0.0117080616751983	-0.00558379545316642	-0.0221872747316688	-0.0102013529332105
0.0524976930764548	0.0535075225392011	-0.0320310612208916	-0.0311139244424015	0.0168995672493657	0.00172143636303381	0.0209145887541281	0.00532943260126502	0.00350772072466859	0.0292789244537263	-0.0390846012186529	-0.0317540337001125	-0.0117051671242913	-0.00558114677144847	-0.0221863918377628	-0.0102005594462823
0.0524969820115843	0.0535078843580645	-0.0320348344747525	-0.0311222127486423	0.0168846404750217	0.00171475738239376	0.0209086697327995	0.00532065255664617	0.00351313403777886	0.0292940384239302	-0.0390773327107528	-0.0317471675236127	-0.0117024360205157	-0.00557602403101612	-0.0221823643328088	-0.0101983871361181
0.052483814040132	0.053503098290783	-0.0320575242893427	-0.031092398315507	0.0168662421953669	0.00170266229467538	0.0209040848312181	0.0053102562015064	0.00350365410416175	0.0293212153512198	-0.0390780954640324	-0.031728774831894	-0.0117061492040633	-0.00556527563590117	-0.0221735828912059	-0.010193226677117
0.0524805031879846	0.0535138690376424	-0.0320809517114999	-0.0310227754254968	0.0168554211570825	0.00171446122177973	0.0208961695197129	0.00531854590473126	0.00347110717026676	0.0293424243627398	-0.0390988406768549	-0.0317200604455245	-0.0117303812890209	-0.00556337853159053	-0.0221787489381431	-0.0101973645438092
0.0524788421739748	0.0535231827301601	-0.0320841102923882	-0.030982482215164	0.016865561864145	0.0017324026876572	0.0208988670958718	0.00533007241995006	0.0034516094641816	0.0293662666891535	-0.0391355715779151	-0.0317266835468034	-0.0117344339396875	-0.0055540201355839	-0.0222269686358534	-0.0102025347816986
0.0524294979041216	0.0534992747454971	-0.0321300347453397	-0.0308835226605562	0.0168243089257847	0.00170525370004817	0.0208770154716987	0.00530770670565446	0.00344786275301728	0.0294004508883298	-0.0391186876289472	-0.0316970367517515	-0.0117394547002858	-0.0055368232621936	-0.0222044073437938	-0.0101814040012841
0.0524044178498587	0.0535048389328824	-0.032169665785243	-0.0307372765935691	0.0168034309994794	0.00170815802984333	0.0208609878739402	0.00530591716911401	0.00339678761995287	0.0294492880529807	-0.0391524625118032	-0.0316748652182359	-0.0117768282139991	-0.00552891214164045	-0.0222120977408704	-0.0101817183226905
0.0523835105868889	0.0535040705916668	-0.0321848286498879	-0.0306592103320909	0.0168040037629311	0.00171333525265279	0.0208581408204902	0.00531243549659079	0.00338502222046521	0.0294691727236417	-0.0391752249695629	-0.0316697997541487	-0.0117775742034703	-0.0055254783548985	-0.0222475559894807	-0.0101900192017876
0.0523427521808746	0.0534779078747818	-0.0321935123026088	-0.0306225199435675	0.0167904474299189	0.00169968951266283	0.0208551792143499	0.00530095787581299	0.00339862325696626	0.0294766270304176	-0.0391713916453888	-0.0316616525432947	-0.0117548536552314	-0.00550881512940707	-0.022260285307948	-0.0101691538483386
0.0523678950994188	0.0534980887060569	-0.0321786288347696	-0.0305977570046791	0.0168184290200089	0.00173216380338833	0.0208730578159461	0.00532929709381426	0.00337300536385242	0.0294420237360327	-0.0391936120733454	-0.0316809448927277	-0.0117835113855912	-0.00553610940335506	-0.0222719333607773	-0.010191463683273
0.052354847268593	0.0534816434100739	-0.0321796961305673	-0.0306156775157961	0.0168146348113876	0.00171909362081809	0.0208747174329719	0.00532512290553723	0.00339104880956397	0.0294320827976862	-0.0391738922467997	-0.0316807828425804	-0.0117698935852818	-0.00552980062348254	-0.0222626517988922	-0.0101807963132317
0.052365552357203	0.0534827148968238	-0.0321552223673728	-0.0306638469220813	0.0168296984901665	0.00171571711042131	0.0208825614982917	0.0053242721422639	0.00340834766278835	0.0294078074062237	-0.0391673892861473	-0.031695782260094	-0.0117533993948578	-0.0055336912240018	-0.0222647542598551	-0.0101825858497722
0.0523875730164436	0.0534846189860545	-0.032126809109218	-0.0307458736332802	0.016849014588328	0.00172289621134355	0.0208852926020673	0.00533205474028644	0.00343269290345227	0.0293700147973019	-0.039150241307198	-0.0317130336158614	-0.0117378160380204	-0.00554698632100062	-0.022258469228711	-0.0101849285919879
0.0523932140379505	0.053478748859167	-0.0321196705208326	-0.0308018116677477	0.0168428762405069	0.00170953825006345	0.0208806294693803	0.00531525461036022	0.00344845926519743	0.0293655304785705	-0.0391258248203486	-0.0317107900595117	-0.0117322644234913	-0.0055406523954156	-0.0222339633348839	-0.010169273988965
0.0524192594081771	0.0534733229732004	-0.0320794317928769	-0.0309258359097941	0.0168608302792406	0.00170042432626179	0.0208907827492991	0.00531313678257308	0.00348990498735368	0.0293274263422103	-0.0391002264850112	-0.0317233014484705	-0.0117034697886967	-0.00555338730181901	-0.0222080073716351	-0.0101814277500126
0.0524664285738979	0.0534917030920628	-0.0320388787435149	-0.0310299433505468	0.0168906544912642	0.00172099491608082	0.0209070618041827	0.00532957229966787	0.00350303244626909	0.0292782594893288	-0.039092754017443	-0.0317505635917859	-0.0117028146031874	-0.00557537443344289	-0.0222065475233254	-0.0101908308495081
0.0524760230602053	0.05348920528462	-0.0320295971816298	-0.0310946237110643	0.0168891625123218	0.00171740187315963	0.020911493037521	0.00532559927709094	0.00351955597335767	0.0292735712109293	-0.0390771022083881	-0.0317561235882191	-0.0116933765790911	-0.00557232900826085	-0.0221901581067035	-0.0101887018458488
0.0524954774597856	0.053503787003909	-0.0320275994944691	-0.0311107756404013	0.0168910931442491	0.00171647148179668	0.0209114567159363	0.00532500416189481	0.00350177236667542	0.0292818497382819	-0.0390775185096286	-0.0317478674126109	-0.0117126801043964	-0.00558206598693919	-0.0221701449135119	-0.0101982600105715
0.0524717315252699	0.0534867689444743	-0.0320494008272172	-0.0311022456559236	0.0168614687009416	0.00169169736703603	0.0209056815839626	0.00530865665479381	0.00351472799655533	0.0293065847374898	-0.0390645405280042	-0.0317290779774282	-0.0116961928988925	-0.00556504233956842	-0.0221599161964555	-0.0101809010870339
0.052496624383673	0.0535159309860684	-0.0320519782627497	-0.0310710719573286	0.0168792760563524	0.00172204405108619	0.0209215890410947	0.00533361656843025	0.00348117104320777	0.0293085670578262	-0.0391029478098986	-0.0317456923084786	-0.0117181045933789	-0.00558000264152916	-0.0221877958067114	-0.0102012258076639
0.0524670544227427	0.0535075728306261	-0.0320857950551266	-0.0310071892746913	0.016852500063479	0.00171033313397564	0.0208995963215347	0.00532058689839683	0.00347098004472018	0.0293493156849522	-0.039105718029227	-0.0317210369373604	-0.011720271315607	-0.00555811888672339	-0.022197249197632	-0.0101825607040597
0.0524459893005776	0.0535017292464351	-0.0321050943894797	-0.0309390932882241	0.0168384310373284	0.00170491423292925	0.0208890365192636	0.00531147995951533	0.00345230655921179	0.0293826994122802	-0.0391155625756756	-0.0317028970997509	-0.0117372460685368	-0.00555182547367519	-0.0221907769706281	-0.0101840904015708
0.052409535002355	0.0534931028700594	-0.0321442308970369	-0.0308168054973251	0.0168125938177221	0.00170308278686795	0.020880566605099	0.00531054258323223	0.0034326160693307	0.0294082265014322	-0.0391293522050205	-0.031690825760761	-0.011747861750169	-0.00554131875679717	-0.0221992021813038	-0.0101806691876852
0.0524119280359957	0.0535185405522335	-0.0321628261514397	-0.0306902932267241	0.0168220723543551	0.00173399664643367	0.0208799868567272	0.00533461680899463	0.0033758663871427	0.0294321442649834	-0.0391803798406279	-0.0316927019103112	-0.0117925414903511	-0.00555381198496366	-0.0222350753341705	-0.0102015219682779
0.0523621688618861	0.0534864839597325	-0.0321917311479725	-0.0306317134954588	0.0167988670526584	0.00170672332724611	0.0208645152586121	0.00531670887073384	0.00338650162655134	0.0294702050948387	-0.0391734326390544	-0.0316671580573509	-0.011774910154928	-0.0055254294604575	-0.0222451601618719	-0.0101826389351653
0.052354502213538	0.0534825724044528	-0.032190971188661	-0.0305970459398086	0.0168043879335389	0.00170978551623648	0.0208676445028358	0.00531816173412343	0.00338444526606145	0.0294561011440874	-0.0391799593484353	-0.0316699520254078	-0.011776385370062	-0.00552896103608144	-0.0222552855021102	-0.010179040304308
0.0523728432168476	0.0534923079861472	-0.0321822414354672	-0.0305974356983525	0.0168249417595496	0.00172790300210154	0.0208756366484626	0.0053293725309518	0.0033785122748926	0.0294329126061991	-0.0391913685169957	-0.0316860550603038	-0.0117808878495858	-0.00553634689063989	-0.0222774235080091	-0.0101826710657979
0.0523696650781828	0.0534825584346126	-0.0321667111640228	-0.0306388576717803	0.0168345488187133	0.0017264235960154	0.0208802145651239	0.00532854132545487	0.00340260326446333	0.0294176868772729	-0.0391792357107086	-0.0316976598066282	-0.0117571321361818	-0.0055324395263123	-0.0222898776206228	-0.0101803283235822
0.0523596375268266	0.0534591868918165	-0.0321586114506258	-0.0306939910434474	0.0168241189359568	0.0016985593525838	0.0208756408394147	0.00530635442511492	0.00343450758570523	0.0294113697154963	-0.0391445821248987	-0.0316894483345089	-0.0117364260389121	-0.00552568091758263	-0.0222530112121119	-0.0101676241508274
0.0524037249457806	0.0534815260634155	-0.0321229059358425	-0.0307628246374815	0.0168618137559967	0.0017259276666853	0.0208959012987794	0.00533332040781622	0.00343880889952885	0.02935637185128	-0.0391487521222236	-0.0317234355589373	-0.01173534337629	-0.00555408020589712	-0.0222608915990164	-0.0101891614535941
0.0524197651163954	0.0534766226494757	-0.0320994449860686	-0.0308549222065416	0.0168671921445062	0.0017135811218418	0.0208976587046872	0.00532405840370755	0.00345916295682346	0.0293496132425503	-0.0391246429718605	-0.0317223263536187	-0.0117259416737785	-0.00555084758485527	-0.0222460360708578	-0.0101834924924067
0.0524326914096107	0.0534614527999106	-0.032065396294343	-0.0309840412493397	0.0168772350626868	0.00170344041477923	0.0209070534222786	0.00531704694086873	0.00351337292204772	0.0293025251019031	-0.0390894096376788	-0.0317374738514392	-0.0116841816302158	-0.00555151115226879	-0.022229846422952	-0.0101729578358481
0.0524685757383496	0.0534762817853727	-0.0320407548930651	-0.0310596921254327	0.0168923993243157	0.00171223442923837	0.0209176355762941	0.00532420927798262	0.00351771893936025	0.029273946999633	-0.0390807944371753	-0.0317471870813891	-0.0116939172119102	-0.00557291434456877	-0.0222011593559276	-0.0101865826210776
0.05248793654	0.0534889594154309	-0.0320396331148902	-0.0310882981673835	0.0168898554163999	0.0017147643673139	0.0209150469648894	0.0053290190939926	0.00351372216805484	0.0292705760771723	-0.0390720954176301	-0.0317510273904833	-0.0117049994862079	-0.00557988389788674	-0.0221793175106427	-0.0101946250581294
0.0524902289907907	0.0534886143603759	-0.0320436438560359	-0.0311160241093962	0.0168794297245955	0.00170263994293093	0.0209056047498411	0.00531584413762022	0.00352128963053699	0.0292897887985157	-0.0390656008388818	-0.0317385201924765	-0.0116986837214152	-0.00556789079000244	-0.0221745887197064	-0.0101884881072924
0.0524796496307432	0.0534861039800768	-0.0320540220503833	-0.0310935675911388	0.0168635753528566	0.00169905667889794	0.0208972158607502	0.0053121267631205	0.00351533708159173	0.029311060674317	-0.0390690276407036	-0.031729117092981	-0.0117021105232371	-0.00556197456264193	-0.0221709747220248	-0.0101833318392434
0.0525071450703913	0.0535187850244385	-0.0320573720180836	-0.0310581372822091	0.0168851922837129	0.00174038784836385	0.0209121943235033	0.00534655124354973	0.00347761013091923	0.0293089847560507	-0.0391122307687677	-0.0317465039561992	-0.0117302262237938	-0.00557612042291408	-0.0222058182976625	-0.0102104417112996
0.052451362101151	0.0534923051921791	-0.0320999004028619	-0.0309836542847639	0.0168373665354987	0.00170297801306581	0.0208864968022998	0.00531627161473293	0.00347439846463781	0.0293721354190571	-0.039100757338942	-0.0317046321539142	-0.0117299957214291	-0.0055426752282888	-0.0221900309811569	-0.0101816680312655
0.0524494775696966	0.0535004118904962	-0.0321132066757329	-0.0309145720275726	0.0168381642133789	0.00171432571432897	0.0208823770963999	0.00532247841477137	0.00345230795619582	0.0293782528121177	-0.0391240548415846	-0.0317056226155904	-0.0117404186192654	-0.00554746548652238	-0.0222021749633163	-0.0101902804378009
0.0524102055546886	0.0534941757537932	-0.0321533280570302	-0.0307915703778351	0.0168131079078445	0.00171168820848324	0.0208718717765059	0.00532319367059393	0.00342508353144926	0.0294236715568509	-0.0391452666470726	-0.0316890376212046	-0.011757875331685	-0.0055317522101703	-0.0222193858065469	-0.0101847819086649
0.0524047140104728	0.0535072361574753	-0.0321754492991208	-0.030680519926461	0.0168155288811658	0.00172541916449894	0.0208702247323364	0.0053331918852856	0.00338014115826978	0.0294483548676497	-0.0391784072991797	-0.0316814086914252	-0.0117915077221701	-0.00553813782416437	-0.0222415964556153	-0.0101977836390178
0.0523698913895954	0.0534867186530493	-0.0321956091756355	-0.0306291542207187	0.0168000181674979	0.00171046724444237	0.0208611066175826	0.0053191563867517	0.00339198897981512	0.0294691433869771	-0.0391783611987068	-0.0316681527099791	-0.0117729096737992	-0.005517304601348	-0.0222637903408754	-0.0101832089046489
