0.0524427538855676	0.0534816629678503	-0.0320567196265423	-0.0309271295170044	0.0168517359132154	0.00168212104152096	0.0209157971453127	0.00530093552406853	0.00346646080138812	0.0293318324298361	-0.0391269116739227	-0.0317435269832345	-0.0117251928903392	-0.00555711724917499	-0.0221909278449032	-0.0101457739236383
0.0524816137902872	0.0534971876513586	-0.0320157810095884	-0.0310352993873119	0.0168781905997623	0.00169453883254991	0.0209349428114227	0.00531726487037716	0.00348393008666397	0.0292841687317692	-0.0391154103044165	-0.0317712976287362	-0.0117169772272679	-0.00557536605153872	-0.0221843215074326	-0.0101573842578988
0.0525020782093201	0.0535047998173296	-0.0320142261663647	-0.031082828974912	0.0168728164022048	0.0016883823239365	0.0209330554860002	0.00531352235016493	0.00348430028743151	0.0292776769469889	-0.0390944988504945	-0.0317679546459561	-0.0117330802621639	-0.00558293072005281	-0.022142220599767	-0.0101588916036655
0.0525212336543183	0.0535183449744695	-0.0320035196807706	-0.0311157977979836	0.0168778231929628	0.00169392555656141	0.0209295239103763	0.005315489303677	0.00348202040949707	0.0292861035546486	-0.0391016961122091	-0.0317721791256582	-0.0117361200994098	-0.00558094141479629	-0.0221489037713592	-0.0101653065543242
0.0525382237740724	0.0535315800011551	-0.0319971242878883	-0.0311269708762432	0.0168896500597477	0.0017153189699732	0.0209296608148111	0.00533069128387466	0.00347596588071774	0.0292837594154488	-0.0391157972689923	-0.0317821675614616	-0.0117428451805228	-0.00558482782436345	-0.0221705151142794	-0.0101746020860496
0.05249726140839	0.0535063085600804	-0.0320428475751397	-0.031081208473439	0.0168396352375609	0.001677754069448	0.0209042552632696	0.00530492810442186	0.00347329205328727	0.029333791001444	-0.0390909337472539	-0.0317365616208686	-0.0117496317289331	-0.00556271356719298	-0.0221231880893634	-0.0101501408957113
0.0525122594289195	0.053536729284284	-0.0320469826478639	-0.0310063748330027	0.0168538956505234	0.00170859947679632	0.0209117207459176	0.0053312137559013	0.00343245541616742	0.0293371214113678	-0.0391356819396534	-0.0317499503157974	-0.0117729669501444	-0.00557353181150935	-0.0221690091654967	-0.0101694975064096
0.0525073909395803	0.053541047361916	-0.0320609035937075	-0.030956660362382	0.01684960830654	0.0017127610922171	0.0209044382681773	0.00532849103402984	0.0034143099906218	0.0293691556521244	-0.0391519721704092	-0.0317419218485858	-0.0117859491227209	-0.00557037602458907	-0.022185075878808	-0.0101743436440043
0.0524363543017333	0.0535057064599641	-0.0321153105336798	-0.0308465137596743	0.0167902616310431	0.00167652612048699	0.0208756911308397	0.00529766518445792	0.00342517014445902	0.029418818434336	-0.0391357252461583	-0.0317053124851361	-0.0117706856752259	-0.00553452662045081	-0.0221722711232032	-0.0101458479637918
0.0524368041305905	0.0535316149257559	-0.0321360725103107	-0.0307182790077661	0.0168001885995494	0.00170681552819198	0.0208872050732023	0.00532033264730366	0.00335782713238324	0.0294458891908394	-0.0391957368860527	-0.0317051308772124	-0.011821153120238	-0.0055450067946323	-0.0222038513441505	-0.0101614466874536
0.0524083475659308	0.0535195645415264	-0.0321522803190089	-0.0306539758329363	0.016796095436346	0.00170685743771284	0.0208932372502371	0.00532480020222666	0.00334881658539969	0.0294660476703701	-0.0392104918313613	-0.0317002609908892	-0.0118146962600584	-0.00553323021927241	-0.0222374264582904	-0.0101614047779327
0.0523877043329423	0.0535046433551184	-0.0321627535082702	-0.0306190302774644	0.0167916125145987	0.00169253974840518	0.0208901624883905	0.00531620455949957	0.00335148622187808	0.0294633305364347	-0.0392051623372927	-0.0316909975897965	-0.0118126971759137	-0.0055268725449589	-0.0222277607257975	-0.0101524095977735
0.0523752963208015	0.0534904024999324	-0.0321576154010135	-0.0306244645453351	0.0167992540172343	0.00169289458234842	0.0208922384066568	0.00531488301260865	0.00337108590779732	0.0294500061027713	-0.0392048075033495	-0.0317009022065583	-0.0117867719463136	-0.00552059449873501	-0.0222450414182295	-0.0101458633306162
0.052391128340796	0.0534998419210126	-0.0321409116629853	-0.0306287490953504	0.0168116885720716	0.00170063527085009	0.0208906584177206	0.00531940504990876	0.00336369446530276	0.0294267449217135	-0.0392004419282606	-0.0317040691693508	-0.0118058533511583	-0.00553956414485743	-0.0222265942441337	-0.0101576133632795
0.0524189576596269	0.0535086722570565	-0.0321179773761901	-0.0306869963444169	0.0168314712628986	0.00170720808070398	0.0208945937217288	0.00532253569111653	0.00337753159210462	0.0294013994404852	-0.0391917009991945	-0.0317190881446407	-0.0117987664511819	-0.00555047039916759	-0.0222325831146637	-0.0101647868762656
0.0523875786043797	0.0534661173295817	-0.0321092126983956	-0.0307728466009017	0.0168159842979591	0.00167683485395728	0.0208925625069514	0.00530070083075175	0.00343779468912419	0.0293896005133808	-0.0391483134692387	-0.0317183700948501	-0.0117408502873302	-0.00552485250605374	-0.0222185210734333	-0.0101342068958827
0.0524432526088658	0.0535022112059249	-0.0320811654500563	-0.0308180683708868	0.0168496641859012	0.00169641079114804	0.0209087186272405	0.00531712517197432	0.00340674392512368	0.0293559569470235	-0.0391537044306045	-0.0317274937975399	-0.0117888436736278	-0.00556672151437063	-0.0221800802639222	-0.0101640059621937
0.0524817381218658	0.053506096218508	-0.0320326663555403	-0.0309671810491003	0.01688122065812	0.00170925885325776	0.0209248523957851	0.00532586051310426	0.00345915457491929	0.0292948654384751	-0.0391367883510039	-0.0317688487157343	-0.0117359636371986	-0.00557255951062555	-0.0222080241354435	-0.0101610150193888
0.0524868804200745	0.0534943182461641	-0.0320154094118368	-0.0310667790254091	0.0168731530753557	0.00168871899708736	0.0209226409700681	0.00530719820346811	0.00349250477463064	0.0292855461580212	-0.039096732627956	-0.0317658521849933	-0.0117160468359049	-0.00556352800888157	-0.0221749868601545	-0.0101516258897335
0.0525065946586841	0.0535125349178952	-0.0320179351589602	-0.0310799218511488	0.0168616419269612	0.00168261697085106	0.0209151978391645	0.00529736343590777	0.00347799849247914	0.0292875801667667	-0.0390869202121401	-0.0317542739813654	-0.011741281955395	-0.0055754191369318	-0.0221309539235775	-0.0101548221891907
0.0525158510748566	0.0535147952380532	-0.0320069353067202	-0.0311215380053566	0.0168663609390093	0.00168389381425307	0.0209148877087102	0.00530136719213333	0.00349543564712234	0.0292966130654947	-0.0390935335345308	-0.031758227446166	-0.0117233977658627	-0.00557201887780653	-0.0221481619728401	-0.01016539177035
0.0525357469213899	0.0535345569741198	-0.0320133027599219	-0.0310948472285089	0.0168668554713554	0.00169744176536104	0.0209157175172231	0.00531518336417476	0.00346466008897544	0.0293042154525775	-0.0391052430546574	-0.0317575540998643	-0.011758710728134	-0.00558699175262353	-0.022142660649736	-0.010175067281731
0.0525135446542257	0.0535240893727946	-0.0320395506928326	-0.0310701331840614	0.0168500399746048	0.00169502079203972	0.0209063898548651	0.00531171185886405	0.00346409431044391	0.0293348974127945	-0.0391107932722024	-0.0317470110614015	-0.0117473183233819	-0.00556297061225422	-0.0221624042250102	-0.0101596068594881
0.0524746079153845	0.0535077725993422	-0.0320669092280459	-0.0309881916888883	0.0168180769800337	0.00167255728886214	0.0208913694825911	0.00529644561740108	0.00345043739458172	0.0293790868115827	-0.0391157553594715	-0.031719741933166	-0.0117511181199393	-0.00554403868470058	-0.0221543128935174	-0.0101502861820503
0.0524661743228047	0.0535102243063121	-0.0320849540707414	-0.0309217692892872	0.0168142031433228	0.00167717711504425	0.0208864451138908	0.00529985844938259	0.0034332642699199	0.0293942119576588	-0.0391340684231005	-0.0317119928627602	-0.011765385517822	-0.00554637025104407	-0.0221619194715523	-0.0101550987920283
0.0524520214776124	0.0535236311620332	-0.032116742442309	-0.0308024598683369	0.0168074934290342	0.00170046344181459	0.0208828869955703	0.00531460640977101	0.0033929598837149	0.0294201134385304	-0.0391680472656247	-0.0317135169723352	-0.0117910271596643	-0.00554293227335004	-0.0221978205640996	-0.0101616296923613
0.0523981817131557	0.0534986474996683	-0.0321532596048128	-0.030698093985539	0.0167807663306017	0.00168012894229638	0.0208661958303983	0.0052972223405209	0.00338000145986693	0.0294732044195478	-0.0391790163842161	-0.0316803413956274	-0.0117925414903511	-0.00551749040022378	-0.0222077167989572	-0.0101458884763287
0.0524164165456792	0.0535273205968524	-0.0321556554324216	-0.0306143908935059	0.0167996940672033	0.00170696919643511	0.020877278104696	0.00531972635623531	0.00333207512880267	0.0294630301848686	-0.0392100224447277	-0.0316873193308496	-0.0118370033010248	-0.0055420368065878	-0.0222250659436066	-0.0101710160280485
0.052395006368459	0.0535075420969775	-0.0321612852780563	-0.0306011111633314	0.0167952265122803	0.00169901476937709	0.0208779514509978	0.00531096726637688	0.00335445201897049	0.0294582273537788	-0.0392049458047683	-0.0316929938799732	-0.011810111358477	-0.00552527020427826	-0.0222456267545374	-0.0101570433937959
0.0524065510444702	0.0535127612293078	-0.0321488465322669	-0.0306034022171381	0.0168181482262192	0.00171677323034683	0.0208874621182635	0.00532324954995507	0.00335039517735185	0.0294338751281947	-0.0392136518092336	-0.031707958372886	-0.011809027298871	-0.00553569729306666	-0.0222660003696084	-0.0101646318110385
0.0523767645510154	0.0534779232416061	-0.0321476535079066	-0.0306462197776103	0.0167992693840586	0.00167735313503184	0.0208768981250403	0.00529259133846656	0.00339079316148676	0.0294422654142696	-0.0391740361361547	-0.0316914991070627	-0.0117773911985625	-0.00551829925397625	-0.0222373370513126	-0.0101414223183897
0.0524088798168456	0.0534903913240601	-0.0321182875066444	-0.0307065066233583	0.0168235168358406	0.00168394270869406	0.020884739396392	0.00529806332490603	0.00339581811303712	0.0294075936676673	-0.0391679606526149	-0.0317055848970216	-0.0117800775988492	-0.00554052107891692	-0.0222170905617882	-0.0101569162682493
0.0524222685117744	0.0534885137775259	-0.0320971204046453	-0.0307725336764793	0.016829820027777	0.00168599906918395	0.0208883156755049	0.00530049966505166	0.00342357897965061	0.0293763012254299	-0.0391485593384277	-0.0317212981733737	-0.0117574576334605	-0.00554563962839719	-0.0222153918292095	-0.010157296247905
0.0524446901054311	0.053485476734248	-0.0320671215696182	-0.030870163302292	0.0168454690428637	0.00167478128743544	0.0208949569375762	0.00529294756939382	0.00344423478549537	0.0293588473069784	-0.0391316139221625	-0.0317229717602398	-0.011749430563233	-0.00555156004670979	-0.0221937525466088	-0.010154790058558
0.0525018518979075	0.0535102508490087	-0.0320200404138911	-0.0309831429886094	0.0168807261257739	0.00170053887895213	0.0209124667353888	0.00531398894283043	0.00346308568797537	0.0292900123159602	-0.0391196920604637	-0.0317579438584082	-0.0117467176202497	-0.00558083245004207	-0.0221896984989582	-0.0101748535431747
0.0524979235788195	0.053493135000692	-0.0320120552531845	-0.0310648330266575	0.0168633867600127	0.00167779039103274	0.0209092313203789	0.00529564374856874	0.00349525543618267	0.0292881627091065	-0.0390851083238552	-0.0317533338111143	-0.0117253884681032	-0.00556730405671049	-0.0221558970734056	-0.010156608931763
0.0525483756570072	0.0535345122706309	-0.0319910851259333	-0.0310982446936661	0.0168939681373797	0.00171800537025992	0.0209225795027708	0.00532933201841497	0.00346839283029948	0.0292713583882282	-0.0391135802553392	-0.0317781177047631	-0.0117528322193423	-0.00559553011900546	-0.0221713826413611	-0.0101857514155807
0.0525178920685222	0.0535072026298586	-0.0320096105311347	-0.0311155631046668	0.0168572037087028	0.00167824580782602	0.0209010813155569	0.00529806611887408	0.00349296158840794	0.029305516044708	-0.0390813895523715	-0.031749391522186	-0.0117304539321904	-0.00556470287244951	-0.0221487808367647	-0.010158276930693
0.0525139274278495	0.0535132068672129	-0.0320262933144025	-0.0310781546663528	0.0168442983702479	0.00167488466425355	0.0208966696399951	0.00529414618169024	0.00347507181093952	0.0293271888549255	-0.0390899810041465	-0.0317364135405616	-0.0117449462445016	-0.00556674526309911	-0.0221356687446736	-0.0101611910393764
0.0525173751844317	0.0535282104756785	-0.0320394976074395	-0.0310220238480894	0.0168509200745428	0.00169610205767775	0.0208996033064548	0.00531355308381356	0.00344651186946176	0.0293352410708655	-0.0391210443410032	-0.0317426217375841	-0.0117586199241722	-0.00556899720135298	-0.0221652121629074	-0.0101695003003776
0.0524894019762459	0.0535190127328351	-0.0320659732487468	-0.0309611712238099	0.0168300100176048	0.0016825010211767	0.0208845494065642	0.00529992969556805	0.0034327096672606	0.0293845825467506	-0.039125056479133	-0.0317193870992228	-0.011770052841461	-0.00555217751365036	-0.0221656480219243	-0.0101632306360579
0.0524969442930155	0.0535403460759337	-0.0320791062955983	-0.0308902840632539	0.0168403686541758	0.00171308798647975	0.02088876131341	0.00532238062588937	0.00340545031791333	0.0293788255755693	-0.0391594683867059	-0.0317327660152633	-0.011787969161626	-0.00556401415932348	-0.0221992105632079	-0.010173346197408
0.0524071489536344	0.0534929519957843	-0.0321450076201567	-0.0307595347400945	0.0167674935853474	0.00166234114466204	0.0208538618584111	0.0052775122928634	0.00340007751733988	0.0294704593459319	-0.0391477644545155	-0.0316726482045827	-0.011782568421372	-0.00551214414234688	-0.0221784318227687	-0.0101337472881374
0.052439531043414	0.0535389910014261	-0.0321440744348257	-0.030652341361623	0.0168067376606748	0.00171392338292877	0.0208694801398492	0.00531993031590346	0.00333563185013912	0.0294611554323024	-0.0392091926362148	-0.0316974642288642	-0.011834653573889	-0.00554661612023308	-0.0222244596525383	-0.0101765788184498
0.052407030209992	0.0535166825634757	-0.0321555646284598	-0.0306233748977929	0.0168024000252664	0.00170381899745095	0.0208659471672412	0.0053111446833485	0.00335185781962965	0.0294699159191449	-0.039208367018654	-0.0316937552362687	-0.0118115879705951	-0.00552417636578398	-0.0222529595237028	-0.010159011744292
0.0523784353439135	0.0534940779649112	-0.0321726706978882	-0.0306015442283802	0.0167823435255699	0.00168215317215361	0.0208600169700404	0.0052940609656645	0.00336302670693716	0.0294742675243935	-0.0391911631603436	-0.0316784736279814	-0.0117997708826984	-0.0055146391558217	-0.0222259656013209	-0.0101441548191494
0.0523874347150248	0.0534986516906204	-0.0321537024487498	-0.0306108062324889	0.0168011106090081	0.00169510880203352	0.0208667364632173	0.00530370853736502	0.00336572288611208	0.0294486887468325	-0.03919805587954	-0.0316960728327719	-0.0117937889970886	-0.00552428113958611	-0.0222423578119108	-0.0101480971080777
0.0523787468713518	0.0534823642538326	-0.0321367528415326	-0.0306437233671514	0.0167996870822831	0.00168036363561316	0.0208701185615502	0.00529359018204691	0.0033868969730314	0.0294350388158904	-0.0391756747984201	-0.0316968034554188	-0.0117811756282956	-0.00552373771279904	-0.0222286268558951	-0.0101403117160871
0.0524440181561134	0.0535204111138476	-0.0320908828709582	-0.0307308462760861	0.0168590575065085	0.00172621125444308	0.0208996941104167	0.00533295579498479	0.00338471069302686	0.029370267651411	-0.039193149671632	-0.0317430450237447	-0.0117878993124246	-0.00556535247002274	-0.0222529413629104	-0.0101732092929732
0.0524022469366785	0.0534725378681764	-0.0321006016888442	-0.030796131530688	0.016822851871443	0.00167538757850379	0.02088405208025	0.00529384443314009	0.00343867199509406	0.0293847110692812	-0.0391367967329081	-0.0317204655708928	-0.0117454268070074	-0.00552860201118613	-0.0222144474680063	-0.0101318320230343
0.0524642087662767	0.0534989827758351	-0.0320488099029732	-0.0309114637381093	0.0168705532880787	0.00169434465176995	0.0209102287669753	0.00530980637264923	0.00344026176291844	0.0293307120486453	-0.0391398114244415	-0.0317458767103704	-0.0117526436264984	-0.00556214918564549	-0.022198820804664	-0.0101595230404464
0.0524908897642362	0.0534978358519478	-0.0320156916026105	-0.0310292644163089	0.0168820798032975	0.00169708693141781	0.0209170614158584	0.00531348742556422	0.00347630814180471	0.0292923494702398	-0.0391132421852043	-0.0317645250501663	-0.0117267672913393	-0.00556910756309123	-0.0221915187691473	-0.0101569819264986
0.0525051040767257	0.0535008519404652	-0.0320115132233814	-0.0310840499389529	0.0168753505312324	0.00168930712736334	0.0209159647833961	0.00530769692676627	0.00348410750363558	0.0292862013435306	-0.0390914282795999	-0.0317591173249921	-0.0117344129849271	-0.00557167941068762	-0.0221566290930365	-0.0101557539775376
0.0525075138741748	0.0535027699995363	-0.0320088128532544	-0.0311151677581868	0.0168692890175329	0.00168159158457417	0.0209099256214411	0.00530199304097808	0.00349083118776455	0.0292997423097184	-0.0390904042903071	-0.0317553217193868	-0.011728225742665	-0.00556520159574767	-0.0221520288246308	-0.0101484938515417
0.0525177719278958	0.0535167607945813	-0.032014782166008	-0.0311079048382228	0.0168665383559809	0.00168523352193636	0.0209120252884358	0.00530281865853889	0.00347922923540821	0.0293064687878154	-0.0390939596146595	-0.0317521938721471	-0.0117399618054881	-0.00557302610329105	-0.0221443412215222	-0.0101606769492539
0.0525293305737472	0.0535358296265697	-0.0320230048139995	-0.0310771236921398	0.016872285548274	0.00170479409230281	0.0209138609254492	0.00531889235677032	0.00345397455814177	0.029314987596421	-0.039116710896547	-0.0317566837788145	-0.0117605449681634	-0.00557675605064703	-0.0221562742590933	-0.0101768568182715
0.052474976719168	0.0535063979670582	-0.032065981630651	-0.0310069112748696	0.0168236984437643	0.0016716520432117	0.0208888325595954	0.00528876779318068	0.0034542707187558	0.0293672068594047	-0.0391062893956947	-0.0317188366875156	-0.0117458095806312	-0.00553879720062581	-0.0221482667466422	-0.0101449105875088
0.0524632602141214	0.0535109758837194	-0.032080514455499	-0.0309338476131973	0.0168181286684428	0.00167276543948238	0.0208844027232412	0.00529122229411868	0.00343113247229248	0.0293951199972773	-0.0391300758427472	-0.0317083132068292	-0.0117614823444465	-0.00553808613575532	-0.0221591338853996	-0.0101555542088216
0.0524715317565539	0.0535358771240267	-0.0321020377884254	-0.0308185559183128	0.0168173254026264	0.00170256171182533	0.0208860581493149	0.00531467067103632	0.00338761502282202	0.0293937579378495	-0.0391627303444124	-0.031714883222715	-0.0118055809392728	-0.00555773192214751	-0.0221734599566114	-0.0101744176841578
0.0524568508513988	0.0535419833412151	-0.0321248100250733	-0.0307259708018268	0.0168188048087126	0.00172339772860976	0.0208902197647357	0.00533570785352085	0.00335406924534669	0.0294296590303968	-0.039204881543503	-0.0317206681335769	-0.0118168867310151	-0.0055460377688453	-0.0222361971123454	-0.0101752405077506
0.0523969453822905	0.0535029320496836	-0.0321596591886472	-0.0306575772577616	0.0167890071393856	0.00169071668424805	0.0208726932031147	0.00531071580925176	0.00336399062591679	0.0294757008300067	-0.0391949378111884	-0.0316881491393625	-0.0117955212572838	-0.00551584335605423	-0.0222442912378062	-0.0101467224757937
0.0523935856357021	0.0535069036752765	-0.0321610296299791	-0.0306059740647345	0.0167941634074346	0.00169665526335302	0.0208742284885619	0.0053093677196643	0.00334540934135429	0.0294656355600817	-0.0392034831624905	-0.0316850045283144	-0.0118142366523131	-0.00552579686725699	-0.0222393361354573	-0.0101510880508826
0.052388967206504	0.0534979043041652	-0.0321626752771646	-0.0306052280752633	0.0167962728533176	0.00169594838943462	0.0208734992628991	0.00531255004928112	0.00335643713327493	0.0294590278256271	-0.0391980209549392	-0.0316865384167777	-0.0118070310086943	-0.00552440267719659	-0.0222443345443111	-0.0101523760701568
0.0523818844974797	0.0534857030456606	-0.0321477638696449	-0.0306357801159656	0.0168072056503243	0.00169239725603429	0.020880319338926	0.00530942359902544	0.00337964103798759	0.0294398081193636	-0.0391907538440232	-0.0316977114950373	-0.0117855258365602	-0.00552207530180518	-0.0222546806080259	-0.0101420914737393
0.05240005925969	0.0534913608309759	-0.0321267727876333	-0.0306689473107692	0.0168159032728855	0.00168895788135622	0.02088336197014	0.00530457606444669	0.0033832201110685	0.029417101540965	-0.0391747919045141	-0.0317028272505495	-0.0117938378915295	-0.00553742815627792	-0.0222289062527008	-0.0101510293775534
0.0524423222175029	0.0535090592216324	-0.0320928246787578	-0.0307589843283873	0.0168542770271631	0.00171997791170811	0.0209035190526866	0.00533092458020741	0.00339973385926889	0.0293648836749653	-0.0391791323338905	-0.0317395553576416	-0.0117774806055403	-0.00555473259743841	-0.0222512845398527	-0.0101707031036261
0.0524131615728929	0.0534707567135402	-0.0321014664219578	-0.0308221866798027	0.0168212718825068	0.00166982897905456	0.0208809521726909	0.0052893140139358	0.00343653321254649	0.0293869979321358	-0.0391240939571373	-0.0317082321817556	-0.0117579815024711	-0.00552966790999984	-0.0221897194537186	-0.0101354683724604
0.0524790796612596	0.0534991909264554	-0.0320359506649912	-0.0309503487885414	0.0168777575347134	0.00170718153800744	0.0209166730542985	0.00532541487519918	0.00345499854743463	0.0293083449373656	-0.0391379492447316	-0.0317593701791012	-0.0117439641647296	-0.00556415385772632	-0.0222117107762946	-0.0101651933986179
0.052474729452995	0.0534800662151058	-0.0320292814632394	-0.0310427648699599	0.0168603539076869	0.00167301410263945	0.020910758223922	0.00529578484395562	0.00348862395299959	0.0293056040547018	-0.0390872918098917	-0.0317463530819241	-0.0117263426081947	-0.00555569651641805	-0.0221570747309416	-0.0101441296734368
0.0525372933827094	0.0535250393219339	-0.0320020779932532	-0.0310886069008537	0.0168978838836114	0.00171228751463145	0.02092803751937	0.00532783864248855	0.00346406078282723	0.0292730836635034	-0.0391097986195742	-0.0317786946591669	-0.011752179827801	-0.00558776987272738	-0.0221691432759635	-0.0101772535617356
0.0524948194803082	0.0534891144806581	-0.0320176850988192	-0.0311248223148075	0.0168556111469103	0.00166534326333919	0.0209059484079121	0.00528780108023299	0.0035016731808094	0.0293146076167652	-0.0390800093321513	-0.0317472736943988	-0.0117158638309972	-0.00554622356772108	-0.0221489205351675	-0.010134120282873
0.0525189845100325	0.0535167887342618	-0.0320166317728617	-0.0310990926629713	0.0168620959467704	0.00168441209532762	0.0209118520624163	0.00530371831625322	0.00347078586394022	0.0293146998177111	-0.0390989384657369	-0.0317474720661309	-0.0117453876914546	-0.00557071828567604	-0.0221416534242515	-0.0101634429776303
0.0525031832236866	0.0535134150178331	-0.0320412619982674	-0.031064714283015	0.0168474793028807	0.00168211126263276	0.0209048350116414	0.00530253507078112	0.00346629456028873	0.0293423503225863	-0.0391080789322351	-0.0317379488260089	-0.0117452968874928	-0.00555444481872855	-0.0221527384925173	-0.0101577195340657
0.0524820831769208	0.0535120068579324	-0.0320598139461653	-0.0309876231163887	0.0168326824480513	0.00168119484111009	0.020898531819705	0.00530045635854677	0.0034428028768662	0.0293738886340128	-0.0391268320458331	-0.0317267729537812	-0.011756204538787	-0.00554630878374682	-0.0221661718909349	-0.0101539197375083
0.0524535106625868	0.053498879399017	-0.0320834243732303	-0.0309263639697568	0.0168142799774444	0.00166902850720626	0.0208855831747452	0.00528884881825433	0.00343736441804342	0.0294031624343291	-0.0391325387255894	-0.0317093455780262	-0.0117533952039057	-0.00553053543708151	-0.0221686152160007	-0.0101464388880359
0.0524758372613296	0.0535438036114041	-0.0321017108941628	-0.0308039909628321	0.0168336561459191	0.00172085940863006	0.0208922188488804	0.00532802863231642	0.00337131221920993	0.0294055289252733	-0.0391839952352935	-0.0317254416280021	-0.0118063716322329	-0.00555651095810664	-0.0222122262634011	-0.0101809974789318
0.0524166302842355	0.0535105917131116	-0.0321493173158845	-0.0307176433800332	0.016798499645859	0.0016978622575536	0.0208708310234047	0.00530813837371926	0.00337330431843451	0.0294667531473044	-0.0391891780460391	-0.0316947275371525	-0.0117920190183245	-0.00551734790785288	-0.0222301048649973	-0.0101522726933387
0.0523754010946037	0.0534883615062668	-0.0321750790983533	-0.0306398048269516	0.0167732296017682	0.00167645906525362	0.0208621012702109	0.00529489356814546	0.0033640157716293	0.0294951272899064	-0.0391894811915733	-0.0316710696126306	-0.0117935068063148	-0.00550390473054704	-0.0222211543883269	-0.0101355885130869
0.0523861243440061	0.0535010293574368	-0.0321654734361736	-0.0305982361702008	0.0167941452466423	0.00169733000663876	0.0208711257870347	0.00530888017223837	0.00334881099746358	0.0294699536377136	-0.0392073011198403	-0.0316896047967201	-0.011805202356601	-0.00552174701055849	-0.0222362474037704	-0.0101535872553095
0.0523844689179324	0.0534952165068944	-0.0321519743795066	-0.0306132132359699	0.0168096112568213	0.00170546464463647	0.020876980547098	0.00531862413583685	0.00335719150465029	0.0294516908655096	-0.0392101635401146	-0.0317023466880437	-0.0117926644249456	-0.00551806036970739	-0.0222623332865338	-0.0101484924545577
0.0523750071451076	0.0534799432805113	-0.0321512884603487	-0.0306227867675169	0.0167963496874392	0.00168464818562843	0.0208680105126513	0.00529778532508436	0.00337683170310637	0.0294445760258527	-0.0391890704782689	-0.0316931671059927	-0.0117853847411734	-0.00551221119758025	-0.0222330818379619	-0.0101361612765385
0.0524086646813052	0.0534880080693076	-0.0321149040113275	-0.0307134943374687	0.016832667081227	0.00170205600360704	0.0208823114381506	0.00531432142502921	0.00340078858221037	0.0294130782269631	-0.0391872418261757	-0.031721558012403	-0.0117644900510597	-0.00553036500503004	-0.0222498945407444	-0.0101599477235911
0.0524139257231564	0.0534832555296428	-0.0321075866089865	-0.0307679571568021	0.0168260146432834	0.00169075440281682	0.0208806210874761	0.00530565733008472	0.00341706903407801	0.0293871809370435	-0.0391529011647882	-0.031719202697331	-0.0117627605848325	-0.00553169772779319	-0.0222161350247127	-0.0101462377223358
0.0524253376856849	0.0534715110849155	-0.0320852222916749	-0.030858133872823	0.0168354373005554	0.00167006926030746	0.020890826055804	0.00528964370216652	0.00344005920023432	0.0293796833237628	-0.0391319897108662	-0.0317175584471295	-0.0117480182123802	-0.00553150634098129	-0.0221892780067656	-0.0101408607308103
0.0525017233753769	0.0535113740241675	-0.0320203253986329	-0.0309883900606203	0.0168984342953186	0.0017209739613204	0.0209305548845893	0.00533205474028644	0.00345231773508402	0.0292891014823737	-0.0391469108972741	-0.0317789265585156	-0.0117407217647996	-0.0055747024841252	-0.0222126705043221	-0.010173886830227
0.0524875370025679	0.0534822566860624	-0.0320223747742027	-0.0310823945128792	0.0168673053002125	0.00168280416671087	0.0209146474274573	0.00530304916090359	0.00349716231938151	0.0292976468336757	-0.0390897505017818	-0.0317581995064854	-0.0117109646080094	-0.00555529418501785	-0.0221671106642021	-0.0101463201443935
0.0525072987386344	0.053497749238938	-0.0320123807504631	-0.0311188250623733	0.0168752653152067	0.00169451927477351	0.0209185170732161	0.00531011510611952	0.0034947511249484	0.029294810956098	-0.0390977943358176	-0.0317679197213554	-0.0117130628780202	-0.00556101343763035	-0.0221668843527894	-0.0101551462894853
0.0525132736393241	0.0535049087820838	-0.0320102503498197	-0.0311262388566123	0.0168707125442579	0.00168985474510249	0.0209154395174014	0.00530478002411485	0.00348440925218573	0.0293042503771782	-0.0390924899874616	-0.0317583461898084	-0.0117284562450297	-0.00556757786558007	-0.022146537280415	-0.0101577321069219
0.0525117746754616	0.0535103835624914	-0.0320224557992763	-0.0311023685905181	0.0168594905715573	0.00169079212138559	0.0209095596116256	0.00530931603125525	0.00347479660508592	0.0293225774106476	-0.0391043154572625	-0.0317533407960344	-0.0117333750257939	-0.00556176780900572	-0.0221544735466806	-0.0101565935649387
0.0524956604646934	0.0535062945902401	-0.0320486282950495	-0.031046890163796	0.016841409407277	0.00169021237301378	0.0209064094126415	0.00530799867531641	0.00345693895825016	0.0293504290812229	-0.0391153111185504	-0.0317409788843666	-0.0117451529981378	-0.00555014350490493	-0.0221549862398191	-0.0101532617580309
0.0524942020133677	0.0535229634036676	-0.0320643695110821	-0.0309521243552416	0.0168374475605723	0.00170388605268431	0.0209016429031364	0.0053189454421634	0.00341647671284994	0.0293740716389205	-0.0391489337301473	-0.0317344130594329	-0.011779379106835	-0.0055548206074322	-0.0221745272524091	-0.0101610681047819
0.0524571498059809	0.0535030326325336	-0.0320961690585219	-0.0309041728784648	0.0168160415743043	0.00168594458680684	0.0208887976349947	0.00530127219721939	0.00342589378218576	0.0293993360950751	-0.039142534146313	-0.0317135966004248	-0.0117632565141626	-0.00553141134606736	-0.0221765542762344	-0.0101497734889118
0.0524286666986247	0.0535059090226482	-0.0321378620468512	-0.0307669625041738	0.0167953145222741	0.00168812807284332	0.0208786206063474	0.00530213693033301	0.00337912694786512	0.029450581660191	-0.039170614922269	-0.0316915200618231	-0.0117994733251003	-0.00552967489491998	-0.0221807410373677	-0.0101516356686217
0.0524254159167905	0.0535202714154448	-0.0321543450614029	-0.0306728714389052	0.0168045360138459	0.00170709492499767	0.0208777838129143	0.00531754985511897	0.00334731063661702	0.0294663298611438	-0.0392093155708093	-0.0316968048524028	-0.0118173421478083	-0.00553267980756519	-0.022219732258586	-0.0101632012993933
0.0523859594998907	0.0534912532632057	-0.0321665994053005	-0.0306361978141901	0.0167897335710804	0.00169504174680015	0.0208713632743196	0.00530900590080093	0.00336102901977646	0.0294843174274942	-0.0392057448796326	-0.0316884285361682	-0.0117938560523219	-0.00550791966264482	-0.0222468058090575	-0.0101421515440525
0.0523817797236776	0.0534879899085152	-0.0321741989984154	-0.0305916284357462	0.0167884148181575	0.00169539937471144	0.0208708491841971	0.00530563078738818	0.00335003196150445	0.0294724486511884	-0.0392009616063191	-0.0316791749139637	-0.0118136820496538	-0.00552220242735177	-0.0222212130616561	-0.0101494829162339
0.0524037263427647	0.0534983136204855	-0.0321521182688616	-0.0306098479014454	0.0168190562658377	0.00171810595310997	0.0208847715270247	0.00532341998200654	0.00334993976055857	0.0294398123103156	-0.0392148671853384	-0.0317050163245221	-0.0118056829191068	-0.00553279994819164	-0.022256553963608	-0.0101602592510294
0.0523819906682659	0.0534705429749838	-0.0321420921144893	-0.0306568410471786	0.016811312783368	0.00169324103438747	0.0208851417277922	0.00530559586278747	0.0033856257175655	0.0294367403424371	-0.0391864008417905	-0.0317038638126986	-0.0117762554505474	-0.00551790111352815	-0.0222456337394576	-0.0101412029918972
0.0524108341975014	0.0534799851900322	-0.0321174730649558	-0.0307227242109447	0.0168333390305446	0.00170038101975692	0.0209039046202784	0.00531224410977889	0.00339222926106801	0.0294011661441524	-0.0391781209174539	-0.0317164827694276	-0.0117779220524933	-0.00554080187270664	-0.0222266920330157	-0.0101538666521152
0.0524015498416483	0.0534627883166418	-0.0321106641648011	-0.0307885808320142	0.0168244793578362	0.00167860203875327	0.0209009681598506	0.00529493547766631	0.00342733546970313	0.0293935805208779	-0.0391486473484215	-0.0317141218664195	-0.011748940221839	-0.00552668395211506	-0.0222099589583229	-0.0101366418390443
0.0524759308592595	0.0535025911855806	-0.0320460732112614	-0.0309066259824188	0.0168864551572746	0.00172251762867184	0.0209325902903188	0.00533091619830324	0.00342900626260117	0.0293279055077321	-0.0391676295674002	-0.0317630554229683	-0.0117552042982226	-0.00556491102306975	-0.022237948930317	-0.0101664646540838
0.052471833505104	0.0534777067090817	-0.0320395758385451	-0.03102087273325	0.0168645211110438	0.00168111521302047	0.0209205580668817	0.00529847683217845	0.00347535679568133	0.0293184884383963	-0.0390981449788088	-0.0317443316460349	-0.0117297079427192	-0.00555470326077381	-0.0221726217661943	-0.0101480985050617
0.0524851160292466	0.0534780922766736	-0.0320229629044787	-0.0310824685530327	0.0168635432222239	0.00167682926602116	0.020917434410594	0.00529432499564588	0.00349677535480563	0.0293018419767132	-0.0390862035593335	-0.0317514339128356	-0.0117145925755313	-0.00555387065829285	-0.0221563217565503	-0.0101461036118691
0.0525385744170635	0.0535207100684297	-0.0320007746071547	-0.0311097893696772	0.0168941357754631	0.00171660838623146	0.0209291844432574	0.00532212358082814	0.00346558768637033	0.0292837524305287	-0.0391149995911121	-0.0317738373456999	-0.0117441038631325	-0.00558154910284867	-0.0221725784596894	-0.0101730444488578
0.0525149891357111	0.0535033162202914	-0.0320176096616816	-0.0311244786567365	0.01686462728183	0.0016871892995762	0.0209076331706504	0.00529927590704273	0.00349072920793047	0.0293149959783251	-0.0390939707905317	-0.0317517133096413	-0.011722873896852	-0.00555913449411208	-0.0221587022173348	-0.0101542731744675
0.0525112144848662	0.0535088622468844	-0.0320330295713877	-0.0310844215367045	0.0168524483750699	0.0016865662446995	0.0208986505633474	0.00529074033462886	0.00347506342903536	0.0293390716010715	-0.0391034898397016	-0.0317395288149451	-0.0117357904111791	-0.00555606951115364	-0.0221517256790967	-0.0101585619154348
0.052511746735781	0.0535240572421619	-0.0320497081637035	-0.0310197397792029	0.0168526453498179	0.00170426463535602	0.020896031218294	0.00530524242582827	0.0034442361824794	0.0293562335498611	-0.0391294667577108	-0.0317374989971517	-0.0117534971837398	-0.00555853239399581	-0.0221791554604954	-0.0101668586035798
0.0524715080078254	0.0535045385813163	-0.0320877564207025	-0.0309527795407509	0.0168193803661323	0.00167949331456343	0.0208783230487493	0.00528507556439347	0.003435871042117	0.0294075475671944	-0.0391250019967558	-0.031704915741672	-0.0117589789490675	-0.00553708030725483	-0.0221640512691797	-0.0101511732669083
0.0524575828710297	0.0535106629592971	-0.032104274359855	-0.0308586786965941	0.016814015947463	0.00169748646884995	0.0208823910662402	0.00529929127386704	0.00341477099535119	0.0294123755439968	-0.0391530310843028	-0.031712671796998	-0.0117681431642941	-0.00554152830440144	-0.0221937120340719	-0.0101565376855776
0.0524411459569509	0.0535212046007758	-0.0321395314427652	-0.0307419439172082	0.0168100513067903	0.00171006211907412	0.0208788511087121	0.00530616722925511	0.00336321949073308	0.0294549919387689	-0.0391875058561571	-0.0316975703996504	-0.0118050766280385	-0.0055355911222805	-0.0222159156982202	-0.0101625586867402
0.052386167650511	0.0534881980591354	-0.0321712192314827	-0.0306527087684225	0.016780732802985	0.00168599627521589	0.0208678386836158	0.00529240553959078	0.00336552870533212	0.0294938686072968	-0.0391907175224385	-0.0316755022429529	-0.0117929102941347	-0.00551086310799279	-0.0222254529081825	-0.0101413622480765
0.0524032304134346	0.0535089488598941	-0.0321627171866855	-0.0306121543220764	0.0168068033189241	0.00170837875331983	0.0208849908535172	0.00531286576767155	0.00334320769452544	0.0294723522592905	-0.0392157430943242	-0.0316910506751896	-0.0118151195462191	-0.00553220064204343	-0.0222437729567317	-0.0101680194973075
0.052384447963172	0.0534909934241764	-0.032167798017597	-0.0306149776267979	0.0168053211188699	0.0017012639136629	0.0208812958307619	0.00530908133793847	0.00336356314880408	0.0294654162335892	-0.0392063623465732	-0.0316944774770114	-0.0117902043360715	-0.00552027179542444	-0.0222564310290135	-0.0101508603424859
0.0523835999938667	0.0534842222425905	-0.0321596158821423	-0.0306336175846896	0.0168029308791972	0.00169578913325538	0.0208795314399339	0.00530295835694174	0.00337623798489427	0.0294511125141218	-0.0391925252197713	-0.0316939619899049	-0.0117804799302494	-0.00551993512227358	-0.0222488970941481	-0.0101473497216224
0.0523822267585667	0.0534738636060195	-0.0321428171492001	-0.0306781073350438	0.0168035245974093	0.00168129542396014	0.0208797675302348	0.00529038689766966	0.00339891522662821	0.0294378705025161	-0.0391726195943498	-0.0316955587426494	-0.0117640835287074	-0.00551612275285992	-0.0222377086490641	-0.0101408327911297
0.0524322262139292	0.0535006619506373	-0.0321070557550556	-0.0307466391805278	0.016843175195089	0.00170988190813445	0.0208965299415922	0.00531398894283043	0.00339598575112053	0.0293852307473398	-0.0391746773518237	-0.0317253326632479	-0.0117754619636192	-0.00554629900485862	-0.0222355642785805	-0.0101666504529596
0.0524336944441431	0.0534887191341781	-0.0320945234113364	-0.0308261066169866	0.0168490690707051	0.00169541334455172	0.0209057765788766	0.00530631530956212	0.00342271145256894	0.0293771994861602	-0.039154120731845	-0.0317305029011372	-0.011754391253518	-0.0055350854140622	-0.0222276587459634	-0.010156509745897
0.0524602287587796	0.0534862408845116	-0.0320533487040816	-0.0309563250862152	0.0168683390683936	0.00168859885646091	0.0209206656346519	0.00530484288839613	0.00345988519756617	0.0293325211429621	-0.0391249489113628	-0.0317475991916775	-0.0117258899853694	-0.00554954419875672	-0.0222082546378082	-0.0101554117164507
0.0524799974797663	0.0534866753465444	-0.0320274556051142	-0.031056808750398	0.0168721709955836	0.00168516646670299	0.0209185072943279	0.00529669428055814	0.00349543425013831	0.0293054406075705	-0.0390993910885621	-0.0317561948344046	-0.0117068365202053	-0.00555105433849148	-0.0221888882482217	-0.0101534573357948
0.0524845739994435	0.0534872509039642	-0.0320187440127127	-0.031105161161591	0.0168644987592994	0.00167762834088544	0.0209152383517013	0.00529125721871939	0.00350687275536331	0.0293095253888697	-0.039087505548448	-0.031753808785684	-0.0117029305528618	-0.00555273630726175	-0.0221623399637449	-0.0101536193859421
0.0525460482816158	0.0535396280261431	-0.0320054600915861	-0.0311002367928906	0.0168930042184	0.00171386750356763	0.0209267564850159	0.00531810864873035	0.00345482252744704	0.029293193248593	-0.0391097832527498	-0.0317656482253251	-0.0117656649146277	-0.00559519763680669	-0.0221525205630089	-0.0101909174625179
0.0524915603165698	0.0534970982443807	-0.0320384233267216	-0.031109484827159	0.0168378009975315	0.00166501217812445	0.0208979730260936	0.00527495301812327	0.00350069389500545	0.0293422385638641	-0.0390788875539765	-0.031733143200951	-0.011715412605156	-0.00554250898718942	-0.022142657855768	-0.0101468118827715
0.0525042211828197	0.0535152352880222	-0.0320386370652779	-0.0310747627891317	0.0168509088986705	0.00169059235266952	0.0209069905579973	0.00529246421291997	0.00347003708050097	0.0293457575666317	-0.0391124500952602	-0.0317421411750783	-0.0117281433206073	-0.00555007644967156	-0.0221678161411364	-0.0101621801040685
0.0524990746936589	0.0535258467787024	-0.0320573510633232	-0.0309909940388494	0.0168424096478414	0.00169916983460424	0.0209006817781248	0.00529804656109769	0.00343545334389249	0.0293712106156302	-0.0391329745846062	-0.0317334966379102	-0.011761408304293	-0.00555090905215253	-0.0221766953716213	-0.0101680642007964
0.0524902806791998	0.0535263287381922	-0.0320820595198345	-0.0309295365204855	0.0168291899879801	0.00169670136382596	0.0208924242055326	0.00529736622987583	0.00341821037002925	0.0293967712323989	-0.039141209805454	-0.0317199165561696	-0.0117758573100993	-0.00554957772637341	-0.0221782250691325	-0.010170890299486
0.0524405815754034	0.0535075644487219	-0.0321179005420685	-0.0308324517184438	0.0168072070473083	0.00169548319375314	0.0208894849511367	0.00530388176338455	0.00341238774059864	0.0294289242167979	-0.0391589012111904	-0.03171630674944	-0.0117661901806224	-0.00552495727985589	-0.0222144460710223	-0.0101543611844613
0.0524375640899019	0.0535262505070866	-0.0321436497516811	-0.0307128475338635	0.0168072517507972	0.00171088354568285	0.020885819265046	0.00531282246116667	0.00335601664108236	0.029461334246258	-0.0391952451476747	-0.0317015993015885	-0.0118171074544915	-0.00553497086137186	-0.0222226268094929	-0.0101698956468577
0.0523859371481463	0.0534965059231527	-0.0321732378734038	-0.0306436632968382	0.0167743108674062	0.00168022254022628	0.0208624225765374	0.00528703413600136	0.00336641579019019	0.0294979966951009	-0.0391876623183682	-0.0316733634604053	-0.0117960912267674	-0.00550666796495533	-0.0222223977041123	-0.0101477618319108
0.0523977472511229	0.0535097018342855	-0.0321569127180472	-0.0306115354581518	0.0168024377438352	0.00170884115503325	0.0208797535603945	0.00530794139897124	0.00335361662252147	0.0294704230243472	-0.0392134925530544	-0.0316956621194675	-0.0118010896356213	-0.00552328928092591	-0.0222611248953491	-0.010167355929894
0.0523839213001932	0.0534949371100887	-0.0321636308142401	-0.0306100281123851	0.016799877072111	0.0017004243262618	0.020877371702626	0.0053008209713782	0.00335943785496805	0.0294672588555227	-0.0392026868815943	-0.0316868681050084	-0.0117919379932508	-0.00551858563570209	-0.0222534261163683	-0.0101568855346007
0.0523795627100244	0.0534844094384503	-0.0321539525088909	-0.0306339668306967	0.0167990724093106	0.00168828732902257	0.0208754047491139	0.00529152264568479	0.00337805685809932	0.0294543171954831	-0.0391873312331535	-0.0316894609073652	-0.0117781916704108	-0.00551916678105793	-0.0222397692005061	-0.0101487942031079
0.0524108565492459	0.0535001688152753	-0.0321272184255384	-0.0306815970011469	0.0168222302135504	0.00169557539469902	0.0208828045735126	0.00529945891195046	0.00338565784819815	0.0294162982751487	-0.0391820324727336	-0.0317120794757699	-0.0117817442007952	-0.00553890197442794	-0.0222337328325192	-0.0101557441986494
0.0524069184512697	0.0534834455194706	-0.0321128727965501	-0.0307542443615787	0.0168226730574874	0.00168830688679896	0.0208865107721401	0.00529239156975049	0.00342736201239967	0.0293895390460836	-0.0391552592738282	-0.031719102114481	-0.0117457620831742	-0.00553034544725364	-0.022227880866424	-0.0101516803721107
0.0524426924182704	0.0534942525879148	-0.0320709744515687	-0.030862750905037	0.0168550719110753	0.00169842105116499	0.0209015870237752	0.00530842894639718	0.00343678327268759	0.0293665055734224	-0.0391533705514217	-0.0317369499824285	-0.0117388665700098	-0.00554475114655509	-0.0222295907748748	-0.0101664884028123
0.0524815355591816	0.0535037702401007	-0.0320382556886382	-0.0309750949636215	0.0168746478482661	0.00170244017421486	0.0209137645335513	0.00531311862178071	0.00346031546864694	0.0293112478701768	-0.0391212552855915	-0.0317555955282564	-0.0117378425807169	-0.00557003516048613	-0.0221937874712095	-0.0101689736373989
0.052495594806444	0.0534995904638875	-0.0320220506739081	-0.0310697769531342	0.0168761901186335	0.00169405827004412	0.0209180337167422	0.00531354330492536	0.00348785281781588	0.0292947746345132	-0.0390992164655586	-0.0317604235050587	-0.0117206987927197	-0.00556639182613991	-0.0221783871192798	-0.010162692797207
0.0525017596969616	0.0535001227148023	-0.0320191044345921	-0.0311069073916265	0.0168636018955531	0.00168497927084318	0.0209112345954757	0.0053016703376675	0.00349754928395739	0.0293039123070433	-0.0390881118395164	-0.0317521799023068	-0.0117209041493719	-0.00556243975832341	-0.0221561736762433	-0.0101590089503239
0.0525231042159324	0.0535169745331376	-0.0320057171366474	-0.0311260642336088	0.0168737481905518	0.00170040057753331	0.0209134460211928	0.00531168252219945	0.00348965772118064	0.0293057661048491	-0.0391040723820415	-0.0317631113023295	-0.0117260017440917	-0.00557100187343382	-0.0221679544425552	-0.0101708567718693
0.0525266399825084	0.0535270370090946	-0.0320233261203261	-0.0310841281700585	0.0168594472650525	0.0016998012713851	0.0209044871626183	0.00530837865497215	0.00346187869377478	0.0293287031856123	-0.0391015647957104	-0.031747282076303	-0.011762095620435	-0.0055771667639514	-0.0221437209606136	-0.0101770887176202
0.052490145171749	0.0535061884194539	-0.0320541882914827	-0.0310384356164558	0.0168277357276065	0.00168022673117837	0.0208888912329246	0.00529483908576835	0.00346570643001275	0.0293654997449219	-0.039098988757162	-0.0317252153165895	-0.0117442533404235	-0.00555060730360238	-0.022148453942502	-0.0101590899753976
0.0524920255122513	0.0535249890305089	-0.0320629920848301	-0.0309598217372384	0.0168314489111541	0.00169486991776465	0.0208918221054163	0.00530653184208653	0.00342838181074044	0.029386960213567	-0.0391363804316676	-0.0317240949353987	-0.0117715867299243	-0.00555657242540389	-0.0221750944279247	-0.0101704865711017
0.0524252580575953	0.053467609308524	-0.0320756012626709	-0.0308932163327296	0.0168299485503076	0.00166536282111559	0.0208851361398561	0.00528310441992931	0.00346407475266752	0.0293711770880135	-0.039117697167271	-0.0317151793833291	-0.0117280483256934	-0.00552892611148073	-0.022197247800648	-0.0101357547541862
0.0525148508342923	0.0535172818696239	-0.0320081814164736	-0.0310135287882124	0.0168986200941944	0.00172639006839872	0.0209196542182153	0.00533098884147272	0.00345898553985185	0.0292860015748145	-0.0391335822726586	-0.0317730410648037	-0.011739910117079	-0.00558175865045293	-0.022219145525294	-0.0101836252058894
0.0524901884782539	0.0534826729873029	-0.0320231878189072	-0.0310832746128171	0.0168607255054385	0.0016777442905598	0.0208986575482675	0.00529235664514978	0.0035007749200791	0.0293093731176106	-0.0390764372439906	-0.031743500440538	-0.0117149739521711	-0.00555800712800111	-0.0221607040954476	-0.0101524082007895
0.0525155353564662	0.0535024542811458	-0.0320092403303671	-0.0311067215927507	0.0168743377178118	0.00169155766863318	0.0209144155281085	0.00530793581103513	0.00348550867861613	0.0293033828500966	-0.0390947880261884	-0.0317550562924214	-0.0117292790686225	-0.00557304985201953	-0.0221606817437031	-0.0101663109858407
0.0525108205353702	0.0535022992159187	-0.0320159891602086	-0.0311148785824929	0.0168626044489568	0.00168532292891418	0.0209102595006239	0.00530138814689375	0.00349322142743724	0.0293121684826515	-0.0390915232745139	-0.0317522609273804	-0.0117234215145912	-0.00556725935322158	-0.0221561429425946	-0.010156608931763
0.0525246604561401	0.053521168279191	-0.0320274067106732	-0.0310840960394259	0.0168612675352415	0.0016949607217265	0.0209141975986001	0.00530818726816025	0.00346106145811813	0.0293274836185555	-0.0391043713366236	-0.031743696018302	-0.0117524298879421	-0.00557659819145181	-0.0221489861934169	-0.0101754025578979
0.0524911454123134	0.0535067192733847	-0.0320575466410871	-0.0310286064368315	0.0168325804682172	0.0016848479543445	0.0209014696771168	0.00529852153566736	0.00346248219087507	0.0293592133167938	-0.0391113325080374	-0.0317273443202489	-0.0117398332829575	-0.00555038937409394	-0.0221657150771576	-0.010156212188299
0.0525029331635455	0.0535335721003797	-0.0320623885877298	-0.0309622357256396	0.01684577637935	0.00170667163883705	0.0208975665037413	0.0053143996561348	0.00342006696180307	0.0293808134838418	-0.0391498808853186	-0.0317287217465009	-0.0117765488171934	-0.00556341205920721	-0.0221875443495863	-0.0101710677164576
0.0524852669035216	0.0535369164801438	-0.0320919906792928	-0.0308791179699144	0.0168315969914612	0.00171243000700235	0.0208857116972758	0.00531170906489599	0.00340863683848224	0.0293956019567671	-0.0391562371626481	-0.0317218904946018	-0.0117840450334901	-0.00555928536838715	-0.0222024613450422	-0.0101728418861737
0.0524107643483	0.0534974838119726	-0.0321455496499598	-0.0307604120460644	0.0167812566719957	0.0016784511644782	0.0208638475002465	0.0052868050306207	0.00339607096714627	0.0294731806708194	-0.039159325894335	-0.0316802086821447	-0.01178188110523	-0.00551648596870732	-0.022201571466216	-0.0101424253529221
0.0524173162033935	0.0535200171643516	-0.0321598296206986	-0.0306525620850995	0.0167958328033486	0.00170214680756888	0.0208736627100304	0.0053114394469785	0.00334620701923454	0.0294761338950555	-0.0391994891851532	-0.0316816587515663	-0.0118233184454821	-0.00553704677963815	-0.0222236074922809	-0.0101652436900429
0.0523837061646528	0.0534944537536149	-0.0321683162986715	-0.0306151382799611	0.0167814005613506	0.00169200610050631	0.0208676123722032	0.00530308687947236	0.00336494476600823	0.0294817735195784	-0.0391990798688328	-0.0316803106619788	-0.0117958858701153	-0.00551640913458576	-0.0222496402896512	-0.0101442037135904
0.0523894170353612	0.0534985552987224	-0.0321684168815216	-0.0306074828074852	0.0167960521298411	0.00170460130850688	0.020875558417357	0.00531485507292808	0.00335894332262198	0.0294627186574302	-0.0392032931726626	-0.0316884578728328	-0.0118055306478477	-0.00552334935123913	-0.0222520654539246	-0.0101521050552553
0.0523730541614359	0.0534783926282397	-0.03216372441217	-0.0306239350883883	0.0167889205263758	0.0016892219113376	0.0208719360377712	0.00530054855949265	0.00338160659451563	0.029452055478341	-0.0391852790636157	-0.0316883028076056	-0.0117829791346764	-0.00551496884405242	-0.022244623720005	-0.0101319228269962
0.0524257679567656	0.0535130238623052	-0.0321172020500543	-0.0306747322216311	0.016840963769372	0.00172336140702503	0.0208992582513998	0.00533158116270079	0.00337023793849205	0.0294067345224898	-0.0392022133040086	-0.0317233419610074	-0.0118019473838147	-0.00555702644521314	-0.0222605744836419	-0.0101738910211791
0.0523862207359041	0.0534650500337839	-0.032127446133935	-0.030750131640599	0.0168027353014332	0.00167071606391263	0.0208805205046261	0.0052900893400716	0.00343272643106895	0.0294125389911281	-0.0391410659160991	-0.0316988737857489	-0.0117507465221878	-0.00552343875821695	-0.0222157885726736	-0.0101331060724683
0.0524340003836453	0.0534929589807044	-0.0320848520909073	-0.0308104226772991	0.016841753065348	0.00170512936846964	0.0209052331520895	0.0053188029497925	0.00342122925251475	0.0293714481029151	-0.0391620178825579	-0.0317333262058587	-0.0117590474012849	-0.00554897283228908	-0.0222330972047862	-0.0101588189604961
0.0524792696510875	0.0535043877070412	-0.0320417062391885	-0.0309383794293856	0.0168748853355509	0.0017108807517148	0.0209174441894822	0.00532343674581489	0.00344604667378028	0.0293248293489014	-0.0391394356357379	-0.031756118000283	-0.0117523348930281	-0.00556881419644525	-0.0222151864725574	-0.0101692055367476
0.0524890289815103	0.0534934493220984	-0.0320271636354522	-0.0310454750189751	0.0168736029042128	0.00169536025915864	0.0209185980982897	0.00531044200038218	0.00348171167602678	0.0293053525975767	-0.0391024965840574	-0.0317546511670531	-0.0117279351699871	-0.00556488867132529	-0.0221861375866696	-0.0101587980057356
0.0525077457735235	0.0535019513668956	-0.0320254788727139	-0.0310876220271137	0.0168676433703474	0.0016866738124697	0.0209146278696809	0.00530074972519275	0.00348809030510071	0.0293009129823343	-0.0390863502426565	-0.0317476466891344	-0.0117358169538757	-0.00557315043486958	-0.0221510369659706	-0.0101612930192105
0.0525225496132731	0.0535107202356422	-0.0320164864865227	-0.0311179687111638	0.0168711819308915	0.00169242519571485	0.0209142995784342	0.00530683638460474	0.00348693499930918	0.0293050773917231	-0.0390962450805301	-0.0317546134484844	-0.0117299985153971	-0.00557005890921461	-0.0221604177137217	-0.0101642364645584
0.0524885218763079	0.0534850967545923	-0.0320313811302341	-0.0311116291976427	0.0168371541939264	0.00166738286002074	0.0209035623591915	0.00529071239494829	0.00350959128628269	0.0293354226787892	-0.0390806519448044	-0.0317377462633248	-0.0117083704086686	-0.00554905665133079	-0.022154636993812	-0.0101439718142416
0.0525491607620312	0.0535431651897031	-0.0320247440591149	-0.0310663459603603	0.0168745696171605	0.00171932691715084	0.0209198553839153	0.00532832898388254	0.00344546273445638	0.0293224572700211	-0.0391262509004773	-0.031755919628551	-0.0117721413325836	-0.00559266630174712	-0.0221736597253275	-0.0101905989501594
0.0524766572909543	0.0534958074311384	-0.0320757004485369	-0.031004180171094	0.0168117668031772	0.00166810230679539	0.020887585052858	0.00528823554226584	0.00346909411628176	0.0293852936116211	-0.0391022618907406	-0.0317134680778942	-0.0117400609913541	-0.00554158697773063	-0.0221636852593643	-0.0101415983383773
0.0524839760902793	0.053514391509669	-0.0320763835737268	-0.030942770150187	0.0168266181403837	0.00169623058020837	0.020893674506238	0.00531162524585429	0.00343528570580908	0.0293912266027899	-0.0391408535745267	-0.0317245447642559	-0.0117590278435085	-0.00555420593445968	-0.022193716225024	-0.0101615263155432
0.0524351822321334	0.0534975829978386	-0.0321284631383077	-0.030821020198139	0.0167817805410064	0.00167508582995365	0.0208741614333286	0.00529112869618877	0.00342095823761323	0.0294299845276755	-0.039134237458168	-0.0316933193772518	-0.0117726400558818	-0.00553471521329466	-0.0221747619457259	-0.0101467071089693
0.0524341093483996	0.0535169619602814	-0.0321443552286154	-0.0307153411503543	0.0167993266604038	0.0017092169437369	0.020878944706642	0.00531663203661227	0.00337162793760036	0.029457208952422	-0.0391938942641192	-0.0317025059442229	-0.0117969811055936	-0.00553777740228503	-0.0222315130248979	-0.0101616604260099
0.0523988005770803	0.0534983052385813	-0.0321758194998884	-0.0306318280481491	0.0167749255403788	0.00168774390223549	0.0208611149994868	0.00530027754459113	0.00335945322179236	0.02948931304238	-0.039186913534929	-0.0316697313019313	-0.0118094910975684	-0.00552511933000319	-0.0222220736038177	-0.0101489576502392
0.0523984764767857	0.0535008198098326	-0.0321670240884452	-0.0306098004039884	0.0167949415275385	0.00170487651436049	0.0208728608411981	0.00531743250846058	0.00336333124945536	0.0294672630464748	-0.0392081365162893	-0.031690775469336	-0.0117958900610673	-0.00552964555825539	-0.0222593451376969	-0.0101593847390276
0.0523941570021697	0.0534942428090266	-0.0321677896356928	-0.0306025416749766	0.0167960535268251	0.00170019941183321	0.0208725199770951	0.0053110566733547	0.0033671478098211	0.029460104900313	-0.0391968097697866	-0.0316889035107378	-0.0118032046694403	-0.00553065697469199	-0.0222497171237728	-0.0101558587513398
0.0524109445592397	0.0535021567235478	-0.0321446318314531	-0.0306387277522657	0.0168237263834448	0.00171490825666884	0.0208830713974621	0.00532165279721055	0.00337490526213112	0.0294277409713257	-0.0392009210937823	-0.0317098456983084	-0.0117936814293184	-0.00554120560109087	-0.022269854648543	-0.010160238296269
0.0523969928797475	0.0534772079857836	-0.0321299732780425	-0.0307002215922143	0.0168184471808013	0.0016932228735951	0.020883313075699	0.00531103152764219	0.00340445007734896	0.0294208077395925	-0.0391679788134073	-0.0317070112177147	-0.0117722055938489	-0.00553414664079507	-0.0222458083624611	-0.0101481278417263
0.0524572909013678	0.0535167188850604	-0.0320937927886895	-0.030760198307508	0.0168620931528024	0.00173134796471571	0.0209095246870249	0.005339053630269	0.00338906509224356	0.0293547289980625	-0.0391822909147788	-0.0317413057786293	-0.0117934914394905	-0.00556991641684371	-0.0222463741409927	-0.0101724535246138
0.0524217963311727	0.0534660698321247	-0.0320924293322777	-0.0308621669657131	0.0168367015711011	0.00167707792917823	0.0208985723322418	0.00529888754548282	0.00344995124413982	0.0293802099867415	-0.0391313959926541	-0.0317175682260177	-0.011738237927197	-0.00553068910532464	-0.0222174062801786	-0.0101393729428199
0.0524368879496322	0.0534548310956158	-0.0320554106525076	-0.0309701440522246	0.0168469875645027	0.00166695677989206	0.0209020410435845	0.00529093451540881	0.00349244610130144	0.0293301686218582	-0.0390977971297857	-0.0317326067590841	-0.011706181334696	-0.00553837391446518	-0.0221845897283661	-0.0101361501006663
0.0525212783578072	0.0535099407185543	-0.0320056877999828	-0.03104885432334	0.0168992585158954	0.00171996533885185	0.0209273781429086	0.00533252133295194	0.0034672012029232	0.029269630318985	-0.0391189516589286	-0.0317742578378925	-0.0117448819832363	-0.00558880922884455	-0.0221852030043546	-0.0101805280922983
0.0525282032076363	0.0535078354636235	-0.032006630764202	-0.03110639190452	0.0168902465719278	0.00171321092107426	0.0209257199228668	0.00532511871458515	0.00348483253834635	0.0292771810176588	-0.0390993980734823	-0.0317707751567096	-0.0117375100985181	-0.00558045386737036	-0.0221785687272035	-0.0101726197657132
0.0525130347550553	0.053494164577921	-0.0320186029173258	-0.0311221415024568	0.016865265703531	0.00168769361081047	0.0209148653569657	0.00530594929974667	0.00349434041164403	0.0293035197545314	-0.0390800554326243	-0.0317465374838158	-0.0117336125130788	-0.00556857670916042	-0.0221506653682191	-0.0101586415435245
0.0525350484293757	0.0535188157580871	-0.0320143812315919	-0.0311094261538298	0.0168788974736807	0.00171339532296601	0.0209221715834345	0.00532867822988966	0.00347042125110879	0.0293067356117649	-0.0391122223868635	-0.0317622982576249	-0.0117467581327865	-0.00557984478233395	-0.0221742492525875	-0.0101749834626893
0.0524784831490795	0.053480221280333	-0.032062005814106	-0.03106201111892	0.0168256849550527	0.00167343738880007	0.0208963399517643	0.00529576109522713	0.00348037476231155	0.0293613032049004	-0.0390875837795536	-0.0317173419146051	-0.0117342788744603	-0.00554183983183978	-0.0221453191103422	-0.0101412253436417
0.0524903170007845	0.0535102271002802	-0.0320692380004213	-0.0309711862023099	0.0168389493184029	0.00169664827843288	0.0209028317365446	0.00531233351675671	0.00343016017140867	0.0293735840914946	-0.0391289023761633	-0.031722540092175	-0.0117725799855685	-0.00555870562001534	-0.0221681751660317	-0.01016372377142
0.0524760090903651	0.0535079891318666	-0.0320914807801224	-0.0309088723327365	0.0168320174836537	0.00169823245832115	0.0209003031954531	0.00531583994666814	0.00341873563602395	0.0293902556988902	-0.0391421150511044	-0.0317178937232964	-0.0117773884045945	-0.00555356751275868	-0.022182818352618	-0.010165246484011
0.0524486100426149	0.0535124636717097	-0.0321201538773064	-0.0308051783992563	0.0168222316105344	0.00171343583550284	0.0208978710462595	0.00532570125692501	0.00339156010571838	0.0294221334774355	-0.0391808017298045	-0.0317185600846779	-0.0117841791439568	-0.00553802885941015	-0.0222285458308215	-0.0101585591214668
0.0523952424587598	0.053485918181201	-0.0321647819290795	-0.0306925172252974	0.0167845325995424	0.00169091365899606	0.0208775393407094	0.0053086999612987	0.00337453645834761	0.0294770824472108	-0.0391777982141433	-0.0316782291557764	-0.0117948101924134	-0.00551942382611917	-0.0222188591435682	-0.0101480454196686
0.0523814849600476	0.053488566862919	-0.0321686376049981	-0.0306256519817593	0.0167897517318728	0.00169336117501392	0.0208777069787928	0.00531201919535031	0.00335858848867875	0.0294793064457841	-0.039196338986169	-0.0316745969973024	-0.0118054160951574	-0.00552182663864811	-0.0222340471539256	-0.0101542703804994
0.0523691244453638	0.0534829789268051	-0.0321777124132469	-0.0305874081469963	0.0167869354120714	0.0016890696400785	0.0208718955252344	0.00530010571555563	0.00336122599452448	0.0294723550532585	-0.03918932053841	-0.0316725406368125	-0.0118047455428237	-0.00552535821427205	-0.0222232065578647	-0.0101533986624657
0.0523826975421843	0.0534861584624539	-0.032149342461597	-0.0306118553674943	0.0168129584305535	0.00170481085611115	0.0208900283779238	0.00531631631822184	0.00336076219582703	0.0294482207571829	-0.0392017425203911	-0.0316949762003095	-0.0117965145129281	-0.00553322044038421	-0.0222554321854332	-0.0101588692519211
0.0523926678171954	0.0534846846443039	-0.032130833820204	-0.0306737235991625	0.0168240462927873	0.00170085599432659	0.0208912591208528	0.0053143507616938	0.00338830094197999	0.0294204836392979	-0.0391811328150192	-0.0317071788557981	-0.0117837279181156	-0.00553623652890164	-0.022246981829045	-0.0101568338461916
0.0524038087648223	0.0534776759754331	-0.032114730785308	-0.0307474298734879	0.0168311639264123	0.00169474139523403	0.02089377229512	0.00531091837193589	0.00341654097411525	0.0293906314875938	-0.0391553738265185	-0.0317155956845696	-0.0117607405459274	-0.00554188174136064	-0.022230141186582	-0.0101533595469129
0.0524215770046803	0.0534764228807596	-0.0320926039552813	-0.0308217508207859	0.0168452664801796	0.00169451648080545	0.0209075842762094	0.00531581200698757	0.00342782720808115	0.0293742462619241	-0.0391475074094543	-0.0317229284537349	-0.0117544834544639	-0.00554382774011228	-0.0222230794323181	-0.0101570713334765
0.0524546086920331	0.0534761728206185	-0.0320523303027249	-0.0309490928998998	0.0168663399842489	0.0016929923712304	0.0209181301086402	0.00531310325495639	0.00346751971528169	0.0293263646343487	-0.0391202424721709	-0.0317415739995627	-0.0117291184154592	-0.00555907582078288	-0.0222046210823501	-0.0101591765884073
0.0524973759610803	0.0534953366475209	-0.0320213647547501	-0.0310438112109973	0.0168836933198504	0.00170225437533907	0.0209240840545695	0.00532055476776418	0.00347845810022451	0.0292919960332806	-0.0391046549243814	-0.0317584858882112	-0.011728126556799	-0.00557719470363197	-0.0221886312031604	-0.0101714840176981
0.0525079539241438	0.0534996561221368	-0.0320147206987108	-0.0311058093621802	0.016878915634473	0.00169711906205047	0.0209170935464911	0.00531191023059609	0.00349665800814724	0.0292938121125176	-0.0390910147723275	-0.0317607378264651	-0.0117159169163903	-0.0055700142057257	-0.0221797296209311	-0.0101651752378255
0.0525213062974878	0.0535092981059012	-0.0320157404970515	-0.0311170662594815	0.0168714808854736	0.00168917022292855	0.020909971721914	0.00530436372287437	0.00348701043644671	0.0293078573899397	-0.0390822221548524	-0.0317449714647199	-0.0117333652469057	-0.00557841007973672	-0.022152675628236	-0.0101760074519822
0.0525464450250799	0.0535324251764924	-0.032010852449936	-0.0311161568228789	0.0168860472379383	0.00171542653774339	0.0209168267225417	0.0053255238399534	0.00347336888740884	0.0293030894834506	-0.0391069501691401	-0.031764022135916	-0.0117413741563409	-0.00558771539035027	-0.0221806222937253	-0.010191459492321
0.0525037280474577	0.0535051979577777	-0.0320524741920798	-0.0310798603838516	0.0168450066411503	0.00168133733348099	0.020898875477776	0.00529925774625036	0.00347832818070986	0.0293510535330836	-0.039086769337865	-0.031729066801556	-0.01173681719444	-0.00555664925952545	-0.0221574910321821	-0.0101636567161866
0.0524951477715549	0.0535152143332618	-0.0320593780871484	-0.0310018947052234	0.0168420366531058	0.00169667342414539	0.0209030803997016	0.00531083874384626	0.00344909489293037	0.0293676860249264	-0.0391246527507487	-0.0317307180366776	-0.0117551204791809	-0.00555485832600097	-0.0221849361804052	-0.0101682136780874
0.052476348557484	0.0535103402559865	-0.0320807924553207	-0.0309373219124761	0.0168292947617823	0.00169307339630406	0.0208930877729461	0.00530969740789502	0.00343103328642646	0.0293942161486108	-0.0391350477089045	-0.0317119216165747	-0.0117749702252412	-0.00555063524328295	-0.0221801990075647	-0.0101662034180705
0.0524256701678837	0.0534930330208579	-0.0321293250774533	-0.0308097004365564	0.0167866853519303	0.00167914127458826	0.0208730089215051	0.00530112970484849	0.00341247435360841	0.0294406113851799	-0.0391405308712162	-0.0316890627669171	-0.0117808780706976	-0.00552788815234759	-0.0221827317396083	-0.0101516370656058
0.0524519111158742	0.0535364624603346	-0.0321354718071785	-0.0306920408537437	0.0168226269570144	0.00173222666766961	0.0208827319303431	0.00534089345823448	0.00334445799523091	0.0294398737776129	-0.0392037639562802	-0.0317051783746694	-0.0118354163271685	-0.00555730304805077	-0.0222312573768207	-0.0101907526184026
