0.0525225621861293	0.0535413994018912	-0.0319269104736341	-0.030943701938534	0.0168134599478197	0.00158991031675462	0.0209309865526541	0.00525349534344617	0.00346928969404574	0.0293228596014213	-0.0391637347759288	-0.0318343742515891	-0.0118467738073199	-0.0055475157779474	-0.0221392603906107	-0.0100416916285982
0.0525473572556504	0.0535371819071092	-0.0318971980203328	-0.0310561912834574	0.0168202171595653	0.00157664036546831	0.0209320887730525	0.00523897369447037	0.00350760756896228	0.0292789230567423	-0.0391242099068117	-0.0318398434440605	-0.0118277678396127	-0.00555886347921056	-0.0220949298964357	-0.0100399859110994
0.0525776899698603	0.0535464369262978	-0.0318669323613563	-0.0311414394398259	0.0168319085188995	0.00157615002407432	0.0209380133823172	0.0052373210623647	0.00352517743708818	0.0292519011946799	-0.0391089646201092	-0.0318531860385163	-0.0118217314716257	-0.00557234018413308	-0.0220725320515075	-0.0100474723485079
0.0526006354325277	0.0535604416911831	-0.0318613318523862	-0.031186264466347	0.0168379113592698	0.00158101292547737	0.0209386294522738	0.0052434133097128	0.0035246088645886	0.0292465940523558	-0.0391040793669616	-0.0318585155325849	-0.0118264351168496	-0.0055789884311245	-0.0220626623593464	-0.0100549699617886
0.0526161349703234	0.0535704426998428	-0.0318517331751267	-0.0312272701385343	0.0168419668039044	0.0015933608673049	0.0209429978213308	0.00525699059748537	0.00352669735571114	0.0292522141191023	-0.0391179500213802	-0.0318672899892676	-0.011818356358213	-0.00557488828300098	-0.0220872171476146	-0.0100561001218677
0.0525924924126258	0.0535563890405165	-0.0318791084741483	-0.0312047116404428	0.0168108140600698	0.00156860072238454	0.0209238926677576	0.00523475619968846	0.00352415484477935	0.0292925199022913	-0.0391004430175356	-0.0318386294649398	-0.0118283420000484	-0.00556066698559129	-0.0220508229197053	-0.0100408953477019
0.0526001730308143	0.0535708422372749	-0.0318956124434605	-0.0311524169403216	0.016811118602588	0.00158189162843127	0.0209249795213317	0.00524610250396758	0.00349470921542754	0.029304089724015	-0.0391229372543618	-0.0318346592363309	-0.0118502997950077	-0.00556722442862087	-0.022055815740623	-0.0100549406251241
0.0525725825962523	0.0535626307651556	-0.0319199395233321	-0.0310799162632127	0.0167943017088534	0.00157625060692437	0.0209213054533369	0.00523753340393703	0.00347918872287139	0.0293353514326038	-0.0391385918573847	-0.0318237599669409	-0.0118492576449225	-0.00554912789751624	-0.0220744431256584	-0.0100441084109674
0.0525501582086275	0.0535534609619929	-0.0319449790650581	-0.0310077480683026	0.0167756100625527	0.00156860072238454	0.0209150413769533	0.00523258808047629	0.00346648734408466	0.0293585693071567	-0.0391455488378464	-0.0318095498454034	-0.0118565051980621	-0.00554193622373774	-0.0220717888560043	-0.0100424599698138
0.0525491062796541	0.0535784264635654	-0.0319701932297877	-0.0308919674290082	0.0167738652295012	0.00159582375014707	0.0209150846834582	0.00525525135236994	0.00342104485062299	0.0293810537650947	-0.0391882644184845	-0.0318131945767337	-0.0118911070954629	-0.00554663148705739	-0.0221077318580725	-0.0100605662798066
0.0524912990805565	0.0535442674101016	-0.0320116613036884	-0.0308034824606457	0.0167434165656169	0.00157406991485595	0.0208978682522915	0.00523678322351375	0.0034221792016541	0.0294353852679295	-0.0391936120733454	-0.0317864674783012	-0.0118735889157461	-0.00550960023443106	-0.0221341572079548	-0.010032699242407
0.0524930061950393	0.053557396266001	-0.0320149609799637	-0.0307365976593313	0.0167578418226948	0.00159819582902739	0.020900938823186	0.00525096261140258	0.00338950933316461	0.0294344325248221	-0.0392198446394318	-0.0317886048638648	-0.0118960887405084	-0.00552108064917692	-0.0221580651926178	-0.0100470406804431
0.0524717427011422	0.0535429947576517	-0.0320209805841423	-0.0307128000364065	0.0167504587621044	0.00158777293119108	0.0208959250475079	0.0052392209606434	0.00339949357801599	0.0294367724730697	-0.0392091451387578	-0.0317840073894271	-0.0118873338416021	-0.0055149185526274	-0.0221559934653036	-0.0100392022030595
0.0524493630170063	0.0535197210037376	-0.0320266188116811	-0.0307044013684274	0.0167366174443504	0.00156642142730015	0.0208882975147125	0.00522542434637837	0.00341339077513108	0.0294389350043458	-0.0391947785550092	-0.0317712054277903	-0.0118754706532324	-0.00550269773634646	-0.0221380282506976	-0.0100249697297775
0.052499375045225	0.0535549138253825	-0.0319874026760343	-0.0307356602830482	0.0167887528882924	0.00161303599036169	0.0209191764496775	0.00526826146462696	0.00339958857292992	0.0293855478627143	-0.0392237128882066	-0.0318170153280515	-0.0118905916083564	-0.00553954458708103	-0.0221748303979433	-0.010059894330489
0.0524849092756104	0.0535256064974495	-0.0319798743291049	-0.0308105428179255	0.0167760529064897	0.00157977240366011	0.0209154842208903	0.00524847597983193	0.00344169506853164	0.0293813415438046	-0.039182053427494	-0.0318096881468222	-0.011862097325128	-0.00552870818197229	-0.0221396752948672	-0.0100406983729539
0.0524988944827192	0.0535234760968061	-0.0319596306335486	-0.0308717712309088	0.0167892334507982	0.00158148650306302	0.0209264072390088	0.0052483125327006	0.00346111174954316	0.0293479410526682	-0.0391699904704083	-0.0318247378557608	-0.0118435523621502	-0.00553407958556171	-0.022133088515173	-0.010040012453796
0.0525162911248256	0.0535175598694455	-0.0319280182819686	-0.0309740681803606	0.0168049760638149	0.0015704740779667	0.020933387968199	0.00524277628499583	0.00348311285100732	0.0293289937582903	-0.0391524597178352	-0.031830788193588	-0.0118272062520333	-0.00553709008614303	-0.0221135684573434	-0.0100343728292731
0.0525554723358717	0.0535278626266554	-0.0318929274401578	-0.0310739595233154	0.0168245994984626	0.0015763064862855	0.0209469317283549	0.00524545709734643	0.00350644667523463	0.0292760410786916	-0.0391287012104632	-0.0318520460995491	-0.0118200550907916	-0.00556038200084949	-0.0220845125865355	-0.0100465335752408
0.0526038289380168	0.053553174580267	-0.0318583395125973	-0.0311693916932513	0.0168550747050434	0.00160204312304176	0.0209615371963724	0.00526511405961085	0.00351047976812479	0.0292388352030617	-0.0391319100827766	-0.0318801324634412	-0.0118201570706257	-0.00557528083551298	-0.0220922365112289	-0.0100626394041049
0.0525906958911652	0.0535374710828031	-0.0318684103704584	-0.0312095927026382	0.0168274577277848	0.00157386735217182	0.0209482476873097	0.0052392405184198	0.00352859446002179	0.0292688186712645	-0.0391037818093636	-0.0318571450912529	-0.0118105136898772	-0.00555924485585032	-0.0220610013453366	-0.0100447035261635
0.0525969934951655	0.053545467419382	-0.0318668066327937	-0.0312202600726795	0.0168302908113945	0.00157412998516917	0.0209474374365732	0.0052380279362831	0.00352872298255241	0.0292729481560526	-0.0391079671735128	-0.0318554072431215	-0.0118110780714247	-0.00556146326648751	-0.0220597775873277	-0.010051258175225
0.0525958661290546	0.0535520290533637	-0.0318752653710861	-0.0312007567786582	0.0168288728726057	0.00158069161915083	0.0209490593350302	0.00524235439581923	0.00351295522382322	0.0292905739035396	-0.0391235561182864	-0.0318578310104109	-0.0118175475044605	-0.00556265768783184	-0.0220607931947164	-0.0100539948669368
0.0526009860755189	0.0535715211715127	-0.0318946205848003	-0.0311402939129226	0.0168257226736215	0.00159417111804141	0.0209445009761454	0.00524950835102896	0.00347654562908955	0.0293056403762866	-0.039142486648856	-0.0318466984446881	-0.0118469610031797	-0.00556835598568392	-0.0220628705099667	-0.0100663092811476
0.0525702789695893	0.0535593213099922	-0.0319184880569265	-0.0310823540003424	0.0168033751201183	0.0015834688233994	0.0209345809925593	0.00524030362326546	0.0034739123141959	0.0293492304689265	-0.0391533007022203	-0.0318330820413628	-0.0118401395301687	-0.00554673765784355	-0.02208767675536	-0.0100526928778223
0.0525435965746458	0.0535574493513941	-0.0319525465275403	-0.0309854983036814	0.0167746140129404	0.00157332671935281	0.0209203708710219	0.00522998270526322	0.00345147675069889	0.0293707160832841	-0.0391516634369389	-0.0318088695141816	-0.0118614351546985	-0.0055436475291726	-0.0220658782165799	-0.010051994385808
0.0525136941315167	0.0535568500452459	-0.0319832089299809	-0.0308658228729156	0.0167580555612511	0.00158421620985463	0.0209126190066479	0.00524134158239861	0.00341717101391208	0.0294145520451131	-0.0391918700342619	-0.0318018021719816	-0.0118740820511081	-0.0055275500822127	-0.0221037825842241	-0.0100503808692552
0.0524807462632056	0.0535459409969677	-0.0320092054057664	-0.0307727516059877	0.0167508792542969	0.00158680761522741	0.0209088178131065	0.00524545290639435	0.00339649425330689	0.029442579735676	-0.0392127703123117	-0.0317906947519713	-0.011881437172018	-0.00551595092382443	-0.0221301143361764	-0.0100447943301254
0.052475710135783	0.0535461798812365	-0.0320176613500907	-0.0307179744652479	0.0167569072403797	0.00159142744140952	0.0209096378427312	0.00525420780530069	0.00338113161994595	0.0294446514629902	-0.0392261659921606	-0.031788175989768	-0.0118954363489671	-0.00552049531286899	-0.0221459463561709	-0.0100479976145026
0.0524743508703233	0.0535454017611327	-0.032020182906262	-0.0307116670823594	0.0167660085913251	0.00160227222842243	0.0209130171470961	0.00526353267369064	0.00339009886042462	0.0294267742583781	-0.0392279499407649	-0.0318029463019009	-0.0118893971870121	-0.0055183453544492	-0.0221668410462846	-0.0100441265717598
0.0524692574665555	0.0535352345113736	-0.0320110829523007	-0.0307412803497947	0.0167726275016519	0.00160214091192375	0.0209140704730535	0.00526755878166065	0.00340503261968882	0.0294151988487183	-0.0392199675740263	-0.0318087326097468	-0.0118711553695685	-0.00551655442092472	-0.0221731190925085	-0.010039228745756
0.0524516456889088	0.0535115654109794	-0.0320028784651015	-0.0307746948107713	0.0167614306746639	0.00157395675914964	0.020913602483404	0.00524947761738033	0.00343494065075405	0.0294084723706212	-0.0391912888889061	-0.0318026738900153	-0.0118502774432632	-0.00551002631455974	-0.0221466755818338	-0.0100265762614103
0.0524968898106384	0.0535359553551323	-0.0319676479248879	-0.0308477137689547	0.0167981811335005	0.00159863727598038	0.0209288282123301	0.00526606680271826	0.00344120333015362	0.0293582521917823	-0.0391921787677322	-0.0318323975191888	-0.0118495579964886	-0.00554006286815559	-0.0221462690594815	-0.0100481862073465
0.0525039781075988	0.0535303255094976	-0.0319573186249815	-0.0309041267779919	0.016795702883834	0.001588358267499	0.0209275793086087	0.00525587720121469	0.00346027216214206	0.0293479061280675	-0.0391704500781536	-0.0318309195100867	-0.0118408827256719	-0.00553755667880854	-0.0221253673844477	-0.0100433777883205
0.0525172494558691	0.0535165735987215	-0.0319233048578566	-0.0310187968149837	0.0168042803657687	0.00156933134503142	0.0209307700201297	0.00523948778459284	0.00349754928395739	0.0293225313101746	-0.0391420242471426	-0.0318341661009689	-0.0118087465050812	-0.00553700347313327	-0.0221004284255717	-0.0100333027395073
0.0525776606331957	0.0535447759122879	-0.0318798586545716	-0.0311188711628462	0.0168447984905301	0.00159567846380811	0.0209551278336499	0.00526250449344569	0.00350087410594512	0.0292633159511764	-0.0391404428612224	-0.0318670287532543	-0.0118183409913887	-0.00557196718939748	-0.0220902639697807	-0.0100579623015776
0.0525782068539508	0.0535349732753603	-0.0318666613464548	-0.0312039991785883	0.0168378345251482	0.00158605464083608	0.020954154135782	0.00525444529258553	0.00353492559163875	0.0292607999829411	-0.039119265980335	-0.0318742162360807	-0.011786301162696	-0.00555906045395857	-0.0220877954990024	-0.0100440944411271
0.0525819116555943	0.0535391474636373	-0.0318743335827391	-0.0312235625429228	0.0168233450068051	0.00157243684052668	0.0209485159082432	0.00524406849522215	0.0035275886315213	0.0292807768545481	-0.03910782747511	-0.0318569662772973	-0.0117991366519495	-0.00555774728897182	-0.0220554134092228	-0.0100428036278848
0.0525832653331179	0.0535447703243518	-0.0318718623179927	-0.0312246005020559	0.0168228211377944	0.00158286532629911	0.0209489531642441	0.00525141244025975	0.00352579071307667	0.0292855056454844	-0.039115928585491	-0.0318607535009984	-0.0118027227099505	-0.00555798058530457	-0.0220681636824505	-0.0100433722003844
0.0525725853902203	0.0535480155182499	-0.0319000213250543	-0.0311735225750235	0.0167952879795775	0.00156892202871108	0.0209309642009096	0.00523351288390313	0.00350315258689553	0.029315774098429	-0.039111409342159	-0.0318327202224994	-0.0118260313884653	-0.00555104735357134	-0.0220374258428724	-0.010036036637251
0.0525854837437551	0.0535697875143334	-0.0319035068002053	-0.0311230509390594	0.0168146012837709	0.00160450740286796	0.0209361288508628	0.00526270565914579	0.00348006463185723	0.0293203799547708	-0.0391584807189978	-0.0318562775641713	-0.0118258511775257	-0.00555413049732215	-0.0220977294524288	-0.0100546318916538
0.0525507631027118	0.0535507801496422	-0.0319349640865581	-0.0310670011458696	0.016785982668964	0.00158442715444292	0.0209196025298062	0.00524358653573233	0.00346903683993659	0.0293708194601023	-0.0391534376066551	-0.0318250158555825	-0.0118373707078243	-0.00553498343422812	-0.0220834327178815	-0.0100387928867391
0.0525215521666768	0.0535493971354541	-0.0319635491737484	-0.0309617439872615	0.0167707192214691	0.00159214130024806	0.020927741358756	0.00525342409726072	0.00344606204060459	0.0293835627484098	-0.0391759206676091	-0.0318206097679567	-0.0118499742977291	-0.00553529356468244	-0.0220970421362868	-0.0100404664736052
0.0525155157986898	0.0535677465206679	-0.031996273524615	-0.0308304512373151	0.0167638111354484	0.00160432160399218	0.0209278070170053	0.00526379390970396	0.00338439218066838	0.0294244203402901	-0.0392128694981777	-0.0318043837984662	-0.0119033293087279	-0.00554106171173593	-0.0221079958880539	-0.0100554435393743
0.0524597006988169	0.0535349537175839	-0.0320343860428794	-0.0307478866872652	0.0167278667363962	0.00157248992591976	0.020904916036715	0.00523582908342231	0.00339724163976212	0.0294645836311082	-0.0392082007775546	-0.0317753963798757	-0.0118771582099388	-0.00550568169423124	-0.0221200015687944	-0.010028870109185
0.0524507166945299	0.0535309765040548	-0.032026315666147	-0.0307196997405231	0.0167406756829531	0.00158266136663095	0.0209120029366914	0.00524340772177669	0.00339981348735851	0.0294529174174866	-0.0392272877703354	-0.031790974148777	-0.0118633657866258	-0.00550176874196753	-0.022154690079205	-0.0100290698779011
0.0524749809101201	0.0535494292660867	-0.0320074605727149	-0.0307175637519436	0.0167754452184373	0.00161593333523671	0.0209313497685015	0.00527484684733711	0.00338183290592824	0.0294199388155268	-0.0392458047936326	-0.0318160402331996	-0.0118822851413232	-0.00552392909961094	-0.0221801361432834	-0.0100505373314664
0.0524280031312112	0.0535032114464893	-0.0320180050081617	-0.030730544527536	0.0167419231896905	0.00156938023947242	0.0209153291556631	0.00523508868188723	0.00342361390425132	0.0294309638134794	-0.0392013415859749	-0.0317892125519171	-0.0118524623262837	-0.00549998479336319	-0.0221385339589159	-0.0100174288099919
0.0524826782921169	0.0535383064792522	-0.0319647827106455	-0.0307789556120581	0.0167974477168855	0.00161028672579368	0.0209440092377674	0.00526727798787093	0.00340832810501195	0.0293779482695995	-0.0392276244434863	-0.0318301134503023	-0.0118678151807565	-0.00554213738943785	-0.0221603464675363	-0.0100545075600752
0.0525448077597985	0.0535502339288871	-0.0319348844584685	-0.0310377971947547	0.0167792450149947	0.0015887312622346	0.0209460125128642	0.00524878471330222	0.00345948286616598	0.029370072073647	-0.0391764696823322	-0.0318313958816404	-0.0118364864169343	-0.00554053644574123	-0.0220846718427148	-0.0100451282093082
0.0525240625469759	0.0535590377222345	-0.0319650397557068	-0.0309180169901868	0.0167680439970546	0.00160880033478741	0.0209355267507466	0.00525805789328311	0.00342651124912634	0.0293955949718469	-0.0392055520958367	-0.0318279118034735	-0.0118607185018919	-0.00553392312335052	-0.0221174646457988	-0.0100470085498105
0.0525078421654215	0.0535653255473465	-0.0319985156839807	-0.0308116827568928	0.0167597137812929	0.00161262946800941	0.0209283141222077	0.00526050121834888	0.00338337936724774	0.0294364385938869	-0.0392272710065271	-0.0318049272252533	-0.0118960719767001	-0.00553228446108514	-0.0221262418964496	-0.010057149256873
0.0524551646916765	0.0535312000214994	-0.0320254662998577	-0.0307486676013371	0.0167320032061044	0.00158630470097717	0.0209078678639672	0.00523493641062813	0.00340081931585899	0.029467468403127	-0.0392211186888657	-0.0317821228579727	-0.0118700266064735	-0.00550208166638991	-0.0221382615470304	-0.0100280193459117
0.0524738828806737	0.0535482418296625	-0.032008938581817	-0.0307156889993774	0.0167615619911625	0.00161277894530045	0.0209201934540502	0.0052580131897942	0.00338413234163908	0.029436051629311	-0.0392431477300105	-0.0318041966026064	-0.0118835843364697	-0.00552618941976898	-0.0221602011811973	-0.0100529094103467
0.0524497974790391	0.0535271962652738	-0.0320186294600224	-0.0307089066419192	0.0167438244849532	0.00159108518032255	0.0209139447444909	0.00524204147139686	0.00339540739973275	0.0294405541088348	-0.0392218143869119	-0.0317870206839765	-0.0118768913859894	-0.00551442262329729	-0.0221397172043881	-0.0100364487475394
0.052465794343149	0.0535311455391223	-0.0319924625521854	-0.0307489232494144	0.0167667056863553	0.00160406455893094	0.0209249571695873	0.00525305389649318	0.00341232068536528	0.0294114004491449	-0.0392282139707463	-0.031811838105242	-0.0118572511875333	-0.00551932464025315	-0.0221679767942997	-0.010043451828474
0.0524791103949082	0.0535302235296635	-0.0319756372765466	-0.0308156040910606	0.0167770713078465	0.00159668289532457	0.0209317241602211	0.00524352646541911	0.00343256577790567	0.0293915465121325	-0.0392060019246938	-0.0318186162717481	-0.0118486513538541	-0.0055268627660707	-0.0221478434604816	-0.0100432338989656
0.0524896185087703	0.0535286169980308	-0.0319592059504039	-0.0308818295159137	0.0167844948809737	0.00159221534040157	0.0209341185908459	0.00523975181457422	0.00345485326109567	0.0293604580295632	-0.0391830662409146	-0.0318271294924175	-0.0118353492719351	-0.00552685997210264	-0.0221308086372386	-0.0100398783433292
0.0525246967777248	0.0535390636445956	-0.0319236582948158	-0.0309739103211654	0.0168094925131789	0.00159629173979661	0.0209457722316113	0.00524344823431351	0.00346465170707127	0.0293407074693689	-0.0391764193909072	-0.0318377605408741	-0.0118357432214312	-0.00554607409043004	-0.0221162269179496	-0.0100543315400876
0.0525517395945477	0.0535379209116603	-0.0318926815709688	-0.0310938749276251	0.0168217608269168	0.00159248914927115	0.020950865635379	0.00523913155366558	0.00350890536712472	0.0292920449277216	-0.0391448168182155	-0.0318592880647526	-0.0118023748609275	-0.00555090486120044	-0.0221015669675549	-0.0100493498950422
0.0525708140144723	0.0535383763284536	-0.0318675721800413	-0.0311832735235421	0.0168279606420351	0.00159643143819945	0.0209575571888753	0.00524649365949555	0.0035325618946626	0.0292705509314598	-0.0391317997210383	-0.0318716625492767	-0.0117853568014928	-0.00555574680784307	-0.0220944060274251	-0.0100509284869943
0.0525787363108976	0.0535384978660641	-0.0318699316860654	-0.0312285036754315	0.0168182250603408	0.00158747816756107	0.0209518225694385	0.00523758509234608	0.00353719848465305	0.0292841505709768	-0.0391146238024084	-0.0318615721336391	-0.0117868445894831	-0.00555323363357588	-0.0220654507394672	-0.0100535338622074
0.0525988123683706	0.0535576798537588	-0.0318597574513862	-0.0312375966444727	0.0168270581903527	0.00159912761737437	0.0209586440424495	0.00524393717872347	0.00352307637310938	0.029282344270628	-0.0391281200651074	-0.031868094652068	-0.0118010561080046	-0.00556449472182927	-0.022070006304384	-0.0100615539475148
0.0525994410111834	0.0535656398687529	-0.0318807429454616	-0.0312123363792701	0.0168140075655589	0.00159653760898561	0.0209478732955901	0.00523973784473393	0.00350846112620367	0.0293067998730302	-0.0391311124048963	-0.0318580559248395	-0.0118155148926991	-0.00556140738712638	-0.0220594087835442	-0.0100599194762015
0.0525526224884537	0.0535348475467977	-0.0319172573139974	-0.0311716254707128	0.0167777614179565	0.00157251786560033	0.0209341577063987	0.00522325063923009	0.00352255110711468	0.0293495671420773	-0.039128153592724	-0.0318331476996121	-0.0117900478738604	-0.00552606089723837	-0.0220671341052215	-0.0100338489602624
0.0525547864167138	0.0535557869404002	-0.0319362381359921	-0.031075315994807	0.0167704258548231	0.00157470414560486	0.0209292584834109	0.00522916966055866	0.00347306015393855	0.0293799166200956	-0.0391525435368769	-0.0318176174281678	-0.011835783733968	-0.00553887263776334	-0.022058666985025	-0.0100520698229456
0.0525332868325158	0.0535528840075891	-0.0319493558160193	-0.0310142035314981	0.0167688416749348	0.00158295473327693	0.020928478966323	0.00523538623948529	0.00347248180255076	0.0293866696408891	-0.0391756747984201	-0.031822979052869	-0.0118233086665939	-0.00553187374778077	-0.0220950751827747	-0.0100485131016091
0.0525065960556681	0.0535539988008438	-0.0319975042675441	-0.0308730327074865	0.0167395580957303	0.00157745341017287	0.0209093654308457	0.00522440873898968	0.00342710496733844	0.0294396851847691	-0.0391928213803853	-0.031792985805778	-0.0118616670540472	-0.00552034304160989	-0.0220890430057398	-0.0100507734217672
0.0524982993675231	0.0535635835082631	-0.0320066503219784	-0.0307977115196242	0.0167575917625537	0.00160735585330198	0.0209133622021511	0.00524362704826916	0.00340662657846529	0.0294502310171999	-0.0392362550108141	-0.0318074962788816	-0.0118613583205769	-0.00551775443020516	-0.0221542919387569	-0.01005915951689
0.0524426630816058	0.0535258733213989	-0.0320360680116496	-0.0307364034785513	0.01672088740419	0.00156859513444842	0.0208920358439727	0.00520985076842913	0.00341393280493412	0.0294874215260054	-0.0392105085951696	-0.0317696575694868	-0.0118526439342074	-0.00549368439539485	-0.0221303113109245	-0.0100319825896004
0.0524674721209672	0.0535491177386484	-0.0320207584636818	-0.030703592514675	0.0167522678564212	0.00160446828731516	0.0209140062117882	0.00524462868581756	0.00339064089022766	0.0294475893204021	-0.0392395225564566	-0.0317985374203071	-0.0118713090378116	-0.00552106667933663	-0.022156061917521	-0.0100593425217977
0.0524502473078963	0.0535272437627308	-0.032020817137011	-0.0307260029324595	0.0167458389359223	0.00158746699168884	0.0209086725267676	0.005233997637361	0.00341385038287644	0.0294435743883043	-0.0392227056627221	-0.0317911082592438	-0.0118535980742989	-0.00550561324201385	-0.0221483198320353	-0.0100427267937633
0.0524800589470636	0.0535419679743907	-0.0319869598320973	-0.0307646993900477	0.0167754494093894	0.00160467224698332	0.0209225026686493	0.00524299980244038	0.0034162587833415	0.0294091247621625	-0.0392272710065271	-0.0318142479026911	-0.0118551235808579	-0.00552642830403785	-0.0221601718445327	-0.0100581327336291
0.0524682320802786	0.0535147184039317	-0.0319695059136457	-0.030856366688027	0.0167758936503105	0.00158620691209518	0.0209269702235723	0.00523052473506626	0.00346444635041909	0.029395107424421	-0.0391947520123127	-0.0318229455252523	-0.0118128368743166	-0.00551489759786697	-0.0221513456994409	-0.0100394494692325
0.0524941517219426	0.0535289257315011	-0.031951945824408	-0.0308997374541745	0.0167859435534112	0.00159218879770503	0.0209379588999401	0.0052339138183193	0.00345715129982248	0.0293678299142814	-0.0391828022109332	-0.0318258596339357	-0.0118316430733076	-0.00553462021838072	-0.0221195475489852	-0.0100519077727983
0.0525280649062174	0.0535318817497053	-0.0319082649278063	-0.031020185417108	0.0168127265312048	0.00159315551065272	0.0209521578456054	0.00523552873185619	0.0034837107601715	0.0293352690105461	-0.0391713078263471	-0.0318418578950295	-0.0118102021624389	-0.00554518700557197	-0.0221162562546142	-0.0100592335570435
0.0525809086210619	0.0535548188304685	-0.0318704639369802	-0.0311282742623418	0.0168414974172708	0.00160981175122401	0.0209636508332075	0.00525003920495977	0.00349665661116321	0.0292813831456164	-0.0391571549811548	-0.0318709109718694	-0.0118097285848532	-0.00556811570443103	-0.0221044950460786	-0.0100696229272631
0.0525870064563461	0.0535470809359349	-0.0318605886568831	-0.031213215082224	0.0168359052902049	0.00160102332470099	0.0209623725928214	0.00523982026679161	0.00352993416770508	0.0292756122045949	-0.0391332428055397	-0.0318717868808552	-0.0117850564499267	-0.00555895568015644	-0.0220943291933035	-0.0100615804902113
0.0525824955949182	0.0535421677431068	-0.0318598915618529	-0.031242424621275	0.0168193468385156	0.00158759411723543	0.0209505750627011	0.00523010144890564	0.00353485574243733	0.0292929389974998	-0.0391192911260475	-0.0318604280037198	-0.0117797995990276	-0.00554900496292174	-0.0220761530341092	-0.0100530826363662
0.0525662696254277	0.0535341225120869	-0.0318829795168912	-0.0312170539943342	0.0167843007001937	0.00156095223482874	0.0209311751454979	0.005207684046201	0.00353429834580998	0.0293232940634542	-0.039101251871288	-0.0318313469871994	-0.0117891635829703	-0.00554191806294537	-0.0220304423197141	-0.0100479403381575
0.0525750678308389	0.0535536942583256	-0.0318824961604173	-0.0311874016113462	0.0167927412776937	0.00158081455374534	0.0209346759874732	0.00522262898133742	0.0035176379142866	0.0293284712862636	-0.0391357042913978	-0.0318439841047208	-0.0117914294910645	-0.00554277581113885	-0.0220654535334353	-0.0100564870864436
0.0525699576632628	0.0535650349746686	-0.0319034984183012	-0.0311136324727395	0.0167860217845168	0.00159126120031014	0.0209329409333099	0.00523291916569104	0.00348494569405266	0.0293470539678101	-0.0391548290027474	-0.0318351691355013	-0.0118178632228509	-0.00554462262402447	-0.0220805549307829	-0.0100599655766744
0.0525462284925554	0.0535547615541234	-0.0319289933768205	-0.0310579458953972	0.0167706968697246	0.00158168068384298	0.0209224216435756	0.00522313748352378	0.00347373350024027	0.0293895977194128	-0.0391661529552821	-0.0318199615673675	-0.0118223028380934	-0.00552747045412308	-0.0220882579007158	-0.0100511729591993
0.0525378675431451	0.0535685735352127	-0.0319620977073428	-0.0309501448288733	0.0167583126063123	0.0015897035631184	0.0209193804093457	0.00522702529007498	0.00344214908834089	0.0293998110696448	-0.0391796548059171	-0.0318115140049474	-0.0118562341831606	-0.0055375748396009	-0.0220827160650749	-0.0100628866702779
0.0524944269277962	0.0535547489812671	-0.0319922390347408	-0.030836139756279	0.0167433034099106	0.00159333572159239	0.0209184081084619	0.00523287027125004	0.0034157628540114	0.0294512983129976	-0.0392160322700181	-0.0318011763231369	-0.0118579217398669	-0.00551523427101782	-0.0221268942879908	-0.0100585169042369
0.0524994001909375	0.0535725297939813	-0.0320005874112949	-0.0307625689894043	0.0167624253272921	0.00161654800820923	0.0209247671797594	0.00524995817988612	0.00337829015443207	0.0294588867302402	-0.0392479170334836	-0.0318018133478538	-0.0118892477097211	-0.00552794123774067	-0.022156208600844	-0.0100765212343957
0.0524710665608724	0.053550521707597	-0.0320185721836772	-0.0307257025808933	0.0167467204328442	0.00159860793931579	0.0209161477883038	0.00523675668081721	0.00338227714684929	0.0294690428041271	-0.039236643372374	-0.031787388090776	-0.0118793375050232	-0.00551702520454231	-0.02214982997177	-0.0100566421516707
0.052453521838459	0.0535349662904401	-0.0320180790483152	-0.0307229519193413	0.016747347678673	0.00159429544961994	0.0209152551155096	0.0052353275661561	0.00340051756730885	0.0294592764887841	-0.0392335127311662	-0.0317940922171285	-0.0118574761019619	-0.00550877601385427	-0.0221604233016578	-0.0100451966615256
0.0524760468089338	0.053548461156155	-0.0320009184965096	-0.0307357203533614	0.0167692020968142	0.0016070080042789	0.0209229385276662	0.00524336860622389	0.00339635455490405	0.0294279561068661	-0.0392329371737465	-0.031808939363383	-0.0118689034313146	-0.00552887582005571	-0.0221571208314146	-0.0100579203920568
0.0524541979787288	0.0535208008723916	-0.0319880103640867	-0.0307931978642282	0.0167587526562813	0.00158202992985009	0.0209174511744024	0.00522060335449616	0.00343945989408611	0.0294245474658367	-0.0392029970120486	-0.0318061118677094	-0.0118302013857903	-0.00551013388232993	-0.0221509405740727	-0.0100362503758073
0.0524759168894192	0.0535248842567067	-0.0319645256655843	-0.0308600812685587	0.0167769399913478	0.0015889966892	0.0209353702885354	0.00523349332612673	0.00345474150237339	0.0293829215327408	-0.0391927445462638	-0.0318228379574821	-0.0118225640741067	-0.00552572003313542	-0.022137111829175	-0.0100476791021441
0.0525046612327887	0.0535392117249026	-0.0319465995665311	-0.0309189781151984	0.0167875794217085	0.00158790145372169	0.0209397288787042	0.00523402976799366	0.00345382508085073	0.0293656436342768	-0.0391826862612589	-0.0318282917831292	-0.0118334046701675	-0.00553376666113933	-0.0221179787359212	-0.0100508754016012
0.0525465609747542	0.05354615333854	-0.0318934568971046	-0.0310618378929005	0.0168254558496721	0.00160387317211904	0.0209603274082038	0.00524758749798983	0.00349507662222703	0.0293073405058492	-0.0391700449527854	-0.0318614491990446	-0.0118023678760073	-0.00555221662920316	-0.0221303490294932	-0.0100606528928164
0.052563095677715	0.0535414985877572	-0.0318718483481524	-0.0311632980489192	0.0168255173169693	0.00159094827588776	0.0209655297767257	0.00523531080234775	0.0035223848660153	0.029286614850803	-0.0391335277902815	-0.0318645169759711	-0.0117930527865056	-0.00555416681890689	-0.0220954858960791	-0.0100550034894053
0.0525691683672867	0.0535365518673124	-0.0318714977051613	-0.0312057286448155	0.0168077630469517	0.0015741998343706	0.0209551292306339	0.00521934467188652	0.00353764412255813	0.0292926651886302	-0.0391094395946788	-0.0318562314636983	-0.0117872036143784	-0.00555330208579327	-0.0220595736276595	-0.010049489593445
0.0526065726146487	0.0535684128820494	-0.0318538300481534	-0.0312260813051261	0.016827710581894	0.00160071878218278	0.0209638561898596	0.00524125916034092	0.00351693383433626	0.0292842930633477	-0.0391342179003916	-0.0318717114437177	-0.0118051422862878	-0.0055706819640913	-0.0220757018082681	-0.0100723903526235
0.0525851079550514	0.0535547713330115	-0.0318768369781181	-0.0312193157114763	0.0167965005617142	0.00157860592199635	0.0209462360303087	0.0052219402682114	0.00352745452105457	0.0293137233258752	-0.0391186680711708	-0.0318510207132722	-0.0117932581431577	-0.00554972301271236	-0.0220620071738371	-0.0100535101134789
0.0525812886007176	0.0535577692607366	-0.0318913851697904	-0.0311904791671609	0.0167955422306707	0.00159014221610334	0.0209441824637869	0.00523329774836275	0.00351456035847191	0.0293342226695088	-0.0391391618268683	-0.0318522025617603	-0.011790617843344	-0.00554511575938652	-0.0220875077202925	-0.0100545354997558
0.0525596255693883	0.0535583909186293	-0.0319208489599346	-0.0311017692843699	0.0167721357632739	0.00158434892333733	0.0209345446709746	0.00522529163289566	0.00348203437933736	0.0293684389993178	-0.0391475479219911	-0.0318242223686543	-0.0118225179736338	-0.00553892851712448	-0.0220736538296823	-0.0100553220017638
0.0525434373184666	0.0535558595835697	-0.0319339303183771	-0.031043012136133	0.0167693138555364	0.00158344926562301	0.0209303816585698	0.00522602365252657	0.00346747780576084	0.0293874323941687	-0.0391664854374809	-0.0318216798577225	-0.0118234846865815	-0.0055334802794135	-0.0220859752288133	-0.0100553275896999
0.0525290847045582	0.0535675244002073	-0.0319680865778728	-0.0309170181466065	0.0167546706689502	0.00159453293690478	0.0209246568180212	0.00523630266100796	0.0034305052264637	0.0294083061295219	-0.0391912316125609	-0.0318142842242759	-0.0118564339518766	-0.00553815458797271	-0.022095678679875	-0.0100646957645948
0.0525001797080254	0.0535633404330421	-0.0320008137227075	-0.0308046154146928	0.0167406072307357	0.00159989316462197	0.0209146613972975	0.0052349350136441	0.00340354483169851	0.0294473504361332	-0.0392191307805933	-0.0318025761011334	-0.0118696703755463	-0.00552211022640589	-0.0221280705485428	-0.0100575250455767
0.0524633719728436	0.0535450175905249	-0.0320208129460589	-0.0307466294016396	0.0167259277225647	0.00158767234834103	0.0209043851827842	0.00522711749102086	0.00340518209697986	0.0294730381784485	-0.0392212709601249	-0.0317828562745877	-0.0118619534357731	-0.00550697250747353	-0.0221434206090475	-0.0100477964488025
0.0524504526645485	0.0535362333549539	-0.0320204106146587	-0.0307101066511997	0.0167286322836438	0.00158369373782798	0.0209079167584082	0.00522110487176238	0.00340629968420263	0.0294654832888226	-0.039225204867149	-0.0317815375216648	-0.0118616405113507	-0.00550806774295184	-0.0221465498532712	-0.010046298881924
0.0524822815486528	0.0535597250383765	-0.0320038032685284	-0.0307076926627985	0.0167602376503036	0.00161556732542125	0.0209197855347139	0.0052475022819641	0.0033866077973375	0.029433252073318	-0.0392457684720479	-0.0318059009231211	-0.0118799018865707	-0.00552805020249489	-0.0221683875076041	-0.0100654543269222
0.0524719522487464	0.0535400303575433	-0.0319974581670711	-0.0307528906840552	0.0167609724639025	0.00160441101097	0.0209137924732318	0.00524220212456013	0.00341999850958568	0.0294221628141001	-0.0392240677221498	-0.0318093905892242	-0.0118495510115684	-0.00551491017072323	-0.0221764592813205	-0.0100507943765276
0.0524505127348617	0.0535114606371773	-0.031991315628298	-0.0307977548261291	0.0167409634616629	0.00156638650269943	0.0209067921862653	0.00521483939839475	0.00344706228116897	0.0294243043906157	-0.0391794578311691	-0.0317895687828444	-0.0118395863244935	-0.00551084634418444	-0.0221193547651893	-0.0100344370905384
0.0525047492427825	0.0535416243163197	-0.0319541111496521	-0.0308495773456487	0.016784560539223	0.00159976883304343	0.0209323290543054	0.00524638888569342	0.00344206666628321	0.0293633400076139	-0.0391951152281601	-0.0318263709300901	-0.0118511533522491	-0.00554668736641853	-0.022128619563266	-0.0100631926097801
0.0525127832979302	0.0535273289787565	-0.0319265416698506	-0.0309596946116918	0.0168002835944633	0.00158766396643686	0.0209400054815418	0.0052373015045883	0.00347844273340019	0.0293536491294085	-0.0391760394112515	-0.0318361512152733	-0.0118174371427223	-0.00553711104090346	-0.0221327672088465	-0.0100517163859864
0.0525299061311669	0.0535222565297492	-0.0319017298365211	-0.0310695296869611	0.016804688285105	0.00157608715979304	0.0209462206634844	0.00522588116015567	0.00351545861920221	0.0293107351770383	-0.0391373247928709	-0.0318439505771042	-0.0117939440623157	-0.00554763731555788	-0.0220896716485526	-0.0100474458058114
0.0525671343585413	0.0535386529312912	-0.031871922388306	-0.0311590358506484	0.0168210176314137	0.00158796850895506	0.0209542798643446	0.00523268866332634	0.00352814463116462	0.0292807070053467	-0.039129377350733	-0.0318637192980909	-0.0117887458847458	-0.00556043229227451	-0.0220805619157031	-0.0100567986138819
0.0526041935508482	0.0535652068037041	-0.0318569914230098	-0.0312054604238821	0.0168373791083549	0.00160833094815385	0.0209585266957911	0.00525068181761286	0.00351944980257151	0.0292703357959194	-0.039137625144437	-0.0318767056616194	-0.0118014640273409	-0.00557140699880207	-0.0220915589739751	-0.0100728918698897
0.0526052175401411	0.0535678848220867	-0.0318602589686524	-0.0312260505714775	0.0168249026439968	0.00159934135593073	0.0209492688826345	0.00523945705094421	0.00352174784129832	0.0292855978464303	-0.0391283310096957	-0.0318693114251568	-0.0118038822066942	-0.00556081646288234	-0.0220844553101904	-0.0100603120287135
0.0525864071501979	0.0535585292200481	-0.031877817660906	-0.0312105063301928	0.016805913440098	0.00158629771605703	0.0209394438939624	0.00523320834138493	0.00352012594284128	0.0293192917042126	-0.0391232026813272	-0.0318495427041701	-0.0118020172330162	-0.00555293886994587	-0.0220692016415836	-0.0100639902876604
0.0525730659527261	0.0535579508686603	-0.031899808983482	-0.0311536406983305	0.0167912758414478	0.00159173198392772	0.0209335905308831	0.00523383698419773	0.00349978864935501	0.0293425403124142	-0.0391424447393352	-0.0318378275961074	-0.011813346773487	-0.00554518002065182	-0.0220728421819618	-0.0100586901302564
0.0525514266701253	0.0535554670310577	-0.0319247339725177	-0.0310700479680357	0.016770374166414	0.00158046391075419	0.02091861206813	0.00522239009706856	0.00347942341618817	0.0293850281846557	-0.0391567750014991	-0.031818809055544	-0.0118284146432179	-0.00553380577669213	-0.0220754824817756	-0.0100551166451116
0.052530446763986	0.0535507368431374	-0.0319471890937911	-0.0310001680329642	0.0167560997836113	0.00158087462405856	0.0209156923715106	0.00521971626963809	0.00347449206256772	0.029396972398099	-0.0391685012854339	-0.0318110893218028	-0.0118261040316348	-0.0055289247144967	-0.0220896227541116	-0.0100534318823733
0.0525036372434959	0.0535560244276851	-0.0319905836086671	-0.0308625134177522	0.016736353414369	0.00158155774924847	0.0209045737756281	0.00521814186863802	0.00343118695466959	0.0294427166401108	-0.0391911533814553	-0.0317926142080264	-0.0118593285027836	-0.00552325715029325	-0.0221009425156942	-0.0100537992891728
0.0524979165938993	0.0535707556242652	-0.0319997017234208	-0.0307721886214243	0.0167513975353715	0.00160918590237926	0.0209100066465147	0.00523848335307638	0.00339730310705937	0.0294551903105009	-0.039237084819327	-0.0318012629361466	-0.0118744592367958	-0.00552694379114435	-0.0221506513983788	-0.010067946546429
0.0524808608158959	0.0535656133260564	-0.0320122871525332	-0.0307260560178525	0.0167519772837433	0.00161137497635185	0.0209179624705568	0.00524431576139519	0.00338744459077055	0.0294598157246191	-0.039245088140826	-0.0317974421848288	-0.0118785062995263	-0.00552399475786028	-0.022171328158984	-0.0100646622369781
0.0524630911790539	0.0535516658375163	-0.0320205572979817	-0.0307057159303982	0.0167454952778513	0.00160162961576934	0.0209205999764025	0.00523381044150119	0.00339484301818526	0.0294590557653076	-0.0392379355826003	-0.031794849382472	-0.0118712419825783	-0.00551675279265676	-0.0221674166037043	-0.010055721539196
0.052427061563976	0.0535208665306409	-0.032025629746989	-0.0307002383560226	0.0167268106164706	0.0015701597565603	0.02090486574529	0.00520949314051785	0.00342244881957159	0.0294621864065154	-0.0392098156910915	-0.0317775253835351	-0.0118477041986828	-0.00550070284315382	-0.0221470751192659	-0.010035201240802
0.0524737529611591	0.0535528057764835	-0.0319858226870981	-0.0307374777592692	0.0167739937520318	0.00160887158097286	0.0209303006334961	0.00524558981082914	0.00341006455615932	0.0294118265292736	-0.0392336887511538	-0.0318138930687479	-0.0118610272353622	-0.00553584118242159	-0.0221688918188383	-0.0100705630975143
0.0524734945191138	0.0535345988836406	-0.0319730277103815	-0.0308221363883777	0.0167746740832536	0.00159544796144342	0.0209334620083525	0.0052433197117829	0.00344534538779799	0.029394223133531	-0.0392027888614284	-0.0318188900806177	-0.0118356705782617	-0.00553189749650926	-0.0221514253275305	-0.0100587292458092
0.0525028158168871	0.0535495480097292	-0.0319568715900924	-0.030871828507254	0.0167916125145987	0.00160722313981928	0.0209452818902173	0.00525625718087043	0.00344460358927888	0.0293595513869287	-0.0391951487557767	-0.0318367309636451	-0.0118451072053739	-0.00554710087369095	-0.0221376831956426	-0.0100664224368539
0.052526028103504	0.0535443288773988	-0.0319200694428467	-0.0309966294724202	0.016809303920335	0.00159800304523147	0.020946790632968	0.00524902639153914	0.00348004228011277	0.0293364732107786	-0.0391759821349063	-0.0318461745756775	-0.0118174022181216	-0.00554279816288331	-0.022130631220267	-0.0100603092347454
0.0525409688476883	0.0535388177754066	-0.0318959197799468	-0.0311057185582183	0.0168105653969127	0.00158562995769142	0.0209484767926904	0.00523926845810037	0.00351999462634261	0.0293025753933281	-0.0391381532043997	-0.0318531608928038	-0.0117934090174328	-0.0055477951747531	-0.0220999548479861	-0.0100521857726199
0.0525715655918796	0.0535515331240336	-0.0318722967800256	-0.0311782974664327	0.0168236830769399	0.00159745123654022	0.020956364164515	0.00524936865262611	0.00352747966676708	0.0292810255177051	-0.0391329033384208	-0.0318681393555569	-0.0117940600119901	-0.00556058316654959	-0.0220864348365587	-0.0100657560754724
0.0525763027647201	0.0535528951834613	-0.0318707559066422	-0.031222689427905	0.016817154970575	0.00159014081911931	0.0209539487791298	0.00524811555795259	0.00353456377277538	0.0292888025277916	-0.0391280320551136	-0.0318620610780491	-0.0117829749437243	-0.00555298497041881	-0.0220853857015533	-0.0100570402921188
0.0525747423335603	0.0535537487407027	-0.0318806088349949	-0.0312155326787272	0.016801445885175	0.00157820917853227	0.0209470015775563	0.00523312172837516	0.00353103638810353	0.0293058387480186	-0.0391169190471672	-0.0318453824857333	-0.0117962700407231	-0.00555213141317742	-0.0220601463911112	-0.0100581536883895
0.0526067137100355	0.0535873964980121	-0.0318777394298004	-0.0311876293197428	0.0168241636394457	0.00161167812188603	0.020954251924664	0.00525800760185809	0.0034965336765687	0.0293063835717897	-0.039153433415703	-0.0318629202232266	-0.0118235754905433	-0.00557123377278254	-0.0220845461141522	-0.010084050978309
0.0525664498363673	0.0535654610547973	-0.0319144046726113	-0.0311307525120083	0.0167888618530466	0.00159056969321605	0.0209394019844415	0.00524329177210233	0.00349518418999721	0.0293478600275946	-0.0391470939021819	-0.0318394145699638	-0.0118157831136326	-0.00554366010202886	-0.0220854709175791	-0.0100605006215573
0.0525557950391823	0.0535709218653645	-0.0319312956064994	-0.031067020703646	0.0167843984890757	0.00159240952118152	0.0209346033443038	0.00523999069884308	0.00347145362230582	0.0293767007628621	-0.0391687904611278	-0.0318268682564042	-0.0118330987306653	-0.00553793107052816	-0.0220946057961411	-0.0100666627181068
0.0525021829831222	0.0535432378328726	-0.0319695520141187	-0.030966919813087	0.0167457621018007	0.00157154277074847	0.0209267453091437	0.00522839992235898	0.00347365387215064	0.0294047172775528	-0.0391638632984594	-0.0318034114975824	-0.0118247517510953	-0.00552556077695618	-0.0220887175084612	-0.01005346540999
0.0525103902642894	0.053573841561984	-0.0319893738204984	-0.0308334533559922	0.0167538352725011	0.00160232531381551	0.0209284705844188	0.00525097937521093	0.0034053064285584	0.0294334434601299	-0.0392176150529224	-0.0318021556089408	-0.0118807833834926	-0.0055376041762655	-0.0221172564951785	-0.0100803503676176
0.05246702229211	0.0535520206714595	-0.0320222588245283	-0.0307499304748989	0.0167293098208976	0.00158553356579346	0.0209172220690217	0.0052361769324454	0.00340105400917578	0.0294706758784563	-0.0392232532804612	-0.0317813740745335	-0.0118734128957585	-0.00551407337729018	-0.0221370433769576	-0.0100576689349316
0.0524677291660284	0.0535552085890125	-0.0320211943226986	-0.030709191626661	0.0167466687444352	0.00159755042240625	0.0209233380650983	0.00524560098670137	0.00339018267946633	0.02945926810688	-0.0392383714416172	-0.0317882667937299	-0.0118790762690099	-0.00552206133196489	-0.0221609457736845	-0.0100664392006623
0.0524613337731461	0.0535469132978515	-0.032014044558441	-0.030712725996253	0.0167622674680969	0.00160999755009979	0.0209295267043444	0.00525634938181631	0.00339860649315792	0.0294421215249147	-0.0392452138693886	-0.0318043851954502	-0.0118631199174368	-0.00552155003581048	-0.0221835461812969	-0.0100625304393507
0.0524525174069425	0.053537024047914	-0.0320146578344295	-0.0307178543246215	0.0167547475030717	0.00159481093672644	0.0209257841841321	0.0052446943440669	0.00340635276959571	0.0294357638506012	-0.0392204802671647	-0.0317940908201445	-0.0118701034405951	-0.00552406321007767	-0.0221518164830585	-0.0100586286629592
0.0524453271301481	0.0535221671227714	-0.0319953836457889	-0.0307685857996149	0.0167565202758038	0.00158198802032924	0.0209249641545074	0.00523509007887126	0.00344203313866652	0.0294188952684576	-0.0392078221948829	-0.0318017504835725	-0.0118343560162909	-0.00551498141690868	-0.0221578668208858	-0.0100462388116108
0.052479244505375	0.0535346491750657	-0.0319658695642197	-0.0308337537075584	0.01677979822067	0.00159487240402369	0.0209353898463118	0.00524310178227446	0.00344628974900123	0.0293776437270813	-0.0391957201222444	-0.0318198456176931	-0.0118410741124838	-0.00553732338247578	-0.0221367346434873	-0.0100606682596407
0.0525098216917898	0.0535462944339269	-0.0319398074301848	-0.0308964727025	0.0168015688197695	0.0016052212617065	0.020944285840605	0.00525590933184735	0.00345178827813724	0.0293542414506366	-0.0391961671571335	-0.0318366317777791	-0.0118429293072735	-0.00554986271111521	-0.0221367569952318	-0.0100705030272011
0.0525396836223821	0.0535477920008054	-0.0319048716536011	-0.0310295996924758	0.0168224677008352	0.00160010271222624	0.020951304288364	0.00524605221254256	0.00349208847339016	0.0293115272669825	-0.0391656793776964	-0.031851160411675	-0.0118155931238047	-0.00555703762108536	-0.0221215354572577	-0.010065540939932
0.0525542332110385	0.0535395875136062	-0.0318801073177287	-0.0311399963553246	0.0168253496788859	0.00158961834709267	0.0209535604175699	0.00524126754224509	0.00352729107392324	0.0292887941458874	-0.0391348130155877	-0.0318601472099301	-0.0117886606687201	-0.00555576496863544	-0.0220989839440863	-0.0100612284502361
0.0525585163640697	0.0535352428932777	-0.0318772323245981	-0.0311899608860863	0.0168103209247078	0.00157572953188175	0.0209525462071653	0.00522992682590208	0.00354203484335957	0.0292906186070286	-0.0391152636210935	-0.0318521760190637	-0.0117869032628123	-0.00555134770513746	-0.0220701138721542	-0.0100519385064469
0.0525880066969105	0.0535591005865157	-0.031863187047176	-0.0312152323271611	0.0168269813562311	0.00159281464654978	0.0209613164728959	0.0052434133097128	0.00352454180935523	0.0292872071720311	-0.0391306108876301	-0.0318643940413766	-0.0118005965002592	-0.00556519740479558	-0.0220750675775191	-0.0100690962642844
0.0525986307604469	0.0535739938332431	-0.03186937149547	-0.0312083186532043	0.0168259378091619	0.00160133764610739	0.0209600494083821	0.00524728714642371	0.00351402112263692	0.0292994629129127	-0.0391404610220147	-0.0318653928849569	-0.011812368884667	-0.00557053248680026	-0.022080067383357	-0.0100742078288445
0.0525845296036636	0.0535708897347319	-0.0318980683413825	-0.0311648640680151	0.0168016219051626	0.0015882646695691	0.0209452329957763	0.00523559997804164	0.00350092579435417	0.0293310487217961	-0.0391397653239686	-0.0318416748901218	-0.0118218879338369	-0.00556065022178295	-0.0220658712316598	-0.0100653313923277
0.0525770305933989	0.0535811603613091	-0.0319183749012202	-0.0310859959377046	0.0167903678018293	0.00159498136877792	0.0209369516744556	0.00523836041848188	0.00347456191176914	0.0293512882264004	-0.0391613906367291	-0.0318314042635446	-0.0118419039209967	-0.00555581106910838	-0.0220807463175948	-0.010069075309524
0.0525193491228639	0.0535439083852063	-0.0319568785750125	-0.031022150973636	0.0167460750262231	0.00155582949439639	0.0209152118090048	0.0052084845180493	0.00348724373277947	0.0294041361321969	-0.0391479712081517	-0.0317978906167019	-0.011821153120238	-0.00552176098039877	-0.0220691373803183	-0.0100432953662628
0.0525397674414238	0.0535882877738223	-0.0319644446405106	-0.0309073859417303	0.0167725730192748	0.00161355287445222	0.0209353395548868	0.00525896593290161	0.00342708401257801	0.0293915632759408	-0.039212243649333	-0.0318301553598232	-0.011866761854799	-0.00554966713335122	-0.0221186800219035	-0.0100777952838296
0.0525069411107231	0.0535779025945547	-0.0320027695003473	-0.0308048948114985	0.016755057633526	0.00161376242205648	0.0209262731285421	0.00526498693406426	0.00339468236502198	0.0294420195450806	-0.0392307425118378	-0.0318084657857973	-0.0118872723743048	-0.00553314081229458	-0.0221454043263679	-0.0100689356111211
0.0524782512497307	0.0535664459285374	-0.0320233456781025	-0.0307341864648982	0.0167422598628413	0.00160657493923008	0.020915665828814	0.00525779945123785	0.00338432093448292	0.0294616988590895	-0.0392407463144656	-0.0317932568206795	-0.0118926940693193	-0.00551815536462133	-0.0221558328121403	-0.0100547995297372
0.0524376562908478	0.0535355292750036	-0.0320438240669756	-0.0306923705419744	0.0167153441715651	0.0015760606170965	0.0209000154167432	0.00523481766698571	0.00340365100248468	0.0294757539153998	-0.0392148224818495	-0.0317695011072756	-0.011877610832764	-0.00550550846821171	-0.022134558142371	-0.0100406327147046
0.0524658809561587	0.0535584118733897	-0.0320192203842664	-0.0306894256996424	0.0167530459765251	0.00161029790166591	0.020917578299949	0.00525839316944994	0.0033911731411425	0.0294419971933362	-0.0392454723114338	-0.0318000838816266	-0.0118864677115044	-0.00552339545171207	-0.0221673984429119	-0.0100653146285194
0.0524708639981883	0.0535549236042707	-0.0320080012055339	-0.0307246757976324	0.0167618511668564	0.00160980476630387	0.0209218907896448	0.0052579000340879	0.00340804731122223	0.0294250978775439	-0.0392330237867563	-0.031807416650792	-0.0118749356083495	-0.00552592259581955	-0.0221754017644109	-0.0100610021388235
0.0524610222457078	0.0535341965522404	-0.0319886962832446	-0.0307925203269744	0.0167616877197251	0.00158818364449544	0.0209215485285578	0.00524209036583785	0.00344543479477582	0.0294145408692409	-0.0392061639748411	-0.0318095917549243	-0.0118466229330448	-0.00551634068236836	-0.0221607460049684	-0.0100480227602151
0.0524773236523358	0.0535356564005502	-0.0319698467777487	-0.030842916525801	0.0167727588181506	0.00159357739982931	0.020931032653127	0.00524565127812639	0.00345420366352244	0.0293765722403314	-0.0391880073734233	-0.0318204477178094	-0.0118476217766251	-0.0055347515348794	-0.0221304524063113	-0.0100527319933751
0.0525215423877886	0.053557098708403	-0.0319408719320145	-0.0309126469835814	0.0168003031522397	0.00160339680056534	0.0209380357340617	0.00525269906254995	0.00344562757857174	0.0293526181551955	-0.0391906825978378	-0.0318291132097379	-0.0118622775360677	-0.0055547270095023	-0.0221132345781606	-0.0100677677324733
0.0525461726131943	0.0535499671049377	-0.0319029424186578	-0.0310529502805114	0.0168143610025181	0.00159807568840094	0.0209442034185473	0.0052456568660625	0.00350447832473854	0.0293055216326441	-0.0391589445176953	-0.0318556237756459	-0.0118113616591825	-0.00555195679017387	-0.0221156052600569	-0.0100590519491198
0.0525687255233497	0.0535513529130939	-0.0318891290405845	-0.0311436760112555	0.0168134222292509	0.00158727979582903	0.0209437563836582	0.00523935367412611	0.0035247513569595	0.0292912835714261	-0.0391295072702476	-0.0318601388280259	-0.0118070030690137	-0.00555620362162037	-0.0220798201171839	-0.010054447489762
0.0525854166885217	0.0535574269996496	-0.0318720355440123	-0.0312026678528092	0.016822558504797	0.00159480674577436	0.0209531161766489	0.00524837819094994	0.0035365921935847	0.0292826725618747	-0.0391314351082069	-0.0318726166893681	-0.0117965927440337	-0.00555810910783519	-0.0220897498796582	-0.0100577611358775
0.0525876448780471	0.0535624938607209	-0.0318741212411667	-0.0312194162943263	0.0168172094529521	0.001591156426508	0.0209502034649495	0.00524063750244826	0.00353307598478508	0.0292927462137039	-0.0391295645465928	-0.0318623195200943	-0.011804020508113	-0.00555831725845543	-0.0220799668005069	-0.0100474416148593
0.0525817845300477	0.0535617744139462	-0.0318856589322578	-0.0311991027495685	0.0168005532123808	0.00158149628195122	0.0209385987186252	0.00523068678521356	0.00352500281408463	0.0293190276742313	-0.039127266507866	-0.0318433917834928	-0.0118083162340005	-0.00555474517029466	-0.0220624025203171	-0.0100580405326832
0.0525743791177129	0.0535664612953617	-0.0319033684987865	-0.0311570437514238	0.0167929242826014	0.0015916816925027	0.0209340319778361	0.00523959814633109	0.00351102598887991	0.029338064375587	-0.0391483958912964	-0.0318395319166222	-0.0118150734457461	-0.00554909716386762	-0.0220798438659124	-0.0100558123431578
0.0525769956687982	0.0535855287303661	-0.0319239754101903	-0.031063388545172	0.016785639010893	0.00160156256053597	0.0209235504066706	0.00524601449397379	0.00346364168761869	0.0293649549211508	-0.0391676840497773	-0.0318247560165532	-0.0118625695057296	-0.0055562930285982	-0.0220790825096169	-0.0100701384143696
0.0525292383728014	0.0535586479636905	-0.0319541418833008	-0.0310102947701865	0.0167559419244161	0.00158310840152006	0.0209082254918785	0.00522892379136965	0.00347647997084021	0.0293983791610156	-0.0391651499207497	-0.0318053686722062	-0.0118367001554907	-0.00552758500681341	-0.0220934462993975	-0.0100462583693872
0.0525252471894321	0.0535798471963223	-0.0319830552617377	-0.0308789237891345	0.0167560634620265	0.00160935912839879	0.0209135996894359	0.00524893838154535	0.00341940339438956	0.0294185055099136	-0.0392107600522947	-0.0318053365415736	-0.0118778622898891	-0.0055334313849725	-0.0221185151777882	-0.0100630794540738
0.0524825302118099	0.0535621418207457	-0.0320192231782345	-0.0307760191516303	0.016733798330581	0.00159339718888964	0.0209019069331177	0.00523619509323777	0.00340393319325842	0.0294624238938002	-0.0392213799248791	-0.0317827193701529	-0.0118816201769257	-0.00551425638219791	-0.0221295820852616	-0.0100515263961585
0.0524684709645475	0.0535584090794217	-0.0320260628120378	-0.0307218385230706	0.0167409508888067	0.00160001330524841	0.0209062431715421	0.00524614161952038	0.00339403137046472	0.0294681012368919	-0.0392402224454549	-0.0317861391870545	-0.0118785356361909	-0.00551206591124129	-0.0221637802542782	-0.0100537168671151
0.0524628634706573	0.0535552379256771	-0.0320269987913369	-0.0306963100369346	0.0167417136420862	0.00159892086373816	0.0209027143898862	0.00524294811403133	0.00339803512669028	0.0294552741295426	-0.0392369562967964	-0.0317873657390315	-0.0118798292434012	-0.00551653346616429	-0.0221626822248319	-0.0100510318638124
0.0524535707329	0.0535427265367182	-0.0320318882354365	-0.0306900236088066	0.0167315715380396	0.00158564951546782	0.0208962156201858	0.0052293191378497	0.00340883660719831	0.0294519493075549	-0.0392184434644513	-0.0317789782469247	-0.0118772755565972	-0.00551319746830434	-0.022145801069832	-0.0100442313455619
0.0524661198404276	0.0535476984028755	-0.0319991555026657	-0.0307181099726987	0.0167582245963186	0.0016013725707081	0.0209072001056016	0.00523981188488744	0.00341968698214733	0.0294160174813589	-0.0392277543630009	-0.0318042929945043	-0.0118645476351139	-0.00552277658778746	-0.0221711158174116	-0.0100483789911424
0.0524959594192754	0.0535570637838022	-0.0319777872349664	-0.0307971010376037	0.0167749213494267	0.00160186430908612	0.0209105528672699	0.00523999069884308	0.00343133224100855	0.0293915870246693	-0.0392019157464106	-0.031806975203839	-0.0118715884346173	-0.00554275904733051	-0.0221376105524731	-0.0100675344361406
0.0525050719460931	0.0535540393133806	-0.0319581023330214	-0.0308719193112158	0.0167869396030235	0.00160420425733378	0.0209203582981656	0.00524353764129134	0.00345830381164596	0.0293616734056679	-0.0391898304375804	-0.0318289986570476	-0.0118453321198025	-0.00553858625603751	-0.0221483016712429	-0.0100530574906537
0.0525124089062105	0.0535335930551401	-0.0319203222969559	-0.0310043925126663	0.0168118226825383	0.00159332454572016	0.0209417098020565	0.00524083866814836	0.00349755906284559	0.0293427917695393	-0.0391736868901476	-0.0318402807000614	-0.0118041546185797	-0.00553531731341092	-0.0221525876182422	-0.0100433065421351
0.0525428296304142	0.053541438517444	-0.0318939919419875	-0.0310949841329436	0.0168200704762424	0.00158704370552822	0.0209582724446979	0.00523643537449066	0.00351130538568561	0.029295696643972	-0.0391409862880094	-0.031847723830965	-0.011813005909384	-0.00555889840381127	-0.0220933554954357	-0.0100501461759384
0.0525720545362895	0.0535555983475564	-0.0318672257280023	-0.0311643304201162	0.0168344985272883	0.00159315690763675	0.0209714040945654	0.00523749708235229	0.00352311828263024	0.0292688633747534	-0.0391327273184332	-0.0318660857890351	-0.011811139538722	-0.00557482402173567	-0.0220734065635093	-0.0100664517735185
0.0525710137831883	0.0535521659577985	-0.0318755755015404	-0.0311888852083844	0.0168135200181329	0.00157825807297326	0.0209610426640263	0.00522463225643423	0.00353048178544423	0.0292871121771171	-0.0391182112573935	-0.0318505415477504	-0.0118089169371327	-0.0055669017253103	-0.022050955633188	-0.0100582389044152
0.0525916206945921	0.0535711635436015	-0.0318745040147905	-0.0311936698786819	0.0168190842055183	0.00158648211794879	0.0209609742118089	0.00523321392932104	0.00351963979239938	0.0292869543179219	-0.0391278686079822	-0.03185277811918	-0.0118199600958777	-0.00557646966892119	-0.0220548909371961	-0.0100689914904823
0.0525727530283037	0.0535638517291965	-0.0318843415763189	-0.0311842178847453	0.0168043069084653	0.00158357359720154	0.0209588703538621	0.00523535690282069	0.00352410734732238	0.0293142877074227	-0.039138019093933	-0.0318511939392917	-0.0118035343576711	-0.0055585463638361	-0.022078988911687	-0.0100582654471118
0.052561473779258	0.0535697609716369	-0.0319171455552752	-0.031097507086099	0.0167823882290588	0.00158119034244899	0.0209437913082589	0.00522964323814431	0.00348399434792928	0.0293403805751062	-0.0391391730027405	-0.0318224635657625	-0.0118476930228106	-0.00556057199067736	-0.0220450952851886	-0.0100629732832877
0.0525621820501604	0.0535837238270013	-0.0319248862437768	-0.031034325689444	0.0167919477907655	0.00160181401766109	0.0209417279628489	0.00524521541910951	0.00346105447319799	0.0293610042503183	-0.0391820729852704	-0.0318322159112651	-0.0118519468391772	-0.00556091425176433	-0.0220937620177879	-0.0100685458525772
0.0525243489287017	0.0535663872552082	-0.031960730059979	-0.0309627023183051	0.0167584732594756	0.00158847840812545	0.0209261571788677	0.00523453966716405	0.00346159929696909	0.0293870971180018	-0.0391715369317278	-0.0318124709390069	-0.0118503961869056	-0.00554116927950613	-0.0220907808538712	-0.010057294543212
0.0524847751651436	0.0535604752187997	-0.032006830532918	-0.030819550570941	0.0167298742024451	0.00157800661584814	0.0209116620725885	0.00522782296795523	0.00341594585891913	0.0294455804573691	-0.0391976772968682	-0.0317806308790303	-0.0118841584969054	-0.005525601289493	-0.0220880427651754	-0.010051650727737
0.0524887244389921	0.0535768520625653	-0.0320101902795065	-0.0307417958369012	0.0167512801887131	0.00161101315748848	0.0209185170732161	0.00525148648041325	0.00338826741436331	0.0294478980538724	-0.0392436841718774	-0.0317981616316034	-0.011893173234841	-0.00552840224247006	-0.0221536297683275	-0.010065001704097
0.052439677726737	0.0535402552719719	-0.0320326384158598	-0.0307002732806234	0.0167288767558487	0.00157964667509754	0.0209019921491435	0.00522807721904841	0.00340357137439505	0.0294726568018087	-0.0392240663251658	-0.0317718829650441	-0.0118776681091092	-0.0055020565206774	-0.0221459924566439	-0.0100401759009273
0.052476545532232	0.0535692329116741	-0.032016401270497	-0.0306741343124669	0.0167654316369214	0.00161980018702747	0.0209198609718515	0.00525982647506314	0.00337490386514709	0.0294327240133553	-0.0392534267384919	-0.0317984717620578	-0.0119028040427332	-0.00553651313173928	-0.0221649146053093	-0.0100716597299766
0.0524255695850336	0.0535183016679647	-0.0320256912142862	-0.030706491256534	0.0167396461057241	0.0015806706643904	0.0209078664669831	0.0052279836211185	0.00342717062558777	0.0294452493721544	-0.0392124029055122	-0.031784739409058	-0.0118525042358046	-0.00549995964765068	-0.0221587818454244	-0.0100318875946865
0.0524648779216263	0.0535462329666296	-0.0319924625521854	-0.030728337292771	0.0167721818637469	0.00159925893387305	0.0209187657363732	0.00523946403586436	0.00340867735101906	0.0294080253357321	-0.0392195638456421	-0.0318015339510481	-0.0118791558970995	-0.00553452382648276	-0.0221421158259649	-0.0100597909536709
0.0524931347175699	0.0535529873844072	-0.0319653903986979	-0.0308208916756084	0.0167977117468669	0.00161481993896603	0.0209317115873649	0.00525316984616754	0.00343472132426158	0.0293666117442085	-0.0392095684249185	-0.0318275918941309	-0.0118589010256709	-0.0055470589641701	-0.0221530416380515	-0.0100624242685645
0.052488623856142	0.0535370771333071	-0.0319563784547303	-0.030891809569813	0.0167877247080475	0.0015989767430993	0.0209278042230373	0.00523770662995656	0.0034653697568619	0.0293636208014036	-0.039183233878998	-0.0318237879066214	-0.0118364333315412	-0.0055324590840887	-0.0221360277695689	-0.0100467738564937
0.0525341613445176	0.0535521715457346	-0.0319109080215881	-0.0310041424525252	0.0168185771003159	0.00160776796359038	0.0209459384727107	0.00524768249290377	0.00347965950648898	0.0293136939892106	-0.0391697264404269	-0.0318430034219329	-0.0118355769803318	-0.00555916243379265	-0.0221172676710508	-0.0100598649938244
0.0525273370775386	0.0535264377029464	-0.0318942853086335	-0.0311162657876332	0.0168029238942771	0.00157418865849836	0.0209416176011106	0.00522100987684844	0.00353166503091634	0.0293030252221853	-0.0391231523899022	-0.0318369307323612	-0.0117956861013992	-0.0055438584737609	-0.022079231986908	-0.0100387942837232
0.0525811740480273	0.0535661260191948	-0.0318694832541923	-0.0311591895188915	0.0168310116551532	0.00160229877111897	0.0209582836205701	0.00524536489640056	0.0035117859481914	0.0292694445201092	-0.0391346048649674	-0.0318593355622096	-0.011826159910996	-0.00557862381829307	-0.0220705008367301	-0.0100675917124858
0.0525891438419096	0.0535692901880193	-0.0318666543615346	-0.0311978454639429	0.016829034922753	0.00159898093405138	0.0209656722690966	0.00524852906522501	0.00351318432920388	0.0292780625145808	-0.0391365592456233	-0.031857736015497	-0.0118251862131281	-0.0055726209779228	-0.0220724999208748	-0.0100627958663161
0.0525752717905071	0.0535619895494866	-0.0318830968635496	-0.0311941043407147	0.0168070268363687	0.00158779109198345	0.0209541247991174	0.00523666867082341	0.00352425682461343	0.029300065013029	-0.0391265596339476	-0.0318485187148772	-0.011816639464842	-0.0055611237993686	-0.0220624332539658	-0.0100547185046635
0.0525888602541519	0.0535825070539125	-0.0318956822926619	-0.0311545207982684	0.0168074501225293	0.0016011560381837	0.020949585998009	0.00524694907628883	0.00349300768888088	0.0293136311249293	-0.0391444871299848	-0.0318439380042479	-0.0118433511964501	-0.00556803188538932	-0.0220651615637733	-0.0100679744861096
0.052565941334181	0.0535793247242957	-0.0319243456109578	-0.0310819307141817	0.0167857158450146	0.0015970572870442	0.0209385135025994	0.00524079396465945	0.00347708486492453	0.0293423447346502	-0.0391551125905052	-0.0318258638248877	-0.0118543789883708	-0.00555563504912079	-0.0220721883934365	-0.0100573210859085
0.0525484999885857	0.0535735509893061	-0.0319379648082512	-0.0310259018757524	0.0167785786536132	0.00159664797072387	0.0209297222821083	0.00524342448558503	0.00346326450193101	0.0293700092093657	-0.0391729115640118	-0.0318202605219496	-0.011855570615747	-0.00554551669380268	-0.0220900097186875	-0.0100555622830167
0.05252878016204	0.0535786639508502	-0.0319744037396495	-0.030906638555275	0.016754321422943	0.00160115743516772	0.0209205301272011	0.00524288245578199	0.00343556510261477	0.0293884885140942	-0.0391844059485979	-0.0318077938364797	-0.01188114659934	-0.00554523170906087	-0.0220933457165475	-0.0100574230657426
