0.0525106989977597	0.0535199920186391	-0.0320309522561374	-0.0310792149772304	0.0168717588852953	0.00171736555157489	0.0209108085153471	0.00531689047865754	0.00346969761338205	0.0293252121225252	-0.0391028877395854	-0.0317472415637662	-0.01173612708433	-0.00557522635313587	-0.0221767386781262	-0.0101940355308694
0.0524820231066076	0.0535012626537696	-0.0320563424408546	-0.0310481223037091	0.0168540129971818	0.00171133197755598	0.0209048419965615	0.00531141569825002	0.00347142009468914	0.0293543378425345	-0.0391058814763584	-0.0317322421462526	-0.0117228711028839	-0.00555112977562902	-0.0221961162435849	-0.0101779408778776
0.0524519683922193	0.0534947219745483	-0.0320892805302776	-0.0309608974149403	0.0168222595502149	0.00168903331849376	0.0208885783085022	0.00529280507702292	0.00344637217105891	0.0294024248267621	-0.0391105446090453	-0.0316974320982316	-0.0117456615003242	-0.00554153249535352	-0.0221742925590924	-0.0101685224115577
0.0524428754231781	0.053500939950459	-0.032100251045853	-0.0309001635343031	0.0168215931888334	0.00170387906776417	0.0208853191447638	0.00530503567219206	0.00344130251601964	0.0294031219217923	-0.0391343003224493	-0.0317060780323837	-0.0117392647104579	-0.00553792967354413	-0.0222147673773488	-0.0101713121886626
0.0524256897256601	0.0535157619510009	-0.0321396320256152	-0.0307600600060892	0.0168089225436953	0.00171590710024918	0.0208741460665042	0.00531002290517365	0.0033894939663403	0.0294442742773025	-0.0391629748166174	-0.0316915466045197	-0.0117852394548344	-0.00553835156272073	-0.0222258286968861	-0.0101805853686434
0.0523787398864317	0.0534917673533282	-0.0321810162804742	-0.0306697924861065	0.0167813516669097	0.00169589111308945	0.0208627802044487	0.00530075810709692	0.00338085501710832	0.0294901288810526	-0.0391668528442803	-0.0316628804922557	-0.0117848035958175	-0.00551757561624952	-0.0222304890356051	-0.0101688618786766
0.0523628924996129	0.053488325184682	-0.032182625606075	-0.0306142260493906	0.0167875207483793	0.0017003167584916	0.0208663117800727	0.00530764244438916	0.00337135552571481	0.0294847644623833	-0.0391881764084907	-0.0316669261580022	-0.0117842224504617	-0.00551475929644815	-0.0222534666289051	-0.0101647268059524
0.0523523774008307	0.053478748859167	-0.0321844458762641	-0.0305863184994541	0.0167885167979916	0.00169889881970272	0.0208728734140543	0.00531123129635826	0.0033706528427485	0.0294721482996223	-0.0391849228326884	-0.0316675617857351	-0.0117880096741628	-0.00552174281960641	-0.0222490731141356	-0.0101633731284288
0.0523610540686314	0.0534813458524759	-0.032174919842174	-0.030589309442259	0.0168031837333064	0.00170529560956902	0.0208794937213652	0.00531324714431132	0.00337128288254534	0.029452348844987	-0.0391857680080257	-0.0316778617489769	-0.0117898383262561	-0.00553137223051456	-0.0222498959377284	-0.0101682863212569
0.0523690545961624	0.0534777905281234	-0.0321485461807008	-0.0306387752497226	0.0168214213597979	0.00171108331439892	0.0208924563361652	0.00531847605552984	0.00339354382303879	0.0294236701598668	-0.0391812320008853	-0.0316987396752822	-0.011767398571807	-0.00553191006936551	-0.0222707291605448	-0.0101701652647752
0.0523851841737549	0.053471925989172	-0.0321303378908739	-0.0307188922837546	0.0168336840855997	0.00170557640335874	0.0208977900211859	0.00531292444100075	0.00341653538617913	0.0293983819549837	-0.039158687472634	-0.031705163007845	-0.0117535488721489	-0.00553922747170657	-0.0222480728735713	-0.0101680725827006
0.0524182926952294	0.0534886953854496	-0.0320998668752452	-0.0307805328070262	0.0168578966127809	0.00172189876474723	0.0209095079232166	0.00532634107561005	0.00342141365440651	0.0293642117256477	-0.0391575419457307	-0.0317273303504086	-0.0117563149005252	-0.00555627626478986	-0.0222514647507924	-0.0101789299425697
0.0524305568180152	0.053471924592188	-0.0320733199877524	-0.0309054860434516	0.0168667856221539	0.00170275868657335	0.0209099032696966	0.00531383946553939	0.00346007518739404	0.0293494972928759	-0.039127709351803	-0.0317258397684502	-0.0117280022252205	-0.00555136586592983	-0.0222278682935677	-0.0101657493982612
0.0524677221811083	0.0534841230567244	-0.0320368475287375	-0.0310115506588281	0.0168880365431948	0.00171017387779639	0.0209248733505456	0.00532038293872868	0.00348262250961334	0.0292974791955923	-0.039105519657495	-0.031747526548508	-0.0117205199787641	-0.00557003516048613	-0.0222076455527718	-0.0101757685677133
0.0524771643961566	0.05348321641409	-0.0320261759677441	-0.0310670626131669	0.0168810502260685	0.00169867250829011	0.0209189599171531	0.00530964152853388	0.00350042427708796	0.0292898670296212	-0.039082644044029	-0.0317476061765976	-0.0117141399527061	-0.00556937718100872	-0.0221789584857474	-0.0101730318760016
0.0524907598447215	0.0534916933131746	-0.03202116358905	-0.0311026633541481	0.0168794464884039	0.0016962417560806	0.020916551516688	0.00530794838389139	0.00349750178650043	0.0293023895944523	-0.0390819902555037	-0.0317440243095487	-0.0117153190072261	-0.0055710256221623	-0.0221670841215055	-0.0101792624247685
0.0525130305641032	0.053513606404645	-0.0320136673727533	-0.0311089581641803	0.0168862721523669	0.00171746194347285	0.0209227066283174	0.00532313360028071	0.00348604372349903	0.0292966759297759	-0.0390983880540297	-0.0317538953986937	-0.0117308227359739	-0.00558456239739805	-0.022180017399641	-0.0101886194237911
0.0524843379091427	0.0534953073108563	-0.0320407730538575	-0.0310833584318588	0.0168601275962743	0.00169527364614887	0.0209124541625326	0.00530668970128175	0.00348584954271907	0.0293360219849374	-0.0390890827434162	-0.0317303520268621	-0.0117251607597066	-0.00556204720581141	-0.02217142734485	-0.0101738602875305
0.0524768486777662	0.0535025702308202	-0.032064266134264	-0.0310126389093863	0.0168471398357618	0.00170061431608966	0.0209061048701232	0.00530657654557544	0.00346056832275609	0.0293561148062187	-0.0391081278266761	-0.0317181270196291	-0.0117418365580543	-0.00555777941960447	-0.0221762790703808	-0.0101774826671162
0.0524607777735028	0.0535047383500324	-0.0320873554862863	-0.0309420968038853	0.0168356510391117	0.00169788740326612	0.0208953089775513	0.00530735885663138	0.00343732250852257	0.0293917881903694	-0.0391255174838623	-0.0317054312287785	-0.011761215520497	-0.00555174444860154	-0.0221817775995168	-0.0101756945275598
0.0524275463174339	0.0534987983739434	-0.0321204081283996	-0.0308480797787702	0.0168111144116359	0.00169845178481361	0.0208874914549281	0.00530577747071117	0.00342624163120885	0.0294096081186364	-0.0391345196489417	-0.0316946521000149	-0.0117641380110846	-0.00554185938961618	-0.0221934396221864	-0.0101679328842977
0.0524134786882673	0.0535081330212215	-0.0321461880716608	-0.030735502423853	0.0168134976663885	0.00171625774324032	0.0208905229102698	0.00532302463552649	0.00338003219351556	0.0294470165569504	-0.039181220825013	-0.0316919112173511	-0.0117897614921345	-0.00553373173653862	-0.0222372350714785	-0.0101764125773504
0.0523674299037373	0.0534832066352018	-0.032173148466426	-0.0306577001923561	0.0167942262717159	0.00169801452881271	0.0208765265272887	0.00530368618562057	0.00337803869730695	0.0294808529071036	-0.0391811803124762	-0.0316706812510706	-0.0117831272149834	-0.00551297115689173	-0.0222471857887132	-0.0101559872738704
0.0523814109198941	0.0535000933781378	-0.0321752160027881	-0.0305976298791325	0.016811560049541	0.0017092462804015	0.0208784376014397	0.00530738539932792	0.00334997608214331	0.0294614627687887	-0.0391925685262762	-0.0316718994211435	-0.0118118603824807	-0.0055369657545645	-0.0222386138947146	-0.010174818618574
0.0523361151097554	0.0534603184488795	-0.0321883029491667	-0.030593774203214	0.0167922369664594	0.0016843129094616	0.0208676081812511	0.00528967164184709	0.00339267908992518	0.0294699899592984	-0.0391776710885967	-0.0316697871812924	-0.0117626530170623	-0.00550467865969881	-0.0222525725591269	-0.0101434926487199
0.0523573101514352	0.0534726398480105	-0.0321633975179073	-0.0306101524439636	0.0168158236447958	0.00170387627379611	0.0208765991704582	0.0053039823462346	0.00338568858184678	0.0294402677271089	-0.0391809959105844	-0.0316848913726081	-0.0117725492519199	-0.00552481199351693	-0.0222566349886817	-0.0101627542645042
0.0523794593332063	0.0534827190877758	-0.0321364427110783	-0.0306542985362468	0.0168331672015091	0.00171373199611688	0.0208858290439342	0.0053196718738582	0.0033899116645648	0.0294103373442992	-0.0391773316214778	-0.0317025953512007	-0.0117787197303736	-0.00553860441682988	-0.0222566810891546	-0.010170154088903
0.0523720567148395	0.0534618383675025	-0.0321313507042945	-0.0307271247106343	0.0168215401034403	0.00169088432233146	0.02088365673377	0.00530252389490889	0.00342763721825328	0.0293945304700172	-0.0391381979078886	-0.0316984421176841	-0.0117509407029677	-0.00553337829957942	-0.0222201178261778	-0.0101551155558366
0.0524130176835379	0.0534844038505142	-0.0320993527851227	-0.0307885347315412	0.0168549238307683	0.00171244397684264	0.0208959404143322	0.00531829444760614	0.00342387234629659	0.029363295304125	-0.0391467684049032	-0.0317224129666284	-0.0117583712610151	-0.00555518102931155	-0.0222231674423119	-0.0101724032331888
0.0524511902721155	0.053483952624673	-0.0320561063505538	-0.0309350993108868	0.0168848486256419	0.00172082169006129	0.0209236523865047	0.00533145543413823	0.00346059207148457	0.0293113903625477	-0.039127661854346	-0.0317493286579047	-0.0117288040940528	-0.00556864097042573	-0.022227932554833	-0.010174329674164
0.0524659312475838	0.053480566335388	-0.0320345704447711	-0.0310401413339545	0.0168840327869693	0.00170590190063737	0.0209325372049257	0.00532371055468446	0.00349218626227215	0.02928636758463	-0.0390927596053791	-0.0317553524530354	-0.0117127667174061	-0.00556820511140885	-0.0221976347652238	-0.0101698034459118
0.0524678297488784	0.0534755134441571	-0.0320328060539432	-0.0310859638070719	0.0168694133491115	0.0016892708057786	0.0209204211624469	0.00530654301795876	0.00350901572886297	0.029294323408672	-0.0390714374381527	-0.0317435968324359	-0.0117057049631423	-0.00556746890082585	-0.0221620298332906	-0.0101633228370038
0.0524892664687951	0.0534908928413263	-0.0320170019736292	-0.0311104599220109	0.0168793389206337	0.0017047396099257	0.0209221659954984	0.00531877081915984	0.00349924941352003	0.0292936989568113	-0.0390893844919663	-0.031750077441344	-0.0117095257144601	-0.00557131200388813	-0.0221767582359026	-0.0101736032424692
0.0524998849443954	0.0535054675756952	-0.0320210685941361	-0.0311036635947124	0.0168822236926524	0.00171023953604573	0.0209245143256503	0.00532543303599155	0.00348295638879613	0.0293005846910876	-0.0390969603363526	-0.0317494725472596	-0.0117253046490615	-0.00558235236866503	-0.022171772399905	-0.010180709700222
0.0525046486599324	0.0535156627651349	-0.0320397071550437	-0.0310615948176795	0.0168789407801856	0.00171806544057315	0.0209220807794727	0.00533236487074075	0.00345922163015265	0.0293153172846517	-0.0391120449698919	-0.0317450664596339	-0.0117458878117368	-0.00558150020840767	-0.0221737142077046	-0.0101867865807458
0.0524760104873491	0.0535073646800059	-0.0320694405631054	-0.0309989037624185	0.0168562481716273	0.00171068377696678	0.0209067195430958	0.00532308330885569	0.00344857661185581	0.0293538237524121	-0.0391233605405224	-0.0317277047421282	-0.0117473239113181	-0.00555756707803215	-0.0221843145225125	-0.0101738952121312
0.0524495348460418	0.0534943000853717	-0.0320920270008775	-0.030936531219516	0.0168349357832892	0.00170072607481194	0.0208972535793189	0.00531406437996797	0.00343801541260068	0.0293881001525343	-0.0391263221466627	-0.0317084040107911	-0.0117563651919502	-0.00554888342531126	-0.0221832975181398	-0.010165099800688
0.0524284641359406	0.0535029124919072	-0.0321243182866953	-0.0308190881692276	0.0168214199628138	0.00171716159190673	0.0208971935090057	0.00532591778944943	0.00340795930122844	0.0294083578179309	-0.039157853473169	-0.0317090452264601	-0.0117739490299164	-0.00554590365837856	-0.0222073857137425	-0.0101718430425934
0.0523730960709567	0.0534803120842948	-0.0321669905608285	-0.0307081145519751	0.0167881801248407	0.00169523173662802	0.0208753530607048	0.00530830182085059	0.00339011981518504	0.0294686376787588	-0.039167668682953	-0.0316737993194222	-0.0117767681436858	-0.00551857026887778	-0.0222157033566479	-0.0101516175078294
0.0523852009375633	0.0535014694074058	-0.0321705095635962	-0.0306252887659119	0.0168076387153731	0.00171895951035136	0.0208782937120847	0.0053281403910387	0.00335246969863411	0.0294648281033132	-0.0392013401889909	-0.0316798664210578	-0.0118046058444209	-0.00553818252765328	-0.0222423564149268	-0.0101748507492066
0.0523745573162505	0.0534916080971489	-0.0321801250046641	-0.0305971521105948	0.0168025383266852	0.00171224979606268	0.020870108782662	0.00531673681041441	0.00336272495838701	0.0294600406390477	-0.0391953988159178	-0.031677277809653	-0.0117958034480576	-0.00553322463133629	-0.0222464062716253	-0.0101651766348096
0.0523676645970541	0.0534805356017394	-0.0321687563486405	-0.0306157124403968	0.0168154269013318	0.00171887988226174	0.0208736319763818	0.00532209284717951	0.00337986036448006	0.0294486328674713	-0.0391984470350679	-0.0316924183225534	-0.0117707108209384	-0.00552297356253547	-0.0222790929039231	-0.0101586136038439
0.0523446646520096	0.0534581168020507	-0.0321748807266212	-0.0306328338766496	0.0167993559970684	0.0016902920011034	0.0208666582321117	0.0052984447015458	0.00339973106530083	0.0294489010884048	-0.0391639806451178	-0.0316729723048773	-0.0117584620649769	-0.00551432343743127	-0.0222448053279287	-0.0101439061559923
0.0523452080787966	0.0534497195310556	-0.0321529913838794	-0.0306781562294848	0.0168005029209558	0.00167749143645065	0.0208670899001765	0.00528640409620453	0.0034226262365432	0.0294328818725505	-0.0391470086861561	-0.0316743287763689	-0.0117428088589381	-0.00551921148454684	-0.0222236312410094	-0.0101437874123499
0.0524053691959821	0.0534874171450635	-0.0321177524617615	-0.0307268257560522	0.0168417097588432	0.00171550197488093	0.020892494054734	0.00532258179158947	0.0034106135708825	0.0293684320143976	-0.0391593342762392	-0.0317140799568987	-0.0117652597892594	-0.00555894031333212	-0.0222297877496228	-0.0101721392032074
0.0524442304976857	0.053496327109197	-0.0320784664769133	-0.0308504616365387	0.0168778441477232	0.00172821173557183	0.0209089142050045	0.00533573858716948	0.00343163818051078	0.0293452672252378	-0.0391588732715098	-0.0317397257896931	-0.0117475208860661	-0.00555890399174738	-0.0222596804138637	-0.0101745392217683
0.0524395980986474	0.0534677336401026	-0.0320606130210296	-0.0309682609177543	0.0168673332398931	0.00169496910363067	0.0209137142421263	0.00531076610067678	0.00348791428511313	0.0293160479072986	-0.0391016583936403	-0.031733092909526	-0.0117130824357966	-0.00555477450695926	-0.0222089028383974	-0.0101576915943851
0.0524811723433342	0.0534874031752233	-0.0320259007618905	-0.0310674803113914	0.0168957870105847	0.00171649383354113	0.0209262088672768	0.0053291615863635	0.00350061007596374	0.0292793239911585	-0.0391045417686751	-0.0317632901162851	-0.011706131043271	-0.00556867729201047	-0.0222121438413434	-0.010167995748579
0.0524769813912489	0.0534795688887917	-0.0320368195890569	-0.0311017567115136	0.0168706301222003	0.00169430972716924	0.0209111326156417	0.00530943617188169	0.00350542687689386	0.0292956519404831	-0.0390736404819656	-0.0317388037802343	-0.0117080868209108	-0.00556120063349017	-0.0221648363742037	-0.0101579933429352
0.0524823290461098	0.0534832401628184	-0.032034221198764	-0.0311112729667155	0.0168654724571672	0.00168975555923647	0.0209072937035315	0.00530626781210515	0.00350500778168533	0.0293066769384357	-0.0390787087400208	-0.0317354677823744	-0.0117053319684067	-0.00555891516761961	-0.0221624615013554	-0.0101596641358333
0.0524900390009629	0.0534965604055298	-0.032041486912696	-0.0310869109622432	0.0168603748624474	0.00170166764204712	0.020902017294856	0.00531335191811346	0.00348475570422479	0.0293231264253707	-0.0390925235150783	-0.0317332340049129	-0.0117282886069463	-0.00556296223035005	-0.0221603618343606	-0.0101661251869649
0.052473698478782	0.0534949720346894	-0.0320655387867139	-0.0310405548412269	0.0168441684507332	0.0017025603148413	0.0208983278600368	0.00531303759670705	0.00347033743206708	0.0293497012525441	-0.0391033208046342	-0.031718416195323	-0.0117340791057443	-0.00555290534232919	-0.0221682757488818	-0.0101637125955477
0.0524769492606162	0.0535136008167089	-0.0320814434498779	-0.030951115732773	0.0168389702731633	0.00171066142522232	0.0208902463074322	0.0053185235529868	0.00342841533835713	0.0293767342904787	-0.0391277861859246	-0.0317092645529526	-0.0117756882750318	-0.00556056221178916	-0.0221728257258625	-0.0101754151307541
0.0524597621661141	0.0535096012514354	-0.0320984740821688	-0.0309034827683548	0.0168327578851888	0.00171727893856512	0.02088434684388	0.00532266002269506	0.00343208242143183	0.0293875762835236	-0.0391430957338924	-0.0317122359379811	-0.0117582301656282	-0.0055496755152554	-0.0222100399833965	-0.0101708316261568
0.0524289055828936	0.0535086513022961	-0.0321404841858726	-0.030776200759554	0.0168066845752817	0.0017193688266717	0.0208739421068361	0.00532235827414492	0.00339192751251787	0.0294324921140065	-0.0391609883053289	-0.031692398764777	-0.0117921489378391	-0.00553654386538791	-0.0222158849645716	-0.0101696805113173
0.0524012103745294	0.0535044477773545	-0.0321717556733496	-0.0306664774430069	0.016793495649069	0.00171471826684096	0.0208654693987035	0.00532041227539328	0.00336255592331957	0.0294661971476611	-0.0391855095659804	-0.031676932754598	-0.0118071930588416	-0.00552472118955508	-0.0222360923385432	-0.0101598247889966
0.0523554577506134	0.0534705192262553	-0.0321945083522211	-0.0306129436180524	0.0167712123568311	0.00168932808212376	0.0208591676037511	0.00530125822737911	0.00337791296874439	0.0294895561176009	-0.0391723876950011	-0.0316512939067237	-0.011789980818627	-0.00550869359179659	-0.0222333416769912	-0.0101512626738861
0.0523648818048694	0.0534807702950561	-0.032187386527644	-0.0305835371042534	0.0167927063530929	0.00171097854059678	0.0208779570389339	0.00532302044457441	0.00336301832503299	0.0294614962964053	-0.0391939431585602	-0.0316719776522491	-0.0117978570145794	-0.00552461641575294	-0.0222533772219273	-0.0101621340035956
0.0523774155455727	0.0534851009455444	-0.0321686166502376	-0.0306078613901569	0.0168180476433692	0.00172563569702336	0.0208908707592929	0.00533609062714465	0.0033648008766533	0.0294339980627892	-0.0392009001390219	-0.0316912057404167	-0.01179111237569	-0.00552969584968041	-0.0222786626328424	-0.0101639053793437
0.0523744623213365	0.0534734081892262	-0.0321464912171949	-0.0306504666090568	0.0168292430733732	0.00172138607160879	0.0208937736921041	0.00533429969362017	0.00338060076601514	0.0294158680040679	-0.0391870224996832	-0.0316992998658776	-0.0117798945939415	-0.00553231379774974	-0.0222694341563504	-0.0101581190714978
0.0523843320134976	0.0534656200032675	-0.0321307653679866	-0.0307100214351739	0.0168331895532536	0.001706914714058	0.0208961108463837	0.00532078946108096	0.00340155692342602	0.0293952499167919	-0.0391547787113224	-0.0316994214034881	-0.0117774680326841	-0.00554392413201024	-0.0222282720219519	-0.010159112327142
0.0524006711386944	0.0534699115382029	-0.032111833440433	-0.0307670407352794	0.016843225486514	0.00171496134206191	0.0209001341603856	0.00532414222274926	0.00342229934228054	0.0293624822594204	-0.0391453239234178	-0.0317136594647061	-0.0117596760440977	-0.00554752276286755	-0.0222305518998864	-0.0101622192196213
0.0524321884953604	0.0534720139991658	-0.0320791984965442	-0.0308776357698602	0.0168630528808299	0.00170778782907579	0.0209059917144169	0.00532061204410935	0.00344083033541802	0.0293397742840379	-0.0391284022558811	-0.0317203412393142	-0.0117512256877095	-0.00555514331074278	-0.0222084669793805	-0.0101618378429816
0.052466382473425	0.053476837785016	-0.0320433281376455	-0.0310037485030292	0.016883232315121	0.0017109352340919	0.020919398570138	0.00532443000145912	0.0034815063193746	0.0292895904267836	-0.0391039312866546	-0.0317485756835134	-0.0117189539596682	-0.00556312707446541	-0.0222063701063538	-0.0101642783740793
0.0524479534601216	0.0534490657425303	-0.0320401206623162	-0.0310846953455741	0.0168574048744029	0.00167871519445958	0.0209090832400719	0.00530023423808625	0.00352639979811308	0.0292965082916925	-0.0390639998951852	-0.0317384838708918	-0.0116813024461332	-0.00554127824426034	-0.0221738594940435	-0.0101416248810738
0.0525150729547528	0.0535069092632126	-0.0320064393773901	-0.0311182928114584	0.0169027090664457	0.00173401061627395	0.0209340696964049	0.00534504669175108	0.00348406280014667	0.0292661294770097	-0.0391055322303512	-0.0317751435257666	-0.011721940711521	-0.00557943546601361	-0.0222012208232249	-0.0101800056202716
0.0524936921141973	0.0534893729227034	-0.0320379232064394	-0.0311153102505577	0.0168605634552912	0.00169302729583112	0.0209064527191463	0.0053128923103681	0.00349167217214968	0.0293083393494295	-0.0390647528695766	-0.0317320172318241	-0.0117296199327254	-0.00556646167534133	-0.0221416212936188	-0.0101683058790333
0.0524765231804875	0.0534845645036774	-0.0320456820557335	-0.0310957776198718	0.0168499435827069	0.00169020818206169	0.0209004373059198	0.00531132489428817	0.0034938822008827	0.0293301742097943	-0.0390831287974869	-0.0317305224589136	-0.0117119648485738	-0.00554822544583386	-0.0221647804948426	-0.0101569763385625
0.0524870326913336	0.0535088873925969	-0.0320597147602993	-0.0310167376605258	0.0168507747882038	0.00171421814655878	0.020899659185816	0.00532833876277074	0.0034449137197332	0.0293382473804948	-0.0391073315457799	-0.0317239245033472	-0.0117573570506104	-0.00556514152543444	-0.0221649998213351	-0.0101768652001757
0.0524601924371949	0.053498632132844	-0.0320879855260832	-0.0309499911606301	0.0168302600777459	0.00170351585191677	0.0208859841091614	0.00531801644778447	0.00343367498322427	0.0293796022986892	-0.0391179667851885	-0.0317065977104423	-0.0117623372986719	-0.00554593718599525	-0.0221760373921439	-0.0101630252794057
0.0524462728883353	0.0535043150638717	-0.0321057942784779	-0.0308673735251872	0.0168211908574332	0.0017156137336032	0.0208856767726751	0.00532653805035806	0.00342129770473214	0.0293833853314382	-0.039138904781807	-0.0317104589742969	-0.011762443469458	-0.00554508223176983	-0.0222065866388782	-0.0101676465025719
0.0524088043797081	0.0534957920643141	-0.0321480684121631	-0.0307363769358548	0.0167944735378889	0.00170617431252292	0.0208655308660008	0.00531709862927778	0.00338396330657164	0.0294436162978251	-0.0391567931622914	-0.0316766477698562	-0.0117941228762714	-0.00552790072520384	-0.0222104604755891	-0.0101650830368797
0.0523937057763285	0.0534991112983657	-0.032170744256913	-0.0306387109884573	0.0167951776178393	0.001715014427455	0.0208623680941603	0.00532504467443164	0.00335433606929613	0.0294622464768286	-0.0391840064111658	-0.0316718980241594	-0.0118112331366519	-0.00552891772957656	-0.0222296047447151	-0.0101718891430663
0.0523835413205375	0.0534952276827666	-0.0321678105904532	-0.0306042390105711	0.0168076778309259	0.00172331251258403	0.0208714484903453	0.00533173343395989	0.0033493125147298	0.0294569547013288	-0.0391966295588469	-0.0316802966921385	-0.0118068019033136	-0.0055272357608063	-0.0222636632153288	-0.0101725317557194
0.0523731798899984	0.0534872578888843	-0.0321729640645342	-0.0305968978595016	0.0168142143191951	0.00172584803859568	0.0208770685570918	0.00533657118965044	0.00335175863376362	0.0294474649888235	-0.039194965750869	-0.0316838408406187	-0.0118021206098343	-0.00552633191213989	-0.0222677885091649	-0.0101684539593403
0.0523569455386037	0.0534687883630441	-0.0321758767762335	-0.0306028951119358	0.0168009974533018	0.00170737851275545	0.0208693949238235	0.00532212497781217	0.00337008007929683	0.0294395007828773	-0.0391743644274014	-0.031676047066724	-0.0117860790422355	-0.00552059449873502	-0.0222497129328207	-0.0101496407754291
0.0523813927591017	0.0534795563159354	-0.0321412818637528	-0.0306626469128009	0.0168270316476562	0.00171651478830156	0.0208852814261951	0.00532956252077967	0.00338922993635892	0.0294084709736372	-0.0391766945967608	-0.031699365524127	-0.0117690526008967	-0.00553224534553234	-0.0222691645384329	-0.0101665889856623
0.0523723514784695	0.0534579533549194	-0.032134073426166	-0.0307326637523071	0.0168182809397019	0.00168959211210514	0.0208787435409419	0.00530829483593044	0.00342898251387268	0.0293940205708469	-0.0391366961500581	-0.0316935652464408	-0.0117448121340349	-0.00552488044573432	-0.0222312448039645	-0.0101502833880822
0.0524236096164417	0.0534904136758046	-0.0320997355587465	-0.0307933207988227	0.01685657506589	0.00172100190100096	0.0208948870883747	0.00533154623810008	0.00342062854938251	0.0293518484169958	-0.0391489393180834	-0.0317222592983853	-0.0117592681247614	-0.00555346273895654	-0.0222388164573987	-0.0101747082568357
0.0524422761170299	0.0534743455655093	-0.0320621594823491	-0.0309328822972336	0.0168687819123306	0.00171018645065265	0.0209010142603236	0.00532198248544126	0.00346931344277423	0.0293166472134468	-0.0391125031806532	-0.0317345723156121	-0.0117186075076291	-0.00555261057869919	-0.0222266319627025	-0.0101645801226294
0.0524589854429943	0.0534727711645092	-0.0320399292755043	-0.0310282893214571	0.0168721919503441	0.00169752558440275	0.0209038208012367	0.00531341198842668	0.00349520933570973	0.0292924304953135	-0.0390813993312597	-0.0317361690683566	-0.0117097883474575	-0.00555758244485646	-0.0221873920783272	-0.0101657968957182
0.0525222087491702	0.0535129945256406	-0.0320012258329959	-0.0310991988337575	0.0169129741050868	0.00174474504154861	0.0209244640342252	0.00535157898906815	0.00348174380665944	0.0292523216868724	-0.0391076947616273	-0.0317789600861323	-0.0117192082107613	-0.00558477194500231	-0.0222171967325743	-0.0101947745354205
0.0524844943713539	0.0534779623571589	-0.0320271384897397	-0.031133538098161	0.0168633909509648	0.00169348550659245	0.0208979478803811	0.00531138356761736	0.00351302926397672	0.0293007285804425	-0.0390643170105597	-0.0317392927246443	-0.0116978916314711	-0.00554680331609289	-0.0221769705774749	-0.0101564706303442
0.0524959217007067	0.0534943070702919	-0.0320320726373282	-0.0311044081871996	0.0168588814865209	0.00169825201609754	0.0208986463723953	0.00531094212066437	0.00349039253477961	0.0293060091800701	-0.0390722686436497	-0.0317296535348479	-0.0117266303869045	-0.00556452266150984	-0.0221530933264605	-0.0101707031036261
0.0524993429145924	0.0535075630517379	-0.0320487903451968	-0.0310712368014439	0.0168631967701848	0.00170960809926487	0.0209053532927159	0.00532066652648646	0.00347325014376642	0.0293205839144389	-0.0390954013021769	-0.0317353518327	-0.0117332898097682	-0.00556284488369166	-0.022174862528576	-0.0101777872096344
0.0524659284536157	0.053495293341016	-0.0320714536170904	-0.031003151990849	0.0168465684692941	0.00170026646706658	0.0209059134833114	0.00531541526352349	0.00345961697663271	0.0293521683263383	-0.0391080509925546	-0.0317229675692877	-0.0117294886162267	-0.00554362098647607	-0.0221949329981128	-0.010167504010201
0.0524777134108798	0.0535142532082502	-0.0320794499536693	-0.0309442719080176	0.0168585992957472	0.00171815345056694	0.0209062319956698	0.00532652966845389	0.00341985881118283	0.0293684459842379	-0.0391354709950651	-0.0317180893010604	-0.0117652011159302	-0.00556022274467025	-0.0221964473287996	-0.0101906324777761
0.0524093422185591	0.0534817342140358	-0.0321388804482079	-0.0308293811475493	0.0167985206006194	0.00168630500868618	0.0208763952107901	0.00529709521497431	0.0034270588668655	0.0294194331073085	-0.0391227277067575	-0.0316850729805318	-0.0117534636561231	-0.00552347368281766	-0.0221822735288469	-0.0101606112910046
0.0524054460301037	0.0535011508950473	-0.0321628261514397	-0.0306998597733509	0.0167999664790888	0.00170636989028691	0.0208714037868564	0.00531054398021626	0.00337237951500767	0.0294494892186808	-0.0391707685905121	-0.0316766310060478	-0.0117917368275507	-0.00552774985092877	-0.0222110025053921	-0.0101761750900656
0.0523842398125517	0.0534923722474125	-0.0321699731217293	-0.0306456735568552	0.0168022966484483	0.00171415388529347	0.0208670284328793	0.00531598104205501	0.00337323446923309	0.0294621458939786	-0.0391951934592656	-0.031678994703024	-0.0117769790882741	-0.00551115926860682	-0.022265535173927	-0.0101679440601699
0.0523646107899679	0.0534800969487544	-0.0321790968244191	-0.0305999907821406	0.0167925470969137	0.00170111862732394	0.0208597599249792	0.00530272226664093	0.00336782115612282	0.0294685343019407	-0.0391816301413334	-0.0316644032048468	-0.0117911319334664	-0.00551395742761582	-0.0222423829576234	-0.0101646178411982
0.0523870561323531	0.0534925063578792	-0.0321645192960822	-0.0305894589195501	0.0168200439335458	0.00172718495231091	0.0208709176364145	0.00532532407123733	0.00335492839052419	0.0294366202018106	-0.0391982780000005	-0.0316861696129941	-0.011800291957741	-0.00553147700431669	-0.0222637917378595	-0.0101805951475316
0.0523732637090401	0.0534718966525074	-0.0321597374197528	-0.0306261395291852	0.0168203778127286	0.00171392897086489	0.020872413806309	0.00531589023809316	0.00338275491538702	0.0294248841389876	-0.0391774475711522	-0.0316889649780351	-0.0117741418137123	-0.00552193420641831	-0.022266028309289	-0.0101610164163728
0.0523715551975733	0.0534596604694021	-0.0321353167419513	-0.0306931151344615	0.0168248607344759	0.00170234098834884	0.0208790201437795	0.00531230418009212	0.00341354584035824	0.0294098092843365	-0.039162615791722	-0.0316967978674826	-0.0117467930573872	-0.00552192163356204	-0.0222594443235629	-0.0101570922882369
0.0523948918157687	0.0534680437705569	-0.0321141482429681	-0.0307511388660835	0.0168434587828468	0.00171235596684885	0.0208945336514155	0.0053249790161823	0.0034166317780771	0.0293691975616452	-0.0391518185021661	-0.0317119062497504	-0.0117505914569606	-0.00554049453622038	-0.0222374264582904	-0.0101665680309019
0.0523972289700483	0.0534538853374285	-0.032103831515918	-0.0308253564365633	0.016847002931327	0.00168927918768277	0.0208963567155727	0.0053089653882641	0.00343794556339926	0.0293675337536673	-0.0391252297051525	-0.0317061269268247	-0.0117358714362528	-0.0055334411638607	-0.0222128269665333	-0.0101555136962847
0.0524571400270927	0.0534817216411795	-0.0320451945083075	-0.0309601290737246	0.0168939499765873	0.00171812131993428	0.0209256235309688	0.00533172784602378	0.00346198207059289	0.0292894451404446	-0.0391233214249696	-0.0317531913187434	-0.0117176910861064	-0.00556237829102615	-0.0222227204074228	-0.0101750854425234
0.0524715834449629	0.0534791330297748	-0.0320304828695038	-0.0310515435175948	0.0168896849843484	0.00170824603983712	0.0209216714631523	0.00532402068513878	0.00348809309906877	0.0292736242963224	-0.0390882249952227	-0.0317526730376688	-0.0117119201450849	-0.00556346933555238	-0.0221865063904532	-0.010171236751525
0.0524951338017146	0.0534933627090886	-0.0320233386931823	-0.0310938414000084	0.0168897213059332	0.00171373618706896	0.0209217301364815	0.00532866146608131	0.00348435197584056	0.0292704866701945	-0.0390876969352599	-0.0317554753876299	-0.0117189693264925	-0.0055719043251162	-0.0221687674872598	-0.0101771906974543
0.052495052776641	0.0534914488409697	-0.0320183458722646	-0.0311267347859424	0.016887405106414	0.00170947538578217	0.0209167093758833	0.00532285839442711	0.00349551387822793	0.0292873482674179	-0.0390867050765997	-0.031756070502826	-0.0117076509618939	-0.0055633575768301	-0.0221763810502149	-0.0101705661991914
0.0524699601495218	0.0534767944785111	-0.0320423656156499	-0.0311022735956041	0.0168572386333035	0.00168634971217509	0.0209058771617266	0.00530281726155487	0.00349719864096625	0.0293219347979945	-0.0390764148922461	-0.0317312516845765	-0.0117085590015124	-0.00554443961911674	-0.0221546467727002	-0.0101582196543479
0.0524876012638332	0.0535052761888833	-0.0320567769028875	-0.0310439299546397	0.0168600828927854	0.00171125514343442	0.0209049663281401	0.00531802203572059	0.00345761928947201	0.0293330939064138	-0.0391081040779476	-0.0317299273437175	-0.0117406505186141	-0.00555974497613251	-0.0221600726586667	-0.0101787106160773
0.052447189309858	0.053488177104375	-0.032088270510825	-0.0309713985438822	0.0168291480784593	0.00169069153853554	0.0208876437261872	0.00530447687858067	0.00345178548416918	0.0293769480290351	-0.0391138261245282	-0.0317054968870278	-0.0117376330331126	-0.00553296758627506	-0.0221677169552704	-0.0101587505082787
0.052440805092848	0.0534946451404268	-0.032098186303459	-0.0309070394896912	0.0168310787103866	0.00170301573163458	0.0208916977738378	0.00531762808622456	0.00342805631346181	0.0293836395825314	-0.0391359012661459	-0.0317066954993243	-0.0117492475583252	-0.0055387036026959	-0.0221850982305525	-0.0101696944811576
0.0524429550512677	0.0535210914450695	-0.0321164658394713	-0.0307936001956284	0.0168419234973995	0.0017455105887962	0.0208998379997716	0.00535158457700426	0.00337531038749938	0.0294020392591702	-0.0391874849013966	-0.0317199235410897	-0.0117852520276907	-0.00554766246127039	-0.0222405263658495	-0.0101893374735817
0.0523873271472546	0.0534925762070806	-0.0321729431097738	-0.0306836463767167	0.0167955492155909	0.00170812170825859	0.0208702498780489	0.00531985068781384	0.00336286605377388	0.0294635791995918	-0.0391743588394652	-0.0316700735630183	-0.0117954835387151	-0.00551830903286446	-0.0222203818561592	-0.0101649237807004
0.0523628757358045	0.0534833463336046	-0.0321863974629518	-0.0306138628335432	0.0167923319613733	0.00170631261394174	0.0208711006413222	0.00531705811674095	0.0033632250786692	0.0294720742594688	-0.0391901154223222	-0.0316700721660342	-0.0117860273538264	-0.00551321143814462	-0.0222476495874106	-0.0101609884766923
0.0523606377673909	0.0534828070977696	-0.0321769007655264	-0.0306096187960647	0.0168112610949589	0.00172048082595835	0.0208832571963378	0.00533198628806904	0.00336588214229132	0.0294528936687581	-0.0392012270332846	-0.0316867270096215	-0.0117745189994	-0.00551875746473759	-0.0222733792392468	-0.0101680767736526
0.0523643523479226	0.0534815595910322	-0.0321690734640149	-0.0306137049743479	0.0168208318325379	0.00172596119430199	0.0208888493234038	0.00533549970290061	0.0033572362081392	0.0294367151967246	-0.0391963054585523	-0.0316925789757167	-0.0117833437475078	-0.00552362595407677	-0.022266222490069	-0.0101661503326774
0.0523721237700729	0.0534758305595315	-0.0321414983962772	-0.0306703289279734	0.0168298326006332	0.00171028563651867	0.0208942738123862	0.00532065115966214	0.00338963925267926	0.0294056169352671	-0.0391767770188185	-0.0316969892542945	-0.0117730018747451	-0.00552660572100946	-0.0222496221288588	-0.010163430404774
0.0523848321337798	0.0534714398387301	-0.0321268677825472	-0.0307405678879402	0.0168418927637509	0.00170743718608465	0.0208979967748221	0.00531936733133999	0.00341645156713742	0.029376304019398	-0.039154904439885	-0.0317060067861982	-0.0117545491127132	-0.00553707611630275	-0.0222309011458935	-0.0101648483435629
0.0523963642369347	0.0534677951073998	-0.0321020140396969	-0.0308164311056055	0.0168567105733407	0.00170998388796852	0.0209029127616182	0.00532287515823545	0.00343278929535023	0.029360544642573	-0.0391451604762865	-0.0317206485758005	-0.0117372279077444	-0.00553495409756352	-0.022235886981891	-0.0101576524788323
0.0524611689290308	0.0534933054327435	-0.0320498380832181	-0.0309419515175464	0.0168983588581811	0.00173540480633435	0.020923617461904	0.00534456333527724	0.00344435213215376	0.0292953068854281	-0.0391347375784502	-0.0317558455883975	-0.0117409089606594	-0.00556831826711515	-0.0222254193805658	-0.0101790584651003
0.0524521318393507	0.0534671245550662	-0.0320443688907467	-0.0310432342565935	0.0168777659166176	0.00169605875117287	0.0209151168140908	0.00531677313199915	0.00349175319722333	0.0292907177928946	-0.0390814133010999	-0.0317421733057109	-0.0117117469190653	-0.0055512708710159	-0.0221762748794287	-0.0101569595747542
0.0524706781993125	0.0534739138974445	-0.0320279459465082	-0.0310947829672436	0.0168871704130972	0.00170579852381927	0.0209252589181374	0.00532067909934271	0.00350218587394784	0.0292768541233962	-0.039083922284415	-0.0317558134577648	-0.0117014483528076	-0.00555728907821049	-0.0221764816330649	-0.010164855328483
0.0524987100808275	0.0534936085782777	-0.0320194271379026	-0.0311148520397964	0.0168951751315802	0.00171420557370252	0.0209295755987854	0.0053269180300138	0.00348806236542015	0.0292816848941666	-0.0390923908015956	-0.0317582023004535	-0.0117195728235928	-0.00556888683961473	-0.022176925873986	-0.0101776824358323
0.0524729510923268	0.0534778855230374	-0.0320470636729376	-0.031100154370833	0.0168592013958635	0.00168878186136864	0.0209084881248758	0.00530549527993742	0.00349916140352623	0.0293148227523056	-0.0390760838070314	-0.0317361732593087	-0.0117123629890219	-0.00554162749026746	-0.0221551427020303	-0.010158179141811
0.0524875970728811	0.0534984994193613	-0.0320624137334423	-0.0310535230439631	0.0168584693762325	0.00170315962098951	0.0209057444482439	0.00531815195523523	0.00346324773812267	0.0293306533753161	-0.039094473704782	-0.0317246565229781	-0.011748254302681	-0.00555552468738255	-0.0221459281953786	-0.0101807488157748
0.0524677124022201	0.0534974125657871	-0.0320718377876982	-0.0310032232370345	0.0168559520110133	0.00171584144199984	0.0209051493330478	0.0053263634273545	0.00345905399206924	0.0293523876528308	-0.0391237908116032	-0.0317321359754665	-0.0117310574292907	-0.00553817135178106	-0.0222117009974064	-0.0101679552360422
0.0524557961284573	0.0535021259898992	-0.0320980591779124	-0.0309280794661438	0.016838559559859	0.00170931193865084	0.0208941718325522	0.00531978922051659	0.00342722231399683	0.0293815762371214	-0.0391282863062067	-0.0317081106441451	-0.0117664430347315	-0.00554130338997286	-0.0221860216369953	-0.0101722495649456
0.0524162097920429	0.0534947708689893	-0.0321367067410596	-0.0308150033879284	0.0168131889329182	0.00170948935562245	0.0208876213744427	0.00532302882647858	0.00341164175112745	0.0294111238463073	-0.0391468172993442	-0.0317007583172033	-0.01176872430965	-0.00552483155129332	-0.0222102523249689	-0.0101639808164812
0.0523984359642489	0.0534995052478618	-0.0321679139672713	-0.0306990243769019	0.0168024112011386	0.0017151178042731	0.0208794587967645	0.005327271466973	0.00337203026900056	0.0294494081936071	-0.0391779127668336	-0.0316828364091023	-0.0117970705125714	-0.00552331582362245	-0.0222280932079963	-0.0101674718795683
0.0523784912232746	0.0534918763180824	-0.0321811755366535	-0.030630299747622	0.0168037676726303	0.00171482024667504	0.0208709357972069	0.00532583397040772	0.00336066859789712	0.0294646898018944	-0.0391924483856497	-0.0316750649869519	-0.0117984856573922	-0.00551567851193888	-0.0222523965391393	-0.0101655342627209
0.0523628547810441	0.0534801514311315	-0.0321890112200691	-0.030592940203749	0.0167962672653815	0.00170640341790359	0.020868732753394	0.0053181994526922	0.00336470169078728	0.0294587763685019	-0.0391866048014587	-0.0316703389899837	-0.0117962407040585	-0.00551461820106128	-0.0222451894985365	-0.0101611435419194
0.0523709880220578	0.0534829873087093	-0.0321741948074633	-0.0306105114688589	0.0168157998960674	0.00172083985085366	0.020875211965318	0.00532785261232884	0.00337238789691184	0.0294373382516012	-0.0391976717089321	-0.0316900336708169	-0.011775501079172	-0.00551457629154042	-0.0222782281708095	-0.0101626886062549
0.0523566060714848	0.0534634197534227	-0.0321688848711711	-0.0306420595591735	0.0168114315270104	0.00170453565025755	0.0208721623491838	0.00531322479256687	0.00339756853402478	0.0294297288795982	-0.039171351132852	-0.0316864448188478	-0.0117554836950283	-0.00550828287849223	-0.0222646927925578	-0.0101514778094265
0.052373111437781	0.0534663576108345	-0.032149049094951	-0.0306865744552403	0.0168191526577357	0.00169748227789786	0.0208810904741097	0.00530865246384173	0.00340368033914927	0.0294095326814988	-0.0391535940688663	-0.0316872173510155	-0.0117649734075336	-0.00552747324809114	-0.0222323176876983	-0.0101578606294525
0.0524010133997814	0.0534738971336361	-0.0321170120602264	-0.030762161070068	0.0168471887302028	0.00171908104796184	0.0208994258894832	0.00532743491410433	0.00342498853653532	0.029362511596085	-0.0391556657961805	-0.0317213638316231	-0.011743933431081	-0.00553660812665321	-0.0222520696448767	-0.0101667272870812
0.0524045896788942	0.0534569992148279	-0.0320940121151819	-0.0308635038794284	0.0168506532505933	0.00169800335294048	0.0208993588342498	0.005312347486597	0.00345632568226167	0.0293561860524042	-0.039126139141755	-0.0317189498432219	-0.0117217828523258	-0.00552744391142654	-0.0222340541388457	-0.0101485776705834
0.0524534058887846	0.0534766463982041	-0.032050225047794	-0.030975217898216	0.0168832420940092	0.00171014035017971	0.0209193189420484	0.00532318808265782	0.00347510114760412	0.0292929753190846	-0.0391058884612785	-0.0317456825295904	-0.0117184300906575	-0.00556188794963217	-0.0222097130891339	-0.0101669731562702
0.0524699797072982	0.0534732377571747	-0.0320283762175889	-0.0310686593659114	0.0168881483019171	0.00170805046207314	0.0209243369086786	0.00532188050560719	0.00350222498950064	0.0292765579627821	-0.0390867218404081	-0.0317574283713017	-0.0117011633680658	-0.0055627484917937	-0.0221965367357775	-0.0101627822041848
0.0524861009029866	0.0534847321417608	-0.0320338468070444	-0.0310877198159957	0.0168722617995455	0.00169971884932742	0.0209140830459098	0.00531321361669464	0.00349478744653313	0.0292847442891889	-0.0390708688656531	-0.0317429388529585	-0.0117200897076833	-0.00556857670916042	-0.0221560297868883	-0.0101695715465631
0.0525196159468133	0.0535115193105065	-0.0320169167576035	-0.0311096147466737	0.0168895941803866	0.00172377910524953	0.0209212677347681	0.00533233413709213	0.00348362135319368	0.0292771991784512	-0.0390920261887641	-0.0317592011440338	-0.0117276571701654	-0.00557989926471106	-0.0221867983601151	-0.0101868173143944
0.0524832622314408	0.053487146130162	-0.0320482860339625	-0.0310880103886736	0.0168494630202011	0.00168957115734471	0.020898190955602	0.00530565872706875	0.00349013828368643	0.0293233457518632	-0.0390706900516975	-0.0317242527945939	-0.0117218107920063	-0.00555451746189803	-0.0221554933450214	-0.0101637153895158
0.0525033299070096	0.0535160427447906	-0.0320564709633852	-0.0310382372447237	0.0168627357654555	0.00172360867319806	0.0209042887908863	0.00533182842887383	0.00345260551379388	0.0293273425231686	-0.0391078428419343	-0.0317352763955625	-0.0117499781809721	-0.0055677315338232	-0.0221824090362977	-0.0101838361504777
0.0524698958882565	0.0535036640693145	-0.0320798914006223	-0.0309792691518985	0.0168414834474305	0.00171127470121082	0.0208951734701006	0.00532139435516528	0.00344496540814225	0.0293713349472088	-0.0391218084912668	-0.0317205871085032	-0.0117457271585735	-0.00554070408382465	-0.0222046224793342	-0.0101665764128061
0.0524130037136976	0.053459802961773	-0.0320862239292233	-0.0308980498974681	0.0168474220265355	0.00169019002126932	0.0208915455025787	0.0053081551375276	0.00346149871411904	0.0293497808806337	-0.0391128300749159	-0.0317105805119074	-0.0117183532565359	-0.00553004928663961	-0.0222182193248831	-0.0101470926765612
0.0524773082855115	0.0534946255826504	-0.0320393537180845	-0.0309989470689234	0.0168876761213155	0.00171984938917748	0.0209079279342804	0.00532878440067582	0.00346558768637033	0.0292870381369636	-0.0391087187509202	-0.0317465682174645	-0.0117294858222587	-0.0055671769311639	-0.0222033568118044	-0.0101751902163255
0.0524616369186803	0.0534689629860476	-0.0320440727301327	-0.0310711012939932	0.0168579902107108	0.0016837038244252	0.020902314852454	0.00530537933026306	0.00350438752077669	0.0292961101512444	-0.0390688683845244	-0.0317331376130149	-0.0116991349472564	-0.00555005828887919	-0.0221637970180866	-0.0101503155187148
0.0524975338202755	0.0534933710909928	-0.0320227715176668	-0.0311045842071872	0.0168865780918691	0.00171222465035017	0.0209293381115005	0.00533298373466536	0.00348281808737732	0.029280821558037	-0.0390959810505487	-0.0317535894591915	-0.0117165469561871	-0.00557122539087837	-0.0221788173903605	-0.0101721531730477
0.0525015725011018	0.0535003154985983	-0.0320324791596805	-0.031101283133928	0.0168746799788988	0.00170640621187165	0.0209158083211849	0.00532535480488596	0.00347570324772039	0.0292954773174795	-0.039085639177786	-0.0317413029846612	-0.01173141785117	-0.00557232761127682	-0.0221570314244367	-0.010173836538802
0.0524978844632667	0.0535046740887671	-0.0320429174243411	-0.0310803842528622	0.0168704107957078	0.00171536926139822	0.0209088792804038	0.00532767938630931	0.00346953416625072	0.0293128222711768	-0.0391017771372828	-0.0317417276678059	-0.0117289368075355	-0.00556499623909548	-0.0221745998955786	-0.0101719142887788
0.0524917531003658	0.0535116855516059	-0.0320652314502277	-0.0310256071121224	0.0168620219066169	0.00172463825042703	0.0209066147692936	0.00533406500030338	0.00344453793102955	0.0293356364173456	-0.0391210066224345	-0.0317342021148446	-0.0117440759234519	-0.00555729187217854	-0.0221898284184728	-0.0101737094132554
0.0524496270469877	0.053489206681604	-0.0320975450877899	-0.0309554156496126	0.0168252155684192	0.00169469389777707	0.0208827277393911	0.00530863570003339	0.00343971693914734	0.0293900251965255	-0.0391142270589444	-0.0317012933620862	-0.011748449880445	-0.00553361438988023	-0.0221720517967107	-0.0101572515444161
0.0524572657556553	0.0535182583614598	-0.0321107829084436	-0.0308541678351662	0.0168331448497647	0.0017250196270668	0.0208850020293894	0.00532990897281873	0.00340162397865939	0.0293831352712971	-0.039149704865331	-0.0317093679297707	-0.0117779374193177	-0.00555530116993799	-0.0221976724837926	-0.0101784242343514
0.0524192649961132	0.0535095607388986	-0.0321518905604649	-0.0307392603108895	0.0168098515380742	0.00172092646386342	0.0208715211335148	0.00532677693462693	0.0033703287424539	0.029440174129179	-0.0391729758252771	-0.0316876448281282	-0.011792781771604	-0.00553344395782876	-0.0222199376152381	-0.0101704698072934
0.052393630339191	0.0535009357595069	-0.0321765417406311	-0.0306542761845024	0.016799974860993	0.0017218680310986	0.0208664947849804	0.00533013249026328	0.00335213721643534	0.0294654790978705	-0.0391910108890845	-0.0316792154265005	-0.0117967128846601	-0.00552483574224541	-0.0222454381616936	-0.0101626215510215
0.0523734746536284	0.0534889384606705	-0.0321735633706824	-0.0306272920410087	0.016805769550743	0.00172290179927967	0.0208681991054951	0.00532919930493227	0.0033567696154737	0.0294634506770612	-0.039200169516375	-0.0316831437455885	-0.0117821563110836	-0.00551318489544808	-0.022274176917127	-0.0101550163699706
0.0523703174697241	0.053487882340745	-0.0321805874063775	-0.0305976145123082	0.0168073062331743	0.00172173392063188	0.0208674112065031	0.00532472336810509	0.00334873975127813	0.0294530291762089	-0.0391942518920305	-0.031677471990433	-0.0117972940300159	-0.00552273467826661	-0.0222512943187409	-0.010159894638198
0.0525067287691508	0.0535050247317582	-0.0320290439759545	-0.0311093814503409	0.016881713793482	0.00171457996542215	0.0209173883101211	0.00533182982585785	0.00347712677444538	0.0292958056087262	-0.0390969561454005	-0.0317503400743413	-0.0117263733418433	-0.00557334042469745	-0.0221681695780956	-0.0101765927882901
0.0524782945562356	0.0534887275160822	-0.032054840683024	-0.0310785388369607	0.0168529219526555	0.00169564524390044	0.0208999735072224	0.00531915359278364	0.00348121434971265	0.0293310738675086	-0.0390909686718546	-0.0317304274639997	-0.0117155802432394	-0.00554931509337606	-0.0221682394272971	-0.0101590941663497
0.0524838880802856	0.0535085814530947	-0.0320608253626019	-0.0309976646375852	0.016859767174395	0.00172182472459372	0.0209038459469492	0.00533927575072953	0.00343846105050576	0.0293423223829058	-0.0391271729099361	-0.0317313159458418	-0.0117493034376864	-0.00555773611309959	-0.0221969111274971	-0.0101770370292112
0.0524425331620912	0.0534870078287432	-0.0321013979697404	-0.0309301218567934	0.0168218097213578	0.00168851643440323	0.0208828981714425	0.00531168950711959	0.00343716045837527	0.0293918720094111	-0.0391175434990279	-0.0316938809648312	-0.011748301800138	-0.00553706494043052	-0.0221764411205281	-0.0101587351414544
0.0524598110605551	0.0535276656519074	-0.0321197040484493	-0.0308176031752054	0.0168363607069982	0.001735142173337	0.0208910118546798	0.00534713937382571	0.00339082529211942	0.0293889662826319	-0.0391686172351083	-0.0317153162877639	-0.0117836846116107	-0.00555751678660713	-0.0222246091298293	-0.0101898711214806
0.0523920042497819	0.0534939899549174	-0.0321712164375146	-0.0307163860944076	0.0167890727976349	0.00170414868568166	0.0208645781228933	0.00532079504901707	0.00338491046174293	0.0294656858515067	-0.0391675359694703	-0.031675655911196	-0.0117787141424375	-0.00551542006989361	-0.022232647375929	-0.0101576091723274
0.0523736758193285	0.0534933417543282	-0.0321878908388783	-0.0306252356805188	0.0167876199342453	0.00170202526995841	0.02085999601528	0.00531952099958312	0.00335645669105132	0.0294795215813245	-0.0391839868533894	-0.0316640553558237	-0.0118014905700374	-0.00551550947687143	-0.0222355978061971	-0.0101583914833834
0.0523635239363937	0.0534915717755642	-0.0321812342099827	-0.0306046092113387	0.016800222127166	0.00171388985531209	0.020864462173219	0.00532854691339098	0.0033592241164117	0.0294632900238979	-0.0391967091869365	-0.0316762412475039	-0.0117836804206586	-0.00551466430153422	-0.0222687943376654	-0.0101587980057356
0.052382288225864	0.0535037199486756	-0.0321700695136272	-0.0305961043725734	0.0168178241259246	0.00172898845869165	0.0208721399974394	0.00534161150802511	0.00334593600433302	0.0294403906617034	-0.0392045434733681	-0.0316849919554582	-0.0118031599659514	-0.00553023229154734	-0.0222736111385955	-0.0101701862195356
0.0523580226132897	0.0534738216964986	-0.0321684965096112	-0.0306301600492191	0.0168056061036117	0.00170398523855033	0.0208633417920282	0.00531879875884041	0.00338787625883534	0.0294380968139287	-0.0391760589690279	-0.0316771828147391	-0.0117665617783739	-0.00551480120596901	-0.0222639244513422	-0.0101523634973006
0.0523778486106215	0.0534805719233241	-0.0321465470965561	-0.0306792221282985	0.0168215205456639	0.00170054306990421	0.0208672086438189	0.00531372491284906	0.00339692871533974	0.0294149180549285	-0.0391618656112988	-0.0316861905677546	-0.0117644830661396	-0.00553013450266535	-0.0222430926255098	-0.0101617288782273
0.0524038953778321	0.0534873738385587	-0.0321436343848567	-0.0307633694612526	0.0167986169925173	0.00169789019723417	0.0208672826839724	0.00530841218258883	0.00339664512758197	0.0294326723249462	-0.0391416079459021	-0.031677376995519	-0.0117748472906467	-0.00552892052354462	-0.0222039030325595	-0.0101591290909504
0.0524002408676137	0.0535048864303394	-0.0321647009040059	-0.0306528289090489	0.0168002821974793	0.00171314526282492	0.020863874042943	0.00531787814636566	0.00335503735527841	0.0294506990068494	-0.0391778512995364	-0.0316733425056449	-0.0118045639349	-0.00553212799887395	-0.0222333738076238	-0.0101672539500599
0.0523801997347414	0.053491908448715	-0.0321745049379176	-0.0306154037069266	0.0168001788206612	0.00171357832787374	0.0208638153696138	0.00532032286841546	0.00335817498140633	0.0294648113395049	-0.0391865824497142	-0.0316682379260049	-0.0117926197214567	-0.00552456472734389	-0.0222593828562656	-0.0101716935653023
0.0523757517375948	0.0534883098178577	-0.0321735885163949	-0.0305914649886149	0.016808024282965	0.00172196023204449	0.0208721972737845	0.0053327057348437	0.00335754913256158	0.0294458794119512	-0.0391956796097076	-0.031679436149977	-0.0117924409075011	-0.00552849863436802	-0.0222736432692281	-0.0101676255478115
0.0523691747367888	0.0534774189303719	-0.0321668438775055	-0.0305985784312878	0.0168138525003317	0.00171656787369464	0.0208764832207839	0.00532548053344852	0.00336538900692928	0.0294340273994538	-0.0391872809417285	-0.0316833309414483	-0.0117829246522992	-0.00552195516117873	-0.0222761969560322	-0.0101612832403223
0.0523759347425025	0.0534757299766815	-0.0321526630926327	-0.0306189981468318	0.0168232276601467	0.00171107912344683	0.0208786834706287	0.00532128818437912	0.00337378068998822	0.0294149040850883	-0.0391747765376898	-0.0316862715928282	-0.0117828031146888	-0.00553417178650759	-0.0222572105461014	-0.0101677331155816
0.0523850766059848	0.0534654928777209	-0.0321293949266547	-0.0307101932642094	0.0168314978055951	0.00170258546055382	0.0208809409968187	0.00531031347785156	0.00341171160032887	0.0293954133639232	-0.039152648310679	-0.0316954805115438	-0.0117508624718621	-0.00552833798120475	-0.022248403958786	-0.0101677107638372
0.0524230941293352	0.0534876630142525	-0.032104766098233	-0.0307692046635395	0.01685804888404	0.00172222984996198	0.0208923152407784	0.00532761093409191	0.00341532978896257	0.0293498130112664	-0.0391513099999797	-0.0317170303871668	-0.0117537933443538	-0.00554890438007169	-0.022250708982433	-0.0101803869969114
0.0524242312743343	0.0534630062461503	-0.0320726270836743	-0.0308992946102374	0.0168635446192079	0.00170445741915195	0.0208972521823349	0.00531055375910446	0.00346588664095242	0.0293397966357823	-0.0391205344418328	-0.0317228893381821	-0.0117078409517218	-0.00553589845876676	-0.0222507788316344	-0.010158865060969
0.0524503367148741	0.0534668046457237	-0.0320408443000429	-0.0309848808367408	0.0168758143299299	0.00170593123730197	0.0209054315238215	0.00531173700457656	0.00348276081103215	0.0292907555114633	-0.0390964183065496	-0.0317369499824285	-0.011707998810917	-0.00555027202743555	-0.022216492652624	-0.0101557148619848
0.0524682921505919	0.053473695967936	-0.0320327459836299	-0.0310404849920255	0.0168698757508249	0.00169722104188454	0.0209016163604398	0.00529969639923529	0.0034939660199244	0.0292791619410112	-0.039072629065529	-0.0317334114218845	-0.0117130209684993	-0.00555730584201883	-0.022174911423017	-0.0101590159352441
0.0525162520092728	0.0535092282566998	-0.0320118317357399	-0.0310967066142507	0.0168979872604295	0.00172611486254511	0.0209097677622459	0.00532188469655927	0.00348401250872165	0.0292656768541845	-0.0390927749722034	-0.0317543843431037	-0.0117225050930685	-0.00557579771960351	-0.0221900728906778	-0.0101868508420111
0.0523734020104589	0.053481646204042	-0.0321699703277612	-0.0306159205910171	0.0168113295471763	0.0017117203391159	0.0208749437443845	0.00532235408319283	0.00337837816442587	0.029434477228311	-0.0391771975110111	-0.0316815623596683	-0.0117795690966629	-0.00552729443413549	-0.0222705168189724	-0.0101662201818788
0.0523844745058685	0.0534809169783791	-0.0321439221635666	-0.0306540889886426	0.0168295322490671	0.00171479091001045	0.020883311678715	0.00532459763954253	0.00339032237786917	0.0294052942319565	-0.0391749763064058	-0.0316974460680719	-0.0117687424704424	-0.00553595852907998	-0.0222733247568696	-0.0101647812883295
0.0523821988188861	0.0534653643551903	-0.0321323844724756	-0.0307245151444692	0.016825647236484	0.00169671253969818	0.0208787114103092	0.00531022965880986	0.00342114962442512	0.0293871488064109	-0.039140081042359	-0.0316918539410059	-0.0117498510554255	-0.00553561906196107	-0.0222321486526309	-0.0101607090798866
0.0524053789748703	0.0534722277377221	-0.0321115736014037	-0.0307848634575145	0.0168388138109522	0.00169973142218368	0.0208878770225199	0.00531481316340722	0.00342937646336871	0.0293687323659637	-0.0391319212586488	-0.0317040565964945	-0.0117484638502853	-0.0055432396098363	-0.0222236535927538	-0.0101691789940511
0.0524492428763798	0.0534801947376364	-0.0320592383887456	-0.0309268319594064	0.016878520287993	0.00172064008213759	0.0209091433103851	0.00533239141343729	0.00346190803043938	0.0293118569552132	-0.0391248930320016	-0.0317394072773346	-0.0117170275186929	-0.00555947954916711	-0.0222453920612207	-0.010171627907053
0.0524825120510175	0.053490039284085	-0.0320237116879179	-0.0310345352370483	0.0168975961049016	0.00172652836981754	0.0209209324586013	0.00533781031448368	0.00348114030955914	0.0292713430214039	-0.0391047666831036	-0.0317567424521437	-0.0117142461234923	-0.00557462425301961	-0.0222229187791549	-0.0101763566979893
0.0524883807809211	0.0534871014266731	-0.0320323492401659	-0.031073057071633	0.0168729323518792	0.00169871302082693	0.0209079810196735	0.00531269952657217	0.00348973595228623	0.0292786422629526	-0.0390707794586753	-0.0317350263354214	-0.0117263481961308	-0.00557349409294058	-0.0221586002375007	-0.0101665317093172
0.0525240807077683	0.0535110666876813	-0.0320123402379263	-0.0311151188637458	0.0168959141361313	0.00172544989814757	0.0209156518589737	0.00533735769165846	0.00348598505016983	0.0292706221776452	-0.0390933281778786	-0.0317590949732476	-0.0117253605284227	-0.00558361524222675	-0.0221914754626424	-0.0101857947220856
0.0524946322844484	0.053489553133643	-0.0320285564285286	-0.0311183263390751	0.0168658622157111	0.00169939893998491	0.0209055153428632	0.00531448068120845	0.00350445876696214	0.0292996906213094	-0.0390711440715068	-0.0317400401110995	-0.0117090996343314	-0.00556236990912198	-0.0221794166965087	-0.0101646387959586
0.0525153481606064	0.0535153652075368	-0.0320410105411423	-0.0310630323142448	0.0168725858998401	0.00171506332189599	0.0209043712129439	0.00532388657467205	0.00346326031097892	0.0293114434479408	-0.03909859620465	-0.03173231059847	-0.0117525779682491	-0.00558083664099415	-0.0221690273262891	-0.0101839325423756
0.0524579642476695	0.0534809365361555	-0.0320855645527619	-0.0309934583186756	0.016823293318396	0.00167893591793607	0.0208787044253891	0.00529430823183754	0.00347389275641951	0.0293628007717789	-0.0390848792184745	-0.0316993711120631	-0.0117296520633581	-0.00554246568068453	-0.0221615464768167	-0.0101538987827478
0.0524714619073524	0.0535040677976987	-0.0320856344019633	-0.0309337596032035	0.0168465586904059	0.00171237133367316	0.0208919785676275	0.00532132869691595	0.00343687547363346	0.0293695929081253	-0.0391328041525548	-0.0317116673654815	-0.0117526100988817	-0.00555699710854854	-0.0222024306113935	-0.0101783320334055
0.0524594827693084	0.0535166085233222	-0.0321144444035821	-0.030831722492781	0.0168399439710312	0.00172667784710858	0.0208903259355218	0.00533605989349602	0.0034023657771785	0.0293806807703591	-0.0391543051337368	-0.0317104813260414	-0.0117805483824668	-0.00555900736856549	-0.022220176499507	-0.0101814598806453
0.0524055941104107	0.0534897431234709	-0.0321561066582628	-0.0307286572021135	0.0168094575885782	0.00171478811604239	0.0208733847102087	0.00532850640085416	0.00338795029898885	0.0294421941680842	-0.0391702181788049	-0.0316834790217553	-0.0117773730377702	-0.00553184860206826	-0.0222380341463428	-0.0101659016695203
0.0523702671782991	0.0534767455840702	-0.0321851974536714	-0.0306288901907373	0.0167837866100713	0.00169776726263967	0.0208611918336084	0.00531354190794133	0.00336663791065072	0.0294697650448698	-0.0391719057355113	-0.0316554164065917	-0.0117953997196734	-0.00552365668772539	-0.0222216838452737	-0.0101575532929663
0.052376005988688	0.0534836243334263	-0.0321738707071687	-0.0305976480399249	0.0168051492898344	0.00171676065749057	0.0208701939986877	0.00532596388992236	0.003362184325568	0.0294458430903665	-0.0391909326579789	-0.0316743092185926	-0.0117892585778843	-0.00553251356646581	-0.0222619896284627	-0.0101652031775061
0.0523455112243308	0.0534563035167817	-0.0321869087591063	-0.0305851827514389	0.0167895854907734	0.0016943125211373	0.0208624756619305	0.00531160708506192	0.00338030460540111	0.0294535921607723	-0.039171940660112	-0.031663386200474	-0.0117758545161312	-0.00551772369655654	-0.0222442940317743	-0.0101484016505959
0.0523823538841133	0.0534801374612912	-0.0321558552011377	-0.0306065440342181	0.0168245059005327	0.0017229967941936	0.0208801852284593	0.00533416698013746	0.00337490246816307	0.0294120025492612	-0.0391929890184687	-0.0316942916781356	-0.0117808096184802	-0.00554228127879278	-0.0222692315936663	-0.0101692488432525
0.0523948806398965	0.0534782696936452	-0.0321389251516968	-0.0306713543142503	0.0168353786272262	0.00171357413692166	0.0208780492398798	0.00532512430252126	0.00339746515720667	0.0293974389907645	-0.0391700687015139	-0.0316980816958048	-0.0117703392231869	-0.00554508781970595	-0.0222572859832389	-0.0101690378986642
0.0523708357507987	0.0534471616532995	-0.0321352091741811	-0.030744684799872	0.0168176369300648	0.00168023092213045	0.0208754173219701	0.00530063237853436	0.00344608578933308	0.0293825359651489	-0.0391254266799005	-0.0316896271484646	-0.011727932376019	-0.00552784903679479	-0.0222273514094772	-0.0101424560865708
0.052427403825063	0.0534807968377527	-0.0320870006523431	-0.0308239259249182	0.0168686617717042	0.00171753179267427	0.0209021458173866	0.0053333734932093	0.00342958601097297	0.0293416504335881	-0.0391468661937852	-0.0317253047235673	-0.0117475837503473	-0.00555968211185123	-0.0222393584872018	-0.0101714281383369
0.0524603433114699	0.0534842543732231	-0.0320535917793026	-0.030952142516034	0.0168864020718815	0.00171544609551979	0.0209146781611059	0.00533202540362184	0.00346835930268279	0.0292896756428093	-0.0391113562567659	-0.0317433272145185	-0.0117271388890909	-0.0055734801231003	-0.022218310128845	-0.0101718374546573
0.0524641305351711	0.0534713448438161	-0.0320329289885377	-0.0310578564884194	0.0168832155513126	0.00170305065623529	0.0209145761812718	0.00532083695853793	0.00350804342797916	0.0292757826366463	-0.0390862454688544	-0.0317511852496785	-0.0116928415342082	-0.00556135569871732	-0.0222060068905064	-0.0101525604720486
0.0524851663206716	0.0534830152483899	-0.032021213880475	-0.0310936835408132	0.01688632523776	0.00170638386012719	0.020923027934644	0.00532640533687536	0.00349917257939846	0.0292735502561689	-0.0390795371515497	-0.0317500201649988	-0.0117107201358044	-0.00557945781775807	-0.0221782655816693	-0.0101701485009668
0.0524727806602753	0.0534741611636175	-0.0320291738954692	-0.0311072091401767	0.0168683292895054	0.00168787382175014	0.0209147549952275	0.00531263386832283	0.00350768580006788	0.0292900654013533	-0.0390696157709796	-0.0317355613803043	-0.0117019163424571	-0.00556790475984273	-0.0221582188608609	-0.0101586848500293
0.0524909638043897	0.0534959205868447	-0.0320344377312884	-0.0310753690802001	0.0168720508549572	0.00169928438729457	0.0209165543106561	0.00532098224487689	0.00347846089419256	0.029297564411618	-0.0390863013482155	-0.0317333597334754	-0.0117323705942775	-0.00558282454926665	-0.0221496022633734	-0.0101775161947329
0.0524938583552967	0.0535049618674769	-0.0320479270090672	-0.0310492063633152	0.0168732913767745	0.00171442769416304	0.0209127880417154	0.00533288454879934	0.00346620096235882	0.0293125289045309	-0.0391078372539982	-0.0317380200721943	-0.0117322253079385	-0.00557523613202407	-0.0221831410559286	-0.0101773485566495
0.0524584140765266	0.0534893435860388	-0.0320811361133917	-0.0309731601407421	0.0168386517608049	0.00169340029056671	0.0208923864869638	0.00531360058127052	0.0034527731518773	0.0293621777169022	-0.0391061776369724	-0.0317100524519446	-0.0117387240776389	-0.00555267763393255	-0.0221768993312895	-0.0101619202650392
0.0524430947496706	0.0534896928320459	-0.0320964777919922	-0.0309098460306044	0.0168303061782189	0.00169797401627588	0.0208874160177906	0.0053159167807897	0.00343921961283321	0.029380430710218	-0.0391248944289857	-0.0317002484180329	-0.0117463767561468	-0.00555103198674703	-0.0221881059371657	-0.0101670695481681
