0.0527106311609603	0.0536405307855345	-0.0314940004900396	-0.0312284394141661	0.0167353643496769	0.00135689477779207	0.0209771219501939	0.00502468193244122	0.0035167885479973	0.0293759463914867	-0.0392574318917014	-0.0320463791507637	-0.0121103665326973	-0.00555953961948033	-0.0218551012663664	-0.009786701530868
0.0527122544564014	0.0536529052700585	-0.0315054976685938	-0.0311628230743495	0.0167385746189743	0.00137335963155146	0.0209797734258799	0.00504018566118904	0.00349304261348159	0.0293778602596057	-0.039284016497763	-0.032049047390258	-0.0121235847955745	-0.00556868986486672	-0.0218752485700248	-0.0097990480757115
0.0526578014159562	0.0536335444684082	-0.031553468703147	-0.031057841121595	0.0167067191921734	0.00136472766723962	0.0209697780051563	0.00503381122306719	0.00348523766371461	0.0294297344675344	-0.0393025055813796	-0.0320336735810248	-0.0121157435242228	-0.00553737926183692	-0.0219023430752567	-0.00977839925478688
0.0526240391059564	0.0536283700395668	-0.0315860016672017	-0.0309235853685242	0.0166868373154804	0.00135919561048694	0.0209557075820217	0.0050276309657253	0.00344387576060006	0.0294653519723239	-0.0393167995219588	-0.0320097907420743	-0.012145013133587	-0.0055361610917641	-0.0218961628179148	-0.00977749400913644
0.0527167275992605	0.0536173240868538	-0.0314425300104952	-0.0313256974422273	0.0167714344772916	0.00135302233806519	0.0209981940572791	0.00502876671374043	0.00357431635028915	0.0292890148693639	-0.0392235745867878	-0.0320771630908147	-0.0120544927594951	-0.00557288919885626	-0.0218693225637761	-0.00978313083969127
0.0527264436231784	0.0536223462444361	-0.0314421570157596	-0.0313539793838834	0.0167612350968999	0.00134579573968598	0.0209964436362915	0.0050195508101047	0.00357886912123789	0.0292993343903821	-0.039218284208272	-0.0320740184797667	-0.0120551926484934	-0.00557019162269731	-0.0218527222025659	-0.00978347310077824
0.0527522570940563	0.0536435552559561	-0.0314320344694894	-0.0313652698088014	0.0167675354948682	0.0013610591871809	0.0209979831126908	0.0050303215569641	0.00356914331843177	0.0292990633754806	-0.039230803979135	-0.0320805479831157	-0.0120696123176351	-0.00558239846913796	-0.0218616433425717	-0.00979860802574254
0.0527397568809696	0.0536436837784867	-0.0314615890635954	-0.031324997553229	0.0167429653397757	0.00134721786942695	0.0209815489925801	0.00502126351252359	0.00355143514888705	0.0293284056280143	-0.0392256239623575	-0.0320565701492512	-0.0120864040656571	-0.00557525149884838	-0.0218360561831064	-0.0097897846746188
0.0527275304767526	0.0536421191563748	-0.0314781740579813	-0.031289257113845	0.0167397466885742	0.00136250646263438	0.0209810125507131	0.00503512159408588	0.00354669657906253	0.0293408555496759	-0.0392534295324599	-0.0320648402946997	-0.0120727918532839	-0.00555716893758404	-0.0218849394482302	-0.00977498781978939
0.0527246484987019	0.0536507483267186	-0.0314925224809375	-0.0312167913613369	0.0167367082483123	0.00136418424045255	0.0209782199796402	0.00503816282831583	0.00350738125754967	0.0293750551156765	-0.0392708401444066	-0.0320465328190068	-0.0121085308956839	-0.00556467772673699	-0.0218801994814216	-0.00979501358583732
0.0527049454359645	0.0536461773949775	-0.0315210321309903	-0.0311303012861671	0.0167200226710764	0.00136517889308082	0.020966965876307	0.0050366540855651	0.00349878701180661	0.0293875385649548	-0.0392804402186501	-0.0320394808436311	-0.0121150464291926	-0.00555811748973936	-0.0218905818667211	-0.00979126966864105
0.0526451237858979	0.053619302216238	-0.0315706390338408	-0.0310118677742026	0.0166787753206522	0.0013420364556654	0.020941342395257	0.00501395868303879	0.00348306535355036	0.0294574687914513	-0.0392916915280153	-0.0320054475187299	-0.0121154347907525	-0.00552017260955842	-0.0218990615597739	-0.00976675818687775
0.0526436122491792	0.0536356720750835	-0.0315831476288316	-0.030908013187559	0.0166941393509971	0.00136857635823802	0.0209460669952413	0.00503549179485342	0.00344080658668954	0.0294630874612138	-0.0393286752831847	-0.0320085013258161	-0.0121437907725621	-0.00553719625692919	-0.0219287362945064	-0.00978939212210681
0.0526390552872783	0.0536403240318983	-0.0315824966342743	-0.030867263163449	0.0167059438660376	0.00138292897214639	0.0209448627950088	0.0050437870860144	0.00342856062469609	0.0294572340981345	-0.0393438493237018	-0.0320151593516957	-0.0121484147896963	-0.00553728286993896	-0.0219592659834642	-0.0097889646449941
0.0525881170586487	0.0535982147423285	-0.0316072162666579	-0.0308492909639229	0.0166716576870272	0.00134233960119958	0.0209249711394276	0.00500916563083716	0.00346483890293108	0.0294759662569721	-0.039307727507678	-0.0319909957189555	-0.0121193561249204	-0.00550864888830768	-0.0219358623100355	-0.00975617323889414
0.052611450882876	0.0536120937786512	-0.0315808649569291	-0.0308510134452299	0.0166945444763654	0.00136234301550305	0.020937754940272	0.00502561511777223	0.00345632149130958	0.0294414761182935	-0.0393185695007228	-0.0320078279795144	-0.0121268230045525	-0.0055301079599688	-0.0219500570647487	-0.00977633590937685
0.0526283739473968	0.0536171704186106	-0.0315511566945799	-0.0309050795210993	0.016716764904322	0.00137146532120887	0.0209513475948689	0.00502754016176345	0.00347402686688624	0.0294120640165584	-0.0393189466864105	-0.0320333285259698	-0.0121120010040106	-0.00553428494221389	-0.0219722272012803	-0.009771728656051
0.052628630992458	0.0535982273151848	-0.0315384273761126	-0.0309830535816316	0.0167165302110052	0.00135093524392667	0.0209523422474971	0.00501856593636464	0.00350904087457548	0.0293924950642878	-0.0392812951728755	-0.0320306798442519	-0.0120854359557254	-0.00553648658904273	-0.0219390236848919	-0.00977236568076798
0.0526634033219103	0.0536176439961963	-0.0315108746601194	-0.0310391410933901	0.0167404619443967	0.00137160362262769	0.020969076719174	0.0050398154604215	0.00350492116867556	0.0293597874772295	-0.0392870018526318	-0.0320513845445376	-0.0120942718797054	-0.00555754891723978	-0.0219357673151216	-0.00979072344788593
0.0527112095123481	0.0536342024478856	-0.0314657506790162	-0.0311652091230701	0.0167758852684063	0.00137975781840179	0.0209841152522403	0.00504544390907215	0.0035223066349097	0.0293141633758442	-0.0392744667149444	-0.0320723099682999	-0.012089291631644	-0.00557829552704639	-0.0219222263489337	-0.0097995342261534
0.0527068872437641	0.053609629498825	-0.0314497552118904	-0.0312833017709317	0.0167662879881308	0.00135239090128432	0.0209869008383931	0.0050238213902797	0.00357578597748708	0.0292971229646651	-0.0392288551864153	-0.0320736371031269	-0.0120470552165276	-0.00556317177795431	-0.0218955020444694	-0.00977754849151355
0.0527519064510651	0.0536402094792079	-0.0314281159292896	-0.0313378372334346	0.0167830992939293	0.00136877752393812	0.0209958443301433	0.00503535768438669	0.0035676080329845	0.0292725164879878	-0.0392315569535264	-0.0320895040477221	-0.0120646879489348	-0.0055892534697656	-0.0218739298171019	-0.00980043388386773
0.0527412418749919	0.0536300813450016	-0.0314355842059057	-0.0313634998300373	0.0167539051217026	0.00134421016281368	0.0209739815300979	0.0050126678697965	0.00358311734966842	0.0293023979763565	-0.0392148406426419	-0.0320666857106013	-0.0120511232340185	-0.00556871501057923	-0.0218580852242512	-0.00978306937239401
0.0527587279240761	0.0536478356150193	-0.0314364265872749	-0.0313518252345115	0.0167545826589564	0.00135429778448317	0.0209736755905957	0.0050171452036077	0.00356951212221528	0.0293075235107569	-0.0392223214921142	-0.0320693609350158	-0.0120696011417629	-0.00557843103449715	-0.0218571841695528	-0.0097981498149812
0.0527552536247973	0.0536513350600106	-0.0314569329158286	-0.0313104619344129	0.0167413182956062	0.00135372921198358	0.020968882538394	0.00501653192761921	0.00355200092741858	0.0293295972553906	-0.039229282663528	-0.0320566525713089	-0.0120866205981816	-0.00557604917672863	-0.0218543105734063	-0.00979833840782504
0.0527193762809785	0.0536359095623683	-0.0314886304834343	-0.0312425601287258	0.0167170191554152	0.00134058359227581	0.0209663316455581	0.00501424925571671	0.00354714780490372	0.0293603057583041	-0.0392395002047122	-0.03204463012676	-0.0120783755984456	-0.00555302967390772	-0.0218708313065268	-0.00978336553300805
0.0527356902604628	0.05366053839079	-0.0314908684518478	-0.0311923832563917	0.0167334001901329	0.00136916867946609	0.0209695475027916	0.00503436303175843	0.0035096164319952	0.0293672767086061	-0.0392801384701	-0.0320537524324658	-0.0121045746369153	-0.00556145907553543	-0.0219030876677439	-0.00979333720500317
0.0526870947740489	0.0536369098029327	-0.0315336301329589	-0.0311046554533727	0.0166938571602234	0.0013566265568586	0.0209486234760134	0.00502528542954152	0.00351654267880829	0.0294081329035023	-0.0392727428366533	-0.0320338621738687	-0.0120916581225882	-0.00553781372386977	-0.0219141769269618	-0.00978453341165584
0.0526481356834633	0.0536271197388613	-0.0315730586101781	-0.0309754176669321	0.0166706336977343	0.00134589771952006	0.0209334466415282	0.00501160616193487	0.00347738242252259	0.0294670968053754	-0.0392951392845975	-0.0320001780949745	-0.0121225705851699	-0.00552212279926214	-0.0219142216304507	-0.00977861019937518
0.0526322114625229	0.0536260147244948	-0.0315914415230085	-0.030886020467999	0.0166713391746687	0.00134971008893372	0.0209271336707036	0.00501307159818072	0.00345819484689174	0.0294805204249049	-0.0393194007062198	-0.0319954046005493	-0.0121298670327505	-0.0055198527002159	-0.0219370078369388	-0.00977920112361922
0.0526236339805882	0.0536241204141522	-0.0315968227054861	-0.0308445970975872	0.0166695119195595	0.00134978273210319	0.0209228030202154	0.00500972442444854	0.0034526795539474	0.0294756756842942	-0.0393206468159731	-0.0319925379893229	-0.0121321189710044	-0.00551832719365683	-0.0219436854205949	-0.0097791955356831
0.0526274253952414	0.0536232850177032	-0.0315825706744278	-0.0308557589999746	0.0166942692705118	0.00137042736207573	0.0209353563186951	0.00502791036253099	0.00346029311690248	0.0294514603631449	-0.039334580334673	-0.0320173791593169	-0.012115654117245	-0.00552014606686188	-0.0219833905006517	-0.00978094735365479
0.0526280596259903	0.0536195606582833	-0.0315739568709084	-0.0308768506648362	0.0167013631554083	0.00136614420904448	0.020943254866392	0.00502751641303497	0.0034644812750198	0.0294378565326758	-0.0393199762636395	-0.0320173260739238	-0.012121792465066	-0.00552876545831745	-0.0219649866330608	-0.00978458230609683
0.0526451475346264	0.0536229245958238	-0.0315493587761353	-0.030929857826812	0.0167165288140212	0.00136385315523781	0.0209519608708573	0.00502641000168443	0.0034778587940763	0.0294139960454698	-0.0393104655963737	-0.032030390668558	-0.0121152098763239	-0.0055404218930509	-0.0219538219367053	-0.00978915323783794
0.0526516588771831	0.0536128956474835	-0.0315364995381534	-0.0310029410462607	0.0167172287030195	0.00135541118075385	0.020953711291845	0.0050214996028244	0.00351137104393495	0.0293871809370435	-0.0392821165994843	-0.0320391902709532	-0.0120863020858231	-0.00553880558252997	-0.0219413203266347	-0.00978378183424853
0.0526752064399667	0.0536195676432035	-0.0315042571467766	-0.0310874194644296	0.0167421397222149	0.00136103264448436	0.0209634678282997	0.00502808219156649	0.00352546381881402	0.0293652426998607	-0.0392792220485773	-0.0320533724528101	-0.0120747797615564	-0.00554525406080533	-0.0219485734677104	-0.00978732458574469
0.0526727421601405	0.0535944386944996	-0.0314811733826904	-0.031193282914106	0.016728253700972	0.00132973461431081	0.0209587013187946	0.00499716414104869	0.00358024235653786	0.0293368056929774	-0.0392298749847561	-0.0320481253807992	-0.0120400283868645	-0.00554163866613968	-0.0218995393283116	-0.00976441963561412
0.0527418132414595	0.0536359500749052	-0.0314418971767303	-0.0312775671514949	0.0167646465318974	0.00135747732013193	0.0209789561902232	0.00501985535262291	0.00356690255605013	0.0292909664560516	-0.0392305860496266	-0.0320718810942031	-0.0120682544491594	-0.00558352164429684	-0.0218730259684355	-0.00980983418939521
0.0527595982451258	0.0536413298603988	-0.031427643748688	-0.0313444505558253	0.0167713897738027	0.00136294651260334	0.0209786362808807	0.00502668800150609	0.00358348056551582	0.0292827563809164	-0.039230704793269	-0.0320876013554754	-0.0120479884018586	-0.005578767707648	-0.0218889920988968	-0.00980067695908868
0.0527302350378317	0.053615520580473	-0.0314467475052771	-0.0313545242076545	0.0167287272785577	0.00131782532546822	0.0209562691696011	0.00498597010802866	0.00360210655356723	0.0293225271192225	-0.0391939962439533	-0.0320490376113698	-0.0120388619052007	-0.00555529139104979	-0.0218428064099319	-0.00977791589831304
0.052788570296892	0.053672514734866	-0.0314290924211255	-0.03134006542296	0.0167660071943411	0.00137200316005983	0.020973544274097	0.00502930734655944	0.00355833904395569	0.0293013572232553	-0.0392438657798011	-0.0320822103941095	-0.0120784496385991	-0.00559197339766901	-0.0218780355531616	-0.00981795066660055
0.0527574454927379	0.053649637724416	-0.0314668109898938	-0.0313135450781638	0.0167313284628187	0.00135091428916624	0.0209502202287579	0.00500897843497734	0.00356400521117511	0.0293469659578164	-0.0392256155804533	-0.0320556900493133	-0.0120678437358551	-0.00555908280570302	-0.0218784714121784	-0.00979243615030482
0.0527163993080138	0.0536341619353487	-0.031491071014532	-0.0312439054243452	0.0167053473538574	0.00133680195651078	0.0209457414979627	0.00499886706457937	0.00355662075360069	0.0293879059717543	-0.0392422983637212	-0.0320375264629753	-0.0120606995595335	-0.00553441486172853	-0.021893522518101	-0.00977840763669105
0.052728680194608	0.0536584680604599	-0.0315035782125387	-0.0311688608393205	0.0167143872375056	0.00135654832575301	0.0209529038350766	0.0050192169309219	0.00351299992731213	0.0293890109861208	-0.0392687306985236	-0.0320337615910186	-0.0121021969700988	-0.00555914846395236	-0.0218928645386236	-0.00980307418368151
0.0526916084294448	0.0536528004962564	-0.0315474002045274	-0.0310511244223862	0.0166903241876154	0.00135727336046378	0.0209413354103369	0.00501567278244171	0.00349240139781253	0.0294252752945155	-0.0392869822948554	-0.0320216818701246	-0.0121115078686485	-0.00554094436507754	-0.0219147147658127	-0.00979233556745477
0.0526422823203841	0.0536258708351399	-0.0315830023424926	-0.0309547171575984	0.0166634168782433	0.00134498409196545	0.0209306107639504	0.0050068703860784	0.00348064857118113	0.0294757497244477	-0.0393025125662997	-0.0319980742370277	-0.0121055804654158	-0.00551490039183502	-0.021934268351259	-0.00977737805946208
0.0526181927277974	0.0536189697340393	-0.0315938597023618	-0.0308866952112848	0.0166639365563019	0.00134722485434709	0.0209303034274642	0.00500884292752658	0.00347099820551255	0.0294848524723771	-0.0393211930367283	-0.0319968169514021	-0.0121069383338914	-0.00550919510906281	-0.0219550275339219	-0.00977359502671302
0.052632313442357	0.0536352585678111	-0.0315873385809169	-0.0308436289876555	0.0166824605645192	0.00136829696143233	0.0209357740169196	0.00502636110724343	0.00344714330624262	0.0294641938725643	-0.0393312792614137	-0.0320067690656208	-0.0121373199425423	-0.00553387702287758	-0.02195454138348	-0.00979704759458275
0.0526291031730596	0.0536283155571897	-0.0315839774373445	-0.0308485156377871	0.0166879674755594	0.00136855121252551	0.0209396045471256	0.00502592245425849	0.00345767935978524	0.0294518640915291	-0.0393288568911084	-0.0320157684367321	-0.0121279461797114	-0.00553033706534947	-0.021962445519113	-0.00979116070388683
0.052615428096405	0.0536052303961194	-0.0315740490718542	-0.03088852106941	0.0166848647740322	0.00135147867071374	0.0209358983484981	0.00501014631362513	0.00349232875464305	0.0294415417765429	-0.0393076408946682	-0.032018267641159	-0.0120929391569423	-0.00551392669396719	-0.0219671128427521	-0.00977445975982663
0.0526411437784009	0.0536125058889396	-0.0315436618752672	-0.0309561015687706	0.0167069818251707	0.00135475320127645	0.0209487394256877	0.00501565601863337	0.00350852259350092	0.0294107298968112	-0.0392998066082366	-0.0320342603143168	-0.0120877647281009	-0.00553552965498324	-0.0219580715621199	-0.00978383631662564
0.0526622689708792	0.0536201082760225	-0.0315243918775787	-0.031013609813286	0.0167208650524455	0.0013617073877701	0.0209552465772923	0.00502164908011545	0.00351697434687308	0.0293767133357183	-0.0392847610902501	-0.0320460592414211	-0.0120869796230769	-0.00554768620999887	-0.0219413049598104	-0.00979074021169427
0.0526734755767555	0.053609678393266	-0.031498388416873	-0.031114296040153	0.0167267742948859	0.00134544369971081	0.0209568642847972	0.00500744175254604	0.00354364835991244	0.0293695691593968	-0.0392617527633015	-0.0320427875048265	-0.0120669887816297	-0.00554271574082562	-0.0219222528916303	-0.00978371338203113
0.0527106996131777	0.0536211979235647	-0.0314578339705269	-0.0312296003078938	0.0167479050753003	0.00135369987531899	0.0209719600942087	0.00501368627115324	0.00357412216950919	0.0293106359911723	-0.0392422089567434	-0.0320689977191684	-0.0120481378791497	-0.00555862180097363	-0.0219111803962207	-0.00978732598272872
0.0527432367681845	0.0536395417208423	-0.0314389090278934	-0.0313073466600295	0.0167573305265403	0.00135865497766792	0.0209766022721353	0.00501797082116852	0.00357793733289091	0.0292891936833195	-0.0392244016013326	-0.0320783477332709	-0.0120551633118288	-0.00557541494597971	-0.0218860640203731	-0.00979482080204139
0.0527579148793715	0.0536494142069714	-0.031434959754045	-0.0313457762936683	0.0167557589195083	0.00136052553928203	0.0209742707057918	0.00502006490022718	0.0035747116967692	0.0292953781316135	-0.0392213463972624	-0.0320770136135237	-0.0120632392764973	-0.00557486313728847	-0.0218734199179315	-0.00979742058931835
0.0526311972521183	0.0536322201275492	-0.031572808550037	-0.0308573739135115	0.0167020420896461	0.0013745791986083	0.0209518239664226	0.0050408464346345	0.00344801642126041	0.0294339086558114	-0.0393322836929302	-0.0320226597589445	-0.0121319317751445	-0.00553821186431788	-0.0219608431784324	-0.00979852141273277
0.0526459913129796	0.0536315467812475	-0.0315497666954716	-0.0309041589086245	0.0167175067028411	0.00137730331746379	0.0209608959807034	0.0050408659924109	0.00346354808968879	0.0294089166115423	-0.0393262738676398	-0.0320375935182087	-0.0121210269178184	-0.00554393670486649	-0.021967551495737	-0.00979626668051084
0.0526477668796798	0.0536095847953361	-0.0315374187536441	-0.0309811955928738	0.0167184776067409	0.00136099632289962	0.0209565471694228	0.00502688357927008	0.00349847129341618	0.0293899944628769	-0.0392898754487783	-0.0320354379718528	-0.0120997829816977	-0.00554408338818948	-0.0219359810536779	-0.00978494691892826
0.0526500956520552	0.0536012070821174	-0.0315192202427054	-0.0310389036061053	0.0167258802251077	0.00135592666786035	0.0209624298691666	0.00502539020334366	0.00351678156307716	0.0293731677902541	-0.0392747838303189	-0.0320441509612383	-0.0120823444300704	-0.00554445917689314	-0.0219250468596872	-0.00978196994596362
0.0526806532806937	0.0536045626377538	-0.0314796772127959	-0.0311489608018352	0.0167429597518396	0.00134835222045806	0.0209670594742369	0.00502326958158845	0.00353752677589974	0.0293408499617398	-0.039252697512829	-0.032052239498763	-0.0120720821853974	-0.00555735333947579	-0.0218995854287845	-0.00978263770432922
0.0527219369527026	0.0536181748501271	-0.031441589840244	-0.0312693920009603	0.0167714582260201	0.00136674770614478	0.0209877571896025	0.00504233561960883	0.00356303011632325	0.0292934195600056	-0.0392445167743584	-0.0320830625543669	-0.0120540666793664	-0.00557078673789343	-0.0219077885189996	-0.00979365711434569
0.0527084364990516	0.0535989523498955	-0.0314486529914919	-0.0313301216906454	0.016746513679208	0.00133375653132874	0.0209811857767327	0.00501303248262792	0.00359157329399267	0.0293026731822101	-0.0392035683785162	-0.0320669245948702	-0.0120400968390819	-0.00555733098773134	-0.0218575417974641	-0.00977188651524622
0.0527581635425286	0.0536391575502345	-0.0314240046052938	-0.0313571952411169	0.0167783369753762	0.00136996076941022	0.0209955076569924	0.00504081011304976	0.00356161636848645	0.0292872895940887	-0.0392347546499675	-0.032089550148195	-0.0120666786511753	-0.00558250463992413	-0.0218739535658304	-0.00980220106866373
0.0527417433922581	0.0536290629436449	-0.0314439339794438	-0.0313547281673227	0.0167467846941095	0.00134692450278097	0.0209778358090324	0.00502240065752275	0.00357157127667323	0.0293140753658504	-0.0392140932561866	-0.0320677935189359	-0.0120635633767919	-0.00556812408633519	-0.0218511464045818	-0.0097870158522744
0.0527579735527007	0.0536498752117008	-0.0314535424355915	-0.0313263833613853	0.0167526436451249	0.00136507691324674	0.0209735023645761	0.00503248408824016	0.0035495128988639	0.0293282268140586	-0.0392401078927646	-0.0320720152046699	-0.0120785809550978	-0.00557167521973553	-0.0218675274392995	-0.00979946297996795
0.0527216407920886	0.0536333460966761	-0.0314871259316356	-0.0312620438649707	0.0167196189426922	0.0013443680220089	0.0209561015315177	0.00501474797901487	0.0035464842374902	0.0293663253624827	-0.0392373474523243	-0.0320439078860173	-0.0120750829070905	-0.00554685360751791	-0.021869170292517	-0.00978110102189792
0.0526921127406791	0.0536237781530652	-0.0315149552504665	-0.031187390435474	0.0166950529785517	0.00132501001432657	0.0209469135675625	0.00500048616906835	0.00353117189555429	0.0294097534049753	-0.0392441884831117	-0.0320172883553551	-0.012084874368146	-0.00553740021659735	-0.0218612368202194	-0.00977694499441326
0.0526073814684011	0.0536027493524849	-0.0315919751709074	-0.0308539652724821	0.0166807967565413	0.00136497912436475	0.0209420227264789	0.00503730368313833	0.00344400428313068	0.0294719625007465	-0.0393286962379451	-0.0320022190886401	-0.0121288584102819	-0.00551719004865766	-0.0219519360082669	-0.00977635965810534
0.0526051379120514	0.053601578679869	-0.0315859485818086	-0.0308481622008279	0.0166876727119294	0.00136988812624075	0.0209426848969084	0.00503751881867872	0.00344368297680413	0.0294581630925135	-0.039329822207072	-0.0320093353252811	-0.0121268551351851	-0.00551789133463995	-0.0219567723669734	-0.00977154006320716
0.0526120348221999	0.0536028205986703	-0.0315660429563872	-0.0308829959975774	0.0167033091541599	0.00137604742882221	0.0209472125221446	0.0050408170979699	0.00345422322129884	0.0294388414064159	-0.0393264568725475	-0.0320196492583632	-0.0121183488994359	-0.00552246086939703	-0.021968382701234	-0.00977096869673952
0.0526259487831233	0.0536042846379321	-0.0315470327977279	-0.0309387077206323	0.0167144291470264	0.00136962130229131	0.0209543092010092	0.00503662614588453	0.00346731016767742	0.0294191159919341	-0.0393063961818989	-0.0320288917046954	-0.0121177342264633	-0.00553069748722881	-0.0219473161820848	-0.00977486907614697
0.0526316889904963	0.0536007712231006	-0.0315403314653434	-0.0309821860545499	0.0167105357525391	0.00135649663734396	0.0209532768298121	0.0050261389867829	0.0034905294392144	0.0293925579285691	-0.0392858367679521	-0.0320330309683717	-0.0121017792718743	-0.0055307016781809	-0.0219244545384591	-0.00976367504312695
0.0526792507087291	0.0536189180456302	-0.0314983576832244	-0.0310818999805331	0.0167467204328442	0.00137008370400473	0.0209719153907198	0.00503498748361915	0.00349752274126085	0.0293614191545748	-0.0392877841636877	-0.0320489705561364	-0.0121013350309533	-0.00555124572530338	-0.0219302687859856	-0.00978095573555896
0.0527194796577966	0.0536243900320697	-0.0314503726788309	-0.031239528673384	0.0167803779690418	0.0013829541178589	0.0209945982203899	0.00504669560676165	0.00354521717297639	0.029302227544305	-0.0392613462409492	-0.032083016453894	-0.012065285858099	-0.0055654879774735	-0.0219380290322636	-0.00979287340630572
0.0527041547430044	0.053596078753749	-0.031450520759138	-0.0313181760802181	0.0167499209232534	0.00134389165045519	0.0209792062503643	0.00501988189531945	0.00358362585185478	0.0293103719611909	-0.0392153156172115	-0.0320648137520032	-0.0120431268974396	-0.00554887224943903	-0.0218824318618991	-0.00976387481184302
0.0527472517002823	0.0536319784493123	-0.031435944627785	-0.0313246329403976	0.0167629547842389	0.0013662238371341	0.0209865851200026	0.00503365336387197	0.00355336438383035	0.0292947508857847	-0.0392323672042629	-0.032075852719796	-0.0120794680399559	-0.00557370224356082	-0.0218666263846012	-0.00978816836409788
0.0527406677145562	0.0536284343008321	-0.0314408969361659	-0.0313600059729822	0.0167498217373874	0.00135306843853812	0.0209764472069081	0.0050236495612442	0.00357033913676013	0.0293156818974831	-0.0392188569717237	-0.0320632142052906	-0.0120639237986712	-0.00556175663313349	-0.0218626826986888	-0.00978677277705345
0.0527622022233548	0.0536545062137552	-0.0314466092038583	-0.0313217747110754	0.0167537207198108	0.00137118313043512	0.0209790944916421	0.00504055725894061	0.00353480964196439	0.0293200502665401	-0.0392386731901673	-0.0320652160834034	-0.0121009732120899	-0.00558371861904485	-0.0218560120999529	-0.00980314682685099
0.0527323333078424	0.0536350979146478	-0.0314734606338692	-0.0312889022799018	0.0167302444032126	0.00136630346522372	0.0209706608990623	0.00503641520129623	0.00354311750598162	0.0293474465203221	-0.0392459891955244	-0.0320558353356523	-0.012077019126954	-0.00555422130128399	-0.0218834223235753	-0.0097827690208279
0.0527155471477565	0.0536391212286498	-0.031501579128394	-0.0312083465928849	0.0167078479552684	0.00135682632557467	0.0209520865994199	0.00501808677084288	0.00351569191553496	0.0293894901516426	-0.0392568968468185	-0.0320306449196511	-0.0121050929179898	-0.00553893270807656	-0.0218811424456409	-0.0097720625352338
0.0527062530130152	0.0536426346434813	-0.0315135107689811	-0.0311526418547501	0.0167104896520662	0.00137377313882388	0.0209542142060952	0.00503818518006029	0.00350626367032691	0.0293952610926641	-0.0392783056270546	-0.0320369886241244	-0.0121003278054688	-0.00554567874394998	-0.0219125871591374	-0.00978703401306677
0.0526740762798877	0.053641683297358	-0.0315542929237238	-0.0310216955568428	0.0166895334946553	0.00137454287702356	0.0209406341243546	0.00504139125840559	0.00346177112600459	0.0294414272238525	-0.03929928413621	-0.0320149847286921	-0.0121369525357428	-0.00553654945332402	-0.021917673577985	-0.00978362676902137
0.0526327311405815	0.0536273167136093	-0.0315880831734041	-0.0309130381391094	0.0166675449660474	0.00136133858398659	0.0209233394620823	0.00502722584035704	0.00344445411198784	0.0294792296116626	-0.039311214379813	-0.0319870841636758	-0.0121437195263767	-0.00552143408613611	-0.0219252228796748	-0.00977338408212472
0.0526432029328588	0.0536452986920236	-0.0315854344916862	-0.0308499056368954	0.0166838058601386	0.00138336622814729	0.0209255858124001	0.00503995515882434	0.00341902900266993	0.0294725352641982	-0.039335857178075	-0.0319980476943311	-0.012163959030981	-0.00553588448892647	-0.0219534419570496	-0.00979024847331625
0.0525911890265273	0.0535991632944838	-0.0316044795749461	-0.0308459060716219	0.0166588599163425	0.0013523406098593	0.0209153473164555	0.00501561271212848	0.00346250174865147	0.0294847602714312	-0.03931037758638	-0.0319874767161878	-0.012114428962252	-0.0055028276558611	-0.0219556114732458	-0.00975866685538493
0.0526023481349466	0.0536066120133235	-0.0315891183385692	-0.0308422571493396	0.0166788703155661	0.00136054928801051	0.0209339048522895	0.00502851525661531	0.00345133146435993	0.0294583460974212	-0.0393154011409463	-0.0319972164888342	-0.0121288178977451	-0.00552211162338992	-0.0219544659463425	-0.00977108883736597
0.0525905254591138	0.0535915036310558	-0.0315723978367326	-0.0308842323284426	0.0166827832678298	0.0013477654871661	0.0209464902814019	0.00502174407502938	0.00347681385002301	0.0294439753227204	-0.0393041344647568	-0.0320048593884539	-0.0121034472708043	-0.00551328128734604	-0.0219557609505368	-0.00976348784726714
0.0526372364140733	0.0536129571147808	-0.031531967721965	-0.0309602771540317	0.0167218946296745	0.00137686326749483	0.0209637416371693	0.00504351048317677	0.00347748021140459	0.0293972112823679	-0.0393033786963974	-0.0320345466960426	-0.0121103805025375	-0.00554511436240248	-0.021957732095001	-0.00978749781176422
0.0526458711723532	0.0536115782915447	-0.0315259034142975	-0.0310093322481909	0.0167172971552369	0.00136851069998868	0.0209597700115764	0.00503493439822607	0.00349058531857554	0.0293805438659243	-0.0392771307634867	-0.0320333327169219	-0.0121113122908845	-0.00554495091527115	-0.0219291372289225	-0.00977799133545057
0.0526825699427807	0.0536199574017474	-0.0314786322687426	-0.0311258993894934	0.0167447646552044	0.00137713567938038	0.0209683502874792	0.00503835142115968	0.00351863396389889	0.0293408890772926	-0.0392723055806524	-0.0320586823891023	-0.0120887845264416	-0.00555257565409847	-0.0219413887788521	-0.00977238384156035
0.0527086167099913	0.053617483343033	-0.0314482716148521	-0.0312474858944101	0.0167533770617398	0.00136657028917316	0.0209684019758882	0.00503201051065451	0.0035555660306592	0.0293113694077873	-0.0392278633277551	-0.0320612905582834	-0.0120686386197673	-0.00556517505305112	-0.0219037638080137	-0.00979090645279366
0.052729660877396	0.0536243788561975	-0.0314362128487185	-0.0313143734896926	0.0167516895050334	0.00136318399988818	0.020966379143015	0.00502904890451418	0.00356762479679284	0.0292993329933981	-0.0392146199191654	-0.0320673814086475	-0.0120669734148053	-0.00557180234528212	-0.0218733095561933	-0.00978662609373046
0.0527569844880086	0.0536424935480945	-0.0314240213691022	-0.0313573908188809	0.0167646185922168	0.00137499549984878	0.0209707922155609	0.00503790997420668	0.00356566762216897	0.029297711094941	-0.0392256742537825	-0.0320768487694083	-0.0120679024091843	-0.0055763523222628	-0.0218863755478115	-0.00979660754461379
0.0527447580837915	0.0536324352630896	-0.0314399805146433	-0.0313584189991258	0.016739003493071	0.00135463306065	0.0209582975904104	0.0050225990292548	0.00357355778796169	0.0293185205690289	-0.0392078599134517	-0.0320545417284419	-0.0120677682987175	-0.00556837274949226	-0.0218615651114661	-0.0097852975619194
0.0527463743943124	0.0536411147248584	-0.0314501882769392	-0.0313261360952122	0.0167371329314569	0.00136134556890673	0.0209626184620104	0.00502987033112291	0.00355478930753938	0.0293313127517775	-0.0392266730973629	-0.0320522325138429	-0.0120765902528572	-0.00556943864830597	-0.0218695376993165	-0.00979376188814782
0.0527569020659509	0.0536620359576685	-0.0314594195473992	-0.0312613830915252	0.0167488899490404	0.0013894193599426	0.0209752024941388	0.00505541837503533	0.00351489144368666	0.029337079501847	-0.0392607818594017	-0.0320600332726578	-0.0121072344945055	-0.00558238030834559	-0.0218979244147747	-0.00981068215870049
0.0526899544003551	0.0536156966004606	-0.0315086422796419	-0.0312023786771153	0.0166938557632394	0.00133746971487638	0.0209455375382945	0.0050147787126635	0.00353326038667683	0.0294039293785607	-0.0392378084570537	-0.032013456428165	-0.0120865856735808	-0.0055388656528432	-0.0218717770647141	-0.00977496826201299
0.052699716524746	0.0536471399169731	-0.0315197566845723	-0.0310923242753535	0.0166996616288616	0.00136687902264345	0.0209477894765484	0.00503285568599172	0.00349060767031999	0.0293933290637528	-0.0392717663448174	-0.0320225591760944	-0.0121223093491565	-0.00555807138926642	-0.0218907816354372	-0.00980041013513925
0.0526836889269875	0.0536559451073045	-0.0315534645121949	-0.0309776165197929	0.0166923735631852	0.00138064630024389	0.0209340194049799	0.00504248789086793	0.00345021667110523	0.0294417638970034	-0.0393107044806426	-0.032012770509007	-0.0121494457639093	-0.00554758981810091	-0.0219248470909711	-0.00980470306705869
0.0526324210101272	0.0536286382605002	-0.0315882591933917	-0.0308838439668827	0.0166647314402141	0.001363665959378	0.0209175978577254	0.00502696041339164	0.00345373287990485	0.0294795900335419	-0.0393166877632365	-0.0319932504511774	-0.0121348207381154	-0.0055201572427341	-0.0219493152662295	-0.00978100323301593
0.0526293420573285	0.0536290238280921	-0.0315869348525327	-0.0308587150181788	0.0166765163974781	0.00136653257060439	0.020915323567727	0.00502216037626986	0.0034488210840608	0.0294790591796111	-0.0393171515619339	-0.0319907861713512	-0.0121354857025129	-0.00552158216644313	-0.0219599044051652	-0.00979621918305388
0.0526196400032508	0.0536171983582912	-0.0315889032030288	-0.0308546931011609	0.0166810524046185	0.00136691115327611	0.0209196360574229	0.00502593642409878	0.00345572637611346	0.0294675913377215	-0.0393186058223076	-0.0319967331323604	-0.0121247806139029	-0.00551802963605877	-0.021970299363321	-0.00978164724265304
0.0526077949756736	0.0536031181562684	-0.0315803634396629	-0.0308685497857392	0.0166807632289247	0.00135660839606624	0.020925337149243	0.00501905348379058	0.00346965290989314	0.0294538911153544	-0.0393022653001267	-0.0319966423283985	-0.0121146985801695	-0.0055172459280188	-0.0219610666958769	-0.00977538735722153
0.0526194304556466	0.0536053882553146	-0.0315592731717853	-0.0309026012714328	0.016695751470566	0.00135360348342102	0.0209386937135391	0.00501949073979148	0.00347532047409659	0.0294292497140765	-0.0392929320498326	-0.03200574926728	-0.0121176811410703	-0.00553100202974701	-0.0219441785559569	-0.00978351081934701
0.0526507033401076	0.0536156728517321	-0.0315295649094361	-0.0309805837138693	0.0167262196922266	0.00137209117005362	0.0209597742025285	0.00503469271998915	0.00349166239326148	0.029377284702186	-0.0392903141017633	-0.0320336414503922	-0.0121038426172844	-0.00554818772726509	-0.0219520212242927	-0.00978994532778208
0.0526631029703442	0.0536135438480728	-0.0315122031919304	-0.0310455881746814	0.0167315114677264	0.00136542476226982	0.0209623837686937	0.00503151318434038	0.00350310089848648	0.0293680254920453	-0.039272237128435	-0.0320354575296292	-0.0121032894116091	-0.00555024967569109	-0.0219321114079191	-0.00978746987208365
0.0526835618014409	0.0536021961468096	-0.0314710466454681	-0.0311804069123157	0.0167477234673766	0.00135311593599509	0.0209761370764538	0.00502561930872432	0.00355409221250918	0.0293252288863336	-0.0392436869658455	-0.0320498450681383	-0.0120635410250474	-0.00555422130128399	-0.0219207050333267	-0.00978422188421749
0.0526989188468658	0.053596028462324	-0.0314499675534627	-0.031272271185043	0.0167478813265719	0.00133883456827218	0.0209775242815941	0.00501683647013741	0.00358020044701701	0.0293020738760619	-0.0392125495888352	-0.0320520117903664	-0.012051000299424	-0.00555924904680241	-0.0218815880835459	-0.00977966073136458
0.0527700225399461	0.0536489825389066	-0.0314216003957808	-0.031313753228784	0.016783333987246	0.00138213269125017	0.0209926368548139	0.00504705882260904	0.00354940253712565	0.0292643245736449	-0.0392322386817323	-0.0320847319502809	-0.0120891742849856	-0.0056017816225328	-0.0218782772313985	-0.00981633715004768
0.0527406956542368	0.0536214884962426	-0.0314376950487727	-0.0313446447366053	0.0167489779590342	0.00135106236947326	0.0209736811785318	0.00501851424795559	0.00358286170159122	0.0292989683805666	-0.0392069826074818	-0.0320684836290459	-0.012055469251331	-0.00556423208883191	-0.0218790832911829	-0.00977965933438055
0.0527656038794641	0.053642127538279	-0.0314338198150778	-0.0313498219594147	0.0167562506578863	0.00136497353642863	0.0209778022814157	0.00503492881028995	0.00356259705127442	0.0293079845154863	-0.039222262818785	-0.032065346002918	-0.0120759574190923	-0.00558054048038012	-0.021869418955674	-0.0098151008191825
0.0527506114468707	0.0536363216726567	-0.0314586470152315	-0.0313128465861495	0.0167384195537471	0.00136073229291824	0.0209696941861146	0.00503010642142372	0.00355339372049495	0.0293331134641902	-0.0392268840419512	-0.0320507223741081	-0.0120832161481042	-0.00556964959289427	-0.0218711791555499	-0.00979924784442757
0.0527276897329318	0.0536375174909851	-0.0314849885460721	-0.0312296869209036	0.0167163248543531	0.00135739070712217	0.0209554449490243	0.00502761420191696	0.0035341376926467	0.0293617572247097	-0.0392436813779093	-0.0320327180439494	-0.012095431376449	-0.00555667440523796	-0.0218785217036035	-0.00979617447956497
0.0527157902229774	0.0536378890887367	-0.0315031465444739	-0.0311631094560754	0.0167081580857227	0.00135724821475127	0.0209494686513506	0.00502655528802338	0.00351182226977614	0.0293864251686841	-0.0392585089663874	-0.0320253056466944	-0.0121087613980486	-0.00555487229584125	-0.0218812793500756	-0.00979837333242576
0.052712725240019	0.0536615791438912	-0.0315321171992561	-0.0310456538329308	0.0167057636550979	0.00138353107226265	0.0209469401102591	0.00504358452333027	0.00347129576311061	0.029398492316722	-0.0392940733857838	-0.0320299352517647	-0.0121421353464884	-0.00556068654336769	-0.0219115017025473	-0.00980780856255395
0.052648170608064	0.0536270652564842	-0.0315860771043392	-0.0309473536547844	0.0166601409506966	0.00135274992617964	0.0209196234845666	0.00501937479011712	0.00346802961445208	0.0294675564131208	-0.0392915057291395	-0.0319891014086129	-0.0121314540066068	-0.00551772928449265	-0.0219205793047642	-0.0097789105509413
0.0526462329912165	0.0536371975816426	-0.0315850195874297	-0.0308856782069121	0.0166854054068512	0.00138051777771327	0.0209331979783711	0.00503929717934694	0.00344367319791593	0.0294668257904739	-0.0393292284888599	-0.0320038465750333	-0.0121409465130802	-0.0055233772909197	-0.0219720036838357	-0.00979224755746097
0.0526156865384503	0.0536204645069497	-0.0315982657899875	-0.0308461295890665	0.016672583887438	0.00136266711579765	0.0209319323108414	0.00502877788961266	0.00344236282689724	0.0294724668119808	-0.0393150714527156	-0.0319910082918117	-0.0121452743696003	-0.00551939029850248	-0.0219516775662217	-0.00978012453006203
0.0526126047916835	0.0536165557456381	-0.0315933456122393	-0.0308362473240492	0.0166790016320648	0.00136499449118906	0.020931130442009	0.00502918301498091	0.00344189623423174	0.0294601761464985	-0.0393210365745171	-0.0319950064601012	-0.0121378284447287	-0.0055180016963782	-0.0219566592112671	-0.00977741717501488
0.0526239552869147	0.0536181161767979	-0.0315695451953465	-0.0308582232798008	0.0166998069152006	0.00137741787015413	0.0209450513878526	0.00504285809163548	0.00345192797654009	0.0294327687168442	-0.0393255558178491	-0.0320182788170312	-0.0121309482983885	-0.00552813122756854	-0.021974768315228	-0.00978645147072691
0.0526372517808976	0.0536198121154084	-0.0315550417071631	-0.0309137478069958	0.0167041403596569	0.00136641801791406	0.0209427910676946	0.00502870664342721	0.00347011950255865	0.0294173432192019	-0.0393033186260842	-0.0320195333086888	-0.0121280900690663	-0.00553139737622707	-0.0219501394868063	-0.00978531432572774
0.052658135295139	0.0536194167689284	-0.031523228189883	-0.0310199786634718	0.0167322881908462	0.00138280883151994	0.0209595171574673	0.00504241524769846	0.00350351999369502	0.0293786816862144	-0.0392945274055931	-0.0320435544490581	-0.0120943095982742	-0.0055367548099762	-0.0219703384788738	-0.00979409157637854
0.0526708408648778	0.0536116034372572	-0.0315039512072743	-0.0310978647140103	0.016738265885504	0.00136310437179856	0.0209602645439225	0.00502742700605715	0.00351533149365562	0.0293743328749338	-0.0392702659839709	-0.0320367050363666	-0.0120968702699983	-0.0055417965253349	-0.0219304531878773	-0.00978326355317397
0.0527100863371892	0.0536189976737198	-0.0314645269210073	-0.0312070348248821	0.0167592499825954	0.0013663858872814	0.0209744537106995	0.00502880862326129	0.00354717853855235	0.0293149848024529	-0.0392438951164657	-0.0320580104397846	-0.012082859917177	-0.00556696878054366	-0.0219038588029276	-0.00979299075296411
0.0527370523198905	0.053628775164935	-0.0314355045778161	-0.031305752701253	0.0167789516483488	0.00137640924768558	0.020987583963583	0.00504064247496634	0.00356822130897299	0.0292832327524701	-0.0392347881775842	-0.0320812241233854	-0.0120640523212018	-0.00557565383024857	-0.0219054807013846	-0.00979841244797855
0.0527470239918857	0.0536355952409619	-0.0314382286966716	-0.0313356788931106	0.016768113846256	0.0013653255764038	0.0209840104784382	0.00503373857989771	0.00355903753596992	0.0292912151192087	-0.0392189827002862	-0.0320704254368455	-0.012079673396608	-0.00557904850143772	-0.0218648200842524	-0.00979720265980991
0.0527383361482127	0.0536263933071665	-0.0314428261711092	-0.0313566154927451	0.0167521169821461	0.00134742881401525	0.0209765519807103	0.00502049098035585	0.00357663534377638	0.0293102657904048	-0.039212292543774	-0.0320618800855434	-0.012057873460844	-0.00556381997854352	-0.0218664671284219	-0.00978644448580676
0.0527661570851394	0.0536564941220277	-0.0314424978798625	-0.0313365506111444	0.016765610450877	0.00137571913757552	0.0209818870627149	0.00504220989104627	0.0035452912131299	0.029310325860718	-0.0392400603953076	-0.0320730629426912	-0.0120846354838771	-0.00557784150723714	-0.0218816062443383	-0.00980743975877044
0.0527256180056176	0.053629410792668	-0.031483707511718	-0.0312907225500909	0.0167237973219213	0.00134778644192653	0.0209582459020014	0.00501970866929992	0.00354840509052933	0.0293569362328275	-0.039225010686369	-0.032038097829443	-0.0120810522198441	-0.00555081126327053	-0.0218584652039069	-0.00978204119214907
0.0527316655494768	0.0536507916332235	-0.031492054491288	-0.0311958715255107	0.0167297107553137	0.00136644036965851	0.0209633993760823	0.00503516629757479	0.00350483176169774	0.0293716562535353	-0.0392637560383983	-0.032041192149066	-0.0121148131328598	-0.00556539437954359	-0.0218792174016496	-0.00980136287824665
0.0527125673808238	0.0536496195636236	-0.0315081798779285	-0.0311404936816387	0.0167239342263561	0.00137492425366333	0.0209578240128248	0.00503453066984184	0.00349818351470631	0.0293810565590628	-0.0392816025093618	-0.0320439735442666	-0.0121102184523902	-0.00555293188502573	-0.0219107878437087	-0.00978445238658219
0.0526610005093814	0.0536317814745643	-0.0315646864848955	-0.0310076139578359	0.0166813304044402	0.00135654972273704	0.0209414611388995	0.00502111822618463	0.00347419869592174	0.0294425001075864	-0.0392864095314037	-0.0320068039902215	-0.0121285482798276	-0.00553292847072226	-0.02190044038301	-0.0097825091817986
0.052633542788302	0.0536239038816278	-0.0315804318918803	-0.03092838680263	0.016684852201176	0.00136617354570908	0.0209454523222688	0.00503228431952409	0.00345762627439216	0.0294661608260764	-0.0393171082554291	-0.0320017175713739	-0.0121293403697718	-0.00552435517973962	-0.0219389622175947	-0.00978969387065695
0.0526340191598557	0.05363736661671	-0.0315910866890653	-0.0308524509417952	0.0166920340960662	0.00137849634182409	0.0209465545426672	0.00504659642089562	0.00342035054956085	0.0294641338022511	-0.0393326133811609	-0.0320004141852753	-0.0121665937428586	-0.00554184961072798	-0.0219415033315424	-0.00979303964740511
0.052621514755817	0.0536252198405826	-0.0315861790841733	-0.030846157528747	0.0166996909655262	0.00138642143221753	0.0209532502871156	0.00505622024386767	0.00344068085812698	0.0294463767382654	-0.0393385910758187	-0.0320202946649843	-0.0121382168062886	-0.00553137642146664	-0.0219808968841609	-0.00978766265587958
0.0526158527795497	0.0536184626288369	-0.0315864989935158	-0.030860246112674	0.0166975829166273	0.00137877015069367	0.0209458225230363	0.00504239988087414	0.00344585947792047	0.0294395077677974	-0.0393256564006992	-0.0320163453911359	-0.0121379779220197	-0.00552056516207041	-0.0219672469532188	-0.00976972119000211
0.0526083104627801	0.0536029630910412	-0.031573008318753	-0.0308920177204332	0.0166962767365607	0.0013653940286212	0.0209425940929465	0.005035863392605	0.00346607802776432	0.0294325018928947	-0.0393044320223548	-0.0320108119373991	-0.0121252472065684	-0.00552365948169345	-0.0219474530865196	-0.00977335195149207
0.0526157466087635	0.0535929425246051	-0.0315556479982314	-0.0309581411654521	0.0167035787720774	0.00135494877904043	0.0209476833057622	0.00502814505584777	0.00349222258385689	0.0294131382972763	-0.0392847024169209	-0.0320147751810879	-0.0121131171942493	-0.00552777918759336	-0.0219258012310626	-0.00976844155263204
0.0526578349435729	0.0536176412022282	-0.0315206675181589	-0.0310169039016251	0.0167410179440401	0.00138342490147649	0.0209732537014191	0.00505539183233879	0.00349023327860037	0.0293615728228179	-0.0392952077368149	-0.032050225047794	-0.0121127372145936	-0.00555337193499469	-0.0219432579434822	-0.00978799932903044
0.0526774555842525	0.0536076681332491	-0.0314934249326199	-0.0311291362014873	0.0167527707706715	0.00137135076851854	0.0209774069349357	0.00504624577790449	0.00352002396300721	0.0293421449659342	-0.039266735805331	-0.0320562865614935	-0.0120936753675253	-0.00555192326255718	-0.0219233914336135	-0.00978049333384554
0.0527030162010212	0.0536099605840398	-0.0314663667489727	-0.031241441144519	0.0167547055935509	0.00136186384998129	0.0209756313682355	0.00503333904246557	0.00355300535893504	0.0293062382854507	-0.0392358331216375	-0.0320669804742313	-0.0120759378613159	-0.00555264829726795	-0.0218942545377319	-0.00976429809800364
0.0527470980320392	0.0536337023276034	-0.0314373723454621	-0.0313205397771942	0.016778179116181	0.00138265516327681	0.0209901418413391	0.00505386213482763	0.00355736814005591	0.029278660423745	-0.0392289445933932	-0.0320866681701443	-0.0120830415251006	-0.00557991323455134	-0.0218880142100768	-0.00979717332314531
0.0527287039433365	0.0536172975441572	-0.0314470716055717	-0.0313546024387601	0.0167503972948071	0.00135487334190289	0.0209758828253606	0.00503260702283466	0.00357549680179319	0.0293069591292094	-0.0392091619025662	-0.0320670866450175	-0.012067840941887	-0.00555840945940131	-0.0218638058738477	-0.00977423903635014
0.0527566841364424	0.0536464847314638	-0.0314410631772653	-0.0313459118011191	0.0167586632493035	0.00136944248833567	0.0209758115791752	0.00504652796867823	0.00355195622392967	0.0293027751620442	-0.039224566445448	-0.0320748021878066	-0.0120928567348846	-0.00558031835991959	-0.0218550928844622	-0.00979373394846725
0.0527373596563768	0.0536369056119806	-0.0314653944480889	-0.0313281100336444	0.0167354272139582	0.0013535825286606	0.0209667241980701	0.00503080211946989	0.00355598931681982	0.0293354855430705	-0.039222947340959	-0.0320578721383658	-0.0120821851738912	-0.00556124254301102	-0.0218554183817409	-0.00977910612870528
0.0527132407271255	0.0536313833341161	-0.0314892451564068	-0.0312609667902847	0.0167170526830319	0.00135210591654252	0.0209631912254621	0.00503182890273081	0.00353949233242778	0.0293577911870529	-0.0392348398659932	-0.0320420485002754	-0.0120916637105243	-0.00555205737302391	-0.0218591301683045	-0.00977613474367675
0.0527392958762402	0.0536662674222907	-0.0314896321209827	-0.0311895823034146	0.0167402021053674	0.00139014160068531	0.0209761035488371	0.00506304730481473	0.00348557293988144	0.0293684236324935	-0.039282545473581	-0.0320556676975689	-0.0121400398704457	-0.00557566780008886	-0.0218879485518275	-0.00980797061270125
0.0526956177736065	0.0536414988954662	-0.0315283257846029	-0.0311283413175751	0.016714897136676	0.00137704068446644	0.0209624885424958	0.00505616017355444	0.00350159634668783	0.0293922925016037	-0.0392787484709917	-0.032046394517588	-0.0121131088123451	-0.00554835676233253	-0.0219140358315749	-0.00978428055754669
0.0526582638176696	0.0536340739253549	-0.0315686078190634	-0.031003443960511	0.0166874673552772	0.00136827460968788	0.0209421889675783	0.00504384017140748	0.00346565055065162	0.0294541355875594	-0.0393007244267433	-0.0320162015017809	-0.0121340118843629	-0.0055312171652874	-0.0219223101679754	-0.00977737805946208
0.0526335218335416	0.0536292249937922	-0.0315862195967102	-0.030902904416967	0.0166781704265678	0.00137073469856199	0.020931327416757	0.00504627790853714	0.00344520010145904	0.0294762875632987	-0.0393217336695473	-0.0320033478517351	-0.0121484944177859	-0.00552884648339111	-0.0219382679165325	-0.00978093058984645
0.0526405318993964	0.0536443934463732	-0.0315869432344369	-0.030844977077243	0.016692020126226	0.00138635018603208	0.0209295979505298	0.00505259507031382	0.00342482928035608	0.0294573696055853	-0.0393426409325172	-0.0320119169517657	-0.0121661159743209	-0.00553788497005522	-0.0219559565283008	-0.00978125189617299
0.0526050303442812	0.0536118199697816	-0.0316008977078971	-0.0308420559836395	0.0166748917050531	0.00136215861361129	0.0209262605556858	0.00503611484973012	0.00345468422602823	0.0294697678388378	-0.0393170104665471	-0.0319966800469673	-0.012137356264127	-0.00552166458850081	-0.0219489227137175	-0.00977614033161287
0.0526261806824721	0.053623716685768	-0.0315805743842512	-0.0308555284976099	0.0167009370752796	0.00138013500408948	0.0209485284810994	0.00505109610645129	0.00345129234880714	0.0294354634990351	-0.0393290077653835	-0.0320226471860882	-0.0121401222925034	-0.00553723816645004	-0.021966910280068	-0.00978532131064789
0.0526279799979007	0.053614585998158	-0.0315604913418581	-0.0309046464560505	0.0167089501756668	0.00137075844729048	0.0209520265291067	0.00504245715721931	0.00347861735640375	0.0294160063054867	-0.0393096846823018	-0.0320307720451977	-0.0121223414797892	-0.00553861279873405	-0.0219630993076383	-0.00978173385566281
0.0526478115831687	0.0536137645715492	-0.0315387822100558	-0.0309828496219635	0.0167252725370553	0.00137268628524975	0.0209613304427362	0.00504523436146788	0.00350146642717319	0.029379153866816	-0.0392922000302017	-0.0320435516550901	-0.0121085895690131	-0.00555092302199281	-0.0219473804433501	-0.00978244352354926
0.0526545143125372	0.0536078385653005	-0.0315307607277645	-0.0310387764805587	0.0167219393331634	0.00135808780215237	0.0209600759510786	0.00503519563423939	0.00351125369727655	0.029372870232656	-0.0392672806291021	-0.0320339208471979	-0.0121105146130043	-0.00555027761537166	-0.021914235600291	-0.00977600901511419
0.0526882263311119	0.0536090064439483	-0.0314775132845358	-0.0311711379232869	0.0167563219040718	0.00136640823902586	0.0209796840189021	0.00504530421066931	0.00354722324204126	0.029321422104856	-0.0392564567968496	-0.0320640007072986	-0.0120750815101065	-0.00556576178634307	-0.0219249812014379	-0.00977866328476826
0.0527388837659518	0.0536336911517312	-0.0314472629923836	-0.031263285783772	0.0167787267339202	0.00137725721699085	0.0209882978224215	0.00505416388337777	0.00355145610364748	0.029281018532785	-0.0392400869380041	-0.0320779845174235	-0.0120922839714329	-0.00559150261405142	-0.0218947085575412	-0.00979637983621715
0.0527366388126181	0.0536241818814494	-0.0314441211753036	-0.031336385767029	0.0167597626757339	0.00136157886523948	0.0209749440520935	0.00503772557231492	0.00358557743854254	0.0292880272016558	-0.0392126487747012	-0.0320763179154775	-0.0120631694272959	-0.00557222283747469	-0.0218842800717688	-0.00977929053059704
0.0527453909175564	0.0536317940474205	-0.0314458520385149	-0.031355528639171	0.0167497616670742	0.00135450593510341	0.0209722520638707	0.00503282076139101	0.00357957739214031	0.0293043788997089	-0.0392097528268102	-0.032064414214571	-0.0120725892905997	-0.00557373018324139	-0.0218648214812364	-0.00978379301012075
0.0527596611094071	0.0536533509079636	-0.0314474739369719	-0.031325880447135	0.0167534594837975	0.00136823968508716	0.0209766651364166	0.00504617453171903	0.00355754835099558	0.029303405201841	-0.0392289655481536	-0.0320742615549876	-0.0120924725642768	-0.00558708674753746	-0.0218685444436722	-0.00979381916449299
0.0527488680108032	0.0536532642949539	-0.0314724603933049	-0.0313090467895921	0.0167366761176796	0.00136202869409665	0.0209662967209574	0.00503332507262529	0.00355437719725098	0.0293352815834023	-0.0392321367018982	-0.0320581431532673	-0.0120890276016626	-0.00556880022660497	-0.0218744872137293	-0.00978601561171003
0.0527206461394603	0.0536398169266959	-0.0314975977239129	-0.0312508791686152	0.0167140198307061	0.00135121883168445	0.0209510835648875	0.00502872899517166	0.00354803768372985	0.0293723491576134	-0.0392382974014637	-0.0320370123728528	-0.0120831854144556	-0.005550686931692	-0.02188453711683	-0.00978370500012696
0.052711790657704	0.0536442160294015	-0.0315176067261525	-0.0311783966522988	0.0167051867006942	0.00135340511168898	0.0209414457720751	0.00502548380127356	0.00351897622498586	0.0293976247896403	-0.0392546854211015	-0.0320219738397865	-0.0121056084050963	-0.00555046760519953	-0.0218868658892054	-0.00978252454862292
0.052679639070289	0.0536428204423571	-0.0315494006856561	-0.0310693969734784	0.0166857085523854	0.00136059259451539	0.0209344398971724	0.00503546525215688	0.00349969924237719	0.0294173292493617	-0.0392753929153553	-0.0320182285256062	-0.0121154529515449	-0.00554146963107224	-0.0219076180869482	-0.00977873453095371
0.052686069387772	0.0536683167978605	-0.0315665067550846	-0.0309564829454104	0.0166985314687826	0.00139706365654631	0.0209442229763237	0.00506856120077505	0.00343594508227051	0.0294421327007869	-0.0393268983195005	-0.0320228399698842	-0.0121637844079774	-0.00555370302020943	-0.0219469641421097	-0.00980366371094152
0.0526205703946138	0.0536258177497468	-0.0316075529398087	-0.03088547983518	0.0166599216242041	0.00135872203290129	0.0209217063877531	0.00503424289113198	0.00345229817730763	0.0294863137176709	-0.0393113275355193	-0.0319882925548604	-0.0121396752576143	-0.00551352296558296	-0.0219467490065693	-0.00976699288019453
0.0526255785823558	0.0536339104782236	-0.0315991919903984	-0.0308434124551311	0.0166767315330185	0.00137287208412553	0.0209281450871402	0.0050432520411315	0.00343879912064065	0.0294651256609113	-0.0393263465108092	-0.03199799181497	-0.0121528613898589	-0.00552592678677163	-0.0219588846068245	-0.0097797990327834
0.0526209783139501	0.0536278126429394	-0.0315907611917867	-0.0308494655869264	0.0166927619247451	0.00138139228971509	0.0209335584002505	0.00505326981359957	0.00344535237271814	0.0294474719737437	-0.0393328466774936	-0.032010459897424	-0.0121384179719887	-0.00552471560161896	-0.0219817909539391	-0.00977413985048412
0.0526133326203624	0.0536133496672928	-0.0315842582311342	-0.0308712822864988	0.016694280446384	0.00136958917165866	0.0209471915673842	0.00504741225956825	0.00345746562122889	0.0294352441725426	-0.0393142514230909	-0.0320097683903299	-0.0121332114125146	-0.00552675100734842	-0.0219677107519163	-0.00977063202358866
0.0527292278123472	0.0536588145124989	-0.0314964591819297	-0.0312119438267581	0.0167229591315042	0.00136322032147292	0.0209557089790057	0.00503811533085886	0.00351830846662026	0.029367273914638	-0.0392597117696359	-0.0320393383512602	-0.012109472462919	-0.00556184184915922	-0.021889299435383	-0.00978556159190078
0.0526913346205753	0.0536331253731996	-0.0315210977892396	-0.0311637157471437	0.0166969123642936	0.00134770122590079	0.0209418439125233	0.00503057580805728	0.00352721982773779	0.0294031191278242	-0.0392554048678762	-0.032017530033592	-0.0120920674389085	-0.00554463799084878	-0.0218936873622164	-0.00978369103028668
0.0526842309567906	0.0536539837417285	-0.0315525872062251	-0.0310316574499497	0.0166936532005552	0.00137197941133134	0.0209391211906518	0.00504571213000561	0.00347527856457574	0.0294237092754196	-0.0392973325495222	-0.0320166764763506	-0.0121345092106771	-0.00554771834063153	-0.021917085447709	-0.00979010178999326
0.0526352764454814	0.0536340864982112	-0.0315914387290405	-0.0309230992180823	0.0166700232157139	0.00136142519699635	0.0209251918629041	0.00503520261915953	0.00346123747810572	0.0294629547477311	-0.0393137429209045	-0.0320010791496729	-0.0121318311922945	-0.00552179450801546	-0.021938882589505	-0.00976352975678799
0.052621415569951	0.0536319602885199	-0.0316001363516016	-0.0308734140841262	0.0166759883375154	0.00136604921413054	0.0209270219119813	0.00503683150253671	0.00344717543687528	0.029479447541171	-0.0393243627934888	-0.0319903531063024	-0.0121403052974111	-0.00552251255780608	-0.0219553139156477	-0.00977949169629714
0.0526305141269283	0.0536397624443188	-0.0315899202074015	-0.0308480434571854	0.0166954357521755	0.00138641305031336	0.0209372827596703	0.00505254617587282	0.00344000192388915	0.0294550631849543	-0.0393382865333005	-0.0320097306717611	-0.0121469647202748	-0.00553737507088483	-0.0219753396816957	-0.00979135907561888
0.0526091263014527	0.0536198945374661	-0.0315945442245357	-0.0308439055904932	0.016682496886104	0.00136339354749245	0.0209316305622912	0.00503607573417732	0.00345428748256415	0.0294554459585781	-0.0393165801954663	-0.0319961156654198	-0.0121397199611032	-0.0055273586954008	-0.021959154224742	-0.00977497245296508
0.0526509464153286	0.0536452637674229	-0.0315575520874622	-0.0308776790763651	0.0167251216627802	0.00139484245194107	0.0209508977660117	0.00506318840020161	0.00344937009878398	0.0294086190539442	-0.0393378814079322	-0.0320320796222484	-0.0121476995338737	-0.00555281733233539	-0.0219849034343545	-0.00979763712184276
0.0526347260337741	0.0536152523595396	-0.0315561145908969	-0.0309602617872073	0.0167093259643705	0.00135895253526598	0.020939080678115	0.00503281936440699	0.00349575695344888	0.0294099447917872	-0.0392875159427543	-0.0320183039627438	-0.0121094934176795	-0.00553805819607475	-0.0219473455187494	-0.00977876526460234
0.0526513850683135	0.0536183215334501	-0.0315306489690422	-0.0310244043088739	0.0167273708070661	0.0013678778662238	0.0209512246602743	0.0050381907679964	0.00351310889206635	0.0293743230960456	-0.0392835974025544	-0.03203608896641	-0.0120914262232394	-0.00554278978097913	-0.0219517194757425	-0.00978112756459446
0.0526884065420516	0.0536266880707965	-0.0314902970853802	-0.0311342114444627	0.0167590055103905	0.00137016472907838	0.0209649779680345	0.00504376333728592	0.00352330827245811	0.0293490055544979	-0.0392746050163633	-0.0320499400630522	-0.0120834173138043	-0.00555773611309959	-0.0219431964761849	-0.00979191647224623
0.0527092076342353	0.0536249809563137	-0.0314629245803266	-0.0312344674002489	0.0167622828349212	0.00136036628310278	0.0209700881356106	0.00503771998437881	0.00355861564679332	0.0293047407185722	-0.0392370177640936	-0.0320608337445061	-0.0120677347711008	-0.00556981443700963	-0.0219038881395922	-0.00979132135705011
0.0527247798152005	0.0536293325615624	-0.0314496993325292	-0.0313037647929805	0.0167537151318747	0.00134949635037736	0.02096230274362	0.00502389962138529	0.0035785017144384	0.0292903839137118	-0.0392150976877031	-0.0320620924271157	-0.0120603209768618	-0.00556727332306186	-0.0218749272636982	-0.00977923604821993
0.0527634888456451	0.0536583409349133	-0.0314331632325844	-0.0313380118564381	0.0167746768772217	0.00137124040678029	0.0209716192301058	0.00503987692771875	0.00356682991288065	0.0292855517459573	-0.039229921085229	-0.0320752170920631	-0.0120727080342422	-0.00558842226426867	-0.0218816146262425	-0.00981256669015488
0.0527418900755811	0.053644140592264	-0.0314502022467795	-0.0313559002369225	0.0167450761826427	0.00134479130816952	0.0209574859426899	0.0050244695908689	0.0035861795386588	0.0293164348718744	-0.0392119572676071	-0.0320589296552753	-0.0120572476119992	-0.00556482580704401	-0.0218702669249793	-0.00979113835214238
0.0527545271931025	0.0536609574859986	-0.0314523172805986	-0.0313321766541513	0.016750292521005	0.00136216699551546	0.0209597294990396	0.00503462566475578	0.00356175746387332	0.0293260321521499	-0.0392350158859808	-0.0320612682065389	-0.0120717455122465	-0.00557241701825464	-0.0218846307147599	-0.00980051770290944
0.052726273191127	0.0536506966383096	-0.0314881038204555	-0.0312741976260182	0.0167215914841403	0.00134419479598937	0.0209441265844258	0.00501960389549778	0.00355556463367517	0.0293612124009386	-0.0392313739486186	-0.0320385155276675	-0.0120768431069664	-0.00555116190626167	-0.0218767866494401	-0.00978628103867544
0.0527223560479112	0.0536625598266792	-0.0314967148300069	-0.0312104783905123	0.0167272632392959	0.00135824845531564	0.0209440092377674	0.00503186941526763	0.00352922869077071	0.0293875371679708	-0.0392632084206591	-0.0320373364731475	-0.0120945065730222	-0.0055546096628439	-0.0219075929412357	-0.00979862478955088
0.0527086628104642	0.0536662562464185	-0.031526613082184	-0.0311228735220878	0.0167141511472048	0.00136701872104629	0.0209434811778046	0.00503972325947562	0.00350116328163901	0.0293977155936021	-0.0392718948673481	-0.0320278285998498	-0.0121219014298202	-0.00556233498452127	-0.0219029800999737	-0.00980174565187045
0.0526634941258722	0.0536548833994428	-0.0315726758365543	-0.0309974536929969	0.0166866403407324	0.0013580598624718	0.0209299849151057	0.00503666526143733	0.00347152905944336	0.0294519004131139	-0.039295114138885	-0.0320030139725523	-0.0121370293698644	-0.00553928614503576	-0.0219170575080285	-0.00979152671370229
0.0526446292535519	0.0536559786349212	-0.0315897078658292	-0.0308984578168044	0.0166808065354295	0.00136304430148533	0.0209231676330468	0.00504053211322809	0.00344461755911917	0.0294727769424351	-0.0393216009560646	-0.0319946097166371	-0.0121501945473486	-0.00553262532518808	-0.0219428961246188	-0.00979546062072642
0.0526319125079408	0.0536521355318589	-0.0315940427072695	-0.030852635343687	0.0166850771156045	0.00136704666072686	0.0209223643672305	0.00504138287650142	0.0034433672584137	0.0294742982580421	-0.0393291544487064	-0.0319957929621092	-0.0121497684672199	-0.00553157339621465	-0.0219664981697796	-0.00979811908133258
0.052637518604847	0.0536561993583976	-0.0315868719882514	-0.030843408264179	0.0167007638492601	0.00138454388568329	0.0209269646356362	0.00504964883099781	0.00343835627670363	0.0294524787645017	-0.0393405356775863	-0.0320129856445474	-0.0121530583646069	-0.00553477388662385	-0.0219831097068619	-0.00979173067337044
0.0526017627986387	0.0536189012818219	-0.0316023994657277	-0.0308479610351278	0.0166697913163652	0.00134489887593971	0.0209092466872033	0.00502200670802673	0.00346952159339447	0.0294625216826822	-0.039295065244444	-0.0319825579354236	-0.0121300961381312	-0.00552162407596398	-0.0219387792126869	-0.00978016783656691
0.0526486022761288	0.0536481946399146	-0.0315484744852453	-0.0308960717680838	0.0167195588723789	0.00138489871962651	0.020936774257484	0.0050578714789893	0.00346765661971648	0.0294096500281572	-0.0393253169335803	-0.0320346472788927	-0.0121284742396741	-0.00554861241040974	-0.0219885663264771	-0.00980304345003289
0.0526508472294625	0.0536350392413186	-0.0315434132121102	-0.030970895629632	0.0167177805117107	0.00136293673371514	0.020934124178782	0.00503273554536528	0.00349694718384113	0.0293922925016037	-0.0392811401076484	-0.0320235957382436	-0.0121166180362246	-0.00554967551525539	-0.0219423331400553	-0.00979503174662969
0.0526594931636147	0.0536323528410319	-0.0315259159871538	-0.0310373515568497	0.0167267617220297	0.001358462193872	0.0209421889675783	0.00503380423814705	0.0035146679262421	0.0293753456883545	-0.0392707730891732	-0.0320359157403905	-0.0120980479275343	-0.00554874093294036	-0.0219403927292398	-0.00978593877758846
0.0526759999268949	0.0536221045661991	-0.0314850011189283	-0.0311670475540516	0.0167384181567631	0.00134588933761589	0.0209532642569559	0.00502612641392665	0.00355810854159099	0.0293416727853325	-0.0392408329274753	-0.0320472368989571	-0.0120620504430891	-0.0055515460768695	-0.0219260093816828	-0.00978185958422537
0.0527237600168598	0.0536436460599179	-0.0314526860843821	-0.0312572424308649	0.0167611666446825	0.00135634436608486	0.0209647027621809	0.00503792254706294	0.00356337796534633	0.0292965613770856	-0.0392273380617604	-0.0320631792806899	-0.0120746400631535	-0.00557815024070743	-0.0218966894808936	-0.00979755609676911
0.0527611628672377	0.0536637933635763	-0.0314251627050534	-0.0313400249104231	0.0167864548495656	0.00137823510581077	0.0209810502692819	0.00505449357160849	0.00357326581829975	0.0292691218167987	-0.039231978842703	-0.032090775303188	-0.0120668979776678	-0.00559014474557576	-0.0219131766863974	-0.00980941649117071
