0.0524495669766744	0.0534600222882655	-0.032073934660725	-0.0311325685912452	0.0168996091588866	0.00173374938026063	0.020913848352593	0.00534409255165965	0.00351397641914802	0.0292901198837304	-0.0390741657479603	-0.0317341210897709	-0.011667104897452	-0.00554297278588686	-0.0221962517510357	-0.0101838654871423
0.0524561509624005	0.0534707189949714	-0.0320847626839295	-0.0311169321490147	0.0168874623827591	0.00172868810712553	0.0209051884486006	0.0053356561651118	0.00350106968370911	0.0293055104567719	-0.0390701298611021	-0.0317218374092087	-0.0116837890777038	-0.00555029158521195	-0.0221725686808012	-0.0101901337544779
0.052468199949646	0.0534847125839844	-0.0320845824729899	-0.0311022009524347	0.0169002266258271	0.00175236000148773	0.020914979909656	0.00535548355942768	0.00348891173170945	0.0293119044526701	-0.0391014209063555	-0.0317364987565874	-0.0116882580296109	-0.00555075957486148	-0.0222109005255581	-0.0102021575960109
0.0524358681512914	0.0534719162102838	-0.032125385582493	-0.0310208070750007	0.0168593117576017	0.00172847716253723	0.0208896442073159	0.00533417117108955	0.00347075093933951	0.0293555015302302	-0.0390892950849885	-0.0316966567720958	-0.0117064411737253	-0.00553440927379242	-0.0221827485034166	-0.0101898976641771
0.0524143573912212	0.0534630341858309	-0.0321411966477271	-0.0309622762381764	0.016847591061603	0.00172330552766389	0.0208821703427637	0.00533179350427311	0.00346352294397627	0.0293906524423543	-0.0391127951503152	-0.0316871209591175	-0.0117000569567152	-0.00552288415555766	-0.0222064497344434	-0.0101836475576338
0.0524088812138297	0.0534782333720605	-0.0321664988224505	-0.0308551219752576	0.0168416231458334	0.00174237156568426	0.02087904109854	0.00534401990849017	0.00342986121682658	0.029395011032523	-0.0391349680808149	-0.0316871656626064	-0.0117316399716306	-0.00553334477196274	-0.0222180726415602	-0.0101922306275047
0.0523747473060783	0.0534722850140673	-0.0322043654715258	-0.0307398568230697	0.0168221743341892	0.00173548443442397	0.0208641743945091	0.00533780332956353	0.00339838716666545	0.029451267579349	-0.0391587531308834	-0.0316630732760517	-0.011749725326863	-0.00551443799012161	-0.0222397342759054	-0.0101863772644254
0.0523499941460781	0.0534665531885985	-0.0322193285674546	-0.0306616354963643	0.0168165319156983	0.00173947561779328	0.0208628682144425	0.00533991696639859	0.00338264175968072	0.0294706814663925	-0.0391796841425817	-0.031657539822315	-0.0117532890331196	-0.00550682582415055	-0.0222636827731052	-0.0101866776159915
0.0523706597308111	0.0534863694070422	-0.0322112023113611	-0.0306179252630979	0.0168432101196897	0.00176673496714055	0.0208747048601156	0.00536187895230996	0.00335449113452329	0.0294486999227047	-0.0392023362386031	-0.0316719888281213	-0.0117795174082538	-0.00552920969923851	-0.0222870724766937	-0.0102074968689676
0.0523315218262698	0.0534500254705579	-0.0322266473667797	-0.0306233567370006	0.0168237417502691	0.00174272919359555	0.0208649818512776	0.00534384109453452	0.00338710232968358	0.0294557630739526	-0.0391804091772925	-0.0316619752466053	-0.0117434640444474	-0.00550202997798085	-0.0222818645202356	-0.0101799595197987
0.0523325877250836	0.0534432012035789	-0.0322141150230604	-0.030637713541861	0.016833211904998	0.00174334805752016	0.0208770224566188	0.00534651631894902	0.00339422555124468	0.0294345666352888	-0.0391738447493428	-0.0316687101066065	-0.0117399841572325	-0.00551229641360598	-0.0222744060225077	-0.0101836098390651
0.052343851607305	0.0534421492746054	-0.0321891718732324	-0.0306831113318338	0.0168476497349321	0.00173876455292279	0.0208841736178605	0.00534597848009806	0.00340613763405533	0.0294125934735052	-0.0391635866956218	-0.0316791050647622	-0.0117348670047363	-0.00552184200547243	-0.0222619351460856	-0.01018767925354
0.0523717395994651	0.053452044112479	-0.0321639437386625	-0.0307564096868229	0.0168720508549572	0.00175190039374237	0.0208961471679684	0.00535377225399282	0.00342374382376597	0.0293668995229184	-0.0391526860292478	-0.03170157555286	-0.0117240333935956	-0.00553695876964436	-0.0222610033577387	-0.0101916872007176
0.0523817154624123	0.0534447197252178	-0.0321436190180324	-0.0308364442987972	0.0168770422788909	0.00174035152677912	0.0209012727023688	0.00534588907312024	0.00344590138744132	0.0293619891240584	-0.0391362728638974	-0.0317057706958974	-0.0117117105974806	-0.00553078270325455	-0.0222491946517461	-0.0101850864511831
0.0524047363622172	0.0534404044415539	-0.0321108974611339	-0.0309547311274387	0.0168844393093216	0.0017319905773688	0.0209090944159441	0.00533623172253152	0.00348557433686546	0.0293199664474984	-0.0391051159291108	-0.0317155398052084	-0.0116829229476062	-0.00553997066720971	-0.0222202281879161	-0.0101830314876773
0.0524343133080677	0.0534495295412278	-0.0320805382042275	-0.0310576106192303	0.0169042485428451	0.00173838876421913	0.0209170572249063	0.00534562504313886	0.0035079763727458	0.0292868020466628	-0.0390905593555342	-0.0317387800315058	-0.0116650359641058	-0.00555042569567868	-0.0222151040504997	-0.0101858869230314
0.0524437778748605	0.0534496957823271	-0.0320796567073055	-0.0311020584600638	0.0168900202605152	0.00172603802842355	0.0209135130764262	0.00534118682488046	0.0035143340470593	0.029288577613363	-0.0390712153176922	-0.0317299636653022	-0.0116682671881637	-0.00555354516101422	-0.0221787056316382	-0.0101837313766755
0.0524632197015845	0.0534671483037947	-0.0320716813254871	-0.0311262695902609	0.016898107401056	0.00173752263412149	0.0209179345308762	0.00535012333171049	0.00350733376009271	0.0292906521346452	-0.0390861728256849	-0.0317369416005244	-0.0116708194779837	-0.00555819851481301	-0.0221917855930967	-0.0101901728700307
0.0524524615275814	0.053463386225806	-0.0320825512582125	-0.0311031648714143	0.016877782680426	0.00172741266070755	0.0209066846184951	0.00534247205018664	0.00350187294952547	0.0293150309029258	-0.0390780884791122	-0.0317216376404926	-0.0116836787159656	-0.00555373515084209	-0.0221755652115423	-0.0101886822880724
0.0524560154549498	0.053472170461377	-0.0320973704647863	-0.0310702407518316	0.0168774474042591	0.0017429918265929	0.0209051199963832	0.00535317853578073	0.00348197989696024	0.0293288442809992	-0.0390957687089764	-0.031719938907914	-0.0116951898643601	-0.00555257286013042	-0.0221870540081923	-0.010199612291111
0.0524269749509662	0.0534639394314813	-0.0321297413786937	-0.0309866955189938	0.0168526090282332	0.00172807762510509	0.0208906081262956	0.0053398289564048	0.00346085191051386	0.0293698317923941	-0.0391036421109607	-0.0316957152048606	-0.0117096793827032	-0.00553825097987068	-0.0221841762210937	-0.0101848210242177
0.0524177464744742	0.0534693066441186	-0.0321378969714519	-0.0309364683552347	0.0168594961594935	0.00174198320412435	0.0208939860336764	0.00534980062839992	0.00344442617230727	0.0293807422376564	-0.0391297908580054	-0.031700003945828	-0.0117122023358586	-0.00553775644752461	-0.0222136777298066	-0.0101896909105409
0.0524062730446485	0.0534840294587945	-0.0321707163172324	-0.0308114620334163	0.0168474192325675	0.00175719775717827	0.0208883911126424	0.00536025425988486	0.003403224922356	0.0294034669768473	-0.0391561505496383	-0.0316938418492784	-0.0117521295363759	-0.00553950686851226	-0.0222283698108339	-0.0101980797996318
0.0523445654661435	0.0534482499038577	-0.0322135590234171	-0.0307131087698768	0.0168091586339961	0.00173107415584613	0.0208710517468812	0.00534208787957881	0.00340115179805777	0.0294626152806121	-0.0391640127757505	-0.031661761508049	-0.0117391375849113	-0.00550648775401566	-0.0222398083160589	-0.0101720791328942
0.0523616268320831	0.0534706086332331	-0.0322144237565307	-0.0306371282055531	0.0168314726598826	0.00175799264109047	0.0208808264441283	0.00536236789671992	0.00336282554123706	0.0294546203410173	-0.0391957676197013	-0.0316719022151115	-0.0117712053532845	-0.00552860899610627	-0.0222659752238959	-0.0101973296192085
0.0523334971616861	0.05345032442514	-0.0322262813569643	-0.0306093785148118	0.0168184527687374	0.00174235759584398	0.0208708016867401	0.00534990679918608	0.00337799119984998	0.0294579172233244	-0.0391819207140113	-0.0316631068036684	-0.0117577607789947	-0.00551545499449432	-0.022264801757312	-0.0101825439402513
0.0523210598128807	0.0534367024338785	-0.0322231842433732	-0.0306208323868611	0.0168213710683729	0.00173061315111674	0.0208696966723736	0.00534350442138367	0.00339452171185871	0.0294501960925992	-0.0391789577108869	-0.0316602779110107	-0.0117386151128847	-0.00550685935176723	-0.0222674266903015	-0.0101715119573786
0.0523742527737323	0.0534710305224097	-0.032176048605269	-0.0306621426015666	0.0168730664623459	0.00177048447227293	0.0208948381939337	0.00537591025989178	0.0033828275585565	0.0293901104125512	-0.0391932670182904	-0.0317030633408503	-0.011755718388345	-0.00554749901413906	-0.0222883744658082	-0.0102064072214254
0.0523376503952027	0.0534245710245754	-0.0321781845938485	-0.0307514056900329	0.0168448683397315	0.00172800358495159	0.0208788441237919	0.00534107366917415	0.00344647275390896	0.0293907907437731	-0.0391397248114317	-0.0316887707972551	-0.0116997621930852	-0.00551324636274533	-0.0222545241458147	-0.0101666560408957
0.0523571033977989	0.0534298977246759	-0.032154596518528	-0.0308118378221199	0.0168612815050818	0.00173348674726328	0.0208912786786292	0.00534631096229684	0.00345470518078866	0.0293664343272369	-0.039135269829365	-0.0317000737950294	-0.0116947707691515	-0.00552142011629583	-0.0222449506142677	-0.0101775790590142
0.0524098507207454	0.0534494974105951	-0.0321052690124832	-0.0309314000971794	0.0169023835691671	0.00175033716861453	0.0209106995505928	0.00535983097372424	0.0034673534741823	0.0293146201896215	-0.0391273824575403	-0.0317266751648992	-0.0116952429497532	-0.00555340825657943	-0.022231564713307	-0.0101936304055012
0.0524211634974079	0.0534388160707135	-0.032079584064136	-0.0310367634265737	0.0169062979184148	0.00173900762814374	0.0209181231237201	0.00535160832573274	0.00350191206507827	0.0292825258785517	-0.0390944555439896	-0.031732752045423	-0.011671279085729	-0.00555226552364416	-0.0222096572097727	-0.0101826976084945
0.052459313734241	0.0534628847085398	-0.0320664007258595	-0.0310872825599948	0.0169140944862776	0.00174975462627466	0.0209188118368461	0.0053585331755618	0.00349160371993228	0.0292692000479043	-0.0390863460517044	-0.0317380983032999	-0.0116963395822155	-0.00557053108981623	-0.0221791959730322	-0.010200002049655
0.0524462826672235	0.0534476184670768	-0.03206966408055	-0.0311318519384386	0.0168940002680123	0.00173207439641051	0.0209053784384285	0.00534223875385388	0.00351931988305686	0.029298100853485	-0.0390767348015886	-0.0317321750910193	-0.0116609120672538	-0.00554359723774758	-0.0221888519266369	-0.0101812265843125
0.0524624597422731	0.0534650472398159	-0.0320760399156558	-0.0311148702005887	0.0168901278282854	0.00174024954694504	0.020907026879582	0.00535054801485515	0.00349718606811	0.0293070806668199	-0.0390849434797398	-0.0317291631934539	-0.0116888126322702	-0.00555683505840124	-0.0221756252818555	-0.0101934362247212
0.0524552429227821	0.0534671734495072	-0.0321006016888442	-0.0310723543886667	0.0168707069563218	0.00173725720715608	0.0208986924728683	0.00534766743378847	0.00348015683280311	0.0293323856355114	-0.0390875558398731	-0.0317115248731106	-0.0117038525623205	-0.0055499702788854	-0.0221726720576193	-0.0101907512214185
0.0524328813994385	0.0534680800921416	-0.0321175764417739	-0.0310103604284359	0.0168603706714953	0.00174033196900272	0.0208907478246984	0.00534638360546632	0.00346655719328608	0.0293588179703138	-0.0391095373835608	-0.0317051867565735	-0.0116992802335954	-0.0055348255750329	-0.0222041977961895	-0.0101832061106808
0.052432312826939	0.0534786203366363	-0.0321290303138233	-0.0309399845640343	0.0168600032646958	0.00175102867570861	0.0208869829527417	0.00535010656790215	0.00343214807968116	0.0293834174620709	-0.0391305354504926	-0.0316972393144356	-0.0117323929460219	-0.00554250200226927	-0.0222070238948791	-0.0101959116804196
0.0524422272225889	0.0535117805465198	-0.0321603325349489	-0.0308226253327877	0.0168598370235964	0.00178065730996815	0.0208846485924302	0.00537316378929183	0.00338739010839344	0.0293849276018056	-0.0391662856687648	-0.0317058321631947	-0.0117724346992296	-0.00555522992375254	-0.0222317547031349	-0.0102101371687814
0.0523601544109171	0.0534610225288299	-0.0322114705322946	-0.0307484594507169	0.0168136611135198	0.00174033755693883	0.0208681110955013	0.00534457870210155	0.00340223446067982	0.029465307268835	-0.0391651429358295	-0.0316649256768734	-0.0117368926315776	-0.00550122531518046	-0.0222509297059095	-0.0101763608889414
0.0523334217245485	0.0534532664735039	-0.0322307600877595	-0.0306468707721675	0.0168032004971147	0.00173173213532354	0.0208639983745215	0.00534236587940047	0.00336796923642984	0.0294835909957994	-0.0391770564156242	-0.0316424398219514	-0.011766173416814	-0.00550451102161539	-0.0222363787202691	-0.0101753550604409
0.0523340964678343	0.0534555728941349	-0.0322278501700282	-0.0306021630923048	0.0168211531388644	0.00174387332351486	0.020873837333034	0.00535262952105755	0.00335945741274445	0.0294628974713859	-0.0391920949486905	-0.0316552431805722	-0.0117707289817308	-0.00551702380755828	-0.0222541665179034	-0.010184246863782
0.0523160977256117	0.0534353166257222	-0.0322318790719663	-0.0306048508895756	0.0168183759346158	0.00173309419475128	0.0208701213555183	0.00534562783710692	0.00337959074656257	0.0294610813921489	-0.0391841433156006	-0.0316554722859528	-0.0117457229676214	-0.00550156198833132	-0.0222650127019003	-0.0101706625910893
0.0523368555112905	0.0534440268211397	-0.0322036334518949	-0.0306353903574217	0.0168462415750315	0.00175412020136359	0.020885179446361	0.00536441866927369	0.00338557402915645	0.0294253116161003	-0.0391922416320135	-0.0316820107915414	-0.0117413043071394	-0.00551958447928244	-0.0222848456841523	-0.0101827171662709
0.0523348410603215	0.0534286460269864	-0.0321918792282795	-0.0306901102218163	0.0168391085745822	0.00173140803502894	0.020881890945958	0.0053451263198407	0.00340863823546627	0.0294144235225825	-0.0391568616145088	-0.0316719553005046	-0.0117323664033254	-0.00551931905231703	-0.0222524384486602	-0.0101691524513546
0.0523433570749589	0.0534227451664502	-0.0321740648879486	-0.0307545950045699	0.016845188249074	0.00172928461930568	0.0208871883093939	0.00534344993900656	0.00343852251780301	0.029380426519266	-0.0391395166608115	-0.0316865509896339	-0.0117047396471786	-0.00552448230528621	-0.0222405920240989	-0.0101656208757306
0.0523779603693438	0.0534364272280249	-0.0321458318407335	-0.0308271012696149	0.0168647935229294	0.00173053911096323	0.0208922425976089	0.00534385506437481	0.00344230275658402	0.0293636431531481	-0.0391334788958405	-0.0316953994864702	-0.0117119564666696	-0.0055350071829566	-0.0222259041340237	-0.0101770845266681
0.0524419296649909	0.0534625550203091	-0.0320914514434578	-0.0309651917438438	0.0169143906468917	0.00176352888879524	0.0209130283229683	0.00536582543219035	0.00347115746169179	0.0292880034529273	-0.0391273112113549	-0.0317423842502992	-0.0116932941570335	-0.005564579937855	-0.022237260217191	-0.0101989459297295
0.0524474547368234	0.0534500422343662	-0.0320763821767428	-0.0310628646761614	0.0169072422796181	0.00174857976270672	0.0209117584644864	0.00535344675671419	0.00350303524023714	0.0292751106873287	-0.0390890184821509	-0.0317419553762025	-0.0116751179978392	-0.00555939014218929	-0.0222102998224258	-0.010181641488569
0.0524458048986858	0.0534422456665034	-0.0320729805206335	-0.0311159235265462	0.0169001609675778	0.00174015734599916	0.0209162106525851	0.0053514392906653	0.00351794804474092	0.0292831838580291	-0.0390769890526818	-0.0317339716124799	-0.0116641167486151	-0.00555393212559011	-0.0221912519451978	-0.0101879851930422
0.0524703149834651	0.053462598326814	-0.0320683634884195	-0.031121856517715	0.0169042192061805	0.00174640605555845	0.0209201571324655	0.00535797857290251	0.00349308312601842	0.0292869068204649	-0.0390856266049298	-0.031733042618101	-0.0116925802981949	-0.00556686121277347	-0.0221763754622788	-0.010196958021457
0.0524517434777908	0.0534524757805438	-0.0320923664679964	-0.0311109460724528	0.0168769081684241	0.00172682872138365	0.0209033514146032	0.00534278218064095	0.00350370299860275	0.0293181573531815	-0.0390820251801044	-0.0317169689198695	-0.0116793452715093	-0.00554844058137424	-0.022168482502518	-0.0101773750993461
0.0524327109673871	0.0534442838662009	-0.0321103484464107	-0.0310849621695235	0.0168651846784573	0.00172616934492222	0.0208971935090057	0.00534091580997894	0.00350485411344219	0.0293465328927675	-0.0390931675247154	-0.0317088664125045	-0.0116674206158424	-0.00553121856227143	-0.0221903089809786	-0.0101715524699154
0.0524558422289303	0.0534841118808522	-0.03212425402543	-0.0309776542383616	0.0168699204543138	0.0017501052692658	0.0208960507760704	0.0053561569057294	0.0034371031820301	0.0293617292850291	-0.0391235239876537	-0.0317029683459363	-0.0117367138176219	-0.00555913868506416	-0.0221847685423218	-0.0102019983398316
0.052435653015751	0.0534739362491889	-0.0321400175932071	-0.0309340962763544	0.01686099652034	0.00174898209410692	0.0208877079874525	0.00535733596024942	0.00344002567261763	0.0293803427002242	-0.0391361806629516	-0.0317027280646834	-0.0117210955361838	-0.00554193342976969	-0.0222173853254182	-0.0101915433113627
0.0523911227528599	0.0534632912308921	-0.032189889923023	-0.030804528801683	0.0168255410656978	0.00174616018636944	0.0208750513121547	0.00535071425595453	0.00340830295929944	0.0294289074529895	-0.0391474515300931	-0.0316757998005509	-0.0117429834819416	-0.00552852797103262	-0.0222168768232318	-0.0101830328846613
0.0523575755784006	0.0534536827747444	-0.0322210007573367	-0.0306892133580701	0.0168073495396792	0.00173818340756695	0.0208648617106511	0.00534718547429865	0.00338342826168874	0.0294666623433426	-0.0391710745300143	-0.031654987532495	-0.0117594092201482	-0.00551708108390345	-0.022228474584636	-0.0101776880237684
0.0523645814533033	0.0534720433358304	-0.0322176829202691	-0.0306295020697417	0.0168269170949658	0.00176257893965589	0.0208727840070765	0.00536433904118407	0.00336072866821035	0.0294591842878383	-0.0392034300770974	-0.0316693275735471	-0.0117722963978107	-0.00552639198245311	-0.0222699272917124	-0.0101945985154329
0.0523506870501562	0.0534609876042292	-0.032230146811771	-0.0305978883211778	0.0168243550262576	0.00175534535635654	0.0208639634499208	0.00535639020206215	0.00336797901531804	0.0294559293150519	-0.0391905247386425	-0.0316664134648637	-0.0117677953152711	-0.00552678593194914	-0.022268577805141	-0.0101875046305364
0.0523218141842561	0.0534328746976405	-0.032227838994156	-0.0306248612887992	0.0168223936606817	0.00174442094125401	0.0208689534768705	0.00534899736258356	0.0033951643245118	0.029452448030853	-0.0391815113976909	-0.0316640832955042	-0.011731266976895	-0.00550331101233495	-0.0222824079470227	-0.0101717857662482
0.0523386436508469	0.0534426633647279	-0.0322111436380319	-0.0306376478836117	0.0168349986475704	0.001750163942595	0.0208775575015017	0.00535690848313671	0.00338465760763378	0.0294273232731012	-0.039176014265539	-0.0316704772914025	-0.0117543800776458	-0.0055244571595737	-0.0222554978436825	-0.0101832983116267
0.0523696217716779	0.0534492557323582	-0.0321719624269858	-0.0307249104909492	0.0168719223324266	0.00176866979001996	0.0208977173780164	0.00537704600790691	0.00340521981554863	0.0293896815384545	-0.0391785637613909	-0.0317036710289027	-0.0117346448842758	-0.00554057416431	-0.0222816284299348	-0.01019317917966
0.0523667439845793	0.0534349785555874	-0.0321672629727141	-0.0307824606449855	0.0168564828649441	0.00175052576145837	0.0208907939251714	0.00535995251133472	0.00343432737476556	0.0293734150564271	-0.0391425495131373	-0.0316978316356637	-0.0117209823804775	-0.0055309126227692	-0.0222478046526378	-0.0101774156118829
0.0524077482597826	0.0534515747258454	-0.0321276668574115	-0.0308845745895296	0.0168906922098329	0.00175900824847916	0.0209050208105172	0.00536631158263225	0.00344354746935337	0.0293426702319289	-0.039137084511618	-0.0317143831024329	-0.0117188924923709	-0.00554623474359331	-0.0222456253575534	-0.0101921118838622
0.05242293627014	0.0534430251835913	-0.0321053262888284	-0.031000010173769	0.0168931173741063	0.00174344025846603	0.0209083623963132	0.00535317993276476	0.00348712219516899	0.0293070750788838	-0.0390955437945478	-0.0317233349760872	-0.0116898464004512	-0.00554280375081942	-0.0222182779982123	-0.010183115306719
0.0524378197379791	0.0534424412442674	-0.0320851231058089	-0.0310735949104839	0.0168935616150274	0.00173872124641791	0.0209130534686808	0.00535255128995195	0.00350419613396479	0.0292874251015395	-0.0390774863789959	-0.0317282551538354	-0.0116806849791926	-0.0055498473442909	-0.0221930233209459	-0.0101817546442753
0.0524491297206735	0.0534496161542375	-0.0320753553934819	-0.0311117269865247	0.01689899308893	0.00174341511275352	0.0209128299512362	0.00535436178125283	0.00350792887528883	0.0292893473515627	-0.0390780228208629	-0.0317372629068509	-0.011677220458802	-0.00555040613790228	-0.0221927103965235	-0.0101829169349869
0.0524671605935288	0.0534682505241931	-0.032073149555701	-0.0311160702098692	0.0169030317697563	0.00174553154355663	0.020915125195995	0.00535567354925555	0.00349448849195104	0.0292903014916541	-0.0390804884976731	-0.031733537150447	-0.0116947959148641	-0.0055627289340173	-0.0221831955383057	-0.0101955973590132
0.0524501788556789	0.0534629811004378	-0.032099563729711	-0.0310745127289906	0.016870470866021	0.00172459354693812	0.0208958188767217	0.0053339085380922	0.00348662626583889	0.0293272545131748	-0.0390728833166222	-0.0317055695301973	-0.0117049603706551	-0.00555190510176481	-0.0221575972029683	-0.0101848405819941
0.0524484996808767	0.0534731707019413	-0.0321146092476975	-0.0310242911531676	0.0168674058830626	0.00173748770952078	0.0208932232803968	0.00534602038961892	0.00347479939905397	0.029344149638015	-0.0391022563028045	-0.0317071816497662	-0.0117066618972018	-0.00554598468345222	-0.0221928934014313	-0.0101908783469651
0.0524471460033531	0.0534868373966917	-0.0321306703730727	-0.0309621882281826	0.0168659627985612	0.00174737695945822	0.0208876451231712	0.00534768419759681	0.0034458413171281	0.0293734849056285	-0.0391261181869946	-0.0317002651818413	-0.011728668586602	-0.00554485731734125	-0.0222138719105866	-0.010195338916968
0.0523962119656756	0.0534558858185572	-0.0321672545908099	-0.0308895841742556	0.0168308090924691	0.00172621544539516	0.0208714233446328	0.00533586571271607	0.00345429586446832	0.0294065040201252	-0.0391145343954306	-0.0316759632476822	-0.0117121003560245	-0.00552473515939536	-0.022209328918526	-0.0101837104219151
0.0524109431622557	0.0534954721549716	-0.0321907225255039	-0.0307554276070508	0.016846613172783	0.00176808165974398	0.0208796501835764	0.00536510319144764	0.00337646848725897	0.0294242750539511	-0.0391787048567778	-0.0316838296647465	-0.0117747732504932	-0.00553798834687333	-0.0222429892486917	-0.0102021715658512
0.0523477156651277	0.0534560045621997	-0.0322222999524832	-0.0306945805707074	0.0168182543970054	0.0017421815758564	0.0208718550126976	0.00534986488966523	0.00339127093002449	0.0294743485494671	-0.0391778946060413	-0.0316616511463107	-0.0117411059354074	-0.00550309168584248	-0.0222730691087924	-0.0101778025764588
0.0523652701664293	0.0534776047292477	-0.0322119874163851	-0.0306432302317894	0.0168469847705346	0.00177236481277523	0.0208846262406857	0.00537108507705749	0.00335316958763237	0.0294582636753635	-0.0392060494221508	-0.0316720139738338	-0.0117731052515632	-0.00552675380131648	-0.0222946301602876	-0.0102015988023995
0.0523150192539417	0.0534365627354756	-0.0322412500408292	-0.0306131042712157	0.0168110166227539	0.00173400502833784	0.020862203250045	0.00534280592936944	0.0033793616411819	0.0294710893857288	-0.039171251946986	-0.0316416644958156	-0.0117535740178614	-0.00550044998904467	-0.0222588492083668	-0.0101719198767149
0.0523498097441864	0.0534605126296595	-0.0322120921901872	-0.0306239783948932	0.0168496963165338	0.00176993545754974	0.0208817498505711	0.00537232140792267	0.00336694524713698	0.0294274699564242	-0.0391952688964032	-0.03167585148896	-0.0117595978129921	-0.0055244669384619	-0.0222917174485883	-0.0101954674394986
0.0523146239074616	0.0534231586737226	-0.0322101070758828	-0.0306704965660568	0.0168272062706597	0.00173025692018949	0.0208696757176132	0.00533934839389901	0.00341318681546292	0.0294326960736747	-0.0391553081682692	-0.0316611482320605	-0.0117199947127694	-0.00549928071341284	-0.0222672241276174	-0.0101665931766144
0.0523673279239032	0.0534523710067416	-0.0321736974811491	-0.0307331722544935	0.0168631688305043	0.00175642941596263	0.0208892768005165	0.00536138581694791	0.00341139727892247	0.0293786034551088	-0.0391587293821549	-0.0316879493706464	-0.0117384810024179	-0.00553504490152537	-0.0222575025157633	-0.0101953836204569
0.0523502609700276	0.0534281291428958	-0.0321705584580372	-0.0308036151741284	0.0168508180947087	0.00173066763349386	0.0208870067014702	0.005339446182781	0.00345047790711855	0.0293784344200414	-0.0391281871203407	-0.031685525603357	-0.0117059717870917	-0.00551098464560326	-0.0222470321204701	-0.0101633661435087
0.0524134214119221	0.0534561526425067	-0.0321185291848814	-0.0309180169901868	0.0168982205567623	0.0017513374091789	0.0209076764771553	0.00535904307473219	0.00345375802561736	0.0293235552994675	-0.0391231859175189	-0.0317122191741728	-0.0117150968867656	-0.00555247507124842	-0.0222279269668969	-0.0101957147056716
0.0524260515445234	0.0534475039143865	-0.0320916162875731	-0.0310333729463366	0.0169012841427367	0.00174103465196903	0.0209162832957546	0.00535229424489072	0.00349669712370004	0.02929078903908	-0.0390899474765298	-0.031727595777374	-0.0116806514515759	-0.005548919746896	-0.0222164591250073	-0.0101833751457483
0.0524692574665555	0.0534720684815429	-0.0320711197379076	-0.0310920909790207	0.0169175115092112	0.00175735142542141	0.0209253134005145	0.00536621938168637	0.00349345612075402	0.0292690184399806	-0.0390904615666523	-0.0317437113851263	-0.011694643643605	-0.00557314903788556	-0.0222025786917005	-0.0102024411837687
0.0524328380929337	0.053438398372489	-0.0320897694746875	-0.0311226541955953	0.0168745207227195	0.00171237133367316	0.0209033109020663	0.00533429270870002	0.00352342142816441	0.0293106737097411	-0.0390572999597847	-0.0317110862201257	-0.0116683216705408	-0.00553864632635073	-0.0221716299075341	-0.0101704195158684
0.0524705371039256	0.0534760079765031	-0.0320791160744865	-0.0311058093621802	0.0168895550648338	0.00173759807125903	0.0209085775318536	0.00534970703047001	0.00349348406043458	0.0293015234643547	-0.0390832587170015	-0.0317220693085574	-0.0117004048057383	-0.00556733199639106	-0.0221700736673264	-0.0101989263719531
0.0524601197940254	0.0534762748004526	-0.0321001057595141	-0.0310820061513193	0.0168768355252547	0.00173636732832996	0.0209016917975774	0.00534905743289678	0.00348923583200405	0.0293263995589494	-0.0390903903204668	-0.0317146052228934	-0.0116960476125536	-0.00555546461706932	-0.0221845142912286	-0.0101928480944452
0.0524511721113231	0.0534840462226029	-0.032126711320336	-0.031002955016101	0.01686285870005	0.00173785791028832	0.0208889443183177	0.00534703879097566	0.00345793640484647	0.0293516053417749	-0.0391010143840032	-0.0316974237163274	-0.0117207979785857	-0.00555249881997691	-0.0221854824011603	-0.0101945761636884
0.0524161860433145	0.0534662039425914	-0.0321402397136676	-0.0309557090162586	0.016848279774729	0.00172915749375909	0.0208827696489119	0.00534262990938185	0.00346050126752272	0.0293890389258014	-0.0391171132279471	-0.0316870804465807	-0.0117054255663366	-0.00553270076232562	-0.0222117736405758	-0.0101847246323198
0.0524128221057739	0.0534878069036075	-0.0321619320816615	-0.0308405863564415	0.0168498332209686	0.00175467201005482	0.0208858206620301	0.00536079070175179	0.00341730652136284	0.0293917546627527	-0.0391470310379006	-0.031690578494588	-0.0117448205159391	-0.00554878284246121	-0.0222240335724096	-0.0102030418869009
0.05237473054227	0.0534790855323178	-0.0322089643429475	-0.0307268201681161	0.0168183577738235	0.00173888748751729	0.0208655881423459	0.00534451444083624	0.00339284952197665	0.0294511837603073	-0.039166101266873	-0.0316619053974039	-0.0117577440151863	-0.00552124968424436	-0.0222365100367677	-0.0101859022898558
0.0523680501646459	0.0534821058117873	-0.0322135436565928	-0.030664076027462	0.0168336938644879	0.0017601691422068	0.0208698377677605	0.00536069989778994	0.00337459094072472	0.0294613565980025	-0.039196340383153	-0.03167055272854	-0.0117587246979743	-0.00552167157342096	-0.0222857257840903	-0.0101998693361723
0.0523228940529101	0.0534509418920805	-0.0322362139134066	-0.0306114879606948	0.0168017476337251	0.00172536188815377	0.0208526436883382	0.00533065356530589	0.00338323547789281	0.0294798582544754	-0.0391701944300764	-0.0316390423567942	-0.0117558916143646	-0.00550518157394905	-0.0222548412611891	-0.0101744833424071
0.0523671449189955	0.0534873472958621	-0.0322169299458778	-0.0306003623798922	0.0168446797468877	0.00177128913507332	0.0208721064698227	0.00536936119876637	0.00335754773557755	0.029438501939297	-0.0392050687393628	-0.0316733131689803	-0.0117799029758457	-0.00553706074947843	-0.0222883968175527	-0.0102069436632924
0.0523359935721449	0.0534527761321099	-0.0322112679696104	-0.0306493280670736	0.016833354397369	0.00174876556158251	0.0208706382396088	0.00535589008177997	0.00340071593904089	0.0294364302119828	-0.0391800501523972	-0.0316729038526599	-0.0117337619903698	-0.00550931524968925	-0.0223007503473163	-0.0101771865065022
0.052343263477029	0.0534507253595561	-0.0321972031344119	-0.0306832300754762	0.0168386126452521	0.00173889167846938	0.0208758741357474	0.00534872075974592	0.0034017720589664	0.0294204543026333	-0.039159078628162	-0.0316686067297884	-0.011747122745618	-0.00552285481889306	-0.0222584329071263	-0.0101817853779239
0.0523429282008622	0.0534353697111153	-0.0321874130703405	-0.0307460161256511	0.0168401996191084	0.00172606177715203	0.0208814620718613	0.00533669552122897	0.00343324331515947	0.0293888489359735	-0.0391326141627269	-0.0316745075903246	-0.0117161655795474	-0.00552064199619198	-0.0222388751307279	-0.0101685754969508
0.0523778011131646	0.0534496119632854	-0.0321475557190246	-0.0308251594618153	0.0168746031447772	0.00174622724160281	0.0208971348356765	0.00535527401182341	0.00344024360212607	0.0293600864318116	-0.039142534146313	-0.0317012137339966	-0.0117118251501709	-0.00553456294203555	-0.0222570876115069	-0.0101810435794048
0.0523930477968511	0.0534368072076806	-0.0321174004217864	-0.0309491864978297	0.0168792327498475	0.00173293074761995	0.0208998198389792	0.00534752075046548	0.00348479342279356	0.0293204148793715	-0.0391027452472145	-0.0317077823528984	-0.0116810663558324	-0.00553840464811381	-0.0222266640933352	-0.0101713177765987
0.0524260347807151	0.0534461236941664	-0.0320850839902561	-0.0310461972597179	0.0168996357015831	0.00174271662073929	0.0209124667353888	0.00535853596952986	0.00349824498200357	0.0292877994932591	-0.039091037124072	-0.0317286183696828	-0.0116795506281615	-0.00555108227817205	-0.0222118043742245	-0.0101781839530985
0.0524496298409557	0.0534636390799152	-0.0320769563371785	-0.0310810296594834	0.0169047682209037	0.00175173834359506	0.0209149393971192	0.00536076276207122	0.0034904805447734	0.0292772187362276	-0.0390845858518286	-0.0317362039929574	-0.0116896619985595	-0.00556262416021516	-0.0221987369856223	-0.0101833779397163
0.052462114687218	0.0534675632080511	-0.0320698359095855	-0.0311214066888579	0.0169055407530714	0.00174895694839441	0.0209139684932194	0.00535822723605957	0.00349181187055252	0.0292948444837146	-0.0390830310086049	-0.0317327045479661	-0.0116888671146473	-0.00555997408151318	-0.0221928012004854	-0.010194407128621
0.0524734316548326	0.0534832611175789	-0.0320767803171909	-0.0311020877967284	0.0168973669995209	0.00175356839267234	0.0209108909374047	0.00536308454952652	0.00347612793086504	0.0293045744774728	-0.0390918753144891	-0.0317272884408877	-0.0117108095427823	-0.00556946658798654	-0.0221863122096732	-0.0101976858501358
0.0524568438664787	0.0534759940066628	-0.0321075614632739	-0.031059801090187	0.0168734925424746	0.00174230031949881	0.0208947278321955	0.00535110122053041	0.00347216887812839	0.029336981712965	-0.0390893076578447	-0.0317075993479907	-0.0117157520722749	-0.00555693005331517	-0.0221770837331812	-0.0101895749608666
0.0524602776532206	0.0534924588604222	-0.0321159070458599	-0.0309915919480135	0.0168774180675945	0.00176108975468155	0.0208927524967793	0.00536588969345566	0.00344542780985567	0.0293536924359134	-0.0391260623076334	-0.0317139556253202	-0.0117278080444405	-0.00555363037703996	-0.0222193369121059	-0.0102007145115095
0.0524151061746605	0.0534646099838149	-0.0321522942888492	-0.0309332524980012	0.016842930722884	0.00172897169488331	0.0208733525795761	0.00533725850579244	0.00345005601794195	0.0293945081182728	-0.0391115322767535	-0.031678996100008	-0.0117207434962086	-0.00553181367746755	-0.0222004482910571	-0.0101777131694809
0.0523723011870445	0.053454796171015	-0.0321924170671305	-0.0308017138788657	0.0168153249214977	0.00172671277170929	0.0208668021214666	0.00533450784424041	0.00342607119915738	0.0294329740734963	-0.0391339077699373	-0.0316617419502726	-0.0117316748962313	-0.0055186498969674	-0.0222160735574154	-0.0101733112728073
0.0523616170531949	0.0534697271363112	-0.0322143664801856	-0.0306792039675062	0.0168153696249866	0.00174030263233812	0.0208651927958659	0.00534706952462429	0.00337580212587739	0.0294600420360317	-0.0391699834854881	-0.0316535612118019	-0.0117688681990049	-0.00552902110639467	-0.022232546793079	-0.0101875716857698
0.052350430005095	0.0534703194575393	-0.0322246818102517	-0.0306198489101051	0.0168232262631626	0.00175133321822682	0.0208688249543399	0.00535532849420052	0.00336550914755572	0.0294605225985375	-0.0391907594319593	-0.0316589368063434	-0.0117695052237219	-0.0055237796223199	-0.022264655073989	-0.010193327259967
0.0523323795744633	0.053457052300221	-0.0322312657959778	-0.030590044255858	0.0168175139954703	0.00173878131673113	0.0208612127883688	0.00534592818867304	0.00337097275209102	0.0294590571622917	-0.0391778974000093	-0.0316519085796962	-0.011766321497121	-0.00552151231724171	-0.0222567551293081	-0.010187193103098
0.0523387609975053	0.0534370139613168	-0.0321852547300166	-0.0307282562676974	0.0168529750380486	0.00173749609142495	0.020884492130219	0.00534850981515763	0.00342646095770132	0.0293903814274527	-0.0391424587091754	-0.0316824075350055	-0.0117253842771511	-0.00553853317064443	-0.0222367838456373	-0.0101770118834987
0.0523935549020535	0.0534743735051898	-0.0321500856571002	-0.030787344501149	0.016889909898777	0.00177568264984282	0.0209027409325827	0.00537607929495922	0.0034190276056859	0.0293388033801381	-0.039158586889784	-0.0317175570501455	-0.0117366397774684	-0.00556413849090201	-0.022256309491403	-0.010199510311277
0.0523724185337029	0.0534307065784283	-0.032140555432058	-0.0309027381758676	0.0168655325274804	0.00172231506598771	0.0208839291456555	0.00533290410657574	0.00348352077034363	0.0293420527649883	-0.0390982735013394	-0.0316965603801978	-0.0116877704821849	-0.00553391055049426	-0.0222128046147888	-0.0101607663562317
0.0524219416175117	0.0534549945427471	-0.0320954803453958	-0.0310139464864369	0.0169000352390152	0.00173989750696987	0.0208966389063464	0.005348430187068	0.00350016443805867	0.0292935187458716	-0.0390913081389735	-0.0317251789950048	-0.0116834426256648	-0.00555555542103117	-0.0222083873512909	-0.0101823218197908
0.0524562864698513	0.0534750119268908	-0.0320751723885742	-0.0310876276150498	0.0169158281434569	0.00175531043175583	0.0209095707874979	0.00536098208856369	0.00350174163302679	0.0292728336033623	-0.0390865346445483	-0.0317385774688217	-0.0116868051662213	-0.0055729548571056	-0.0222029656562764	-0.0101969272878083
0.0524380502403438	0.0534544958194489	-0.0320876865715011	-0.0311239464058216	0.0168882935882561	0.00172866994633316	0.0209023986714958	0.00534008600146603	0.00351924584290336	0.0293007313744106	-0.0390654318038144	-0.0317202685961447	-0.0116712232063679	-0.00554718050178057	-0.0221790017922523	-0.0101772326069752
0.0524475441438012	0.0534684153683085	-0.0320884744704931	-0.0311136478395638	0.0168810683868609	0.00172978194561981	0.0209020354556484	0.00534642830895523	0.00351003133625166	0.0293052855423433	-0.0390721205633426	-0.0317189330794135	-0.0116848410066773	-0.00555474097934258	-0.0221720112841739	-0.0101858212647821
0.0524487637108581	0.0534769439558022	-0.0321050245402783	-0.0310764866674229	0.0168763423898926	0.00173448838481168	0.0208976447348469	0.00534722319286742	0.00348563580416271	0.029326331106732	-0.0390836191388809	-0.0317087057593412	-0.011704319154986	-0.00555557777277563	-0.0221681095077824	-0.0101915307385064
0.0524509569757827	0.0534951634215013	-0.0321131801330364	-0.0310194198698604	0.0168865599310768	0.00175854165581365	0.0209029895957398	0.00537192466445859	0.00345421204542661	0.0293346711013819	-0.0391159369673952	-0.0317194541544562	-0.0117216389629708	-0.00555836894686448	-0.0222072669701	-0.0101997533864979
0.0524154568176516	0.0534766282374118	-0.0321466686341666	-0.0309528619628086	0.0168573406131376	0.00173741366936727	0.0208917857838316	0.00535307655594665	0.00343923078870544	0.0293830570401915	-0.0391131485872744	-0.0316867144367652	-0.0117318369463786	-0.00554165542994803	-0.0221948002846301	-0.0101863032242719
0.0523972764675053	0.0534797490997313	-0.0321681123390034	-0.0308586577418337	0.0168481009607733	0.00175347619172646	0.0208904362972601	0.00536321586602519	0.00342337501998246	0.0293890389258014	-0.0391379003502906	-0.0316886003652037	-0.0117370309329964	-0.00554130618394091	-0.0222219660360475	-0.0101910948794895
0.0523634275444958	0.0534749350927693	-0.0322110137185173	-0.0307321999536097	0.016824422081491	0.00174479533297364	0.0208738429209701	0.00535357388226078	0.00338451930621496	0.0294475250591368	-0.0391599699039721	-0.0316623677991173	-0.0117637272977802	-0.00552837290580546	-0.0222250142551976	-0.0101843753863127
0.052334279472742	0.0534655236113696	-0.0322304611331774	-0.0306436884425507	0.016815144710558	0.00174626915112366	0.0208692370646282	0.00535451125854388	0.00337240326373616	0.0294653156507391	-0.039181071347722	-0.031656021300676	-0.0117620076104412	-0.00551574556717224	-0.0222555034316186	-0.0101781853500826
0.0523382580832551	0.0534682281724487	-0.0322250296592748	-0.0306206661457617	0.0168305227107433	0.00175617097391736	0.0208705334658067	0.00536439072959312	0.00336554127818838	0.0294571349122685	-0.0391888721065369	-0.0316601787251447	-0.0117684896163332	-0.00552327810505368	-0.0222696967893477	-0.0101945691787683
0.0522913054500586	0.0534300597748232	-0.0322420980101345	-0.0306080513799848	0.0168001103684438	0.00172084124783769	0.020856214379515	0.00533679470709499	0.00339833966920848	0.0294685650355893	-0.0391593370702073	-0.0316423336511652	-0.0117371217369582	-0.00549718523737017	-0.0222548692008697	-0.0101612343458813
0.0523405030365888	0.0534639911198903	-0.0322118099994135	-0.0306142414162149	0.0168438764810713	0.00175501846209388	0.0208776063959427	0.00536310410730291	0.00337350827810267	0.029420241961061	-0.039181218031045	-0.0316685732021717	-0.0117637636193649	-0.00553714875947223	-0.0222650601993573	-0.0101960346150142
0.0523417589252304	0.0534535346944373	-0.0321960031251315	-0.030678409083594	0.0168473228406695	0.00174313152499575	0.0208732296449816	0.00534938432715944	0.00340958818460562	0.0294076621198847	-0.0391600020346048	-0.0316789178689024	-0.011734657457132	-0.00552771213236	-0.0222677158659954	-0.0101821946942442
0.0523418706839527	0.053435943871551	-0.0321787922819009	-0.0307630998433351	0.0168495803668595	0.00173602367025896	0.0208756436333828	0.00534486927477947	0.00345084950487012	0.0293813541166608	-0.0391336046244031	-0.0316870539038842	-0.0117016886340605	-0.00552131953344578	-0.02225890927868	-0.0101716670226058
0.0523769531438593	0.0534501274503919	-0.0321549527494553	-0.0308173573060164	0.0168740904516387	0.00174276411819626	0.0208894248808235	0.00535628123730793	0.00343821099036467	0.0293596854973955	-0.0391300381241784	-0.0316943503514648	-0.0117236701777482	-0.00554520097541225	-0.0222350250427455	-0.010186943042957
0.0524085934351198	0.0534525763633938	-0.0321113766266557	-0.0309428274265322	0.0168960300858057	0.00174854344112199	0.0209108951283568	0.00536290992652296	0.00347199704909289	0.0293047574823806	-0.0391073385307	-0.0317183435521535	-0.0117000988662361	-0.005561438120775	-0.0222254459232624	-0.0101894338654797
0.0524444065176733	0.0534634448991352	-0.0320849512767734	-0.0310421082874666	0.0169124865576609	0.00175322054364926	0.020919103806508	0.00536812347091716	0.00348646421569159	0.029272330689112	-0.0390892280297551	-0.0317345876824364	-0.0116979698625767	-0.0055760282219682	-0.0222014792652701	-0.010193228074101
0.052443999995321	0.0534565787226354	-0.0320846425433031	-0.0310957790168558	0.0168934610321773	0.00174014058219082	0.0209074990601836	0.00535616109668148	0.00350782829243878	0.0292811107337309	-0.0390657628890291	-0.0317270369837626	-0.011685121800467	-0.00556405187789225	-0.0221821715490128	-0.0101822128550366
0.052476056587822	0.0534843661319454	-0.0320703779393885	-0.0311106163842221	0.016909402016926	0.00176278709027613	0.0209099395912814	0.00537147623258545	0.00348717947151416	0.0292795055990822	-0.0390855846954089	-0.031738298072016	-0.0117073799469924	-0.00557672112604632	-0.0221964724745122	-0.0101952620828464
0.0524287505176664	0.0534466042566722	-0.0320977015500011	-0.031121757331849	0.0168654934119276	0.00172015253471166	0.0208897908906389	0.00533825176143667	0.00352266426282099	0.0293258309864498	-0.0390578112559392	-0.031706926001689	-0.0116704646440404	-0.00553855412540485	-0.022177170346191	-0.0101671533672098
0.0524596476134238	0.0534823069774874	-0.0321012261407049	-0.0310665862416132	0.0168830688679896	0.0017551176479599	0.0209006608233644	0.00536691368274851	0.00347126223549393	0.0293261285440479	-0.039097568024405	-0.0317169773017737	-0.0117163010869981	-0.00556405048090822	-0.0221873110532535	-0.0101950860628588
0.0524242256863982	0.0534708014170291	-0.0321406266782435	-0.0309851532486264	0.0168433107025398	0.00173359850598555	0.0208762136028664	0.00534693681114158	0.00345980137852446	0.0293692282952938	-0.0390930026806	-0.0316862827687005	-0.0117211011241199	-0.005539592084538	-0.0221819857501371	-0.0101763720648136
0.0524137315423765	0.0534740088923584	-0.0321534901071775	-0.0309232724441019	0.0168393209161545	0.0017368506848038	0.0208709497670471	0.00534869142308133	0.00344414398153352	0.0293901607039762	-0.0391149409177829	-0.0316782920200577	-0.0117286224861291	-0.00553750219643143	-0.0221979113680615	-0.0101838263715895
0.052390635205434	0.053482629680798	-0.0321888352000815	-0.0307986237501948	0.0168253440909498	0.00174761724071112	0.0208610633110777	0.00535407120857491	0.00340734602523994	0.0294177357717139	-0.0391388419175258	-0.0316720405165303	-0.0117512941399269	-0.00553522930341713	-0.0222162691351794	-0.0101853085716437
0.0523600105215622	0.0534762342879157	-0.0322208009886206	-0.0306984683772586	0.0168103432764522	0.00174620628684238	0.0208590041566198	0.00535433663554032	0.00338284571934887	0.0294598883677886	-0.0391672090752076	-0.0316570676417133	-0.0117617575503001	-0.00551589783843134	-0.0222454856591506	-0.010182182121388
0.05233663339083	0.0534666705352569	-0.0322350809593595	-0.0306296669138571	0.0168084461721416	0.00174641024651053	0.0208611527180556	0.00535514409230877	0.00337249965563412	0.0294733692636632	-0.0391804385139571	-0.0316497111238195	-0.0117661804017342	-0.00551216230313925	-0.0222656888421701	-0.010181397016364
0.0523431433364026	0.0534750580273638	-0.0322268946329528	-0.0305977206830943	0.0168304235248772	0.00175967041890865	0.0208709707218076	0.00537189113684191	0.00335891538294141	0.0294524089153002	-0.0391937098622274	-0.0316634518587234	-0.0117802787645493	-0.00553046279391203	-0.0222774849753064	-0.0101924778936777
0.0523241010471107	0.0534553451857382	-0.0322329505587161	-0.0305945453383977	0.0168218418519904	0.00174351150465149	0.0208616514413537	0.00535456993187307	0.00337150081205377	0.0294489010884048	-0.0391769446569019	-0.0316532357145233	-0.011769950861627	-0.00551921846946699	-0.0222599151071805	-0.0101746621563628
0.0523090862627728	0.0534355918315758	-0.0322177681362949	-0.0306290061404116	0.0168225626957491	0.00173560457505042	0.0208619923054567	0.0053481158656616	0.00340809620566323	0.0294354732779233	-0.0391658079002271	-0.0316651212546374	-0.0117287957121486	-0.00550857345117014	-0.0222746393188404	-0.0101668111061229
0.0523479112428917	0.0534561107329858	-0.0321914824848154	-0.0306801245799809	0.0168459873239383	0.00174398647922116	0.0208678931659929	0.0053504180953405	0.00340201653117138	0.0294056336990754	-0.0391528885919319	-0.031672564385541	-0.0117538073141941	-0.005536401373017	-0.0222443974085924	-0.0101882911325444
0.0523705982635138	0.0534599552330321	-0.0321671414351036	-0.0307593168105861	0.0168657239142923	0.00175858216835048	0.0208764315323748	0.00536382914201368	0.00342843629311756	0.0293642159165997	-0.0391476582837294	-0.0316989394439983	-0.0117299580028603	-0.00554263750972003	-0.0222595071878442	-0.0101826137894528
0.0523612328825871	0.0534342507269085	-0.0321506905511845	-0.0308559210501219	0.0168574090653549	0.00172532277260098	0.0208791137417094	0.00534118682488046	0.00345782883707629	0.0293683733410684	-0.0391101967600223	-0.0316861318944254	-0.0117080756450386	-0.00552547136997836	-0.022226068978139	-0.0101621619432762
0.0524252217360105	0.0534669024346056	-0.0321010068142124	-0.030961470178392	0.0169022648255247	0.00175198421278407	0.0209059316441037	0.0053636237853615	0.00346853113171829	0.0292948766143473	-0.0391037412968268	-0.0317211389171945	-0.0117149865250273	-0.00557105076787481	-0.0222121703840399	-0.0101937715008881
0.0524414253537566	0.0534631682962976	-0.0320810481033979	-0.0310646025242928	0.0169042527337972	0.00174601490003048	0.020910758223922	0.00536111899299848	0.00350543246482998	0.0292734845979195	-0.0390817038737779	-0.0317354677823744	-0.0116877187937759	-0.00556490543513363	-0.0222066509001435	-0.010183558150656
0.0524494356601758	0.0534686081521044	-0.0320790951197261	-0.0311041120265856	0.0168943369411632	0.00174030123535409	0.020903099957478	0.00535451125854388	0.00350899477410254	0.0292814054973609	-0.0390680385760115	-0.0317277704003776	-0.0116909067113288	-0.0055642265008958	-0.0221829943726056	-0.0101835497687518
0.0524799066758045	0.0534924406996299	-0.0320708193863415	-0.0311206690812909	0.0169067700990164	0.00175899288165484	0.0209050054436929	0.00536786083791981	0.0034929741612642	0.0292806511259855	-0.0390832768777939	-0.0317351855916006	-0.0117084472427901	-0.0055773190352105	-0.022191013060929	-0.0101978716490116
0.0524419771624478	0.0534648823957005	-0.032090822800645	-0.0311176725505498	0.0168767754549414	0.00173688840337257	0.0208943897620606	0.00535500998184204	0.00351032051194555	0.0293167282385204	-0.0390742900795388	-0.0317191356420977	-0.0116818025664154	-0.00554765687333428	-0.0221942303151465	-0.0101713610831035
0.0524329456607039	0.053469127830163	-0.0321189650438982	-0.0310481600222778	0.0168633183077953	0.00173614939882152	0.020889158056874	0.00535398040461306	0.00347775262329014	0.0293409561325259	-0.039083969781872	-0.0316958018178704	-0.0117141245858818	-0.00555096632849769	-0.0221731316653647	-0.0101782691691243
0.052447485470472	0.0534969892796265	-0.0321288780425642	-0.0309624075546751	0.0168686491988479	0.00175583010981441	0.0208885433839015	0.00536691088878046	0.00343221094396244	0.0293571946748727	-0.039119117900028	-0.0316962153251428	-0.0117531172040841	-0.00556032053355224	-0.0221963886554705	-0.0101973687347613
0.0523943595648539	0.0534641140544848	-0.0321640331456403	-0.0309025006885827	0.0168244639910119	0.00172693349518579	0.0208631559931524	0.00533855071601876	0.00345235405666876	0.0293963144186216	-0.0391069990635811	-0.031672808857746	-0.0117226252336949	-0.00552361477820454	-0.0222082308890797	-0.0101594336334686
0.0523989360845311	0.0534911764290841	-0.0321914866757675	-0.0307707874464437	0.0168318791822349	0.00176020965474363	0.020865542041873	0.00536393670978387	0.00339188699998104	0.0294211192670309	-0.039153138652073	-0.0316724791695153	-0.0117698377059207	-0.00553801488956987	-0.0222335833552281	-0.0101953584747444
0.0523360536424582	0.0534554066530355	-0.0322347889896976	-0.0306652941975348	0.0167925778305623	0.00172075184085987	0.0208419763182969	0.00533397838729362	0.00339006952376002	0.0294723424804023	-0.0391477365148349	-0.0316336611743165	-0.0117613733796922	-0.00550623769387457	-0.0222282929767123	-0.0101657717500057
0.0523604854961318	0.0534857617189898	-0.0322254892670201	-0.0306028867300316	0.0168226423238387	0.00175597958710546	0.0208540923607758	0.00535827613050057	0.00335551512381614	0.0294508638509648	-0.0391878341474037	-0.0316528599258196	-0.0117905410092224	-0.00553408657048185	-0.0222602769260439	-0.0101896420160999
0.0523431475273547	0.053468490805446	-0.0322207660640199	-0.0306099205446149	0.0168343616228535	0.00176298266804012	0.0208615871800884	0.00536639679865799	0.00338039960031504	0.0294406337369244	-0.0391897941159957	-0.0316730589178871	-0.0117562688000523	-0.00552375307962335	-0.0223014865578993	-0.0101829518595877
0.0523183929703704	0.0534445856147511	-0.0322285109434737	-0.0306003875256047	0.0168160667200168	0.00173308720983114	0.0208542446320349	0.00534419034054164	0.00338758568615742	0.0294442435436539	-0.0391590269397529	-0.0316486172853252	-0.0117595209788705	-0.00551725989785909	-0.0222573530384723	-0.0101717201079989
0.0523323809714473	0.0534485823860565	-0.0322077280120823	-0.0306201059551663	0.0168312393635499	0.001734111199124	0.020858375513807	0.00534443201877856	0.00339538225402024	0.0294195183233343	-0.039156281866137	-0.0316613619706168	-0.0117543619168534	-0.0055319044814294	-0.0222519034037773	-0.0101803744240552
0.0523855725353149	0.0534773434932343	-0.0321676569222101	-0.0307025671283981	0.0168773230726806	0.00176734265519293	0.0208762289696907	0.00536923686718784	0.00340176926499835	0.029366337935339	-0.0391659881111667	-0.031699320820638	-0.0117565803274906	-0.00556025208133484	-0.0222651188726865	-0.0102036705297137
0.0523426823316732	0.0534283065598674	-0.0321789194074475	-0.0307780685272	0.0168397525842193	0.00171734459681446	0.0208627760134966	0.00533119699209296	0.00346158532712881	0.0293741638398664	-0.0391104859357162	-0.0316790002909601	-0.0117003181927285	-0.00552023966479179	-0.0222350753341705	-0.0101557008921445
0.0524156482044635	0.0534640791298841	-0.0321166153167624	-0.0308988252236039	0.0169033083725939	0.00175836982677815	0.0208936311997332	0.00536587432663134	0.00345716946061485	0.0293147179785035	-0.0391262788401579	-0.0317217717509594	-0.0117083326900998	-0.00555867488636672	-0.0222530587095688	-0.0101892410816838
0.0524025989766537	0.0534319862157984	-0.0321057034745161	-0.0310189840108435	0.0168840453598255	0.00171646449687653	0.0208869075156042	0.00533147918286671	0.0035178586377631	0.0293004617564931	-0.0390694341630559	-0.0317147267605039	-0.0116654578532824	-0.00553761535213773	-0.0222067640558498	-0.0101531164716919
0.0524649463738437	0.0534742393947231	-0.0320715416270842	-0.0310832145425039	0.0169176260619016	0.00175102867570861	0.020906585432629	0.00535936019010665	0.00350063382469223	0.0292626286350344	-0.0390806240051239	-0.0317386347451669	-0.0116920703990245	-0.00558228810739972	-0.02219283053715	-0.0101958446251863
0.0524485527662698	0.0534570187726043	-0.0320848283421789	-0.0311122592374395	0.0168879108146323	0.00172176046332841	0.0208891859965546	0.00533476349231761	0.00352076296755826	0.0292905361849709	-0.0390537669871768	-0.0317168515732111	-0.0116793173318288	-0.00556182368836686	-0.0221660852779252	-0.0101755590201091
0.0524643275099191	0.0534698877894745	-0.0320760720462885	-0.0311147458690102	0.0168913920988312	0.00173116495980798	0.0208976070162781	0.00534474913415302	0.00351376128360763	0.0292914693703019	-0.0390685917816868	-0.0317264013560297	-0.0116844638209896	-0.00556983120081797	-0.0221761715026106	-0.0101880815849401
0.05246957458193	0.0534830250272781	-0.0320920367797657	-0.0310779381338284	0.0168876090660821	0.00174061415977646	0.0209042175447008	0.00535810988940118	0.00348389376507923	0.029308607570363	-0.0390815837331514	-0.031720036696796	-0.0117157394994187	-0.00558090090225946	-0.0221700303608215	-0.0101973854985697
0.0524654856096787	0.0534891731539873	-0.0321081286387895	-0.0310215656373281	0.0168834530385975	0.00175650764706822	0.0208993909648825	0.00536823662662346	0.00346194574900814	0.0293226235111205	-0.0391075550632244	-0.0317186271399113	-0.0117248799659169	-0.00557580330753962	-0.0221933865367933	-0.0101968700114632
0.0524241684100531	0.0534657597016704	-0.0321435673296234	-0.0309537839722674	0.016847299091941	0.00172435466266926	0.0208774303759551	0.00534366088359485	0.00345885003240108	0.0293794751731426	-0.0390995419628372	-0.031682674358955	-0.0117280874412462	-0.00555008762554379	-0.0221828029857937	-0.0101804526551607
0.0524151858027501	0.0534746808416761	-0.0321624294079756	-0.030866184691779	0.0168468324992755	0.0017462174627146	0.0208786178123793	0.00535984634054855	0.00344101613429381	0.0293809755339891	-0.0391277023668829	-0.0316916793180024	-0.0117341419700255	-0.00555705857584579	-0.0222169089538645	-0.0101872671432516
0.0523675304865873	0.0534566862904055	-0.0322075366252704	-0.0307432961977477	0.0168141752036423	0.0017303016236784	0.0208582539761965	0.00534413166721244	0.00341095164101739	0.0294415026609901	-0.0391401983890174	-0.0316616846739274	-0.0117464591782044	-0.00552829327771584	-0.0222229453218514	-0.0101731198859954
0.0523513031201128	0.0534588097061288	-0.0322251497999012	-0.0306497988506912	0.0168136834652643	0.00174044931566111	0.0208559070430287	0.00535222299870526	0.00338189437322549	0.02945730534432	-0.0391682274765644	-0.0316550462058242	-0.0117641394080686	-0.00552755567014881	-0.02224742048203	-0.0101742374732181
0.052334230578301	0.0534509684347771	-0.0322288559985287	-0.0306006655254263	0.0168134194352829	0.00174367215781476	0.0208539889839576	0.00535466352980298	0.00337762938098661	0.0294544932154707	-0.0391766498932719	-0.0316550643666165	-0.0117618329874376	-0.00552082360411568	-0.0222697233320443	-0.0101694500089526
0.0523540272389683	0.053466920595398	-0.0322195199542665	-0.0306032429609588	0.0168393404739309	0.00176465346093815	0.0208660742927878	0.00537320849278074	0.00336879345700663	0.0294293405180383	-0.0391915654917437	-0.0316719916220893	-0.0117744910597194	-0.00553354873163089	-0.0222848400962162	-0.0101831586132239
0.0523492272018465	0.0534553926831952	-0.0322138817267277	-0.0306259020419004	0.0168413353671235	0.00175634419993689	0.0208676445028358	0.00536532391492413	0.00338482524571719	0.0294179243645578	-0.0391716221477535	-0.0316716731097309	-0.0117633543030446	-0.00553542069022903	-0.0222754467756089	-0.0101807166851421
0.052320630938784	0.0534229966235753	-0.0322064916812172	-0.0306709715406265	0.0168223280024323	0.00172260703564966	0.0208588518853607	0.00533940986119626	0.00342527352127713	0.0294156808082081	-0.0391358453867847	-0.0316622937589638	-0.0117284939635985	-0.00551741356610222	-0.0222500635758118	-0.0101562052033788
0.052378463283594	0.0534555044419175	-0.0321645961302037	-0.0307352467757758	0.0168710631872491	0.00176237917093982	0.0208856600088668	0.00537245412140537	0.00341877754554481	0.0293519867184146	-0.0391512150050658	-0.0316999480664668	-0.0117405778754446	-0.00555880061492928	-0.0222581018219116	-0.0101878021881345
0.0523844367872997	0.05344806689895	-0.0321519171031615	-0.0308156627643898	0.0168721416589191	0.00175176768025967	0.0208841456781799	0.00536360841853719	0.00344524759891601	0.0293448173963806	-0.0391289247279078	-0.0317043904756773	-0.0117174158802528	-0.0055456745529979	-0.0222561292804634	-0.0101741173325917
0.0523884880409822	0.0534263465912755	-0.0321323313870825	-0.0309301428115538	0.0168685709677423	0.00171882679686865	0.0208831007341267	0.0053368589683603	0.00349225890544163	0.0293197890305268	-0.039080237040548	-0.031695243024259	-0.01168752600998	-0.00554318792142725	-0.022207016909959	-0.0101585549305147
0.0524169082840572	0.0534319009997727	-0.0320931599549246	-0.0310336202125097	0.0168894363211913	0.00172679519376697	0.0209061342067878	0.00534759898157107	0.0035141524391356	0.0292800141012685	-0.0390715086843382	-0.0317209810579993	-0.0116677782437537	-0.00555578312942781	-0.0222056646294194	-0.0101644446151787
0.052469672370812	0.0534704493770539	-0.0320686484731613	-0.0310800084641586	0.0169139478029546	0.00175579937616579	0.02092145912158	0.0053700988063334	0.00349324517616572	0.0292532283295069	-0.0390805024675134	-0.0317422906523693	-0.0117015377597854	-0.00558777685764753	-0.0221959276507411	-0.0101912080351958
0.0524724803087092	0.0534691222422269	-0.0320704896981108	-0.031120384096549	0.0169075468221363	0.00174727497962415	0.0209132923529497	0.0053641001569152	0.00350226689902149	0.029271347212356	-0.0390762863697155	-0.0317363311185039	-0.011691845484596	-0.0055738824545005	-0.0221977018204572	-0.0101805099315059
0.0524624401844967	0.0534661899727511	-0.0320833461421247	-0.0311092124152735	0.0168918964100655	0.00174152639034705	0.0209045262781711	0.00535575876528129	0.00350501197263741	0.0292904314111687	-0.0390739883309887	-0.0317303226901976	-0.0116894580388913	-0.00556610823838213	-0.0221933921247294	-0.0101719534043316
0.0524412367609127	0.0534558047934836	-0.0321135349669796	-0.0310742459050412	0.0168626687102221	0.00172385454238707	0.0208915482965467	0.00534128321677842	0.00349677256083757	0.0293286165726026	-0.0390681237920372	-0.0317014358544571	-0.0116956187384568	-0.00555054304233707	-0.022171523736748	-0.0101667594177138
0.052443603251857	0.0534773937846594	-0.0321292733890442	-0.0309815113112642	0.0168596260790081	0.00173690516718091	0.0208878574647435	0.00535346212353851	0.00345119455992514	0.0293481044997995	-0.0390975638334529	-0.0316929449855322	-0.0117329489456652	-0.00556321927541129	-0.0221758851208848	-0.0101848000694573
0.0524188780315373	0.0534666160528798	-0.0321513387517737	-0.030926664321323	0.0168463896553385	0.00173073189475916	0.020877817340531	0.0053443160691042	0.0034488657875497	0.0293751459196384	-0.0391094591524552	-0.0316833379263685	-0.0117253535435025	-0.00554464916672101	-0.0221950447568351	-0.0101729131323592
0.0523993202551389	0.0534741709425057	-0.032183167635878	-0.030804377927408	0.0168295140882747	0.00174277948502057	0.020872318811395	0.0053540167261978	0.0034185121185794	0.0293947707512701	-0.0391323473387775	-0.0316746878012643	-0.0117517956571931	-0.00554677258244426	-0.0222084334517638	-0.0101838207836534
0.0523828861350281	0.0534776075232157	-0.0322062849275809	-0.0306986150605816	0.0168249040409808	0.00175258631290034	0.0208657418105891	0.00536317535348836	0.00338294490521489	0.0294319137626187	-0.0391687415666868	-0.0316674737757413	-0.0117694367715045	-0.00553803863829835	-0.0222469734471409	-0.0101861956565017
0.0523431014268817	0.0534569112048341	-0.0322303340076308	-0.0306326760174544	0.0168107344319802	0.00174038365741177	0.0208561543092018	0.00535081623578861	0.00338176165974279	0.0294622464768286	-0.0391704165505369	-0.0316498145006376	-0.0117614558017499	-0.00551908296201623	-0.0222667086405109	-0.0101716209221328
0.0523578242415576	0.0534725504410327	-0.032221065018602	-0.0305977919292798	0.0168348896828162	0.00176550003325939	0.0208702512750329	0.00537101522785606	0.00335812888093339	0.0294362891165959	-0.0391905401054669	-0.0316639924915424	-0.0117854015049817	-0.00554099465650257	-0.0222775115180029	-0.0101891516747059
0.0523506172009548	0.0534625047288841	-0.0322184596433889	-0.0306038590309154	0.0168455640377777	0.00176542319913783	0.0208750694729471	0.0053730394577133	0.00336578575039336	0.0294251258172245	-0.0391897899250436	-0.0316682267501327	-0.0117744142255979	-0.00553854574350068	-0.022285612628384	-0.0101842217180695
0.0523277862909777	0.0534377739206283	-0.0322147143292087	-0.0306258405746032	0.0168331713924612	0.00174084885309325	0.0208723998364687	0.00535677996060609	0.00339132401541757	0.0294206009859563	-0.0391602506977619	-0.031660636935906	-0.0117583083967338	-0.00552838547866172	-0.0222644329535285	-0.0101681158892054
0.0523434255271763	0.0534400244618981	-0.0321954094069194	-0.0306733226647464	0.0168420380500898	0.00173411399309206	0.0208709176364145	0.00534906162384887	0.00341143360050721	0.0293988234019367	-0.0391475842435758	-0.0316691599354637	-0.0117497099600387	-0.00553757903055299	-0.0222444798306501	-0.0101725932230166
0.0523548919720819	0.0534353976507959	-0.0321681849821728	-0.0307506149970728	0.016857460753764	0.00174376994669675	0.0208780254911513	0.00535587890590774	0.00344283780146691	0.0293598866630956	-0.0391329438509576	-0.0316932104124976	-0.0117153106253219	-0.00553932246662051	-0.0222591649267572	-0.0101693969235595
0.0523916270640942	0.053450228033242	-0.0321379318960526	-0.0308211906301904	0.0168812988892256	0.00175401822152951	0.0208878937863283	0.00536451785513971	0.00343489175631305	0.0293363614520563	-0.0391284176227054	-0.0317042857018752	-0.0117306998013794	-0.00555737150026817	-0.022241384114043	-0.0101795557914145
0.0524241530432287	0.0534462983171699	-0.0321043777366731	-0.030968149159032	0.0168957423070958	0.00175196605199171	0.0208982691867076	0.00536780775252673	0.00348869659616906	0.029292556223876	-0.03909859620465	-0.0317239733977882	-0.0116909095052969	-0.0055623070448407	-0.0222341603096319	-0.010183016120853
0.0524201241412907	0.053426466731902	-0.0320934980250595	-0.0310653624836043	0.0168835326666871	0.00172828996667742	0.0208979953778381	0.00535182066730507	0.0035280747819632	0.0292826488131462	-0.0390629284084354	-0.0317223473083791	-0.0116615225492743	-0.00554838749598116	-0.0222044604291869	-0.0101604464468892
0.0524596168797751	0.0534582034150604	-0.0320791286473428	-0.0310967471267876	0.0168988184659265	0.0017501248270422	0.0209063074328074	0.00536715117003335	0.00350350742083876	0.0292705313736834	-0.0390726542112415	-0.03173044143384	-0.0116918343087237	-0.00557250782221649	-0.0221882582084248	-0.0101826892265903
0.0524745981364963	0.0534709494973361	-0.0320748091727268	-0.0311250611990763	0.0169053507632435	0.00175348317664661	0.020907072980055	0.00536910135973708	0.00350076374420687	0.0292773542436784	-0.0390760684402071	-0.0317309275842819	-0.0116976178226015	-0.0055740445046478	-0.0221929688385688	-0.0101871763392897
0.0524288203668678	0.0534416673151156	-0.0321139708259965	-0.0310975252468914	0.0168529345255118	0.00170730307561792	0.0208818364635809	0.00533409713093604	0.00351555920205226	0.0293291641903417	-0.0390486889502333	-0.0316897570679792	-0.0116827329577783	-0.00554349106696142	-0.0221568274647686	-0.0101583886894153
0.0524530915673782	0.0534717723209288	-0.0321076033727948	-0.0310552161886056	0.0168771386707888	0.00175039444495969	0.0208931213005628	0.00536706316003956	0.00348095590766738	0.0293225229282704	-0.0390991843349259	-0.0317130950831586	-0.0116996783740435	-0.00555719548028058	-0.0221989632970349	-0.0101851241697519
