0.0524295607684029	0.0534434582486401	-0.0323002698220634	-0.0307655543442731	0.0168436613455309	0.00178410646353441	0.0208264739865332	0.00537093559976645	0.0034356992130815	0.029429079282025	-0.0391145567471751	-0.0316172005115092	-0.0116589926111987	-0.00550676435685329	-0.0223411595073234	-0.0102584770071181
0.0524488614997401	0.0534424635960118	-0.0322777951430136	-0.030839527442548	0.0168505792104398	0.001773433505557	0.0208291450199956	0.00535970384817765	0.0034456792669808	0.0294164170187911	-0.0391005310275294	-0.0316186645507711	-0.0116531252782792	-0.00550601557341403	-0.0223234233980982	-0.0102472005520404
0.0525198911526669	0.0534748470827755	-0.0322144544901794	-0.0309767266409667	0.0169087566103049	0.00180992971330043	0.0208616849689704	0.00539032154712934	0.00346465170707127	0.0293353654024441	-0.0390989482446251	-0.0316624111056222	-0.0116470944982284	-0.00554745989858626	-0.0223303789815758	-0.010287974324879
0.0525173961391921	0.0534626290604626	-0.0322149601983977	-0.0310564245797902	0.0168849603843642	0.0017827807256914	0.0208494669466575	0.005359328059474	0.00349445496433436	0.0293326021680358	-0.0390545940017216	-0.0316522997352242	-0.0116351055812962	-0.00553804143226641	-0.0222769946339124	-0.0102551982856033
0.052548122802898	0.053481352837396	-0.0322030760552676	-0.0311057395129787	0.0168970680449388	0.00179388255776555	0.0208516951361829	0.00536884291769182	0.00349585613931491	0.0293332657354493	-0.0390541539517527	-0.0316584981533585	-0.0116367218918171	-0.00555262175457141	-0.0222698490606068	-0.0102894257912845
0.0525466182510994	0.053477523704174	-0.0321987020982745	-0.0311375530302588	0.0168884556384034	0.00178757238090901	0.0208458543459599	0.00536246568560191	0.00350805320686736	0.0293493073030481	-0.0390515904860604	-0.0316593992080568	-0.0116241224928644	-0.00553720603581739	-0.0222827306503332	-0.0102745465143974
0.0525377180658541	0.0534774971614775	-0.0322214827168265	-0.0311028226103273	0.0168616070023605	0.00177319601827216	0.0208315450385565	0.00534884928227654	0.00349454856226427	0.029377041626965	-0.03904636436881	-0.0316349952940637	-0.0116453831927935	-0.0055320469738003	-0.0222491625211135	-0.0102697450802916
0.0525428408062864	0.0534898618671133	-0.0322380635202603	-0.0310568855845196	0.0168593536671226	0.00178949463093217	0.0208291575928518	0.00535951525533381	0.00347240217446115	0.0293913509343685	-0.0390709470967587	-0.0316353487310229	-0.0116562419496467	-0.00553177456191475	-0.0222695878245935	-0.0102751276597533
0.0525209542575126	0.0534878907226492	-0.0322621181882463	-0.0309799103675676	0.0168417586532841	0.00178271786141012	0.0208173963843163	0.00534976570379921	0.00345440482922254	0.0294304622962132	-0.0390852564041622	-0.0316170021397772	-0.0116672655506153	-0.00551725011897089	-0.0222839194837415	-0.0102726284553264
0.0525059897645998	0.0534871419392099	-0.0322780885096596	-0.0309263891154694	0.0168381488465546	0.00178737820012905	0.0208124454729194	0.00535008980409381	0.00344914099340331	0.0294484442746275	-0.0391009138011532	-0.0316130123533919	-0.0116607947205954	-0.00551317092560779	-0.0223104174767932	-0.0102759923928669
0.0524695131146327	0.0534844387751149	-0.0323225000289083	-0.0307916290511643	0.0168043320541778	0.00178313276566658	0.0207963089104067	0.00535380159065742	0.00341445248299271	0.0294978206751133	-0.0391180114886774	-0.0315866806014395	-0.0116923092832934	-0.00549971377846167	-0.0223202955508584	-0.010272660585959
0.0524493420622459	0.0534883852549953	-0.032348750755787	-0.0306694194913709	0.0167967673856637	0.00179023084151516	0.020787783116881	0.00535464117805853	0.00338252441302233	0.0295211908209253	-0.0391542534453277	-0.0315814824238697	-0.0117140449577922	-0.00549576729858128	-0.0223423217980351	-0.0102648249025434
0.0524364017991903	0.0534786859948857	-0.0323636356206102	-0.0306260110066546	0.0167910690878116	0.00178328084597359	0.0207837835516076	0.00535303324944177	0.00337908364136024	0.029536883142517	-0.0391589012111904	-0.0315692099191797	-0.0117115178136847	-0.00549145201491737	-0.0223528033692006	-0.0102686903573502
0.0524266368808314	0.0534730785009955	-0.0323608835620741	-0.0305974650350171	0.0167970174458048	0.00179253726214615	0.0207895307439006	0.00536358606679273	0.00337660539169376	0.0295210832531551	-0.0391595466178115	-0.0315761808694817	-0.0117073575952479	-0.00549924997976422	-0.0223617859765036	-0.0102776059094198
0.0524180901325453	0.0534625871509418	-0.0323463409583379	-0.0306192216642763	0.0168126329332749	0.0017951663860877	0.0207947750219435	0.00536581285933409	0.00339070096054089	0.029507283844922	-0.0391604267177494	-0.031590382609115	-0.011685908302475	-0.00549118938192002	-0.0223855542627638	-0.0102680253929526
0.0524279612216903	0.0534685243330627	-0.0323178955695505	-0.0306606031251673	0.0168395360516949	0.0018026234868316	0.0208095858466131	0.00537309114612235	0.00339482765136095	0.0294757818550803	-0.0391574399658966	-0.0316075124272719	-0.0116849779111121	-0.00550436294130837	-0.022385517941179	-0.0102736217109706
0.0524223872554168	0.0534530038405065	-0.032310460820551	-0.0307271302985704	0.0168360631494001	0.00178294556980676	0.0208036095489394	0.00535419554015345	0.00342696107798351	0.0294620942055695	-0.0391219984810947	-0.0316007482306061	-0.0116703682521425	-0.00550215850051147	-0.0223424992150067	-0.0102658963892932
0.0524443939448171	0.053456168009331	-0.0322921421689859	-0.0307830864938303	0.0168483468299624	0.00178485804094172	0.0208129427992335	0.00535456574092099	0.00344239635451393	0.0294307919844439	-0.0391115699953222	-0.0316160913061906	-0.011660722077426	-0.0055073538841133	-0.0223359152292806	-0.0102675825490156
0.0524727988210677	0.0534504864752873	-0.0322539025251749	-0.0309034548286742	0.0168709849561435	0.00178223869588836	0.0208300376927898	0.00535816018082621	0.00346807431794099	0.0294035633687453	-0.0390947880261884	-0.0316333733956067	-0.0116404755879015	-0.00551178372046753	-0.0223338407079984	-0.0102647257166774
0.0525150575879285	0.0534665713493909	-0.0322180363572283	-0.0310069517874064	0.0168918531035606	0.00179255681992254	0.0208457425872377	0.00536297977572438	0.00348561205543423	0.0293532188583277	-0.0390721764427038	-0.0316496761992188	-0.0116473459553535	-0.00553642372476145	-0.0223055517814221	-0.0102774298894322
0.0524973689761602	0.0534425571939417	-0.0322223809775568	-0.0310743506788433	0.0168634580061982	0.00175439401023316	0.0208346700918281	0.00533167895158278	0.00352190290652548	0.0293636263893397	-0.0390299847310763	-0.031632406682659	-0.0116212251479894	-0.0055181930831901	-0.0222550899243462	-0.0102560253001482
0.0525293738802521	0.0534670742636412	-0.0322059999428391	-0.0310964593480777	0.0168820965671058	0.00177855345202129	0.020838444742673	0.00534533307347692	0.00350634329841653	0.0293545711388673	-0.0390532109875335	-0.0316556999943495	-0.011618210456456	-0.00553039992963075	-0.0222766621517136	-0.010265147605854
0.0525455914678385	0.0534788885575698	-0.0321969572652229	-0.0311231347581011	0.0168872947446757	0.00178855725464907	0.020843106478376	0.00535692384996102	0.00350470184218309	0.029359366985037	-0.0390571770251902	-0.0316588613692059	-0.0116091677788398	-0.00554672648197133	-0.0222780353870136	-0.0102943711147453
0.0525445479207692	0.0534868304117716	-0.0322099142920869	-0.0311039052729494	0.0168792774533364	0.00179473332103888	0.0208403418469837	0.0053629658058841	0.00348801207399512	0.0293825750807017	-0.0390714081014881	-0.0316541158144612	-0.0116155980963228	-0.00554412669469437	-0.0222870808585979	-0.0102931347838801
0.0525492557569451	0.0535018424021414	-0.0322296369126006	-0.0310399653139669	0.0168769891934978	0.00181164520968738	0.0208366677789888	0.0053721216392066	0.00345391728179661	0.0293989505274833	-0.0390893649341899	-0.0316493185713075	-0.0116497599437547	-0.00554668317546644	-0.0222954487929283	-0.0103012121455326
0.0525050495943486	0.0534834301526463	-0.0322698421129396	-0.0309581299895799	0.0168313748710006	0.00177197645121532	0.0208080184305332	0.00533864431394867	0.00344860315455236	0.0294570706510032	-0.0390746742501467	-0.0316036707211936	-0.0116712120304956	-0.00551936375580594	-0.0222690904982794	-0.0102781842608075
0.0524893293330764	0.0534903298567629	-0.0322817849293989	-0.0308792800200617	0.0168293562290795	0.00179002967581507	0.0208099783991251	0.00534952262857826	0.00344417052423007	0.0294531744625478	-0.0391062866017266	-0.0316127972178515	-0.0116652958031351	-0.00551463217090156	-0.0223159243878334	-0.0102798899783063
0.05246525371033	0.0534925845889848	-0.0323220655668754	-0.0307540906933356	0.0168095497895241	0.0017910327103475	0.0207954693230056	0.00534518359618587	0.00339872663378437	0.0295089392709958	-0.0391322621227517	-0.0315900459359641	-0.0116949370102509	-0.00550260972635266	-0.0223272818679848	-0.0102834466996427
0.0524340730268148	0.0534785253417224	-0.0323502511166335	-0.0306630520381692	0.0167949317486503	0.00178285197187686	0.0207811642065542	0.00534026621240571	0.00338629906386722	0.0295408352103335	-0.0391463213700141	-0.0315734162380894	-0.0116975521643522	-0.00548682939476721	-0.022344425655982	-0.0102770988042174
0.0524445168794116	0.0534903102989865	-0.0323394496361255	-0.0306258531474594	0.0168258274474236	0.00181247362121625	0.0208047955883796	0.00536593160297651	0.0033644669974705	0.0295222888503717	-0.0391774517621042	-0.0315961200225198	-0.011708588338177	-0.00550441462971742	-0.022384384987132	-0.0102943487630008
0.0524184170268079	0.0534651715713944	-0.0323526748839229	-0.0306095517408313	0.0168172290107285	0.00179696849548441	0.0208061883814559	0.00535330985227941	0.00337522517147364	0.0295188313149013	-0.0391589598845196	-0.031586702953184	-0.0117005570769974	-0.00549345529001418	-0.0223708328450719	-0.0102786061499841
0.0524205432364992	0.0534660237316518	-0.032350861598654	-0.0305885159553308	0.0168113309441603	0.0017920539056723	0.0208003350183767	0.00534298614030911	0.00337167403807331	0.0294997904225934	-0.039150195206725	-0.0315882647813278	-0.0117084220970776	-0.00550058270252737	-0.0223483665479263	-0.0102695285477672
0.0524224026222411	0.0534541144428092	-0.0323255999364674	-0.0306571986750899	0.0168186888590382	0.00178331856454236	0.0207988863459392	0.00533849763062568	0.0034142359504683	0.0294847071860382	-0.0391357964923437	-0.0315965083840797	-0.0116683635800616	-0.00549101196494841	-0.0223585324007013	-0.01028184016801
0.0524574864791318	0.0534733956163699	-0.0322962604779018	-0.0307348570172318	0.0168484977042374	0.00180264444159203	0.0208144794816648	0.00535603536811893	0.00342276593494605	0.0294372907541443	-0.0391319380224571	-0.0316228024174634	-0.0116684390171992	-0.00551368501573026	-0.0223559256285042	-0.0102886881837175
0.0524516652466852	0.0534565996773958	-0.0322821216025497	-0.0308179258785159	0.0168482197044158	0.00178777075264105	0.0208189624034122	0.00535224814441778	0.00345796015357496	0.0294318047978645	-0.0391109818650463	-0.0316326469639119	-0.0116361058218605	-0.00549623808219887	-0.0223606963289614	-0.0102685143373626
0.0524835248644382	0.0534595137860791	-0.0322448528626386	-0.0309299444398218	0.0168674058830626	0.00178111831469754	0.0208300348988217	0.00534921668907603	0.00347368181183121	0.0293923399990606	-0.0390835925961843	-0.0316345384802864	-0.011639517256858	-0.00551031129930154	-0.0223135704697455	-0.0102805088422309
0.0525117998211741	0.0534639394314813	-0.0322199306675709	-0.0310220783304666	0.016877687685512	0.00177727381465123	0.0208380368233367	0.00534349464249547	0.00349464774813029	0.029357895960855	-0.0390585586423944	-0.0316475024920705	-0.0116333034718994	-0.00552349882853017	-0.0222795734664289	-0.0102803300282753
0.0525367248102099	0.053471877094731	-0.0322040581350396	-0.0310913882960544	0.0168850218516614	0.0017798694109761	0.0208408335853617	0.00534700666034301	0.0035144765394302	0.0293412243534594	-0.0390542419617465	-0.0316583849976522	-0.01161222298291	-0.0055285028253201	-0.0222840857248408	-0.0102841493826091
0.0525324081295619	0.0534661075506935	-0.0322053126266971	-0.0311237564159937	0.016871697417998	0.00176719317790188	0.0208345946546906	0.00533428572377988	0.00352647663223465	0.029362656882424	-0.0390413477991638	-0.0316478377682373	-0.0116057437709861	-0.00552501874715313	-0.0222725326669255	-0.0102738703741277
0.052562309175707	0.0534971261840613	-0.0321955057988174	-0.0311133907945026	0.0168844323244014	0.00179286974434492	0.0208374277383003	0.00535410613317563	0.0035008335934083	0.0293597679194531	-0.0390612240879207	-0.0316593768563124	-0.0116349183854363	-0.00554938773654554	-0.0222783720601645	-0.0102966970931527
0.0525483882298634	0.0534956328081349	-0.0322209602447999	-0.031076886204855	0.0168654822360554	0.00178712953697199	0.0208294523564818	0.00535098107990397	0.00348756084815393	0.0293869518316629	-0.0390661149290043	-0.031642273580852	-0.0116464476946232	-0.00553930290884411	-0.0222730034505431	-0.0102865899137068
0.0525035576154062	0.0534735562695332	-0.0322580571556755	-0.0309848794397568	0.0168243173076889	0.00176288487915812	0.0208118908702601	0.00532975390759157	0.00348213635917143	0.0294319305264271	-0.0390684101737631	-0.0316154892060744	-0.0116396010758997	-0.00551059628404334	-0.022277466814514	-0.0102655275855097
0.0525444166042705	0.053517432743899	-0.0322613652138549	-0.0309173324680129	0.016846020851555	0.00179109278066072	0.0208177023238185	0.00535391614334775	0.00342100433808617	0.029438747808486	-0.0391038600404692	-0.0316098342147272	-0.0116996155097622	-0.00554649318563857	-0.0222773550557917	-0.0103144779058668
0.0525031469021019	0.0534973971989628	-0.0323011149974006	-0.0308351311338104	0.0168151223588136	0.00178460239286451	0.0208050652062971	0.00534861039800768	0.00343590456973369	0.0294655391681837	-0.0391151784050677	-0.0316085685471974	-0.0116739864407762	-0.00551232575027057	-0.0223246373772189	-0.0102844455432231
0.0524645901429165	0.0534891717570033	-0.0323358719600286	-0.0307230594871115	0.0167990291028057	0.00178292601203036	0.0207970409300376	0.00534080963919278	0.00340461212749626	0.0295187139682429	-0.0391398547309464	-0.0315864179684422	-0.011694594749164	-0.00549739478497443	-0.0223415129442826	-0.0102781870547756
0.052436044171279	0.0534821952187652	-0.0323553207716728	-0.0306355775532815	0.016783380087719	0.00177295434003524	0.0207870245545536	0.00533537537132208	0.0033875549525088	0.0295415993605971	-0.0391502287343417	-0.0315692546226686	-0.0117030241507917	-0.00549214491899549	-0.0223467683981977	-0.0102738089068304
0.0524499790869628	0.0535046461490865	-0.0323446715624239	-0.0305978603814972	0.0168109048640317	0.00180036735762565	0.0207959526794794	0.005356529900465	0.00336431891716348	0.0295171563310512	-0.0391724589411865	-0.0315882214748229	-0.0117202028633896	-0.00551263168977281	-0.0223717255178661	-0.0102920828549067
0.0524280995231091	0.053486901657957	-0.0323505249255031	-0.0306050548492437	0.0168060349777085	0.00178765200899863	0.0207910157379229	0.00534649676117262	0.00338186783052895	0.0295141639912622	-0.0391562511324884	-0.0315854917680313	-0.0116948978946981	-0.00549642388107465	-0.02237800356409	-0.0102755844735306
0.0524163844150465	0.0534718337882261	-0.0323390389228212	-0.0306335337656479	0.0168141235152332	0.0017831341626506	0.0207965338248353	0.00534530932474844	0.00340032757748098	0.0294975314994194	-0.0391423287896608	-0.0315929153411586	-0.0116752982087789	-0.00549356565175243	-0.0223776934336356	-0.0102708039941852
0.0524285214122857	0.0534692633376137	-0.0323203528644565	-0.030673498684734	0.016816224579212	0.00177014779912207	0.0207963550108796	0.00533379817635395	0.00341013999329686	0.0294787560340769	-0.0391221898679066	-0.0315909483876465	-0.0116789638948696	-0.00550579205596948	-0.0223406342413287	-0.0102708263459297
0.0524721673842868	0.0534878753558249	-0.0322839712094034	-0.0307512226851252	0.016855936644189	0.00180270730587331	0.0208159505058468	0.00536021095337998	0.00342329818586089	0.0294226685223184	-0.039130556405253	-0.0316300932771079	-0.0116662303854502	-0.00552638499753296	-0.0223639987992047	-0.0102883570985028
0.0524633719728436	0.053460930327884	-0.0322773662689169	-0.0308308731264917	0.0168382005349637	0.0017635805772043	0.0208063057281143	0.00533134367541595	0.00345413241733699	0.0294323580035398	-0.0390911614556505	-0.0316101219934371	-0.0116448732936231	-0.00550795598422956	-0.0223223910269011	-0.0102654800880528
0.0524993652663368	0.0534713085222314	-0.0322382660829444	-0.0309501126982406	0.0168612074649283	0.001769555477894	0.020819299076563	0.00532907078240166	0.00349079626316384	0.0293721046854084	-0.0390714849356097	-0.0316376523576858	-0.0116209275903914	-0.00552265644716101	-0.0223126833848874	-0.0102589240420072
0.0525297804026044	0.0534797518936994	-0.0322054816617646	-0.0310555514647724	0.0168792844382566	0.00178056929997436	0.0208317434102885	0.00534341501440585	0.00351242716386046	0.0293468639779823	-0.0390535420727482	-0.0316547570301303	-0.0116155017044248	-0.00553701185503743	-0.0222991438156836	-0.0102828459965105
0.0525420249676138	0.0534838157202382	-0.0322057764253946	-0.0310897314729967	0.0168682384855435	0.00177428426883033	0.0208256371931001	0.00533556536114995	0.00351358526362005	0.0293512854324323	-0.0390385929466597	-0.0316486144913571	-0.0116258547530597	-0.00553601021748903	-0.0222712530295554	-0.0102786033560161
0.0525653182793043	0.0535010740609257	-0.0321904403347302	-0.0311166625310972	0.0168817640849071	0.00178769810947157	0.0208332619319274	0.00534781691107952	0.00350417797317242	0.0293516458543117	-0.039055644533711	-0.0316588934998385	-0.0116305234736828	-0.00554228826371292	-0.022287723471251	-0.0102905810970761
0.0525488646014171	0.0534934046186095	-0.0322070281230841	-0.0310973310661115	0.016866495049476	0.00177790525143209	0.0208294146379131	0.00533961102689636	0.00349644147562283	0.0293812814734914	-0.0390520039933329	-0.0316422665959318	-0.0116358012793423	-0.00553739602564526	-0.0222767739104359	-0.0102848171409747
0.0525587524543706	0.0535085674832544	-0.0322290809129573	-0.0310460924859157	0.0168641788499568	0.00178953654045302	0.0208279254529387	0.00535032589439462	0.00346652087170134	0.0294100341987651	-0.0390739226727394	-0.0316394418942263	-0.0116655207175637	-0.00554833999852419	-0.0222781736884324	-0.0102952693754756
0.0525456557291038	0.0535087029907051	-0.0322455303998924	-0.0309794605387104	0.0168562677294037	0.00179438826598385	0.0208207072364637	0.00535312125943557	0.00344756798938727	0.0294493299625015	-0.0390986423051229	-0.0316364900669742	-0.0116727389340388	-0.00553698391535687	-0.0223114540389423	-0.0102944409639467
0.0525349520374777	0.0535072752730281	-0.0322693322137692	-0.0309115978485761	0.0168385232382742	0.001791842961084	0.0208114564082273	0.00534746906205643	0.00342919764941307	0.0294716174456915	-0.0391021934385232	-0.0316203716652538	-0.0116895446519011	-0.00553729404581119	-0.0223086349251729	-0.0102933652862448
0.0524820259005756	0.0534897319475987	-0.0323155975308237	-0.0307838548350459	0.016806160706271	0.00177839000488996	0.0207965282368992	0.00533725710880841	0.00341259309725083	0.0295087017837109	-0.0391178145139294	-0.0315957596006405	-0.0116926040469234	-0.00550847985324023	-0.0223186457127208	-0.0102786326926807
0.0524754041962807	0.0535093064878054	-0.0323321881131456	-0.030666089081447	0.0168177109702183	0.00180241254224331	0.0208039657798667	0.00535656342808168	0.00336560414246966	0.0295128536202435	-0.0391639764541658	-0.0315940217525091	-0.0117246843881529	-0.00551713556628055	-0.0223500331498722	-0.0102956926616362
0.0524366881809161	0.0534897682691834	-0.0323535368230685	-0.0306209413516154	0.016796831646929	0.00178352252421051	0.0207861486455677	0.00533320306115783	0.00337995116844191	0.0295301734282283	-0.0391578772218975	-0.031578601842803	-0.0117052635161893	-0.00548665058081157	-0.0223674256010265	-0.0102659899872231
0.0524326969975468	0.0534889733852712	-0.0323428652620751	-0.0306039442469411	0.0168117723911133	0.00179685394279408	0.0207920145815032	0.00534876965418692	0.00338563829042176	0.0295060880265937	-0.0391617119430556	-0.0315898573431203	-0.0116992858215315	-0.00549754845321756	-0.0223830843950015	-0.0102845098044884
0.0524108509613098	0.0534708824421027	-0.0323536248330623	-0.0305929108670844	0.0168012139858262	0.00177896416532566	0.0207832219640281	0.00533877004251123	0.00339276011499883	0.029502816289999	-0.0391380274758372	-0.0315727442887717	-0.0117048150843161	-0.00549127599492979	-0.0223517779829237	-0.0102743034391765
0.0524387599082303	0.0534871908336509	-0.0323177810168601	-0.0306375109791769	0.0168357166973611	0.00180714133317963	0.0208059676579794	0.005366299009776	0.00339592568080731	0.0294618371605083	-0.0391583759451957	-0.0316101471391496	-0.0116991684748731	-0.0055051648101407	-0.0223869456588561	-0.0102837442572408
0.0524416865897699	0.0534742254248828	-0.0323045278293822	-0.03070874738574	0.0168369669980665	0.00178619635164098	0.0208019876504824	0.00534749979570506	0.00342433335102598	0.0294529397692311	-0.0391228604202402	-0.0316028395156967	-0.0116885751449853	-0.00550974831473807	-0.0223524136106567	-0.0102761237093656
0.0524641975904045	0.0534801290793871	-0.0322786417153349	-0.0307732517262699	0.0168561699405217	0.0017988725847152	0.0208163402643907	0.00535689032234434	0.00343920005505682	0.0294162857022924	-0.0391153027366463	-0.0316253225766507	-0.0116814197927916	-0.00551799331447402	-0.0223528354998333	-0.0102833181771121
0.0524535958786125	0.0534492543353742	-0.0322647459152038	-0.0308717628490046	0.0168471104990972	0.00176004061967619	0.0208147910091032	0.0053311788313006	0.003475537006621	0.0294198326447407	-0.0390754789129471	-0.0316091021950963	-0.0116513860331638	-0.00550662326146641	-0.0223099047836548	-0.0102623368739887
0.0525213132824079	0.05348576870391	-0.0322106630755261	-0.0309855416101863	0.0168947783881162	0.00179519153180021	0.0208417388310121	0.0053603394759106	0.0034861457033331	0.0293430460206325	-0.0390816340245764	-0.0316580608973576	-0.0116407773364517	-0.00554670832117895	-0.0223144729214278	-0.0102904637504177
0.0525261328773061	0.0534761714236345	-0.0321996743991583	-0.0310758286879455	0.0168836388374733	0.00178197326892296	0.0208380647630173	0.00534772471013364	0.00351745211541082	0.0293336275543127	-0.0390518028276328	-0.0316617349653524	-0.0116019830899814	-0.00553958649660188	-0.0222966893147456	-0.0102774857687933
0.0525687702268386	0.0535076105491949	-0.0321882400848854	-0.0311006712549235	0.0169002811082043	0.001802594150167	0.0208451181353769	0.00536447873958692	0.00349290012111069	0.0293288121503666	-0.0390633237549155	-0.0316690984681664	-0.0116349840436857	-0.00556353499380172	-0.0222878701545739	-0.0103028424258938
0.0525649243298083	0.0535035858382089	-0.032191214263882	-0.0311113791375016	0.0168832700336897	0.00179307091004502	0.0208337397004652	0.00535249680757485	0.00350537099753272	0.0293447028436903	-0.0390596818175533	-0.031665590641271	-0.011628570490011	-0.0055435986347316	-0.0223006120458975	-0.010280514430167
0.0525412356716377	0.0534930623575225	-0.0322242459512348	-0.0310829211758579	0.0168467738259463	0.00176388372273847	0.0208121744580179	0.00532561184994719	0.00350094954308266	0.0293906175177535	-0.0390357389082895	-0.0316243474817988	-0.0116516780028257	-0.00552781411219407	-0.0222563514009239	-0.0102712119135215
0.0525407676819882	0.0535054689726793	-0.032234369894489	-0.0310305496416151	0.0168548665544232	0.00178467224206593	0.0208206918696394	0.00534595333438555	0.00347806275374445	0.0294008560136981	-0.0390670746570319	-0.0316274306255496	-0.0116565045826441	-0.0055374910205592	-0.0222873518734994	-0.0102905671272358
0.0525363601973784	0.0535194122702673	-0.0322479862978144	-0.0309630962678011	0.0168559352472049	0.00179613449601942	0.0208139374518618	0.00535312405340362	0.00344529090542089	0.0294262210527028	-0.0390950855837864	-0.0316227633019106	-0.0116771841372173	-0.00553903748187869	-0.0223064891577052	-0.0102947734461455
0.0524902247998386	0.0535021106230748	-0.0322839069481381	-0.0308881075621375	0.0168247084632168	0.00178169387211726	0.0207994521244707	0.00533801287716781	0.00344895519452753	0.0294517676996312	-0.0390915107016576	-0.0316045256754191	-0.0116551690659129	-0.00551948110246433	-0.0223138219268706	-0.0102804026714447
0.0524393675962827	0.0534903466205712	-0.0323316125557259	-0.0307459351005775	0.0167838424894324	0.00176154796544289	0.0207751934968166	0.00532059388331698	0.00341195607253385	0.0295217216748561	-0.0391072533146743	-0.0315661994185983	-0.0116770360569103	-0.0054998185522638	-0.0223068328157762	-0.0102698819847264
0.0524510715284731	0.0535174509046913	-0.0323312409579743	-0.0306486239871233	0.0168111479392526	0.00179998458400185	0.0207826953010494	0.00534713937382571	0.00336818297498619	0.0295243507987977	-0.0391606376623377	-0.0315819434285991	-0.0117025701309824	-0.00551808830938796	-0.0223633017041745	-0.0102956172244987
0.0524149776521298	0.0534920635139422	-0.0323570753836126	-0.0305935898013222	0.0167838830019692	0.00176815989084958	0.0207661368493601	0.00532394245403319	0.00337656907010902	0.0295451868155821	-0.0391409415845205	-0.0315530607838107	-0.0117015377597854	-0.00549930865309341	-0.0223477183473371	-0.0102776869344934
0.0524194619708612	0.0534924574634382	-0.0323565249719053	-0.0305733251510054	0.0167964810039378	0.00178116022421839	0.0207768126013056	0.00533633929030172	0.00337828177252791	0.0295258441747241	-0.0391512764723631	-0.0315712634857015	-0.0117014567347117	-0.00550226746526569	-0.0223662786771391	-0.0102844455432231
0.0524188333280484	0.0534851009455444	-0.0323396074953207	-0.0306000829830865	0.0168134431840114	0.0017858289448415	0.0207912043307667	0.00534532189760469	0.00338827020833137	0.0295017014967443	-0.0391510557488866	-0.0315845655676205	-0.0116914012436749	-0.00550159970690008	-0.0223803854218585	-0.010281006168545
0.0524360539501672	0.053478159331907	-0.0323122391812192	-0.0306774549435025	0.0168298591433298	0.00177325469160136	0.0208105483686088	0.00534329766774746	0.00341054232469706	0.0294709776270065	-0.0391283365976318	-0.0315965363237603	-0.0116869434676401	-0.00551433042235141	-0.0223515195408785	-0.0102853326280812
0.0524692434967153	0.0534891759479554	-0.0322831623556509	-0.0307516878808067	0.016859718279954	0.00179504484847723	0.0208262812027372	0.00536495371415659	0.00342348119076862	0.0294206387045251	-0.0391230867316528	-0.0316239200046861	-0.0116786537644152	-0.00553266164677282	-0.0223599489425062	-0.0102954160587986
0.0524855924008003	0.0534853859302862	-0.0322616054951078	-0.030841934446029	0.0168639301867998	0.00178314114757075	0.0208232064408906	0.00535459228361753	0.00344003126055375	0.0294129371315762	-0.0391001887664424	-0.0316188140280621	-0.0116730784011577	-0.00553294244056254	-0.0223350616720392	-0.0102851915326943
0.0525017080085526	0.0534713713865127	-0.0322263567941018	-0.0309709040115361	0.0168740331752936	0.00177102650207597	0.0208295319845715	0.00534462340559046	0.00349852577579329	0.0293677866077765	-0.0390659682456813	-0.031638349452716	-0.011625424481979	-0.00553224953648442	-0.0223237516893448	-0.010275602634323
0.0525248364761277	0.0534748526707116	-0.0322061340533059	-0.031057544960981	0.0168801966688271	0.00177370312347449	0.0208395623298958	0.00534895405607868	0.00351845794391131	0.0293450492957293	-0.0390486065281757	-0.0316512967006918	-0.0116198868372901	-0.00554119582220267	-0.0223038642247157	-0.0102770834373931
0.0525533922266534	0.0534958311798669	-0.032193917427977	-0.0310936975106534	0.0168900887127326	0.00179027833897213	0.0208446934522323	0.00535922607963992	0.00350740640326219	0.0293384904557157	-0.0390572440804236	-0.031656805008716	-0.0116416672152778	-0.00555582364196464	-0.0222912676197311	-0.0102889843443315
0.0525678887299167	0.0535060808516837	-0.0321929660818536	-0.0311043467199024	0.0168883802012658	0.00179073794671749	0.0208436778448436	0.00535809871352896	0.00349631015912415	0.0293456779385421	-0.0390563374377891	-0.0316523444387131	-0.0116555127239839	-0.00555650397318649	-0.0222810402996588	-0.0102978007105351
0.052562946200424	0.0535106154618401	-0.0322062011085392	-0.0310936430282763	0.0168760839478474	0.00179131629810527	0.0208325438821368	0.00535751477420506	0.00348743372260734	0.0293681162960072	-0.0390597376969144	-0.0316453734884111	-0.011652475680706	-0.00554477210131551	-0.0222895814600088	-0.0102947860190017
0.0525347508717776	0.0534976193194234	-0.0322411913675	-0.0310457306670524	0.0168471063081451	0.00177702375451013	0.0208147197629177	0.00534279754746527	0.00348299829831699	0.0294074008838714	-0.0390611779874477	-0.0316201481478093	-0.0116512337619047	-0.00552406181309364	-0.0222821257562489	-0.010278747245371
0.0525065373823389	0.0534891647720831	-0.0322629004993022	-0.0309704108761741	0.0168295098973226	0.00176823393100308	0.0208054382010327	0.00533845572110483	0.00346689945437306	0.0294452591510426	-0.0390769192034804	-0.0316064521163943	-0.0116560226231542	-0.00550900232526687	-0.02229690584727	-0.0102708850192589
0.0525097909581412	0.0535069693335258	-0.032281104598177	-0.0308796725725737	0.0168295671736678	0.00177736601559711	0.0207971359249515	0.00533884827361682	0.00343233387855695	0.0294485350785893	-0.0390960844273668	-0.0316031761888476	-0.011688263617547	-0.00552278077873955	-0.0222954180592797	-0.0102740463941153
0.0524814084336351	0.0535043136668877	-0.0323164832186977	-0.0307623887784646	0.0168141486609457	0.00178438865430816	0.020792692118757	0.0053504083164523	0.0033995480603931	0.0294919016537847	-0.0391225894053387	-0.0315895374337777	-0.0117020504529238	-0.00551481936676137	-0.0223236441215747	-0.0102872967876252
0.0524497150569815	0.0534962460841234	-0.0323425886592375	-0.0306693594210576	0.0168074892380821	0.00179022385659502	0.0207907489139734	0.00535686936758391	0.00337860587282251	0.0295215414639165	-0.0391525616976692	-0.0315791871791109	-0.0117076593437981	-0.00550163044054871	-0.0223596737366526	-0.0102787793760037
0.0524245162590761	0.0534852853474361	-0.0323609701750839	-0.0306010832236508	0.0167935557193822	0.00177597741347282	0.0207836773808214	0.00534483574716279	0.00336780159834642	0.0295353688118301	-0.0391542464604076	-0.0315625882148848	-0.0117181953973407	-0.0054935251392156	-0.0223481709701623	-0.0102722386967824
0.0524107364086195	0.0534735395057249	-0.0323599978742001	-0.0305845317568817	0.0168003841773133	0.00177846963297959	0.0207889188648962	0.00534515984745739	0.00338140263484748	0.0295238688393079	-0.0391573198252702	-0.0315711601088834	-0.01169842527937	-0.00549188228599814	-0.0223695504137338	-0.0102696123668089
0.0524341680217288	0.0534865105024291	-0.0323367003715575	-0.0305949183331333	0.0168295154852588	0.00180172243213325	0.0207996323354104	0.00536246708258594	0.00337410059933074	0.0294921810505904	-0.0391680193259441	-0.0315924766881736	-0.0117058614253535	-0.00550870616465284	-0.0223879165627559	-0.0102856986378966
0.0524368711858238	0.0534817258321316	-0.0323257941172474	-0.0306277320909777	0.0168293352743191	0.00178953933442108	0.0207989603860927	0.00535144627558545	0.00338739849029761	0.0294793050488001	-0.0391468089174401	-0.0315903993729233	-0.0117029347438138	-0.0055119932680718	-0.0223682484246192	-0.0102806708923782
0.0524386411645879	0.053464563883342	-0.0323132058941669	-0.0307103399475324	0.0168304570524939	0.00177532781589959	0.0207995680741451	0.00534132512629928	0.00342823931836955	0.0294604220156875	-0.0391187532871966	-0.0315961172285518	-0.0116700064332791	-0.00550758578346202	-0.0223510110386921	-0.0102715248379439
0.0524814126245871	0.0534848494884192	-0.0322824820244291	-0.0307671902125705	0.0168604433146648	0.00179688747041076	0.0208179314291991	0.0053574086034189	0.00342811778075907	0.0294177651083785	-0.0391223393451976	-0.0316237761153312	-0.0116760288314258	-0.00552809211201574	-0.022355915849616	-0.0102889913292517
0.0524865549227959	0.0534665895101833	-0.0322551891474651	-0.0308837308111764	0.0168650491710066	0.0017744253642172	0.0208198103727174	0.00534209905545104	0.00346415018980505	0.0294067247436016	-0.0390878045030301	-0.0316191926107338	-0.0116500100038958	-0.00552491676731905	-0.0223298746703416	-0.0102746848158163
0.0525240318133273	0.0534755232230453	-0.0322099114981188	-0.0310470843445759	0.0168869468956526	0.00177533480081973	0.020827939422779	0.00534202501529753	0.00349959307159103	0.0293582815284469	-0.03906217403706	-0.0316409701947534	-0.0116251171454927	-0.00552829886565195	-0.0223117096870196	-0.010264409998287
0.0525205784688089	0.053467510122658	-0.03220996737748	-0.0310909049395806	0.0168734799696183	0.00176204668874105	0.0208233684910379	0.00532728403982926	0.00352638163732071	0.0293574656897742	-0.0390344466980632	-0.0316369133531348	-0.0116090127136126	-0.00553231100378168	-0.0222736111385955	-0.0102709478835401
0.052573651289034	0.0535133409776796	-0.0321899974907932	-0.0311026074747869	0.0169030387546764	0.00179685813374616	0.0208389574358115	0.00535780394989895	0.0034892875204131	0.0293417174888214	-0.0390654164369901	-0.0316510969319757	-0.01165473460388	-0.00556491242005377	-0.0222821397260892	-0.0103037504655123
0.0525410945762509	0.0534863051457769	-0.032208986694692	-0.031112477166948	0.0168744159489174	0.00177655017692449	0.0208313676215848	0.0053510858537061	0.00351026323560038	0.0293758583814929	-0.039051325059095	-0.031640850054127	-0.0116277462694342	-0.00553401253032833	-0.0222889695810043	-0.010282573584625
0.0525276360321207	0.053485475337264	-0.0322359233407287	-0.031058232277123	0.0168563752971739	0.00177133942649834	0.02082877202526	0.00535153009462715	0.00348545000528693	0.0294001742854922	-0.0390559993676543	-0.0316204010019184	-0.0116547723224488	-0.00553314360626264	-0.0222689675636849	-0.0102793130239025
0.0525423728166369	0.053517042985355	-0.0322468687105916	-0.0309674548579699	0.0168619478664634	0.0017964474204418	0.0208295166177471	0.0053704913588454	0.00343610433844976	0.0294112230321733	-0.0390970301855541	-0.0316214445489877	-0.0116964513409378	-0.00554884989769458	-0.0222876689888738	-0.0102993779055033
0.05248882083089	0.0534816406161059	-0.0322859814694204	-0.0309147019470873	0.0168173142267542	0.00176345903959382	0.0208035690364026	0.00534190627165511	0.00345470378380463	0.0294585444691532	-0.0390808447286004	-0.031590775161627	-0.0116725992356359	-0.00551417954807634	-0.0222819888518141	-0.0102688873320982
0.0525014174358746	0.0535193382301138	-0.0322977482658921	-0.0307916430210046	0.0168400138202326	0.00181041027580622	0.0208155397925424	0.00538058736241905	0.00339774176004431	0.0294638991089343	-0.0391425006186963	-0.0316108121035471	-0.011711188125454	-0.00553452941441887	-0.0223397331866304	-0.0103007930503241
0.0524262443283193	0.0534804643555539	-0.032359845602941	-0.0306811625391141	0.0167821186111413	0.00176422738080947	0.0207845560837753	0.0053394559616692	0.00339653057489164	0.0295362251630396	-0.0391252269111844	-0.0315561439275615	-0.0117094265285941	-0.00549481455547387	-0.0223187490895389	-0.0102644533047918
0.0524129576132247	0.0534780405882645	-0.0323601459545071	-0.0306006166309853	0.0167896860736234	0.00178162961085196	0.0207924588224243	0.0053575510957898	0.00338136631326274	0.0295332426021388	-0.0391592560451336	-0.0315678883722888	-0.0117101962667938	-0.00549480198261761	-0.0223625012323262	-0.0102715262349279
0.0524718251231998	0.0535245699353003	-0.0323444173113307	-0.0305782942231946	0.0168386294090604	0.00183081881547794	0.0208151388581263	0.00539585500086606	0.00333518062429793	0.0294936283260439	-0.0391891473123905	-0.0315926610900654	-0.0117633333482842	-0.00553915482853708	-0.0223777297552204	-0.0103209082233498
0.0524105045092707	0.0534592483591137	-0.0323595815729596	-0.0306125468745884	0.0168043767576667	0.00177989176272056	0.0208036626343325	0.00535623793080305	0.00339782278511796	0.0295135339514654	-0.0391530813757278	-0.0315780081245909	-0.0116895823704699	-0.00548605686259947	-0.0223869261010797	-0.0102594954084749
0.0524249255753965	0.0534626723669675	-0.0323412489515542	-0.0306296417681446	0.0168179708092476	0.00178125941008441	0.0208107299765325	0.00535592919733276	0.00339373660683472	0.0294888841682832	-0.0391468186963283	-0.0315804849772733	-0.0116959260749431	-0.00550482813698985	-0.0223645254621834	-0.0102726340432625
0.0524460242251783	0.0534653084758292	-0.0323110754935235	-0.0307022863346084	0.0168420869445308	0.00178934934459321	0.0208181046552187	0.00536156043995147	0.00341555051243907	0.0294570315354504	-0.039140226328698	-0.0316048721274581	-0.0116706252972037	-0.00551517839165668	-0.0223709641615706	-0.0102797879984722
0.0524690730646638	0.0534756391727196	-0.0322912006017507	-0.0307613354525072	0.0168550774990115	0.00179782484669385	0.0208259990119635	0.00537160056416399	0.00342009210751559	0.0294188365951284	-0.0391247323788384	-0.0316140545034772	-0.0116649214114155	-0.00553316735499112	-0.0223541067552992	-0.010290624403581
0.0524843630548552	0.0534708572963902	-0.0322631924689642	-0.0308662754957408	0.016863840779822	0.00178783501390636	0.0208238546414798	0.00536006846100908	0.00344631210074569	0.0294067680501065	-0.0391040779699776	-0.0316149024727824	-0.0116496984764574	-0.00553008141727226	-0.0223353075412282	-0.0102803635558919
0.052501435596667	0.053469668462982	-0.0322314124793008	-0.0309816146880823	0.0168739842808526	0.00178130411357333	0.0208293042761748	0.00535400694730961	0.00349029614288165	0.0293641390824782	-0.0390668665064116	-0.0316307540505533	-0.0116366492486476	-0.00553634409667183	-0.0223039298829651	-0.0102765679502866
0.0525447644532936	0.0534870245925515	-0.0321940515384437	-0.0310735809406437	0.0169035444628947	0.00180172243213325	0.0208444475830433	0.00537033489663421	0.00350307016483786	0.0293306896969008	-0.0390639719555047	-0.0316608730262069	-0.0116400802414215	-0.00555184503145158	-0.0223115630036966	-0.0102896325449207
0.0525389488087832	0.0534767833026389	-0.0322079138109581	-0.0310977250156075	0.016877344027441	0.00177190101407778	0.0208274560663052	0.00534869421704939	0.00351008442164474	0.0293541101341379	-0.0390337342362087	-0.0316321328737894	-0.0116494498133003	-0.00554411551882214	-0.0222610969556686	-0.0102791537677233
0.052567609333111	0.0534990288763081	-0.0321977381792948	-0.0311006028027061	0.016895409824897	0.00178983270106705	0.0208366929247013	0.00536492717146005	0.00349562843091827	0.0293428057393796	-0.0390573767939063	-0.0316491593151282	-0.0116543616091444	-0.00556020318689385	-0.0222787268941077	-0.010293766220661
0.0525690943271332	0.053508404036123	-0.0322061550080663	-0.0310954521225932	0.0168937208712066	0.00179614567189165	0.020835987447767	0.00536770856666071	0.00348461879979	0.0293594899196315	-0.0390687217012014	-0.0316504012339295	-0.0116596715454366	-0.00555123035847907	-0.0222905858915253	-0.0102929517789724
0.0525252653502244	0.0534835293385123	-0.0322484193628632	-0.0310356584122072	0.0168492660454531	0.00177004162833591	0.0208199193374716	0.00535070168309828	0.00348173821872332	0.0294055373071775	-0.0390551737500934	-0.031613652172077	-0.0116592217165794	-0.00553439670093617	-0.0222602964838203	-0.0102791803104198
0.0525263633796708	0.0535002288855885	-0.0322586760196002	-0.0309606655155916	0.0168530686359785	0.00178477422190001	0.0208167034802381	0.00535839347715896	0.00345556711993422	0.0294279589008342	-0.0390912243199318	-0.0316147222618428	-0.0116790449199432	-0.00553609263954671	-0.0222912955594117	-0.0102913368654355
0.0525414005157531	0.0535213680479071	-0.0322680693402075	-0.0308989132335977	0.0168641718650367	0.00181255185232184	0.0208203188749038	0.00538174546217864	0.00343347800847626	0.0294194596500051	-0.0391226564605721	-0.0316261495911955	-0.0116970883656548	-0.00554497187003158	-0.0223314225286451	-0.0103052228866783
0.0524579516748132	0.0534752913236965	-0.0323363636984067	-0.0307792517726721	0.016800414910962	0.00176365880830989	0.0207879661217888	0.00533978145894783	0.00342884141848581	0.0295119190379285	-0.0391090987305759	-0.0315729398665357	-0.0116883809642054	-0.00549321500876129	-0.0223224469062623	-0.0102641278075132
0.0524383394160377	0.0534747003994525	-0.0323561324193933	-0.0306625407420147	0.0167946383820043	0.00176972870391353	0.020787241087078	0.00534533726442901	0.00339081132227913	0.0295333222302285	-0.0391416973528799	-0.0315595609504951	-0.011708931996248	-0.00549463294755017	-0.0223365606359018	-0.0102740617609396
0.0524533597883117	0.05349470521074	-0.0323447106779767	-0.0306192007095159	0.0168258861207528	0.00180108820138433	0.0208014344448071	0.00536999123856321	0.00336696201094532	0.0295108587270509	-0.0391755825974742	-0.0315812421426168	-0.0117211584004651	-0.00551284961928124	-0.0223780678253553	-0.0102914737698703
0.0524182912982454	0.0534669904445994	-0.0323672398394036	-0.0306013626204565	0.0168025075930366	0.00177406633932189	0.0207852084753166	0.00534773029806975	0.0033884434343509	0.0295203819671729	-0.0391447134413974	-0.0315649686756693	-0.0117064495556294	-0.00549434097788822	-0.0223542841722708	-0.0102702605673981
0.0524228552450663	0.0534739236763327	-0.0323430957644398	-0.0306186139762239	0.0168251317493775	0.0017962658125181	0.0207994954309756	0.00536769459682043	0.0033912415933599	0.029488333756576	-0.0391588132011966	-0.0315854833861272	-0.0116976834808509	-0.00550361276088509	-0.0223812585368763	-0.0102763807544268
0.0524251155652244	0.0534681373684868	-0.0323284302261091	-0.030645075647691	0.0168295825404921	0.00178455629239157	0.0207992747074991	0.00535833200986171	0.00340002862289889	0.0294694046229904	-0.039138559726752	-0.0315834912869026	-0.0116982618322387	-0.00551246125772133	-0.0223565347135406	-0.0102716170388898
0.0524170396005559	0.053447969110068	-0.0323186247952133	-0.0307030183542393	0.0168218418519904	0.00176595265608461	0.020795490277766	0.00534133769915553	0.0034364549814409	0.0294506445244723	-0.0391129963160153	-0.0315892873736367	-0.011667401058066	-0.00550346048962599	-0.0223356651691395	-0.0102462771455976
0.0524582687901877	0.0534720768634471	-0.0322870068556973	-0.0307648754100353	0.016849704698438	0.00178458423207214	0.0208054717286493	0.00536019279258761	0.00343648990604161	0.0294161460038896	-0.0391126261152477	-0.0316075138242559	-0.011673535214935	-0.00552660432402543	-0.0223341773811492	-0.0102765958899672
0.0525034737963645	0.0534835307354964	-0.0322330176139495	-0.0309209478626785	0.0168919145708578	0.00179869796171164	0.0208234076065907	0.00536891975181338	0.00346884265915664	0.0293738439305239	-0.039103899156022	-0.0316390647085386	-0.011647418598523	-0.00553685399584222	-0.0223520713495697	-0.0102793577273914
0.052518223153737	0.0534722403105784	-0.0322187152914662	-0.0310194324427167	0.0168826358029408	0.00178038908903469	0.0208189121119871	0.00535454478616056	0.00349832181612513	0.0293491201071882	-0.0390522023650649	-0.0316304173774025	-0.0116416546424216	-0.00554503752828092	-0.0222882599131179	-0.0102786676172814
0.0525353753236384	0.0534756908611287	-0.0322027254122764	-0.0310853840587001	0.0168890367837592	0.0017826773488733	0.0208327785754536	0.00536087871174559	0.00351466932322613	0.0293339516546073	-0.0390471871924028	-0.0316442670770606	-0.0116325267487796	-0.0055522040563469	-0.0222807860485656	-0.0102799779883001
0.0525365404083181	0.0534752689719521	-0.0322022755834193	-0.0311151984918354	0.0168828034410242	0.00177568404682684	0.020836089427601	0.00535940629057959	0.00351310749508232	0.0293557921029081	-0.0390438092850219	-0.0316393245475679	-0.0116346473705348	-0.00554721682336531	-0.0222729824957827	-0.010279237586765
0.0525762287245665	0.0535126774102661	-0.0321936785437082	-0.0311068473213133	0.016899581219206	0.00180243070303568	0.0208413560573883	0.00537611701352799	0.00348527119133129	0.0293419926946751	-0.0390619225799349	-0.031651604037178	-0.0116696362325115	-0.00557185682765923	-0.0222741978718874	-0.0103059115998044
0.0525350023289028	0.0534843926746419	-0.0322316639364259	-0.0310835665824791	0.0168589359688981	0.00176706046441918	0.0208174969671663	0.00534503830984691	0.00350218168299576	0.0293883404337872	-0.0390435368731364	-0.0316183767720612	-0.011649283572201	-0.00553558972529647	-0.0222603942727023	-0.0102760370963558
0.052529759447844	0.0534953995118021	-0.0322424500501096	-0.0310113830207447	0.0168618738263099	0.00178635979877231	0.0208237205310131	0.00536567874886736	0.00347172603419137	0.0293955698261344	-0.0390773005801202	-0.0316234631909088	-0.0116655905667651	-0.0055363175539753	-0.0222904475901064	-0.0102831351722044
0.0525201216550316	0.05349765284704	-0.0322696116105749	-0.0309348324869373	0.0168405907746364	0.00178011947111719	0.0208088077265093	0.00535758322642245	0.0034404070492574	0.0294352399815905	-0.0390847479019759	-0.0315961982536254	-0.0116972671796104	-0.0055345112536265	-0.0222772866035744	-0.0102860674416801
0.05247153734449	0.0534741918972661	-0.0323066177174887	-0.0308394715631868	0.0168066692084574	0.00176474985283611	0.0207959862070961	0.0053421018494191	0.0034472550649649	0.0294609305178738	-0.0390929426102868	-0.0315875397466171	-0.0116766504893184	-0.00550370216786291	-0.0222988476550696	-0.0102576499925733
0.0524964888762222	0.0535134038419609	-0.03231865832283	-0.0307181840128522	0.0168335429902128	0.00180863331212202	0.0208035257298977	0.00537805043942337	0.00337157904315937	0.0294848091658722	-0.0391530171144625	-0.0315908408198763	-0.0117363673655829	-0.00553114312513389	-0.0223369056909568	-0.0103049169471761
0.0524307747475236	0.053475607042087	-0.0323554492942034	-0.030646256099195	0.0167955003211499	0.00177544097160589	0.0207818221860316	0.00535232358155532	0.00338550417995503	0.0295287526954714	-0.0391431376434133	-0.0315637058021076	-0.0117089194233918	-0.00549140172349235	-0.02234805921144	-0.0102687965281363
0.0523947800570464	0.0534575160989185	-0.0323645995395898	-0.0305984093962204	0.0167854336542408	0.00176380968258496	0.0207818808593608	0.0053434862605913	0.00338858033878569	0.0295311583019684	-0.0391390109525932	-0.0315530076984176	-0.0116982436714463	-0.00548939844839554	-0.0223460335845987	-0.0102579419622352
0.0524157865058823	0.0534729793151294	-0.0323491586751233	-0.0305865001073778	0.0168146655450363	0.00178883944542282	0.0207924713952805	0.00536860543040698	0.00337603681919418	0.0295004428141347	-0.0391602269490334	-0.0315752965785917	-0.0117020476589558	-0.00550766401456761	-0.0223728151654083	-0.0102761181214295
0.0524216706026102	0.0534671063942738	-0.0323344232875911	-0.030609829740653	0.016826383447067	0.00179172840839367	0.0207988472303864	0.00537111441372209	0.00338985578520367	0.029478364878549	-0.0391527782301936	-0.0315850587029825	-0.0116991586959849	-0.00551389456333453	-0.0223740389234172	-0.0102758890160488
0.0524410789017175	0.0534674263036163	-0.0323149702849949	-0.0306544591894101	0.0168335876937017	0.00178451577985475	0.0208030786950086	0.0053615325002709	0.00339938461326177	0.0294582105899704	-0.0391346216287758	-0.0315888738663642	-0.0117032644320446	-0.00552338706980789	-0.0223522389876531	-0.0102769996183514
0.052456711152996	0.0534643948482746	-0.0322910231847791	-0.0307297985380648	0.0168491081862579	0.00178731812981583	0.0208161404956747	0.00536359724266496	0.00342693034433488	0.0294194163435002	-0.0391158377815292	-0.0316089597027254	-0.0116821336516301	-0.00553171588858555	-0.022346441503935	-0.0102777064922698
0.0524665612873806	0.0534593363691075	-0.0322728134979681	-0.0307972854394955	0.0168571254775972	0.0017789515924694	0.0208187710166003	0.00535947753676504	0.00344393303694523	0.0294077417479744	-0.0390976280947182	-0.0316097489987015	-0.0116799501655936	-0.00553145465257224	-0.0223286341485243	-0.0102743830672661
0.0525271638515191	0.0534887135462419	-0.0322209057624228	-0.0309189837031345	0.0169071780183527	0.00180600418818047	0.0208450636529998	0.00538004812658407	0.0034564793505048	0.0293400452989394	-0.0390928154847402	-0.0316490140287893	-0.0116785797242617	-0.00556709870005831	-0.0223269954862589	-0.0102963031436566
0.0525162911248256	0.0534629545577412	-0.0322077056603379	-0.0310279582362423	0.0168921031637017	0.00178290505726994	0.0208368954873854	0.00535893830093006	0.00351295242985516	0.0293283455577011	-0.0390512510189415	-0.0316527565490015	-0.0116325896130609	-0.00554692485370337	-0.022307313378282	-0.0102648863698407
0.0525478671548208	0.0534850534480874	-0.0321915523340168	-0.0310875549718803	0.0169059766120883	0.0017974490579902	0.020844041060691	0.00537205179000518	0.00350684341869872	0.0293170732935754	-0.0390500510096611	-0.0316602737200586	-0.0116460076446542	-0.0055645897167432	-0.0222863544269031	-0.0102899720120397
0.0525256062143274	0.0534618313825824	-0.032203687934272	-0.0311151132758097	0.0168771219069805	0.00176407930050245	0.020828284477834	0.00534534285236512	0.00352787780721519	0.0293507364177092	-0.0390252838798206	-0.0316362889012741	-0.0116323046283191	-0.00553825796479082	-0.0222657223697868	-0.0102642214054431
0.052569231231568	0.0535008072369763	-0.0321878237836449	-0.0311086145061093	0.0169103980665383	0.00181016300963318	0.0208456014918508	0.00538127886951314	0.00349257881478415	0.029338012687178	-0.0390695235700337	-0.0316617084226559	-0.0116628203474367	-0.00556475036990647	-0.0222987191325389	-0.010294111275716
0.0525375853523714	0.0534788620148733	-0.0322259516687336	-0.0310737862972958	0.0168717560913272	0.00178345686596118	0.0208274337145607	0.00536366988583444	0.00349443820052602	0.0293820945181959	-0.0390514591695618	-0.031631864652856	-0.0116638443367296	-0.00554107568157622	-0.0222780172262212	-0.010273297610676
0.0525190012738408	0.0534809980034528	-0.032253610555513	-0.030980321080872	0.0168490816435613	0.00177772504049242	0.0208197349355799	0.00535469705741966	0.00346282305497802	0.029414941803657	-0.0390656399544346	-0.0316097015012445	-0.0116916820374646	-0.00553348586734961	-0.0222731543248182	-0.0102714074912855
0.0525458457189316	0.0535108822857895	-0.0322516659537454	-0.0309228323941329	0.0168705840217273	0.00181406897697675	0.0208248311333157	0.00538514013336779	0.00342386396439242	0.0294105832134882	-0.0391094717253115	-0.0316276723037866	-0.0117134302848196	-0.00555320010595919	-0.0223137003892601	-0.0102938262909742
0.0524699028731767	0.0534747926003984	-0.0323190927848628	-0.0307979224642125	0.0168053476615665	0.0017714749339491	0.0207901943113141	0.00534880457878763	0.00342302298000729	0.0294737576252231	-0.0390909337472539	-0.031579093581181	-0.0116997202835644	-0.00551463496486961	-0.022293128402457	-0.0102627713360216
0.0524631247066706	0.0534928695737266	-0.0323286872711703	-0.0306944171235761	0.0168214576813826	0.00180553340456288	0.0207991294211602	0.00537734216852095	0.00337795627524928	0.0294904711421396	-0.0391491656294961	-0.0315920631809012	-0.0117049114762141	-0.00552096609648658	-0.0223530366655334	-0.010284636930035
0.0524300692705893	0.0534795507279993	-0.0323488904541898	-0.0306261521020415	0.0168092564228781	0.0017961037623708	0.0207931419476142	0.00536958890716301	0.00337082886273609	0.0295112834101955	-0.0391530520390632	-0.0315759894826698	-0.0117082167404254	-0.00551128499716937	-0.0223620639763253	-0.0102741735196618
0.0523999209582711	0.053463484014688	-0.0323578046092754	-0.030574582436631	0.0167959389741348	0.00178133345023792	0.020790530984465	0.00536022771718832	0.00337680096945774	0.0295091641854244	-0.0391455823654631	-0.0315688774369809	-0.0117142251687318	-0.00550383767531367	-0.0223522473695573	-0.0102602441919141
0.0524076113553478	0.053466771118107	-0.0323502483226655	-0.0305788278710935	0.0168110725021151	0.00178294417282273	0.020793527515206	0.00535768101530445	0.00337776349145335	0.02950109660266	-0.0391470338318686	-0.0315669984934626	-0.0117277242253988	-0.00550951362142129	-0.0223469933126263	-0.0102711280944798
0.0524276650610763	0.0534709327335278	-0.0323201586836766	-0.0306250247359305	0.0168430173358938	0.00180471896287429	0.0208132906482566	0.00538008165420075	0.00338829535404388	0.0294815430172137	-0.039158831361989	-0.0316042323087731	-0.0117130349383396	-0.00552432863704307	-0.0223844953488702	-0.0102794387524651
0.0524244953043157	0.0534523626248375	-0.0323152818124332	-0.0306933498277783	0.016834729029653	0.00177910805468059	0.0208060305222607	0.00535532011229636	0.00342290004541278	0.0294781050395197	-0.0391191081211398	-0.0315947956816609	-0.0116965351599795	-0.00551797655066568	-0.0223518129075245	-0.0102641906717945
0.0524731187304102	0.053488714943226	-0.0322784377556667	-0.0307610448798293	0.0168734729846982	0.00181461100677979	0.0208259319567301	0.00538199412533571	0.00342959159890909	0.0294016704553867	-0.0391277498643398	-0.0316300583525072	-0.011695185673408	-0.00554398559930749	-0.0223658861246271	-0.0102867575517902
0.0524817157701213	0.053471830994258	-0.0322581954570944	-0.030869034539197	0.016876459736551	0.00179330141240971	0.020822391999202	0.00536812766186925	0.00346322259241016	0.0293912685123108	-0.0390981645365852	-0.0316255293302869	-0.0116693107352329	-0.00553138759733886	-0.022348303683645	-0.0102683927997521
0.0524937479935584	0.0534548283016477	-0.0322253090560805	-0.0309883411661793	0.0168848262738974	0.00178302659488041	0.0208361229552177	0.00536623474851069	0.00350972120579734	0.0293419451972181	-0.0390609195454025	-0.0316404533106629	-0.0116322892614948	-0.00553578390607642	-0.0223249614775135	-0.0102623955473179
0.0525433926149777	0.0534812271088334	-0.0321965856674714	-0.0310568702176953	0.0169061288833474	0.00179959063450582	0.0208492224744526	0.00537978130263463	0.00349740679158649	0.0293052450298065	-0.0390546149564821	-0.031656165190031	-0.0116556007339776	-0.00556665026818517	-0.0222936899900365	-0.0102818178162656
0.0525361296950137	0.0534694267847451	-0.0322032227385906	-0.0310928104257954	0.0168821468585309	0.0017795648684579	0.0208346728857962	0.00536009081275354	0.00351406023818972	0.0293290510346354	-0.0390327759051652	-0.0316430656707961	-0.0116455857554776	-0.00554890158610363	-0.0222722756218643	-0.0102665054743296
0.0525621569044479	0.0534902683894656	-0.0321893325263956	-0.0311061893418359	0.0168940477654693	0.00179881949932212	0.0208370519495966	0.00537353399005937	0.00349846849944812	0.0293301560490019	-0.0390534861933871	-0.0316530024181905	-0.0116566624418393	-0.0055609617492213	-0.0222827264593812	-0.0102821419165602
0.0525677839561145	0.0535031597580802	-0.0322046043557947	-0.031070700359577	0.0168842297617173	0.00179926094627511	0.0208274127598003	0.00537006388173269	0.0034782122310355	0.0293481212636079	-0.0390548552377349	-0.0316462801310456	-0.0116769410619963	-0.00556266606973602	-0.0222727855210347	-0.0102894118214443
0.0525138254480154	0.0534727152851481	-0.032252729058591	-0.0310351177793882	0.0168371332391659	0.00176211095000636	0.0208040984933494	0.00533919472565588	0.00349720981683848	0.0294019875707612	-0.0390357458932097	-0.0316064060159214	-0.0116505674005231	-0.00552618941976898	-0.0222586829672674	-0.0102628369942709
0.0525325450339967	0.0535067458160813	-0.0322528519931855	-0.0309504158437748	0.016857708019937	0.00179334751288265	0.0208154867071494	0.00536495511114062	0.00344174396297264	0.0294105818165042	-0.039085735569684	-0.0316147543924754	-0.0116925104489935	-0.00554763591857385	-0.0222919535388891	-0.0102872562750883
0.0525226068896183	0.0535060836456518	-0.0322658076230654	-0.0309019935833804	0.0168605997768759	0.00180810804612732	0.0208197866239889	0.00537611701352799	0.00343994185357593	0.0294160663757999	-0.0391067154758233	-0.0316258101240766	-0.0116837848867518	-0.00554174902787793	-0.0223333852912051	-0.0102900642129855
0.0524772021147254	0.053488618551328	-0.0323213153864521	-0.0307668633183078	0.0168143232839493	0.00178630671337923	0.0207990581749747	0.00535860721571532	0.00340405892182099	0.0294833590964507	-0.0391121329798857	-0.0315824561217375	-0.0117119117631807	-0.00551960683102689	-0.0223179262659462	-0.0102793214058067
0.052449744393646	0.0534866418189277	-0.0323500024534765	-0.0306458384009705	0.0167975720484641	0.00178417351876778	0.0207877607651366	0.0053589550647384	0.00337219790708397	0.029512339530121	-0.0391357685526632	-0.0315641821736613	-0.0117343179900131	-0.00551490039183502	-0.0223237027949039	-0.0102806722893622
0.0524215686227761	0.0534688596092295	-0.0323606097532046	-0.0305958724732247	0.0167898034202818	0.00177604726267424	0.0207832554916448	0.00535214756156773	0.00338521640124517	0.0295195689224683	-0.0391445206576014	-0.0315638147668618	-0.0117122246876031	-0.00549931144706147	-0.022355767769309	-0.0102643457370217
0.0524675950555617	0.0535095439750903	-0.0323372256375522	-0.0305797750262648	0.0168396520013692	0.00182960623334124	0.0208073995666086	0.00539386010767342	0.00335316819064834	0.0294747131622986	-0.0391768594408762	-0.0316018755967171	-0.0117496820203581	-0.00553629939318292	-0.0223916157764632	-0.0103022054011769
0.0524283258345218	0.0534778743471652	-0.0323449341954212	-0.030604381502942	0.0168170795334374	0.00179599200364852	0.0207921361191137	0.00536447035768275	0.00338940316237845	0.0294842825028935	-0.0391399762685569	-0.0315824938403063	-0.011718945577764	-0.00550956391284631	-0.0223785372119888	-0.0102707313510157
0.0524251630626813	0.0534685648455995	-0.0323268628100291	-0.0306404236908762	0.0168259196483695	0.00178701777824971	0.0207957012223543	0.0053546691177391	0.00341174373096153	0.029464422977945	-0.0391300856216354	-0.0315874447517031	-0.011699555439449	-0.00550747402473974	-0.0223718875680134	-0.010269468477454
0.052431724696663	0.0534561498485386	-0.0323068677776298	-0.0307050970664736	0.0168304696253502	0.00177806730157939	0.0207968984376667	0.00535284884755002	0.00344139471696552	0.029438015788855	-0.0391058437577896	-0.0315931989289163	-0.0116786216337826	-0.00551304938799731	-0.022351445500725	-0.0102714452098543
0.0525035408515979	0.0535022838490944	-0.032270792062079	-0.0307656926456919	0.0168774753439397	0.00181973095324408	0.0208192278303776	0.00538823165902277	0.00341721012946488	0.0293866738318412	-0.0391232334149758	-0.0316299451968009	-0.0117112328289429	-0.00555205318207182	-0.0223575475269613	-0.0103038775910589
0.052462016898336	0.053443012610735	-0.0322566601716471	-0.0308965565215417	0.01685186583273	0.00176025854918463	0.0208088622088864	0.00534259498478114	0.00349289872412666	0.0293970953326935	-0.0390614476053652	-0.0316063808702088	-0.0116440378971741	-0.00551731298325216	-0.0223194992699622	-0.0102567098223221
0.0525524520564022	0.0535029376376197	-0.0321964445720845	-0.0309867458104188	0.0169177587753843	0.00181873071267971	0.020842814508714	0.00538696319752493	0.00346860237790374	0.0293119351863188	-0.0390781220067289	-0.0316583710278119	-0.0116811641447144	-0.00558088134448306	-0.0223142019065263	-0.0103062636397795
0.052533149928081	0.0534715208638037	-0.032204816697367	-0.0310758971401628	0.0168876607544912	0.00178264242427259	0.020825188761227	0.00535690988012074	0.00352245750918478	0.0293273676688811	-0.0390339004773081	-0.0316454866441174	-0.011635981490282	-0.00554966853033526	-0.0222893593395483	-0.0102717874709412
0.0525284085642884	0.0534676959215338	-0.0322045065669127	-0.0311016044402545	0.0168749174661836	0.00176699340918582	0.020820380342201	0.00534336192901277	0.00352292410185028	0.0293482637559788	-0.0390239120415046	-0.0316323242606013	-0.0116352019731941	-0.00554102119919911	-0.0222651775460157	-0.0102691974625525
0.0525552823460439	0.0534892499881089	-0.0322005209714795	-0.0310969259407432	0.0168856979919312	0.00178063495822369	0.0208301103359592	0.00535559531814996	0.00350487087725054	0.0293451414966752	-0.039039148946303	-0.0316387545780843	-0.011654685709439	-0.00555976732787697	-0.0222713172908208	-0.0102854625475958
0.0525641825312892	0.0535022852460784	-0.0322124079085777	-0.0310667915982654	0.0168857468863722	0.00179375962317104	0.0208418268410059	0.00537184922732106	0.00347899174812338	0.0293593837488453	-0.039058635476516	-0.0316377892621206	-0.011678396719354	-0.0055682567998179	-0.0222808572947511	-0.0102948907928039
0.0525267224045661	0.0534856569451877	-0.0322466046806103	-0.030997455089981	0.0168498290300165	0.00177333152572292	0.0208206164325018	0.00535448331886331	0.00347201940083735	0.0293969360765143	-0.039054856634719	-0.0316114128066793	-0.0116780823979476	-0.0055420368065878	-0.0222714234616069	-0.0102777232560782
0.0525301072968671	0.0535024305324174	-0.0322565414280047	-0.0309309935748271	0.0168567454979414	0.00178804875246271	0.020816401731688	0.00536271853971106	0.00344306131891147	0.0294180682539127	-0.0390875474579689	-0.0316078714521672	-0.0116991279623363	-0.0055468773562464	-0.0222945924417189	-0.0102940302506423
0.0525055553025669	0.0535006102622283	-0.0322812275327715	-0.0308369472130474	0.0168374908670772	0.00179257637769894	0.020809529967252	0.00536653090912472	0.00343227799919581	0.0294316706873978	-0.0391005659521301	-0.0316058919257989	-0.0117039657180268	-0.00553966752167553	-0.0223152775842282	-0.0102926989248632
0.052475513161035	0.053501726452467	-0.0323242113343431	-0.0307100801085031	0.0168153165395935	0.00179038450975829	0.0207902390148031	0.00535747705563629	0.00338940595634651	0.0294888897562194	-0.0391325303436852	-0.0315810828864375	-0.0117319291473245	-0.00550944936015598	-0.02233342859771	-0.0102862406676997
0.052448663128008	0.053487147527146	-0.0323468145359235	-0.0306297088233779	0.0168075101928425	0.0017887695962214	0.0207879535489325	0.00535852199968958	0.00337712926070443	0.0295168238488524	-0.0391477351178509	-0.0315691973463234	-0.0117302583544264	-0.00550205652067739	-0.0223567917586019	-0.0102899566452153
0.0524315849982601	0.0534784513015689	-0.032347620595708	-0.0306086772288295	0.0168151530924622	0.00178876819923737	0.0207878627449706	0.00535536900673735	0.00337969831433276	0.0295127097308886	-0.039149703468347	-0.0315679693973624	-0.011723218951907	-0.00549468184199117	-0.0223754345104616	-0.0102822913938512
0.0524161259730012	0.0534659203548336	-0.0323513002516389	-0.030591323893228	0.0168136639074879	0.00178356862468345	0.0207888769553753	0.00535665143807548	0.00338542874281749	0.0295042691533886	-0.0391430566183396	-0.0315679610154582	-0.011714135761754	-0.00550316712298001	-0.0223688100121987	-0.0102747504740656
0.0524439734526245	0.0534828154796738	-0.032329800667441	-0.0306106832978944	0.0168388738812654	0.00180379415944745	0.0208036039610033	0.00537070789136981	0.00338209553892559	0.0294712528328601	-0.039151418964734	-0.031588862690492	-0.0117259849802834	-0.00552292885904656	-0.0223780217248823	-0.0102894160123963
0.0524277432921819	0.0534584045807606	-0.0323179346851033	-0.0306572000720739	0.0168282093051921	0.00177609755409927	0.0208021483036456	0.0053542765652271	0.00341803435004167	0.0294642986463664	-0.0391196152263421	-0.0315860938681476	-0.0117056700385416	-0.0055144379901216	-0.0223550469255503	-0.0102732137916343
0.0524611647380787	0.0534728717473592	-0.0322945938759558	-0.0307260378570602	0.0168565345533531	0.00179463273818883	0.0208207505429686	0.00537160475511608	0.00342791940902703	0.0294175667366465	-0.0391165698011601	-0.0316096917223563	-0.0117086148808735	-0.00554011455656463	-0.0223418985118745	-0.0102855240148931
0.0524629025862101	0.0534603044790393	-0.0322784168009063	-0.0307953338528077	0.0168580935875289	0.00177951737100093	0.0208181298009312	0.00535988685308538	0.00345529470804867	0.0294102074247846	-0.0390949836039524	-0.0316099431794814	-0.0116906049627787	-0.00553086652229625	-0.0223308623380497	-0.0102733255503566
