0.0523588342610102	0.0534678831173936	-0.0322776330928663	-0.0306198265583606	0.0168152466903921	0.00176286671836575	0.0208276306893087	0.00534761714236344	0.00338969373505637	0.0294917479855416	-0.0391593552309996	-0.0316304159804184	-0.0117294732494024	-0.00551631413967182	-0.0223025189290963	-0.0102259831586162
0.052348760609181	0.0534599552330321	-0.0322741615875556	-0.0306062744163006	0.0168225626957491	0.00177007096500051	0.0208362654475886	0.00535824120589986	0.00339942372881457	0.0294747899964201	-0.0391631256908924	-0.031641540164237	-0.011716591659676	-0.00552173862865432	-0.022316839412372	-0.0102297983219979
0.0523716837201039	0.0534688861519261	-0.0322499867789432	-0.0306295747129112	0.0168544935596876	0.00179386579395721	0.0208517677793524	0.00538107490984498	0.00339514476673541	0.0294403138275819	-0.0391743783972416	-0.0316662486207484	-0.0117191718891766	-0.00553884749205082	-0.0223413690549277	-0.0102376535631899
0.0523311600074065	0.0534281165700396	-0.0322595309738256	-0.03065670973068	0.0168165402976024	0.00173858992991923	0.0208349816192665	0.00533527618545606	0.00343182397938657	0.0294546859992666	-0.0391188566640147	-0.0316334139081435	-0.0116984965255554	-0.00551837329412976	-0.0222794323710421	-0.0102063611209525
0.0523718136396186	0.0534452338153403	-0.0322220736410706	-0.0307274348410886	0.01685471288618	0.00176303854740125	0.0208584020565035	0.00535275105866802	0.00344337564031787	0.0294013058425553	-0.0391276450905377	-0.031665492852389	-0.0116911916960706	-0.00554381377027199	-0.022287773762676	-0.0102252078324804
0.0523906058687694	0.0534505255908401	-0.0322020967694636	-0.0307984072176703	0.0168749803304649	0.00177253245085865	0.0208702205413843	0.00536369782551501	0.00345633406416584	0.029372868835672	-0.0391220180388711	-0.0316829104492558	-0.011682815379836	-0.00554911672164402	-0.0222891428070239	-0.0102252581239054
0.0524049067942687	0.0534386749753267	-0.0321657570239314	-0.0309234917705943	0.0168873813576855	0.00175786551554388	0.0208779500540137	0.00535220483791289	0.00349200325736442	0.0293466684002183	-0.039089321627685	-0.0316877202652657	-0.0116597972739991	-0.00555412770335409	-0.0222602461923952	-0.0102171933351092
0.0524531697984838	0.0534598923687509	-0.032128871057644	-0.0310290311199762	0.0169193499401927	0.00177651245835572	0.0208985863020821	0.00537096353944701	0.00350356469718393	0.0292912640136497	-0.0390779166500767	-0.0317193423957339	-0.0116592328924516	-0.00557604917672863	-0.0222532445084446	-0.0102296153170902
0.0524507125035778	0.0534481590998958	-0.0321240863873466	-0.0311022316860833	0.0169065884910927	0.00175910184640906	0.0209002417281558	0.0053577327037135	0.00352891297238028	0.0292927629775122	-0.0390504673109016	-0.031714244801014	-0.0116409477685032	-0.00556408959646101	-0.0222289467652377	-0.01021919800719
0.0524770470494982	0.0534699785934363	-0.0321205506207705	-0.0311133810156144	0.0169100348506909	0.00176198941239588	0.0209041574743876	0.00535999442085557	0.00350875588983367	0.0292977292557334	-0.0390557828351298	-0.0317106419792047	-0.0116698890866207	-0.00557760821090439	-0.0222076190100752	-0.0102342141885119
0.0524789106261922	0.0534747031934205	-0.0321224644888895	-0.0311219780553255	0.0169068916366269	0.00176333889896737	0.0209026012341799	0.00535944400914836	0.00351381576598474	0.0293063654109973	-0.0390654751103193	-0.0317132934548907	-0.0116601129923896	-0.00557163191323065	-0.022220865212633	-0.0102302495478391
0.0524875831030408	0.053489254179061	-0.0321386918553641	-0.0310816331565837	0.0168983979737339	0.00177281603861642	0.0208972591672551	0.00536659656737406	0.00348556316099324	0.0293254090972732	-0.0390732535173897	-0.0317054926960758	-0.01168841030087	-0.00557789040167814	-0.0222143608549965	-0.0102431465043898
0.0524336665044625	0.0534609973831174	-0.0321798232561139	-0.0310118328496019	0.0168554113781943	0.00174666030665162	0.020872712760891	0.00534497823953369	0.00348911289740955	0.0293708683545433	-0.0390686085454951	-0.0316730198023343	-0.0116733717678036	-0.0055413494904458	-0.0222122639819698	-0.0102141381310389
0.0524424535340015	0.0534816531889621	-0.0321867718546715	-0.0309418914472331	0.0168623655646879	0.00176530445549541	0.0208756883368717	0.00536038138543145	0.00344861433042458	0.0293911665324767	-0.0391032956589217	-0.0316727934909217	-0.0117032756079168	-0.00555502596408439	-0.022230880191133	-0.0102336931134693
0.0524172030476872	0.053478553281403	-0.0322095860008402	-0.0308527010019363	0.0168516437122695	0.001775839112054	0.0208709120484784	0.00536877027452233	0.00343757955358381	0.0294029305349804	-0.0391205889242099	-0.031675558122314	-0.0117042297480082	-0.00554529597032619	-0.0222672171426972	-0.0102282546546465
0.0523818635427193	0.0534715781401489	-0.0322540897210347	-0.0307284714032377	0.016824864925428	0.00176866280509982	0.0208550185611866	0.00536027521464529	0.00339651800203538	0.0294627200544143	-0.0391422491615712	-0.0316458316991725	-0.011733623688951	-0.00553126047179228	-0.0222640892954575	-0.0102218858044607
0.0523437230847744	0.0534535095487248	-0.0322779250625283	-0.0306447948539013	0.0168032424066356	0.00175493045210009	0.0208399004000307	0.00534871098085772	0.00339409563173003	0.0294925959548469	-0.0391507288546239	-0.0316286515895905	-0.0117264348091405	-0.00551387919651022	-0.0222818896659481	-0.0102064044274574
0.0523655104476822	0.0534765039058332	-0.0322611444903784	-0.0306086353193087	0.0168395807551838	0.00179178289077078	0.0208537081901679	0.0053783214543249	0.00337171594759416	0.0294639577822635	-0.03918499966681	-0.0316546522563281	-0.011744031219963	-0.00553630358413501	-0.0223211672688922	-0.010230147568005
0.0523469068113752	0.0534562909439255	-0.032272461457993	-0.0306060942053609	0.016830118982359	0.00177986242605596	0.0208491190976344	0.00537033489663421	0.00338438240178018	0.0294662306752778	-0.0391685334160666	-0.0316456961917217	-0.011731856504155	-0.00552093256886989	-0.0223186708584334	-0.010219001032442
0.0523436085320841	0.0534469353418869	-0.0322663496528685	-0.0306242787464593	0.0168303969821807	0.00176976921645036	0.0208465584259103	0.00536198512309612	0.0034004854366762	0.0294530082214484	-0.0391529891747819	-0.0316468487035452	-0.0117221907716621	-0.0055219733219711	-0.0223067475997505	-0.0102113693086945
0.0523476863284631	0.0534424524201396	-0.0322439657777805	-0.0306653738256244	0.0168424543513303	0.0017598548208004	0.0208555536060695	0.00535508821294763	0.00341889070125111	0.0294324990989267	-0.0391406635846989	-0.0316579700933957	-0.0117084123181894	-0.00552909374956414	-0.0222989594137918	-0.0102100407768835
0.0523663388592111	0.053441882450656	-0.0322206864359303	-0.0307463653716583	0.0168624032832567	0.00176538687755309	0.0208724850524944	0.00535941327549973	0.00344304176113507	0.0293915395272123	-0.0391252744086414	-0.0316739627665535	-0.0116887763106854	-0.00554227010292055	-0.0222864089092802	-0.0102187467813488
0.0523747542909985	0.0534334670188686	-0.0322017656842489	-0.0308199808420218	0.0168642920056632	0.00175656911436547	0.020875804286546	0.00535218248616844	0.00346084492559372	0.0293816488802909	-0.0391085664796611	-0.0316752703436041	-0.0116764046201294	-0.00553676039791232	-0.0222737019425573	-0.0102071126983598
0.0524099010121704	0.0534404281902824	-0.032157342989128	-0.0309461690123283	0.0168942084186326	0.0017647149282354	0.020889694498741	0.00536144588726114	0.00349476230082062	0.0293250863939627	-0.0390884177790186	-0.031702216768529	-0.0116520984950183	-0.00555369324132124	-0.0222653326112428	-0.0102149707335199
0.0524493881627188	0.0534581223899868	-0.032129165821274	-0.0310372160493989	0.0169099356648249	0.00177407192725801	0.0208954528669063	0.00536865711881603	0.00350449927949897	0.029292310354687	-0.0390694718816247	-0.0317179831302742	-0.011659348842126	-0.00557075600424481	-0.0222423410481025	-0.0102261549876517
0.0524699825012663	0.0534681443534069	-0.0321206861282213	-0.0310936458222444	0.0169124250903636	0.00177857300979769	0.0208954836005549	0.00536987249492079	0.00351105672252854	0.0292890330301563	-0.0390644120054736	-0.0317249037891512	-0.011659496922433	-0.00557262516887488	-0.0222320285120044	-0.0102267724545923
0.0524488209872032	0.0534450382375763	-0.0321296882933007	-0.0311233457026894	0.0168831275413188	0.00174721910026301	0.0208788818423607	0.00534616288198982	0.00353158121187463	0.029322208606864	-0.0390441780888055	-0.0317003559858031	-0.011635932595841	-0.0055487479178605	-0.0222158849645716	-0.0102049068605789
0.0524785418224087	0.0534773965786274	-0.0321374960370357	-0.0310896462569709	0.0168857357105	0.00176044434806041	0.0208740468806382	0.00535297317912855	0.003498560700394	0.0293242132789449	-0.039056478533176	-0.0316941938892536	-0.0116759268515917	-0.00557146427514724	-0.0221980552574164	-0.0102286513981106
0.0524847793560957	0.0534895796763396	-0.032148312884368	-0.031066823728898	0.0168876817092516	0.00177788010571958	0.0208722601380658	0.00536455277974042	0.00349109661472995	0.0293388327168027	-0.039079208860303	-0.0316992663382609	-0.0116769536348526	-0.00556574083158265	-0.0222385328696409	-0.0102318239488392
0.0524386132249073	0.0534701685832642	-0.0321896733904986	-0.0309824109689785	0.0168431472554084	0.0017466002363384	0.0208505021118226	0.00533836910809506	0.00348029094326984	0.0293919977379737	-0.0390725578193436	-0.0316592441428297	-0.011683847751033	-0.00553975553166933	-0.0222211306395984	-0.0102110689571284
0.052434866513743	0.0534801681949399	-0.0321923919214179	-0.0309164425891867	0.0168509563961275	0.00177016735689847	0.020859160618831	0.00536180211818839	0.00345352193531655	0.0293958953234131	-0.0391095862780018	-0.0316706127988533	-0.0116952164070566	-0.00554511156843443	-0.0222551416127553	-0.0102220352817518
0.0523980392207848	0.0534768461669202	-0.0322399480517147	-0.0307805356009943	0.0168184206381048	0.00176418547128862	0.0208479260732741	0.00536576675886115	0.00341262662486751	0.0294378802814043	-0.0391198596985471	-0.03164512342827	-0.0117317531273369	-0.0055366318753817	-0.022247913617392	-0.0102199258358688
0.0523668487583815	0.0534716507833184	-0.0322678081041942	-0.0306807224891451	0.0168079055393226	0.00176594148021239	0.0208437141664283	0.00536396884041653	0.00338668882241116	0.0294762484477459	-0.0391483008963824	-0.0316287046749836	-0.0117402565691181	-0.00552311884887444	-0.0222742090477597	-0.0102198462077792
0.05235695811146	0.0534717737179129	-0.0322728707743133	-0.0306219932805888	0.0168194278635893	0.00178492928712717	0.0208483521534028	0.0053765640484171	0.00337637349234503	0.0294766172515294	-0.0391743518545451	-0.0316369412928154	-0.0117395748409122	-0.00552382292882478	-0.0223170685177527	-0.0102243724360314
0.0523420481009243	0.0534616246289461	-0.0322843162644584	-0.0305923786161695	0.0168139279374692	0.00177402023884895	0.0208419581575046	0.00536496209606076	0.0033812224239078	0.0294786498632908	-0.0391637361729129	-0.0316334781694088	-0.0117380116157844	-0.00551693998851657	-0.0223118396065342	-0.0102177130131677
0.0523228158218045	0.0534474438440733	-0.0322882823021152	-0.0305838500286758	0.0168072126352444	0.00175802896267521	0.0208365616082026	0.00535151891875493	0.00339437782250378	0.0294728286308442	-0.0391555652133304	-0.0316299116691842	-0.011723313946821	-0.00550584095041048	-0.0223072672778091	-0.0101967568557569
0.0523531680937908	0.0534614569908627	-0.0322550690068387	-0.0306231681441567	0.0168429516776444	0.0017819215805139	0.020855872118428	0.00537313165865918	0.00339451053598649	0.0294380702712322	-0.0391643508458854	-0.0316518848309678	-0.0117221754048378	-0.0055327538477187	-0.0223215514395	-0.0102301294072127
0.0523462460379298	0.0534425096964848	-0.0322514410393168	-0.030679196982586	0.016830262871714	0.00174712689931713	0.0208447479346094	0.00534374609962059	0.00342648051547772	0.0294342104043615	-0.0391241107209457	-0.0316370586394738	-0.0117106572715232	-0.00552347088884961	-0.022276975076136	-0.0102124198406839
0.0523736520706	0.0534528613481356	-0.0322233868060573	-0.0307480152097959	0.0168550984537719	0.00176264180393717	0.0208598158043403	0.0053585233966736	0.00344653282422219	0.0293887497501075	-0.0391259631217674	-0.0316658225406197	-0.0116870957388992	-0.00553388400779772	-0.0222950995469212	-0.01021860847993
0.0524279025483611	0.0534770263778599	-0.0321798651656348	-0.0308567760043473	0.0168966754924268	0.00178425873479351	0.0208779458630616	0.00537513353677196	0.00344371929838887	0.0293533026773694	-0.0391229428422979	-0.031691658363242	-0.0116967936020247	-0.00555862459494169	-0.0222911181424401	-0.0102381858141048
0.0524275393325137	0.0534524338710229	-0.0321532721776691	-0.0309815043263441	0.0168928030526999	0.00176460596348118	0.0208809130571381	0.00535845354747218	0.00350202941173666	0.0293210211704399	-0.0390770602988673	-0.031699464709993	-0.0116529003638506	-0.00555094118278518	-0.0222678332126538	-0.0102168231343416
0.0524442053519732	0.0534520008059741	-0.0321419258733899	-0.0310586485783635	0.0168889054672605	0.00174942074709186	0.020878356576366	0.0053493480055747	0.00352137764053078	0.0293061935819618	-0.0390451280379448	-0.0316932146034497	-0.0116498912602533	-0.0055557775414917	-0.022221551131791	-0.0102236711500491
0.0524781827975133	0.0534800550392336	-0.0321223653030235	-0.0311019411134054	0.0169070131742374	0.00177179763725968	0.0208855789837931	0.00536508642763929	0.0035169994925856	0.0292936570472904	-0.0390613526104513	-0.0317155859056814	-0.0116537106145871	-0.00557023632618622	-0.0222373510211529	-0.0102358277050647
0.0524765790598487	0.0534813570283481	-0.0321277017820122	-0.0311111220924404	0.0168922219073441	0.00176087322215715	0.0208759733216135	0.00535353616369201	0.00351687097005498	0.0293107393679904	-0.0390505064264544	-0.0317013422565272	-0.0116593600179982	-0.005564285174225	-0.0222192405202079	-0.0102345927711836
0.052479785138194	0.0534909557056076	-0.0321387114131405	-0.0310850278277728	0.0168832909884502	0.00176626977145907	0.0208719597864997	0.00535477528852525	0.00349837350453418	0.0293301728128103	-0.0390620972029385	-0.0316955433758251	-0.0116750635154621	-0.00556601883140431	-0.022216101497096	-0.010237019332441
0.0524602650803644	0.0534835279415283	-0.0321604219419267	-0.0310448016726734	0.016868308334745	0.00176764859469516	0.0208643532084648	0.00535128143147008	0.0034927338800113	0.0293588878195152	-0.0390766998769879	-0.0316862967385407	-0.011666666244467	-0.00554698213004853	-0.0222355321479478	-0.010229605538202
0.0524470300536788	0.053490387133108	-0.0321893925967088	-0.0309558221719649	0.0168487477643785	0.0017589956756229	0.0208508276091012	0.00534421548625415	0.00345734827457049	0.0294004145667451	-0.0390875656187613	-0.0316624725729194	-0.0117022753673524	-0.00554168756058068	-0.0222259013400556	-0.0102328493351161
0.052427157955874	0.053486898863989	-0.0322106281509254	-0.0308899082745502	0.0168392245242565	0.00176064830772856	0.0208566376656756	0.00535112077830681	0.00344961317400493	0.0294076327832201	-0.0391028109054638	-0.031658964746024	-0.0116979181741677	-0.00553531871039495	-0.0222550270600649	-0.0102283580314646
0.0524105394338714	0.053500790473168	-0.0322455751033813	-0.0307554290040349	0.0168255117290332	0.00177029308546103	0.0208457858937425	0.00535488704724753	0.00340058462254221	0.0294526603724254	-0.0391360144218522	-0.0316460342618566	-0.0117385201179707	-0.00553389937462204	-0.0222690080762217	-0.0102365722975519
0.0523675947478527	0.0534818962641831	-0.0322757792950605	-0.0306573118307962	0.0168036894415247	0.00176016076030263	0.0208289256935031	0.00534323480346617	0.00339089933227292	0.0294892208414341	-0.039150192412757	-0.031625142365711	-0.0117328721115437	-0.00551289571975419	-0.0222849071514496	-0.0102265209974672
0.0523720972273764	0.053493819522866	-0.0322708521323922	-0.0305957006441892	0.0168274814765133	0.00178334929819099	0.0208382785015736	0.00536640098961007	0.00336504814282633	0.0294755290009712	-0.0391752836428921	-0.0316351461683388	-0.0117551917253663	-0.0055299850253743	-0.0223153180967651	-0.0102445267246099
0.0523389398114609	0.0534630537436073	-0.0322848988067983	-0.0305915306468643	0.0168107078892836	0.00176199360334797	0.0208316526063267	0.00535295781230424	0.00338770303281581	0.0294791625564292	-0.039153679284892	-0.0316235777435991	-0.0117300110882534	-0.00550811244644075	-0.022310209326173	-0.0102241517125549
0.0523296121491029	0.0534515132585482	-0.0322779767509373	-0.0305898388992058	0.016813718389865	0.00175481170845767	0.0208312879934952	0.00534465833019117	0.003394781550888	0.0294651857312245	-0.0391468466360088	-0.0316250152401644	-0.0117218820381918	-0.00550733712030496	-0.0223000909708549	-0.0102165814561047
0.0523678517929139	0.0534760065795191	-0.0322431122205391	-0.0306270810964204	0.0168515333505313	0.00178612231148747	0.0208514897795307	0.00536796700870597	0.00338950234824447	0.0294204109961284	-0.0391623852893573	-0.0316577647367435	-0.0117291281943474	-0.00553373872145876	-0.0223212399120617	-0.0102364339961331
0.0523544295703685	0.0534488156823892	-0.0322387424544981	-0.0307143534826462	0.0168378876105413	0.00175524337652247	0.0208451754117221	0.0053462746407121	0.00343801680958471	0.0294109003288627	-0.0391165530373517	-0.0316489916770448	-0.0116916778465125	-0.00551622612967802	-0.0222936243317872	-0.0102165744711845
0.0523865993185758	0.0534661438722782	-0.0322128088429938	-0.0307752787500952	0.0168591944109433	0.00177232569722243	0.0208544346218627	0.00535893131600992	0.00344434794120168	0.0293759030849818	-0.0391163462837155	-0.0316702649498302	-0.0116893029736642	-0.00553077152738232	-0.0222969491537749	-0.0102261577816198
0.0524432274631533	0.0534885067926057	-0.0321600699019515	-0.0309063158519645	0.0169046019798043	0.0017918722977486	0.020873154207844	0.00537443225078967	0.00345949124807015	0.0293307190335654	-0.0391128929391972	-0.0316984169719716	-0.0116838156204004	-0.00555474377331064	-0.0223071974286076	-0.0102425527861777
0.0524304869688138	0.053455873245701	-0.0321478882012234	-0.0310202426934532	0.0168866982324956	0.00175275674495181	0.0208699802601314	0.00534680549464291	0.00351440948419684	0.0293195878648267	-0.0390537949268574	-0.0316889174805781	-0.0116466446693712	-0.00553936577312539	-0.0222598117303624	-0.010219932820789
0.0524606171203395	0.0534715194668197	-0.0321350135964171	-0.0310758761854024	0.0168924202790761	0.0017548131054417	0.0208799938416474	0.00534749839872102	0.00351364952488536	0.0293035393123078	-0.0390451448017531	-0.0316934995881915	-0.0116567923613539	-0.00555789536927884	-0.0222301956689591	-0.0102296334778826
0.0524463483254729	0.0534550154975075	-0.0321396487894236	-0.031106439401977	0.0168760951237196	0.00173265414478232	0.0208705753753275	0.00533390015618803	0.00353248366355701	0.0293236251486689	-0.0390332844073515	-0.0316835390920686	-0.0116366394697594	-0.00553924004456283	-0.0222145131262556	-0.0102173931038252
0.0524886294440781	0.0534953743660896	-0.0321281683746777	-0.0310908686179958	0.0168962033118252	0.00176559223420527	0.0208818769761177	0.00535724934723965	0.00349852298182523	0.0293089763741465	-0.0390586843709569	-0.0316985901979912	-0.0116735952852482	-0.0055738042233949	-0.022217918973317	-0.0102507949919456
0.0524877241984277	0.0535004817396977	-0.0321406071204671	-0.0310789216105845	0.016889419557383	0.00176964907582391	0.0208754284978424	0.00535976391849087	0.0034919627448276	0.0293302887624846	-0.0390712795789575	-0.0316996966093417	-0.0116721088942419	-0.00555897384094881	-0.022240795983767	-0.0102423348566693
0.0524602399346518	0.0534912588511418	-0.0321684266604098	-0.0310153672191938	0.0168666962151761	0.00176572355070395	0.0208663397197532	0.00535532430324844	0.00347393326895633	0.0293647858860833	-0.039075965063389	-0.0316773141312378	-0.0116828517014207	-0.00554584498504937	-0.0222414358024521	-0.0102370961665626
0.0524263057956166	0.0534752955146486	-0.0321963928836754	-0.0309470644790905	0.0168399816896	0.00174562514148654	0.0208523209850277	0.00533757282719884	0.00346545776685569	0.029409686349742	-0.0390802160857876	-0.0316510997259438	-0.0116842640522735	-0.00552747604205919	-0.0222384672113916	-0.0102272655899543
0.052400259028406	0.0534741262390168	-0.0322306427411011	-0.0308344633754448	0.0168127949834222	0.00174405353445452	0.0208367571859666	0.00533363193525456	0.00344571419158151	0.0294254149929184	-0.0390894319894233	-0.0316340970333334	-0.0116994478716788	-0.00552663366069003	-0.0222309640101748	-0.0102270714091744
0.0523944419869115	0.0534906162384887	-0.0322468086402784	-0.0307250571742722	0.0168245464130695	0.00177605564457841	0.0208406408015657	0.00536085077206501	0.00339975341704528	0.0294601440158658	-0.0391482897205102	-0.0316429762638183	-0.0117250238552718	-0.00552480640558081	-0.0222916098808181	-0.0102424773490402
0.0523834421346715	0.053495195552134	-0.0322666150798339	-0.0306405256707103	0.0168208332295219	0.00178121610357953	0.02083397718775	0.00536243495195328	0.00336894991921781	0.0294810401029635	-0.0391652574885199	-0.0316297468250688	-0.0117503735274522	-0.0055221940454476	-0.0223068342127602	-0.0102455423319986
0.0523275376278207	0.0534529032576565	-0.0322845216211106	-0.0306145110341324	0.0167987692637765	0.001748691521429	0.020823469073888	0.00533851579141805	0.00340079836109857	0.0294985387249039	-0.0391473341834348	-0.0316137681217513	-0.011711484286068	-0.00548998797565555	-0.0223157777045104	-0.0102118386953281
0.0523576132969693	0.0534788215023364	-0.0322710756498367	-0.0305873634435074	0.0168318624184266	0.00177948244640022	0.0208427488504647	0.00536472460877593	0.00336788681437216	0.0294643531287435	-0.0391707462387677	-0.0316330004008711	-0.0117464074897954	-0.00552464295844948	-0.0223146475444314	-0.0102396093408298
0.052333199604088	0.0534517926553539	-0.0322756856971306	-0.0306051610200299	0.0168133942895704	0.00175325826221803	0.0208348754484803	0.00534214375893995	0.0033999112762405	0.0294665603635085	-0.0391429015531125	-0.031624355863703	-0.0117193451151961	-0.0055084435316555	-0.0223012420856943	-0.0102180007918776
0.0523575588145922	0.0534595668714722	-0.0322437715970006	-0.0306493322580257	0.016838021721008	0.00176051838821392	0.0208445942663663	0.00535184022508147	0.00340925011447073	0.0294354201925302	-0.0391423693021976	-0.0316472705927218	-0.01171394018399	-0.00552132232741384	-0.0223093152563948	-0.0102294490759908
0.0523744162208636	0.0534564194664561	-0.0322232485046385	-0.0307390256175727	0.0168538509470345	0.00176754102692497	0.0208536732655672	0.00535595713701333	0.00343755161390324	0.0293996615923538	-0.0391280599947941	-0.0316671594543349	-0.0116867786235247	-0.0055216981161175	-0.022310898039299	-0.0102222029198352
0.0523900163415094	0.053453713508393	-0.0322082295293486	-0.0308079821462014	0.0168646007391334	0.00176107997579336	0.020855527063373	0.0053464562486358	0.00344959780718062	0.0293920382505105	-0.0391064696066343	-0.0316628693163835	-0.0116885458083207	-0.00552719804223753	-0.0222866030900601	-0.0102251323953429
0.0524369689747058	0.0534663562138505	-0.0321580135414617	-0.0309408269454035	0.0169060771949383	0.0017805176115653	0.0208764846177679	0.00536048476224956	0.00347831141690152	0.0293282379899309	-0.0390958832616667	-0.0316951089137922	-0.0116683035097484	-0.00554982638953047	-0.022289740716188	-0.0102357355041189
0.0524650413687576	0.0534729262297364	-0.0321336738887339	-0.0310395559976466	0.0169153294201588	0.00178018093841445	0.0208815123632863	0.00535885168792029	0.00349630317420401	0.0293028450112456	-0.0390712306845165	-0.0317060403138149	-0.0116658462148423	-0.00555901435348563	-0.0222566838831227	-0.010240944857561
0.0524532326627651	0.0534552390149521	-0.0321343737777321	-0.0310964928756944	0.0168920766210051	0.00175779985729454	0.020871581203828	0.00534087390045808	0.0035231853378636	0.0293128739595859	-0.0390421356981559	-0.0316960337172191	-0.0116418697779619	-0.00554252575099776	-0.0222309863619192	-0.0102224445980721
0.0524646348464054	0.0534664847363811	-0.0321293865447505	-0.0311136338697235	0.0168957898045528	0.00175883083150754	0.020872120439663	0.00534445297353899	0.00351297338461559	0.0293199622565463	-0.0390510512502255	-0.0316903759319038	-0.0116507629782871	-0.00554750739604323	-0.0222240321754256	-0.0102284991268515
0.0524753050104147	0.0534810441039257	-0.0321311886541472	-0.0311042377551481	0.0168972063463576	0.00176849516701641	0.0208786778826926	0.00535695598059368	0.00349950366461321	0.0293221834611515	-0.0390622187405489	-0.0316944355674905	-0.0116657749686569	-0.0055583843136888	-0.0222254543051665	-0.0102376773119184
0.0524481350680453	0.0534719120193317	-0.0321643488640307	-0.0310563281878922	0.0168667506975532	0.00175084706778491	0.0208626838125508	0.00533865968077298	0.00349249499574244	0.0293601465021248	-0.0390561963424023	-0.0316686095237564	-0.0116728953962499	-0.00554069430493645	-0.0222049703283573	-0.0102275868962809
0.0524506412573923	0.0534909808513201	-0.0321728620847001	-0.0309830787273441	0.0168697486252783	0.00176763602183891	0.0208609431704513	0.00535462162028212	0.00345921604221654	0.0293755049445337	-0.0390922022087517	-0.0316717583257566	-0.0116894328931788	-0.00554138441504651	-0.0222392998138726	-0.0102392740646629
0.052439042099004	0.0534905352134151	-0.0321851541471665	-0.0309390220420387	0.0168704652780849	0.00177277832004765	0.0208639844046813	0.00536282610748125	0.0034481533256952	0.0293973216441061	-0.0391117809399105	-0.0316737685857735	-0.0116898114758505	-0.00553695737266033	-0.0222688697748029	-0.0102397420543125
0.0524159737017421	0.0534996756799132	-0.0322302166609724	-0.0307997720710661	0.0168429712354208	0.00177579440856509	0.0208548634959595	0.00536304822794178	0.00340550480029044	0.029426623384103	-0.0391273615027799	-0.0316543910203148	-0.0117313871175214	-0.00553785283942257	-0.0222606457298274	-0.0102428279920313
0.0523782593239259	0.0534852518198194	-0.0322647794428205	-0.0307120484589992	0.0168267368840262	0.001769260714264	0.0208445076533565	0.00535443582140634	0.00339398666697581	0.0294763266788514	-0.0391514636682229	-0.031632605054391	-0.011722922791293	-0.0055157092455875	-0.0222912299011624	-0.0102380070001491
0.0523380764753314	0.0534652302447236	-0.0322952839860659	-0.0306250051781541	0.0168012614832832	0.00174653457808907	0.020832800927198	0.00533586710970009	0.0033840010251404	0.0295032437671117	-0.0391485523535076	-0.0316073643469649	-0.0117281028080705	-0.00550104091328871	-0.0222831329817334	-0.0102185330427924
0.0523395153688807	0.0534735758273096	-0.0322855302435792	-0.0305930785051678	0.0168196206473852	0.00175818821885445	0.0208382407830049	0.00534888420687725	0.0033815954186434	0.0294813697911942	-0.0391634525851551	-0.0316258185059808	-0.0117253004581094	-0.00551162725825635	-0.0223088961611862	-0.0102272865447148
0.0523312172837516	0.0534613885386453	-0.03228370298847	-0.0305962580408166	0.0168205091292273	0.00175755678207359	0.0208376540497129	0.00534818571486302	0.00338894355463308	0.0294705906624306	-0.0391601501149118	-0.0316252205968166	-0.0117130125865951	-0.00550463675017795	-0.0223120086416016	-0.0102210559959478
0.0523546963943179	0.0534699590356599	-0.0322584357383473	-0.0306267583931098	0.0168435635566489	0.00177687846817117	0.0208429164885481	0.0053619641683357	0.00339013797597741	0.029443755996228	-0.0391628001936138	-0.0316469143617945	-0.011716735549031	-0.00551638398887325	-0.0223231523831966	-0.0102326914759209
0.0523607746718257	0.0534618216036942	-0.0322415168647786	-0.0306901046338802	0.0168506700144017	0.00176498594313692	0.0208506040916567	0.00535751477420506	0.00341452233219413	0.0294258732036797	-0.0391368735670297	-0.0316510731832472	-0.0117094279255781	-0.00552429790339445	-0.022306233509628	-0.0102272390472578
0.0523870742931455	0.0534689657800157	-0.0322146137463586	-0.0307585540573065	0.0168753379583762	0.00177863447709494	0.0208703770035955	0.00536747527032796	0.00342893082546363	0.0293803119665756	-0.0391299529081527	-0.0316714887078391	-0.0117009649963337	-0.00553731500057161	-0.0223076276996884	-0.0102365904583443
0.052383664255132	0.0534489260441275	-0.0322006564789303	-0.0308519075150082	0.0168674352197272	0.00174938582249115	0.0208658046748703	0.005344306290216	0.00345810963086601	0.0293838980245767	-0.0390994553498275	-0.0316614653474349	-0.0116765471125003	-0.00552371536105459	-0.0222742467663284	-0.0102135360309227
0.0524256156855065	0.0534586462589975	-0.032161074333468	-0.0309687652289886	0.0168909017574372	0.00175803315362729	0.0208765754217297	0.00535197014459611	0.00349091919775834	0.0293259148054915	-0.0390782686900519	-0.0316858762463482	-0.0116571932957701	-0.0055430971174654	-0.0222618890456127	-0.0102224124674395
0.0524433727494923	0.0534574713954295	-0.0321344883304224	-0.031066723146048	0.0169023332777421	0.00176322853722912	0.0208857941193335	0.00535345513861836	0.0035196062647827	0.0293006894648897	-0.0390633055941231	-0.0317072123834148	-0.011632887170659	-0.00554284146938819	-0.0222628627434805	-0.0102156301099813
0.0524373461603935	0.0534498131289855	-0.0321385479660091	-0.0311037963081952	0.0168839238222151	0.00173670539846484	0.0208769735621778	0.00533281050864583	0.00352665544619029	0.029320389733659	-0.0390354916421165	-0.0316824829721431	-0.0116360080329785	-0.00554211783166145	-0.0222106406865288	-0.0102155323210993
0.0524944045760518	0.0534998307451404	-0.0321193087019692	-0.0311100156810898	0.0169185187346958	0.00177588241855888	0.0208999455675418	0.0053674724763599	0.00348605909032334	0.0292967583518336	-0.0390716176490924	-0.0317062037609462	-0.0116799795022582	-0.00557828854212625	-0.0222219115536704	-0.0102515465693529
0.0524596462164397	0.0534724708129431	-0.032142712375398	-0.0311126098804307	0.0168882083722303	0.00175095882650719	0.0208841414872279	0.00534983555300063	0.00351013052211768	0.0293357383971797	-0.0390584538685923	-0.0316886813902773	-0.0116509012797059	-0.0055451199503386	-0.0222286631774799	-0.0102239882654236
0.0524588974330005	0.0534838366749986	-0.0321655670341035	-0.031053813616641	0.0168781389113532	0.00176176589495133	0.0208763966077741	0.00535429472601947	0.00348065974705335	0.0293565590471398	-0.0390751394458281	-0.031676734382866	-0.0116761475750682	-0.00554618165820023	-0.0222277802835739	-0.0102291850460094
0.0524212808440662	0.0534703599700761	-0.0321992720677581	-0.0309707084337721	0.01684499267131	0.00173970612015797	0.0208566614144041	0.00533596769255014	0.00346673600724172	0.0294100705203498	-0.0390822235518364	-0.0316502014652135	-0.0116840586956213	-0.00552356029582743	-0.0222214980463979	-0.0102142526837293
0.052439825807044	0.0534972421337357	-0.0321959486427544	-0.0308998827405134	0.0168657728087333	0.0017770712519671	0.0208653045545881	0.00536743196382307	0.00342964747827023	0.0293957584189783	-0.0391223742697983	-0.0316666369823083	-0.0117085184889756	-0.00554417558913536	-0.0222583854096693	-0.0102421322939852
0.052374681647829	0.0534710123616174	-0.0322538731885103	-0.0307777416329374	0.016814799655503	0.00175220493626057	0.0208364596283686	0.00534795241853027	0.00341863924412599	0.0294629589386831	-0.0391245982683716	-0.0316311759397299	-0.0117119047782606	-0.00550381951452131	-0.0222614811262764	-0.0102141143823104
0.0523728474077996	0.0534883112148418	-0.0322681126467124	-0.0306697617524578	0.0168219731684891	0.00177531524304333	0.0208365476383624	0.00536665943165534	0.00337534251813203	0.0294782014314176	-0.0391643634187416	-0.0316309314675249	-0.0117398458558137	-0.00551622612967803	-0.0222931325934091	-0.0102328241894036
0.0523508309395112	0.053477425915292	-0.0322814789898967	-0.0306148658680756	0.0168134348021072	0.00176896734761802	0.0208281210307027	0.0053578751960844	0.00337424728265372	0.0294906290013348	-0.0391657492268979	-0.0316212978656647	-0.0117389517860355	-0.00550728543189591	-0.0223055378115818	-0.010226364535256
0.0523498488597392	0.0534777625884429	-0.0322806505783678	-0.0305814486131309	0.0168274730946091	0.00178090457614119	0.0208413099569154	0.0053686948373848	0.00336638086558948	0.0294702009038867	-0.0391742861962958	-0.0316332323002198	-0.0117472205344999	-0.0055174764303835	-0.0223157735135583	-0.0102324875162527
0.052331973052111	0.053456265798213	-0.0322757946618849	-0.0306008219876375	0.0168242153278548	0.00176714148949283	0.0208410920274069	0.00535723398041534	0.00338632420957973	0.0294679713173772	-0.0391578297244405	-0.0316274152587253	-0.0117261596032869	-0.00550763607488704	-0.0223135103994322	-0.0102230494921564
0.0523499075330684	0.0534631138139205	-0.0322480924686006	-0.0306386327573517	0.016847938910626	0.00177499533370081	0.0208529468338724	0.00536419375484511	0.00339225580376456	0.0294364637395994	-0.0391582013221921	-0.0316486186823092	-0.0117164058608002	-0.005519317655333	-0.0223232473781106	-0.0102292995986998
0.0523707826654056	0.0534655264053376	-0.0322291842897754	-0.0307187428064636	0.0168595604207588	0.00177414457042748	0.0208559629223899	0.00536052667177041	0.00341784715418186	0.0294108919469585	-0.0391358062712319	-0.0316588124747649	-0.0117058572344014	-0.00552765625299886	-0.0223085636789875	-0.0102306197486067
0.0523602661696394	0.053444973976311	-0.0322276755470247	-0.0307727781486843	0.0168437018580677	0.00174887592332076	0.0208521295982158	0.00534149416136672	0.00344561919666758	0.0294029235500602	-0.0391024909961213	-0.0316514699267113	-0.0116837625350073	-0.00551517280372057	-0.0222747790172433	-0.0102118554591364
0.0523974524874929	0.0534501525961045	-0.0321826884703563	-0.0308899082745502	0.0168796141264873	0.00175570857220394	0.0208705851542157	0.00535288656611878	0.00346890272946986	0.0293633092739653	-0.0391004416205515	-0.0316752815194764	-0.0116625130109504	-0.00552923903590311	-0.0222797033859436	-0.0102188361883266
0.0524286988292573	0.0534560744114011	-0.0321485811053015	-0.0309984497426092	0.0168927332034985	0.00175870230897692	0.0208841065626271	0.00535728846279245	0.00349565637059884	0.0293164362688585	-0.0390714304532326	-0.0316934101812136	-0.0116517185153626	-0.00554555720633951	-0.0222550508087934	-0.0102254984051583
0.0524562138266818	0.0534657750684947	-0.032125581160257	-0.0310748033016686	0.0169058536774938	0.00177133104459417	0.0208921308388866	0.00536473159369607	0.00350600522828164	0.0292965432162932	-0.0390647696333849	-0.0317089669953545	-0.0116474716839161	-0.00555490023552183	-0.0222486805616236	-0.0102334109226955
0.052458527232233	0.0534689154885907	-0.0321306438303761	-0.0311068445273452	0.0168923420479705	0.00175962990637182	0.0208804967558976	0.00535640556888646	0.00350726810184337	0.0293146146016854	-0.0390537166957518	-0.0316953883105979	-0.0116508356214566	-0.00554901055085785	-0.0222251106470955	-0.0102266495199978
0.0524693454765493	0.0534805830991963	-0.0321271346064966	-0.0311137512163819	0.0168919173648259	0.00176539665644129	0.0208844753664107	0.00536306638873415	0.0035046529477421	0.0293197107994212	-0.0390622774138781	-0.0317025185170792	-0.0116532719616022	-0.00555189392589259	-0.022235884187923	-0.0102324162700672
0.0524782945562356	0.0534976458621199	-0.0321432865358337	-0.0310672735577552	0.0168844826158264	0.00177190939598195	0.0208792757918567	0.00536906503815234	0.00347207248623043	0.0293358347890776	-0.0390720143925565	-0.0316911778007362	-0.0116884675772151	-0.00556163090457093	-0.0222213471721229	-0.0102433825946906
0.0524564094044458	0.0534914963384266	-0.0321735535917942	-0.0310143474208531	0.0168633797750926	0.00176171420654227	0.0208689241402059	0.00535806518591227	0.00346822519221606	0.0293663421262911	-0.0390806673116287	-0.0316743944346183	-0.0116871516182603	-0.00553975134071724	-0.0222366609110428	-0.0102280297402179
0.0524304129286603	0.0534870022408071	-0.0321956385123001	-0.0309353354011876	0.0168445135057883	0.00175451554784364	0.0208558693244599	0.00534959247777968	0.00345224229794648	0.0294054339303594	-0.0390971419442763	-0.0316595989767729	-0.0116958925473264	-0.00552880038291817	-0.0222468994069874	-0.0102202750818759
0.0524149301546729	0.0534894902693618	-0.0322090649257976	-0.0308538563077278	0.0168411900807846	0.00177761188478611	0.020862157149572	0.00537011836410979	0.00343997817516067	0.0294090171943923	-0.0391234429625801	-0.0316709243262916	-0.0116951926583281	-0.00553060388929891	-0.022286253844053	-0.010235154358763
0.0523788097356331	0.0534844164233704	-0.0322591551851219	-0.0307146496432602	0.0168133621589377	0.00176663717825856	0.0208443428092412	0.00535552267498048	0.00338845740419118	0.0294723620381787	-0.0391403632331328	-0.0316299088752161	-0.0117400526094499	-0.00551797515368166	-0.0222730216113355	-0.0102287841115933
0.0523960890310811	0.0535115304863787	-0.0322593102503491	-0.0306588582921157	0.0168441642597811	0.00180441302337206	0.0208580458255763	0.00538744236304669	0.0033536571350583	0.0294725198973739	-0.0391890439355724	-0.0316484370743855	-0.0117570608899964	-0.00553024486440359	-0.0223289442789786	-0.0102559624358669
0.0523363498030722	0.0534639059038646	-0.0322863712279643	-0.0306264412777354	0.0168043404360819	0.00175991768508168	0.0208357234177856	0.00535747565865227	0.00338184966973658	0.0295037075658092	-0.0391575880462036	-0.0316142989756821	-0.0117319528960529	-0.00549892308550156	-0.0223072337501924	-0.0102204608807517
0.0523206281448159	0.0534545321410337	-0.0322949850314838	-0.030588719914999	0.0167946537488286	0.00175070038446192	0.0208283389602112	0.00534796778535459	0.00338137190119885	0.0294954290384566	-0.0391523884716497	-0.0316076688894831	-0.0117304190075897	-0.00550139015929582	-0.0222875949487203	-0.0102104556811399
0.0523681884660647	0.0534906036656324	-0.0322531467568155	-0.0306149650539416	0.0168545745847612	0.00180344631042436	0.0208594707492853	0.00539137068213471	0.00336934247172981	0.0294360809659756	-0.0391876190118634	-0.0316585680025599	-0.0117360111346556	-0.00553291030992989	-0.0223471441869014	-0.010242713439341
0.0523447205313707	0.0534590891029345	-0.0322511784063194	-0.0306652774337265	0.0168339900251019	0.00176480154124517	0.0208458599338961	0.00535665981997965	0.00340635835753183	0.0294403738978951	-0.039142288277124	-0.0316428533292238	-0.0117108416734149	-0.00551621215983774	-0.0223094130452768	-0.0102137888850318
0.0523600747828275	0.0534589535954837	-0.0322290292245482	-0.0307382796281015	0.0168495007387699	0.00176859994081854	0.0208575261475177	0.00536338629807667	0.00343034038234834	0.029404632061527	-0.0391281410198678	-0.0316608478804943	-0.0116917770323786	-0.0055264059522934	-0.0222973668519994	-0.0102211663576861
0.0523933006509603	0.0534734039982741	-0.0322038052809304	-0.0308051448716396	0.0168749258480878	0.00177688126213923	0.0208702331142405	0.00536936538971846	0.00342945748844236	0.0293790281382535	-0.039125402931172	-0.0316772428850523	-0.0116989407664765	-0.00553596132304804	-0.0222941817284145	-0.0102259161033828
0.0524302620543852	0.053476591915827	-0.0321621276594255	-0.0309400907348205	0.0169003984548626	0.00177959979305861	0.0208821158603866	0.00537181569970437	0.00346677651977855	0.0293298235668032	-0.0391011149668533	-0.0316934115781977	-0.0116739598980796	-0.0055529793824827	-0.0222788568136223	-0.0102348428313247
0.0524465802248216	0.0534697536790077	-0.0321365558667846	-0.0310517810048796	0.0169063007123829	0.00177157691378318	0.020888666318496	0.00536399398612904	0.00350122195496821	0.0293044780855749	-0.0390698434793763	-0.0317044966464635	-0.0116491704164947	-0.00554765827031831	-0.0222658914048542	-0.0102271747859925
0.0524516009854199	0.0534645596923899	-0.0321405652109462	-0.0310988174571177	0.0168912943099492	0.00175661521483841	0.0208847240295677	0.00535334617386414	0.00351142832028011	0.0293091412182619	-0.0390481930209032	-0.0316949608334852	-0.0116475471210536	-0.00554433624229864	-0.0222257560537167	-0.0102225340050499
0.0524714577164003	0.0534805942750686	-0.0321245753317565	-0.0311326496163189	0.0168985446570569	0.00176983347771567	0.0208919296731865	0.00536821846583109	0.00350935798994994	0.0293109824432114	-0.0390658425171188	-0.0317085423122099	-0.0116478069600829	-0.00554566896506178	-0.0222457077796111	-0.0102301252162606
0.052450476413277	0.0534666537714486	-0.0321439696610236	-0.0311134648346561	0.0168686226561514	0.00174744401469159	0.0208767821753659	0.0053488911917974	0.00351122016965987	0.0293434665128251	-0.0390475965087231	-0.0316841272223445	-0.0116512868472978	-0.00553495549454755	-0.0222169788030659	-0.0102211775335583
0.0524746749706179	0.0534983848666709	-0.0321438215807166	-0.0310640535095696	0.0168862945041113	0.00177875042676931	0.0208867426714888	0.0053759507724286	0.0034697045983022	0.0293437934070877	-0.0390860722428348	-0.0316949538485651	-0.0116875944621974	-0.00555796382149623	-0.0222313146531659	-0.0102485220989313
0.0524351067949959	0.0534804755314261	-0.0321847532127503	-0.0309786083784531	0.0168477098052454	0.00175087221349742	0.0208662628856317	0.00535041949232453	0.003459238393961	0.0293871949068838	-0.0390797746388346	-0.0316613424128404	-0.011692830358336	-0.00553458948473209	-0.022216590441506	-0.0102287910965134
0.0524376562908478	0.0534903116959705	-0.0321894680338464	-0.030928874350056	0.0168602058273799	0.00177300183749221	0.0208686112157835	0.00536796700870597	0.00344024080815801	0.0293962934638612	-0.039114306687034	-0.0316709746177166	-0.0116969193305873	-0.00553570567497083	-0.0222586773793313	-0.0102393620746567
0.0524189576596269	0.0534987927860073	-0.032227053889132	-0.0308067569912084	0.0168407472368475	0.00178132646531778	0.0208595014829339	0.00537135190100692	0.00340717000525236	0.0294205325337389	-0.0391302560536869	-0.0316590290072893	-0.0117309512585045	-0.00553737227691678	-0.0222617968446668	-0.0102451637493269
0.0523921369632646	0.0534970954504127	-0.032258322582641	-0.0307060386337088	0.016828790450548	0.00178776516470494	0.0208515233071474	0.00537466135617034	0.00337498489022075	0.0294648127364889	-0.0391620835408072	-0.0316451024735096	-0.0117452326262275	-0.0055215905483473	-0.0222934008143426	-0.0102399990993737
0.0523222095307362	0.0534519784542296	-0.032291660209496	-0.0306352618348911	0.0167861768497439	0.00174647031682376	0.0208277522269192	0.00534150254327089	0.0033963866855367	0.0295099520844164	-0.0391467614199831	-0.031609037933831	-0.0117153818715074	-0.00548353670341214	-0.022290081580291	-0.010210707138265
0.0523460965606387	0.053475709021921	-0.0322870850868028	-0.030577377801672	0.0168095721412685	0.00176695988156913	0.0208359930357031	0.00535924284344826	0.00336683069444664	0.029486319305607	-0.0391716011929931	-0.0316206454741234	-0.011748156513799	-0.00551485848231417	-0.0222912955594117	-0.0102357033734862
0.0523401663634379	0.0534650179031513	-0.0322667966877576	-0.0306002506211699	0.0168297040781026	0.00177352430951885	0.0208506711468901	0.00536424264928611	0.00338175467482265	0.0294679838902335	-0.0391746033116702	-0.0316405008081199	-0.011723710690285	-0.00550717646714169	-0.0223301498761952	-0.0102298765531035
0.0523484476847586	0.0534623915731778	-0.0322476971221205	-0.0306455240795641	0.0168425228035477	0.00177089797954535	0.0208558455757315	0.00536163867105707	0.00340429640910583	0.0294396754058809	-0.0391578283274565	-0.0316501902893412	-0.0117130153805632	-0.00551760355593009	-0.0223215332787077	-0.0102323240691214
0.0523904424216381	0.0534809169783791	-0.0322118267632218	-0.030732163632025	0.0168757556566007	0.00179454193422698	0.0208716440681093	0.00537835358495755	0.00341408228222517	0.0293956382783518	-0.0391519316578724	-0.031676390724795	-0.0117119019842925	-0.00554118883728252	-0.0223250690452837	-0.0102509025597158
0.0523625795751905	0.0534460133324281	-0.0322188577838371	-0.0307907154236097	0.0168496362462206	0.00175346920680633	0.0208592262770803	0.00534897081988702	0.00345410168368836	0.0294011912898649	-0.0391050502708614	-0.0316568231695084	-0.0116803538939779	-0.00551770972671625	-0.0222852061060317	-0.0102204720566239
0.0524134800852513	0.053463632094995	-0.0321709524075332	-0.0308972829532365	0.016889271477076	0.00176731052456027	0.0208762415425469	0.00536156043995147	0.00346405379790709	0.0293520006882549	-0.0391003508165897	-0.0316795716574277	-0.0116818682246647	-0.00554689551703877	-0.022269464889999	-0.0102411641840534
0.0524285968494233	0.0534556148036557	-0.0321415305269099	-0.0310171260220857	0.0168974144969779	0.00175940499194324	0.0208834234374372	0.00535466073583492	0.00351160294328367	0.0293161331233243	-0.0390735887935566	-0.031696864922716	-0.0116427009834589	-0.0055429993285834	-0.0222612995183527	-0.0102307412862171
0.0524547218477394	0.0534702063018329	-0.0321262908281435	-0.0310719590421866	0.0169044958090181	0.00176597221386101	0.0208901471215662	0.00536223378625319	0.00351054822034218	0.0292999015658976	-0.0390623500570476	-0.0317057427562169	-0.0116525622937158	-0.00555985673485479	-0.0222354203892255	-0.0102440447651201
0.0524853032251064	0.0534926292924737	-0.0321178376777873	-0.0311125009156765	0.0169157652791757	0.00177914158229727	0.020888273765984	0.00537211744825452	0.00349975651872236	0.0293031914632847	-0.0390705489563106	-0.0317140757659466	-0.0116675561232932	-0.00556333941603773	-0.0222375172622522	-0.0102528024579945
0.0524642562637337	0.0534781984474597	-0.0321250936128311	-0.0311260153391678	0.0168965958643372	0.00176761646406251	0.0208802131681398	0.00536077114397539	0.00351746748223513	0.0293240316710212	-0.0390600799580014	-0.0317024221251812	-0.0116482805376685	-0.0055485565310486	-0.0222380006187261	-0.01024070178234
0.0524488894394206	0.0534756615244641	-0.032154251463473	-0.0310716670725247	0.0168697402433741	0.0017512885147379	0.0208635052391595	0.00534446554639524	0.0034926011665286	0.0293585092368435	-0.039055151398349	-0.0316747171379289	-0.0116716939899855	-0.00554329269522938	-0.0221989856487794	-0.0102349015046539
0.0524531656075317	0.05349451102996	-0.0321633639902906	-0.0310092316653409	0.0168813254319221	0.0017732225609687	0.0208724976253507	0.00536429852864724	0.00346560724414673	0.0293624277770433	-0.0390954669604262	-0.0316845449205691	-0.0116818570487925	-0.00554746548652238	-0.0222388094724786	-0.0102463162611504
0.052441446308517	0.0534941464171286	-0.0321861026993218	-0.030947972518709	0.0168700531677965	0.00176521365153356	0.0208625888176368	0.00535485910756696	0.00344318145953791	0.0293969095338177	-0.0391025818000831	-0.0316636977279124	-0.0117016229758111	-0.0055435832679073	-0.0222364695242309	-0.0102463679495594
0.0524059978387949	0.0534847600814414	-0.0322198300847209	-0.0308526185798786	0.0168400361719771	0.00176248813569404	0.0208490450574809	0.00534933962367053	0.00343949481868682	0.0294207602421356	-0.0391107611415698	-0.0316563426070026	-0.0116952066281684	-0.00552637102769268	-0.0222556235722451	-0.0102351683286033
0.0524047796687221	0.0535043513854565	-0.0322409189556144	-0.0307346348967713	0.016845188249074	0.00178764502407849	0.0208455023059848	0.00536718749161809	0.0033841183717988	0.0294597528603378	-0.0391608178732774	-0.0316498270734938	-0.0117369261591942	-0.00553089725594488	-0.0222918892776238	-0.0102526138651507
0.0523700213091101	0.0534884802499092	-0.032272413960536	-0.0306564275399062	0.016825696130925	0.0017705221908417	0.0208404494147538	0.00535585376019523	0.00337528803575492	0.0294925414724697	-0.0391622274301621	-0.031627499077767	-0.0117428507684589	-0.00551692881264434	-0.0222999596543562	-0.0102405453201288
0.052328878732488	0.0534596311327375	-0.0322756479785619	-0.0306333535547082	0.0168148625197843	0.00175568761744352	0.0208454184869431	0.00534747884094463	0.0033985855383975	0.0294953647771913	-0.0391623769074532	-0.0316293919911256	-0.0117051587423871	-0.005495017118158	-0.0223228408557583	-0.0102221204977775
0.0523342431511573	0.0534679683334194	-0.0322755138680951	-0.0305940815397002	0.0168257701710785	0.00176632704780424	0.0208485700829113	0.00535702303582705	0.00337451270961913	0.0294756728903261	-0.0391613934306971	-0.0316277379620359	-0.0117360265014799	-0.00551564777829024	-0.0223018302159703	-0.0102378561258741
0.0523509147585529	0.0534745369523212	-0.032257635266499	-0.0306275225433734	0.0168493484675108	0.00177910945166462	0.0208566809721805	0.00537264411123325	0.003385797546601	0.0294466575320551	-0.0391684593759131	-0.0316517912330379	-0.0117239370016977	-0.00552295959269519	-0.022324497678816	-0.0102388871000871
0.0523382720530953	0.0534543617089822	-0.0322503625676468	-0.0306735140515583	0.0168357893405306	0.0017515581326554	0.02085174961856	0.00535293825452784	0.00341656192887568	0.0294394686522446	-0.0391324199819469	-0.0316412328277508	-0.0117068742387741	-0.0055174079781661	-0.0222923921918741	-0.0102264958517546
0.0523588691856109	0.0534571221494224	-0.0322301007112981	-0.030736043056672	0.0168497703566873	0.00175407270390662	0.0208601650503475	0.00534961902047622	0.00343396276193413	0.0294004983857868	-0.0391196012565018	-0.0316549232712297	-0.0116963577430079	-0.00552917617162182	-0.0222736949576372	-0.0102241824462035
0.0523920810839034	0.0534717373963281	-0.0321982522694173	-0.0308184567324468	0.0168794506793559	0.001769604372335	0.0208747132420198	0.00536302727318135	0.00344187248550325	0.0293760651351291	-0.0391198499196589	-0.0316801611846878	-0.0116895656066615	-0.00553885727093903	-0.0222850524377885	-0.0102383562461562
0.0524057338088135	0.0534551258592458	-0.0321697803379333	-0.0309478998755395	0.0168867331570963	0.00174990829451779	0.020877570074358	0.00534833798612213	0.00349233853353125	0.0293382194408142	-0.0390754188426338	-0.0316827805297411	-0.0116585232245652	-0.00554105193284773	-0.0222528477649805	-0.0102256646462577
0.0524356781614635	0.0534613773627731	-0.0321325493165909	-0.031049495539009	0.0169133470998224	0.00176199360334797	0.020891510577978	0.00536019977750775	0.00351184462152059	0.0293001027315977	-0.0390697037809734	-0.0317058545149391	-0.0116454991424679	-0.00555350883942948	-0.0222463503922642	-0.010233092410337
0.0524458509991587	0.0534624977439639	-0.0321269585865091	-0.0310972360711975	0.0169083431030325	0.00175254160941143	0.0208910886888014	0.00535164185334943	0.00351850823533633	0.0292986079586873	-0.0390543006350757	-0.0317044212093259	-0.0116427694356763	-0.00555136027799372	-0.0222198160776277	-0.0102322178983352
0.0524845516476991	0.0534939117238118	-0.0321153035487596	-0.0311105255802602	0.0169235967716392	0.00177389730425445	0.0208965522933367	0.00536758842603426	0.00349138299645579	0.0292942814991512	-0.0390727310453631	-0.0317112510642411	-0.0116706546338683	-0.00557544567962834	-0.0222163864818378	-0.010253464628424
0.0524652131977931	0.0534804964861866	-0.032130194001519	-0.0311111779718015	0.0169021572577545	0.00176209139222996	0.0208868921487799	0.00536020815941192	0.00350237586377571	0.0293250780120585	-0.0390671249484569	-0.0317024486678778	-0.0116553702316129	-0.00555593679767094	-0.0222206598559809	-0.0102416000430703
0.0524730321174004	0.0534928081064293	-0.0321456208961452	-0.0310724912931015	0.0168999402441013	0.00177426890200602	0.0208835798996484	0.00536809413425256	0.0034790811551012	0.0293393342340689	-0.0390860834187071	-0.031698630710528	-0.0116721158791621	-0.0055581538113241	-0.0222295376894817	-0.0102475050945586
0.0524553141689675	0.053497061922796	-0.0321752076208839	-0.0309853572082945	0.016875427365354	0.00176734684614501	0.0208689911954392	0.00535889220045712	0.00345032144490736	0.0293722206350828	-0.0390983698932373	-0.03167801541722	-0.0116986627666548	-0.00554860263152154	-0.0222267143847602	-0.0102346458565767
0.052431232958285	0.0534839777703855	-0.0321968524914208	-0.0309236747755021	0.0168579175675413	0.00175654257166893	0.020861271461698	0.00535032310042656	0.00344519451352292	0.0294032811779715	-0.0391020663129766	-0.0316590024645928	-0.0116991852386815	-0.00554259839416724	-0.0222274156707425	-0.0102389457734163
0.05239613373457	0.0534800368784412	-0.0322366455814714	-0.0307944886774705	0.0168313790619527	0.00175684851117116	0.0208475852091712	0.00535241717948522	0.0034206229614464	0.0294352371876224	-0.0391222345713955	-0.031641977420238	-0.011715017258676	-0.00553149656209309	-0.0222434488564371	-0.0102349517960789
0.0523934794649159	0.0534990190974199	-0.0322549237204997	-0.0306868370882377	0.0168388277807924	0.00178025637555198	0.0208511000209868	0.00537175702637517	0.00337809317968406	0.0294567898572135	-0.0391690111846043	-0.0316471574370155	-0.0117408279355857	-0.0055341284800027	-0.0222850398649323	-0.0102513970920619
0.0523607006316722	0.0534827358515842	-0.0322746267832371	-0.0306286443215483	0.0168258525931361	0.00176973987978576	0.0208396447519535	0.00536032410908628	0.00337767967241164	0.0294821926147869	-0.0391712351831776	-0.0316337128627256	-0.0117346923817327	-0.00551471598994327	-0.0223081403928268	-0.0102331021892252
0.0523251054786271	0.0534549638090985	-0.0322862161627371	-0.030603643895375	0.0168106645827788	0.00175126616299345	0.02083476089579	0.00535157340113203	0.00339644396188187	0.029489021072718	-0.0391594669897219	-0.0316229728495148	-0.0117163527754072	-0.00550024323540845	-0.0223079727547434	-0.0102169307021118
0.0523739845527988	0.0534929799354649	-0.0322545032283072	-0.0306065761648507	0.016863499915719	0.00180124047264343	0.0208631657720406	0.00539066241123228	0.00336376152053612	0.0294404241893201	-0.0391936917014351	-0.0316616455583746	-0.0117438943155282	-0.00553585375527784	-0.0223428009635569	-0.0102507530824248
0.0523389481933651	0.0534551496079742	-0.0322689983345864	-0.0306368739544599	0.0168335597540211	0.00175565408982683	0.020847575430283	0.00535386026398662	0.00340337998758316	0.0294507842228751	-0.0391459148476618	-0.0316364216147568	-0.0117164128457204	-0.005512395599472	-0.0223015955226535	-0.0102202988306044
0.0523516649389762	0.0534503872894212	-0.0322380649172443	-0.0307096749831349	0.0168505009793342	0.00176240291966831	0.0208534748938352	0.0053556023030701	0.00343029009092332	0.0294210550057656	-0.0391379366718753	-0.0316559807881392	-0.0116903968121584	-0.00551782847035866	-0.0223072519109847	-0.0102182438670986
0.0523770830633739	0.0534570746519655	-0.0322155078161368	-0.0307686346940559	0.0168657043565159	0.00177373944505923	0.0208602069598683	0.00536570948251599	0.00344135839538078	0.0293842905770887	-0.0391268907191623	-0.0316694099956048	-0.0116901467520173	-0.00553103416037967	-0.0222942613565041	-0.0102292814379074
0.0523833122151568	0.0534423378674493	-0.0321994438967936	-0.0308450846450132	0.0168621881477163	0.00174458578536937	0.0208536509138228	0.00534301547697371	0.00346388196887159	0.0293833448189014	-0.0390954487996338	-0.0316571235210745	-0.0116844763938458	-0.00552482736034124	-0.0222564938932948	-0.0102134186842643
0.0524345326345602	0.0534607012225033	-0.0321451612883999	-0.0309661067683824	0.0169041102414263	0.00176927468410428	0.0208746517747225	0.00536582682917438	0.00349266123684183	0.0293120553269452	-0.0390878142819183	-0.031700741553395	-0.0116587369631215	-0.00555369324132124	-0.0222651761490317	-0.0102363837047081
0.0524525257888467	0.0534584213445689	-0.0321247988492011	-0.0310624427869848	0.0169086923490396	0.00176297149216789	0.020879189178847	0.00536095414888312	0.00351604116154208	0.0292950903529036	-0.0390612604095054	-0.0317046978121636	-0.0116470693525159	-0.00555798477625666	-0.0222388457940633	-0.0102367860361083
0.0524834815579333	0.0534816657618184	-0.0321190334961156	-0.031093088425617	0.0169180339812379	0.00177716345291298	0.0208830546336537	0.00536969228398112	0.0034992089009832	0.029289657482017	-0.0390656651001471	-0.031710510662706	-0.011669266031744	-0.00557260421411446	-0.0222240950397068	-0.0102476950843865
0.0524578706497396	0.0534639673711619	-0.0321281488169013	-0.0311235049588686	0.0168921101486218	0.00175372066393145	0.0208715700279558	0.00534761295141136	0.00352873974636075	0.0293171766703935	-0.0390542838712673	-0.0316985259367258	-0.0116338790293192	-0.00554430271468195	-0.0222288294185793	-0.0102212934832327
0.0524570715748753	0.05347271249118	-0.0321422471797165	-0.0310878930420152	0.0168778106201065	0.00175064171113273	0.0208696757176132	0.00534679152480263	0.00350375608399583	0.0293378799736953	-0.0390559099606764	-0.0316800578078697	-0.0116601143893736	-0.00555057796693778	-0.022204907464076	-0.0102346318867364
0.0524688956476922	0.0534929408199121	-0.0321585863049133	-0.0310423178350708	0.0168904840592127	0.00177357460094387	0.0208800916305294	0.00537008204252505	0.00347096607487989	0.0293458371947214	-0.0390872024029139	-0.0316900713893856	-0.011683159037907	-0.00555824461528595	-0.0222296061416991	-0.0102436843432408
0.0524515828246275	0.0534934646889227	-0.0321717864069982	-0.0309846182037435	0.0168822907478858	0.00177568544381087	0.0208772180343828	0.00537246110632552	0.0034539661762376	0.0293796204594815	-0.0391089855748696	-0.0316844066191502	-0.0116916876254007	-0.00554918237989335	-0.022255032648001	-0.0102405900236177
0.0523998553000218	0.0534641336122612	-0.0322148191030108	-0.0309112206628884	0.0168367546564942	0.00174201812872507	0.020853810170002	0.00534216890465246	0.00346261071340569	0.0294198256598205	-0.0390913556364305	-0.0316474871252462	-0.0116816572800764	-0.00552055538318222	-0.0222354134043054	-0.0102186685502432
0.0524056150651711	0.053495195552134	-0.0322359261346967	-0.030772177445552	0.016843520250144	0.00177676810643293	0.0208520150455254	0.00536806759155602	0.00339729193118714	0.0294443385385678	-0.0391486054389006	-0.0316490140287893	-0.0117317768760654	-0.00553435339443129	-0.0222647235262064	-0.0102462352360767
0.0523751524314466	0.0534864811657645	-0.0322675734108774	-0.0306739387347029	0.0168286367823049	0.00177589918236723	0.0208390538277094	0.00536183424882105	0.00337758048654562	0.029481065248676	-0.0391655676189742	-0.0316351308015145	-0.0117370714455332	-0.00551895024853352	-0.0222921239709406	-0.0102353471425589
0.0523070243143468	0.0534381566942521	-0.0322995587571929	-0.0306177017456534	0.0167879566073962	0.00172516072245368	0.0208156068477758	0.00532133288786803	0.00340382143453615	0.0295216336648624	-0.0391368679790936	-0.0315939141847389	-0.0117070083492408	-0.00548718841966252	-0.0222707333514969	-0.0102077203864122
0.0523607076165924	0.0534838380719826	-0.0322734798593497	-0.0305785023738149	0.0168382424444845	0.00178268852474553	0.0208459102253211	0.0053681989080547	0.00335888884024487	0.0294675592070889	-0.0391847510036529	-0.0316373045086628	-0.0117478282225523	-0.00553084696451986	-0.0223031266171487	-0.0102501942888134
0.0523305201887214	0.053451013138266	-0.0322765099177074	-0.0306074381039963	0.0168234106650544	0.00176012304173387	0.0208379851349276	0.00534887442798905	0.00339723186087392	0.0294700053261227	-0.0391608025064531	-0.0316315056279606	-0.0117087922978452	-0.0055040597957742	-0.0223125716261651	-0.0102174839077871
0.0523662033517603	0.0534711841906529	-0.032238591580223	-0.0306511706890071	0.0168653746682852	0.00179075471052583	0.0208597655129153	0.00537447695427858	0.00339109491003691	0.0294262727411118	-0.0391740249602824	-0.0316623189046763	-0.0117153762835713	-0.00552816754915327	-0.0223335501353204	-0.010241926937333
0.0523483010014356	0.053440362532033	-0.0322437310844637	-0.030714000045687	0.01684175027138	0.00175436746753662	0.0208507815086283	0.00535369122891918	0.00342580856616003	0.0294225190450274	-0.0391219216469731	-0.0316418433097712	-0.011701472101536	-0.00552181825674394	-0.0222736460631962	-0.010219149112749
0.0523854272489759	0.053459406218309	-0.0322106952061588	-0.030773746258616	0.016873020361873	0.00178232949985021	0.0208700710640932	0.00538109446762138	0.00343088241215139	0.0293769885415719	-0.0391343268651458	-0.0316772037694995	-0.0116971358631117	-0.0055399455214972	-0.0222905439820044	-0.0102356223484126
0.0523987656524796	0.0534425921185424	-0.0321842810321487	-0.0308931101619435	0.0168790497449398	0.00175617237090139	0.0208718312639691	0.00535558553926176	0.00346769014733316	0.0293582745435267	-0.0390961333218078	-0.031671532014344	-0.0116698723228124	-0.0055348549116975	-0.0222600617905035	-0.0102201158256967
0.0524571945094698	0.0534734612746193	-0.03213338471304	-0.031010366016372	0.0169247604593349	0.00179034958515758	0.0208980959606881	0.0053846889075266	0.00348226488170205	0.0292932994193792	-0.039096243683546	-0.0317177987283824	-0.0116636124373808	-0.00556500601798368	-0.0222733820332148	-0.0102443213679578
0.0524518356787366	0.0534579547519034	-0.0321355919478049	-0.0310741746588558	0.0168989274306807	0.0017612979053018	0.0208864786415075	0.00536245450972968	0.00350565039433842	0.0292991611643626	-0.0390540156503338	-0.0316978330326477	-0.0116585777069423	-0.00555726672646603	-0.022219978127775	-0.0102263226257351
0.0524783280838523	0.0534757970319148	-0.0321192025311831	-0.0311076519841137	0.0169161215101029	0.00178112949056977	0.0208945755609364	0.0053797603478742	0.0035011185781501	0.0292911871795281	-0.0390756018475416	-0.0317183016426327	-0.0116578792149281	-0.00556179854265434	-0.0222398432406596	-0.0102377387792157
0.0524599325981656	0.0534646211596872	-0.0321366145401138	-0.031112524664405	0.0168847620126321	0.00175363684488974	0.0208800469270404	0.00535537459467346	0.00351379201725626	0.0293257653282005	-0.0390511937425964	-0.0316938488341986	-0.0116536100317371	-0.00555301430708341	-0.0222088413711001	-0.0102282839913111
0.0524510575586328	0.0534670784545932	-0.0321546761466177	-0.0310761597731602	0.0168703660922189	0.00175345663395007	0.0208711495357632	0.00535481440407805	0.00350167597477746	0.0293478921582272	-0.0390626168809971	-0.0316837919461777	-0.0116569194869005	-0.00554539375920818	-0.0222128884338306	-0.0102250443853491
0.0524670502317906	0.053498337369214	-0.032162890412705	-0.031003103096408	0.0168778651024836	0.00178172041481381	0.0208723900575805	0.00537507626042679	0.00345714012395025	0.0293507420056453	-0.0390976979439197	-0.0316863959244068	-0.0116988848871153	-0.00555669256603034	-0.0222326809035457	-0.010241975831774
0.0524453187482439	0.0534901733945517	-0.0321893381143317	-0.0309426248638481	0.0168592628631607	0.00176971194010519	0.0208568276555035	0.00536309013746263	0.00344575749808639	0.0293926235868184	-0.0391044537586813	-0.0316650779481325	-0.0117058642193215	-0.0055432200520599	-0.0222367768607172	-0.0102354100068402
0.0524175983941672	0.0534806473604616	-0.0322198300847209	-0.0308527303386009	0.016834291773652	0.00176537151072878	0.0208463181446574	0.00536082842032056	0.00344092533033196	0.029410031404797	-0.0391106717345919	-0.0316581754500479	-0.0117016439305715	-0.00553097548705048	-0.0222544836332779	-0.0102275016802551
0.0523836558732278	0.0534737057468242	-0.0322554042830055	-0.0307391736978798	0.0168180965378101	0.00176690120823994	0.0208370743013411	0.00536103936490885	0.00340886035592679	0.0294633053907222	-0.039143273150864	-0.0316363280168269	-0.0117170568553575	-0.00551397838237624	-0.0222832405495036	-0.0102241838431876
0.052363146750706	0.0534708992059111	-0.0322781038764839	-0.0306468065109022	0.01680777981076	0.00176793916737308	0.0208316973098156	0.0053625243589311	0.00338388088451396	0.0294845493268429	-0.0391611447675401	-0.0316226166185876	-0.0117363813354232	-0.00551316394068765	-0.0222917914887418	-0.0102224082764874
0.0523609087822925	0.0534752550021118	-0.0322707752982706	-0.0306092583741854	0.0168231550169772	0.00177622887059794	0.0208321862542255	0.00537018821331122	0.00337641260789783	0.029477729250816	-0.0391758997128486	-0.0316360975144622	-0.0117358700392687	-0.00551412785966728	-0.0223210974196908	-0.0102289377798364
