0.0527126204662169	0.0536835578936109	-0.0315109431123368	-0.0313260047787136	0.0167543856842084	0.00138047586819242	0.0209465894672679	0.00504750306353009	0.00356743760093303	0.0292776434193723	-0.0391944223240819	-0.032003933188043	-0.0120003288947438	-0.00558063966624614	-0.0219143557409174	-0.00983958575824926
0.052732459036405	0.0537089843999129	-0.0315085836063127	-0.0313062332637588	0.01676997742295	0.00140793638323979	0.0209543133919613	0.00507170022388699	0.00353897405135322	0.0292840932946316	-0.0392210753823609	-0.0320187845252495	-0.01201909178723	-0.00559531218949702	-0.0219380583689282	-0.00986129908100356
0.0527028331961135	0.0536932166411837	-0.0315427468507286	-0.0312564880594895	0.0167424973501262	0.00139527551698989	0.0209454970257577	0.00506147569778272	0.00353342103984011	0.0293184157952268	-0.039217352419925	-0.0319964649114269	-0.0120212696853304	-0.00557370783149693	-0.0219371964297827	-0.00984740607484056
0.052673402933586	0.0536882168353458	-0.0315728253138453	-0.03117315377124	0.0167163304422892	0.00138075386801408	0.0209388208390857	0.00505435247622162	0.00350868464364822	0.0293606899289119	-0.0392297059496887	-0.0319731674087843	-0.0120379147500294	-0.00556292730574933	-0.0219331661308606	-0.00983839133690493
0.0526487531504039	0.053682677793673	-0.0315949940533929	-0.0310974218700733	0.0167087797436154	0.00138321675085625	0.0209335947218352	0.00505542955090756	0.00350079866880759	0.0293728981723366	-0.0392474490438341	-0.0319683352410299	-0.0120362341782432	-0.00555568114959373	-0.0219467294487929	-0.00983930356747551
0.0526311818852939	0.0536925768224987	-0.0316271163041432	-0.0309694385752903	0.0167046418769231	0.0014019670704862	0.0209334578174004	0.00506970952164644	0.00344773283350263	0.0294121450416321	-0.0392859862452431	-0.0319587938401155	-0.0120727373709068	-0.00555429813540556	-0.0219754095308971	-0.00984963286738192
0.052601779562447	0.053684051028973	-0.0316530317548551	-0.0308849140566485	0.0166934562258072	0.0014000573933193	0.0209283518407764	0.00506809041715746	0.00343639072017559	0.029441058420069	-0.0393060455389077	-0.0319506228805331	-0.0120708919550052	-0.00554011455656464	-0.0220066670485338	-0.009840947817677
0.052579295104509	0.0536715130973176	-0.0316669778464112	-0.0308331683712504	0.0166856792157208	0.00139071576112101	0.0209226088394354	0.00505955344775956	0.00343654857937081	0.029447094788056	-0.0393026019732776	-0.0319391773903879	-0.0120724775318775	-0.00553439111300005	-0.0220107336690406	-0.0098334809380449
0.0525691166788777	0.0536598371048077	-0.0316618453270907	-0.0308281923141411	0.0166948350490433	0.0014019279549334	0.0209267802337444	0.00506853046712643	0.00345001829937319	0.0294302331908325	-0.0393088017883959	-0.0319545861242218	-0.0120530398961055	-0.00553053264311345	-0.0220326020570221	-0.00983167882864819
0.0525678943178528	0.0536544796710586	-0.0316592678915582	-0.0308232008902074	0.0166941938333742	0.00139232368973776	0.0209264295907533	0.00506069198974276	0.00344618078424701	0.0294229982105491	-0.0392919862916453	-0.0319461078281531	-0.0120656392950582	-0.0055367841466408	-0.0220077622840121	-0.00983444346004051
0.0525786985923289	0.0536556056401856	-0.0316314539395516	-0.0308638056279785	0.0167169786428784	0.001402300949669	0.0209370326995293	0.00506608714206066	0.00345886260525734	0.0293920047228938	-0.0392970964592214	-0.0319693899639714	-0.0120489118083014	-0.00553994971244928	-0.022027244623273	-0.00982971886005627
0.0526085311862566	0.0536652099053812	-0.0316094668079277	-0.0309303314043977	0.0167319920302322	0.00140435032523874	0.0209404902349997	0.00506726479959664	0.00347179728037682	0.0293608617579474	-0.0392779703508878	-0.0319765942106061	-0.0120528303485012	-0.00556266606973601	-0.0219952215583887	-0.00984541676958403
0.0526116590334963	0.0536423426738194	-0.0315838754575104	-0.0310646667855581	0.0167296437000804	0.00137593986105202	0.0209358843786579	0.00504227415231158	0.00351694640719252	0.0293631625906423	-0.0392414489974319	-0.0319672749301523	-0.0120110339833539	-0.00554246148973244	-0.0219772968563195	-0.0098297942971938
0.052676888408737	0.0536705575602421	-0.0315295760853083	-0.0311770890752481	0.0167734601041329	0.00140069022708419	0.0209573490382551	0.00506065427117399	0.00353879104644549	0.0292797081617663	-0.0392310260995956	-0.0320091774660859	-0.012009864707722	-0.00558067598783088	-0.0219683938771062	-0.00985229551894016
0.0526872442513399	0.0536623391032027	-0.0315131405682135	-0.031281107109023	0.0167709413419296	0.00138746497928679	0.0209605746743768	0.00505408984322427	0.00357556665099462	0.0292690086610924	-0.0392019618468835	-0.0320156077835688	-0.0119833262021334	-0.00557572926738611	-0.0219527406710673	-0.00984361605717135
0.0526834053392297	0.0536532028276566	-0.0315142525675002	-0.0313222510826291	0.0167565524064365	0.00137305369204923	0.0209568475209889	0.00504280780021045	0.00358887152688164	0.0292801901212561	-0.0391857065407284	-0.032004225157705	-0.0119740222885039	-0.00556689474039015	-0.0219325738096325	-0.00983500504761995
0.0527192994468569	0.0536877111271275	-0.0315077957073207	-0.0313121508881034	0.0167647974061724	0.00138641724126544	0.0209588563840218	0.00505132102087986	0.00355473761913033	0.0292778403941203	-0.0391967063929685	-0.0320044514691176	-0.0120159569550701	-0.00559662535448377	-0.021908883754478	-0.00985841011803271
0.0526881648638147	0.0536657631110565	-0.031529363743736	-0.0313053545608049	0.01673326049173	0.00136440216996099	0.0209460278796885	0.00503652556303448	0.00357503440007977	0.0293101624135867	-0.0391883454435581	-0.031991709577794	-0.0119884852641505	-0.00556658321295181	-0.0219108940144949	-0.00983860507546128
0.0527106018242957	0.0536930727518288	-0.031536140513258	-0.0312534132976429	0.0167509365306421	0.0013978585404585	0.0209512987004279	0.00506215882297263	0.00353070669987281	0.0293138462604697	-0.0392211396436262	-0.0319968993734597	-0.0120264427171877	-0.0055838876541123	-0.0219298301330006	-0.00986272679868064
0.0526919283387874	0.0536921912549068	-0.0315618995017588	-0.0311756166540821	0.0167348111440016	0.00139469716560211	0.0209378778748665	0.00506033855278355	0.00350832282478485	0.0293527508686782	-0.0392376450099224	-0.0319818440765851	-0.0120407352607829	-0.00557278861600621	-0.0219462907958079	-0.00985609810946561
0.0526820013702811	0.0536947142080622	-0.0315773697028899	-0.0311240763253363	0.0167307403325427	0.00140513263629468	0.020936086941342	0.00506496256991774	0.00349739002777815	0.0293638121882155	-0.0392538528186205	-0.0319815786496197	-0.012043688485019	-0.00556657762501569	-0.0219659184214078	-0.00986177824652532
0.0526483047185307	0.053691907667149	-0.031627204314137	-0.0309930629721955	0.0166995470761713	0.00140194611572577	0.0209143931763641	0.00505931735745875	0.00346174877426014	0.0294113641275602	-0.0392697127782956	-0.0319550820535519	-0.0120711042965775	-0.00555217332269827	-0.0219687026105765	-0.00985148666518768
0.0526057944945448	0.0536763089434873	-0.0316538895030486	-0.0309028485376058	0.016681713178064	0.00139696447068029	0.0209063269905838	0.00505724143919247	0.00345122389658974	0.0294476885062681	-0.0392914582316826	-0.0319421599512887	-0.0120591656710703	-0.00552934939764135	-0.0220042614420368	-0.00984012918503633
0.0526049646860319	0.0536867667659243	-0.0316569991894959	-0.0308344326417962	0.0166939144365685	0.00141392665075381	0.0209102134001509	0.00506948740118592	0.00342006277085099	0.0294439082674871	-0.0393126504793943	-0.0319449790650581	-0.0120880916223635	-0.00554379141852753	-0.0220099862825854	-0.00985231367973253
0.0525767456086571	0.053661028732184	-0.0316640511648716	-0.0308157801110482	0.0166841579001138	0.00139983387587474	0.0209082129190222	0.00505798742866366	0.00344195630454496	0.0294436065189369	-0.0393015751900166	-0.031942419790318	-0.012065728702036	-0.00553063741691559	-0.0220179770312282	-0.00983535988156318
0.0525780964922126	0.0536583563017376	-0.0316573805661357	-0.0308169102711273	0.0166967293593859	0.001398815474518	0.0209136318200686	0.00505679021335128	0.00344462594102334	0.0294228962307151	-0.0392983691116713	-0.0319429911567856	-0.0120616732574014	-0.00553503093168508	-0.0220183919354846	-0.00983919460272129
0.0525973175954601	0.0536673850095135	-0.0316338679279528	-0.0308447395899581	0.0167172468638118	0.00140341853689176	0.0209220793824887	0.00506508131356017	0.00344379752949447	0.0293968326996961	-0.0392930060899861	-0.0319581470365104	-0.0120663461689766	-0.00555074560502119	-0.0220148394051003	-0.00985146710741128
0.0525810664802571	0.0536365605569256	-0.0316240569091209	-0.0309297446711057	0.0167101823155799	0.00137701972970602	0.0209188816860475	0.00504424809074379	0.0034952274965021	0.0293887846747082	-0.0392580270068976	-0.0319569861427827	-0.0120216887805389	-0.00553633012683155	-0.0219941877902076	-0.00983094960298534
0.0526370883337663	0.0536743210352148	-0.0315905656140227	-0.030991024772498	0.0167512508520485	0.00141348380681679	0.0209391631001727	0.00507570537709658	0.0034835682678006	0.0293366464367981	-0.0392703567879327	-0.0319903712670948	-0.0120359631633417	-0.00556660835866432	-0.0220073892892765	-0.00985894795688367
0.0526374780923102	0.0536468605201674	-0.0315634655208546	-0.0311137260706694	0.0167476172965905	0.00138112825973371	0.0209389940651052	0.00504728373703763	0.0035321930908791	0.0293335269714626	-0.0392309855870587	-0.0319853546974486	-0.0119981565845795	-0.00554849366676732	-0.0219859218357112	-0.00983897807019688
0.0526825447970682	0.0536633616955115	-0.031525730188278	-0.031217633742706	0.016771651009816	0.00139011924894086	0.0209518519061031	0.0050536595721435	0.00355291874592528	0.0292803577593395	-0.0392104834494571	-0.0320040351678771	-0.0120015261100562	-0.00557841706465686	-0.0219527909624923	-0.00985584804932452
0.0526942054227537	0.0536622818268575	-0.0315063582107554	-0.0312979281937096	0.0167719122458294	0.00138894997330904	0.0209529401566613	0.00505246794476723	0.00357700694152796	0.0292653751056343	-0.039193883088247	-0.0320146145279246	-0.0119810588970553	-0.00557833464259918	-0.0219433431595079	-0.00984961889754163
0.0527242699160302	0.053685327872375	-0.0315014617817356	-0.0313220890324818	0.016777881558583	0.00140057427740983	0.0209564954810137	0.00506375697270119	0.00355541655336816	0.0292664270346078	-0.0391986649645764	-0.0320171165263196	-0.0120084160352845	-0.00559299598997784	-0.0219252144977706	-0.00986419083794246
0.0527287235011129	0.0536952799865937	-0.0315106874642596	-0.031308895915317	0.0167657501492798	0.00139584129552141	0.0209539753218264	0.00505529124948874	0.00354636968479987	0.0292857445297533	-0.0392032191325091	-0.0320088631446794	-0.0120206815550544	-0.00559126931771866	-0.0219152400318074	-0.00986811915703048
0.0527055852546496	0.0536820659146686	-0.0315413806003488	-0.0312723103005958	0.0167376051120585	0.00137800041249399	0.0209374308399774	0.00504104899731862	0.00354594081070313	0.0293227101241303	-0.0392027762885721	-0.0319894883731888	-0.0120127061732359	-0.00556905587468217	-0.0219142160425146	-0.0098484538128619
0.0527010799811578	0.0536955537954633	-0.0315555641791897	-0.0311932647533136	0.0167329433763556	0.00139014718862142	0.0209364571421095	0.0050510723577228	0.00351834618518903	0.029340713057305	-0.039229722713497	-0.0319862822948435	-0.0120334611649467	-0.00556875552311606	-0.0219409389499949	-0.00985832350502295
0.0526966697025799	0.0537048227844921	-0.0315653165246924	-0.031137168859651	0.0167383231618492	0.00140446767189713	0.0209439603433264	0.00506360470144209	0.00349178532785598	0.0293514572614678	-0.0392536237132399	-0.0319847917128851	-0.0120563116327002	-0.00557611623196199	-0.0219573521153453	-0.00986441016443493
0.0526586004908205	0.0536990071399816	-0.0316087278033766	-0.0310203628340796	0.0167148049357301	0.00141011847229224	0.0209359765796037	0.00507238474606094	0.00346531667146881	0.0293882440418892	-0.0392715092997562	-0.0319752964124437	-0.0120736160738607	-0.00556259761751862	-0.0219716390710043	-0.00986070396580744
0.0526092548239833	0.0536735331362227	-0.0316507420980325	-0.0309140286007856	0.0166849723418024	0.00139070179128072	0.0209200691224717	0.00505947242268591	0.00344829162711401	0.0294374025128666	-0.0392839298847532	-0.0319453604416979	-0.0120694516644718	-0.00553377923399559	-0.0219836126211122	-0.00984279323357859
0.0526040524554613	0.0536804901166845	-0.0316575314404108	-0.0308381611921681	0.0166963996711552	0.00141111452190453	0.0209281883936451	0.00507469954859609	0.00342337501998246	0.029435508202524	-0.0393135180064759	-0.0319527979846654	-0.0120826336057643	-0.00554220025371912	-0.022015905303914	-0.0098510801428354
0.0525679990916549	0.0536520810494818	-0.0316739152690965	-0.0308078298749423	0.0166762831011454	0.00138290662040193	0.0209152914370944	0.00505089494075119	0.0034387083166788	0.0294469075921962	-0.0392908309858538	-0.0319311838477771	-0.0120684178962908	-0.00552617405294467	-0.0219944923327258	-0.0098382278897736
0.0525950405114937	0.0536715452279502	-0.0316527970615383	-0.0308065600164604	0.0167131369368001	0.00141332315365352	0.0209291900311935	0.0050780481193123	0.00342126976505158	0.0294140239851503	-0.0393179254910857	-0.0319557302541411	-0.0120766475292024	-0.00554940170638582	-0.022019932808868	-0.00985658286292349
0.0526037129883424	0.053669913550605	-0.0316363238258748	-0.0308513305606044	0.016725206878806	0.0014153348106545	0.0209308664120276	0.00507862926466814	0.00344373326822916	0.0293920522203508	-0.0393078225025919	-0.0319671072920689	-0.0120642199592853	-0.00554732299415147	-0.0220325838962297	-0.00985273836287718
0.0526004161060352	0.0536507022262457	-0.0316218063678511	-0.0309260189147018	0.0167228711215104	0.0014007055939085	0.020925580224464	0.00506522939386718	0.00348051306373037	0.0293805075443396	-0.0392758483321486	-0.0319684595726084	-0.0120360679371438	-0.00554315439381056	-0.0220139313654818	-0.00984123839035492
0.0526140688309454	0.0536540731487063	-0.0316075724975851	-0.0309781250219792	0.0167253032707039	0.00139822035932188	0.020930247548103	0.00506196184822462	0.0034942998991072	0.0293464616465821	-0.0392540595722567	-0.0319742975688633	-0.0120309759303601	-0.00555082523311081	-0.021987381684021	-0.00984139904351819
0.0526110653152842	0.0536329423682919	-0.0315790377018199	-0.0310822254778118	0.0167297652376908	0.00137248511954965	0.0209294345033985	0.005043423870167	0.00353376469791111	0.0293457380088553	-0.0392295927939824	-0.031970550857699	-0.011994595672291	-0.00553672966426369	-0.0219800586937438	-0.00982582825953702
0.0526692217603888	0.053661862731649	-0.0315367509952785	-0.031182922880551	0.0167700626389757	0.00139324709618057	0.0209543762562425	0.00506315766655298	0.00353934984005688	0.0292778976704654	-0.039217793866878	-0.0319987392014252	-0.0120102893908667	-0.0055776137988405	-0.0219524123798206	-0.00985265314685144
0.0526962939138763	0.053670405288983	-0.0315141715424265	-0.0312718115772976	0.0167740454404408	0.00139278190049909	0.020958426112941	0.00506405592728328	0.00356137049929744	0.0292545442884617	-0.0392003106117619	-0.0320111625803903	-0.0120011656881768	-0.0055847174626252	-0.0219386171625396	-0.00984996674656472
0.0527153459820564	0.0536789520372691	-0.0315088210935975	-0.0313204852948171	0.0167748137816565	0.00139831116328373	0.0209573839628558	0.00506623242839961	0.00356361405564714	0.0292594253506571	-0.0391983129246012	-0.0320196031578902	-0.0119969775300595	-0.00558251860976441	-0.0219357701090896	-0.00985159004200578
0.0527107513015868	0.0536760113858892	-0.0315141980851231	-0.031323671815386	0.0167566292405581	0.00138338997687578	0.0209468213666167	0.00505546866646035	0.00356731187237046	0.0292797528652552	-0.0391894071514198	-0.0320041036200945	-0.0120005216785397	-0.00557732322616258	-0.0219178118794038	-0.00984909921948305
0.0527152146655577	0.0536876273080858	-0.0315247327416817	-0.0312968343552154	0.0167498273253235	0.0013866016431572	0.0209432381025837	0.00505470172222873	0.00354678598604035	0.0292998848020893	-0.0391987795172667	-0.0319937393955874	-0.0120226792422151	-0.00557844779830549	-0.0219099734020201	-0.00985869510277452
0.0527217371839866	0.0537008553498513	-0.0315353093077611	-0.0312564936474256	0.0167578697623753	0.00141151964727278	0.0209460949349219	0.00507354005185247	0.00352554763785572	0.0293095142129975	-0.039229673819056	-0.0320026619325771	-0.0120308865233822	-0.0055793907625247	-0.0219481990759908	-0.00986406371239587
0.0527029240000753	0.0536978672010144	-0.0315598445382529	-0.0311855869290932	0.0167462761919232	0.00140736920772424	0.0209450737395971	0.00507213887687193	0.00349857606721831	0.0293460215966131	-0.0392432790465091	-0.0319896238806395	-0.0120510408119608	-0.0055682079053769	-0.0219568645679193	-0.00986179920128575
0.0526588379781053	0.0536762893857109	-0.0315917712112392	-0.0311196800165987	0.0167179481497941	0.00138887593315553	0.0209452888751374	0.00506090991925119	0.00350053463882621	0.0293721424039772	-0.0392429745039909	-0.031969716858234	-0.0120424661239941	-0.00555341943245166	-0.0219532296154773	-0.00984756952197189
0.0526373383939074	0.053685031711761	-0.0316334767724248	-0.0309758884505497	0.0167036234755663	0.00139679124466076	0.020944531709794	0.00506819938191168	0.00344278052512175	0.0294129371315762	-0.0392758287743722	-0.0319499104186786	-0.0120884632201151	-0.00555290254836113	-0.0219574513012113	-0.00985731208858634
0.0526143566096552	0.0536773608724607	-0.0316588054898447	-0.0308847645793575	0.016696734947322	0.00140210676888904	0.0209326810942806	0.0050669434932701	0.00342963350842995	0.0294416772839936	-0.0393006657534141	-0.0319466959584291	-0.0120870145476776	-0.00553750638738351	-0.0219957216786708	-0.00985032018352392
0.0525827372731551	0.053654548123276	-0.031670308256335	-0.0308435842841666	0.0166911106896234	0.00139409087453376	0.0209251345865589	0.00506426966583963	0.00344016956197257	0.0294507381224022	-0.0393026690285109	-0.0319385738932877	-0.0120669342992525	-0.00552343875821695	-0.0220188920557668	-0.00983839832182507
0.0525788494666039	0.0536509061859138	-0.0316682057953722	-0.0308174536979143	0.0166977729064551	0.0014012895332324	0.0209290251870781	0.00507158008326055	0.00343558885134326	0.029433103993011	-0.0393040534396831	-0.0319441157289285	-0.0120735937221162	-0.00553168515493693	-0.0220154931936256	-0.00984351547432131
0.052582684187762	0.0536523045669263	-0.0316590066555448	-0.030822984357683	0.0167086707788611	0.00140335846657854	0.0209343127716259	0.00507315727822867	0.00343629432827763	0.0294172021238151	-0.039301738637148	-0.031951255714298	-0.0120743858120603	-0.00553846751239509	-0.0220153465103026	-0.00984479930264346
0.0525728591990899	0.0536353717235174	-0.031644825870672	-0.0308560104570997	0.0167072947495931	0.00138852668714842	0.0209322214865353	0.00506203588837813	0.00346223213073398	0.0294039573182413	-0.0392807182184718	-0.0319535928685776	-0.0120533653933841	-0.00553266863169296	-0.0220084300423777	-0.00983488770096156
0.0526095887031661	0.0536518505471171	-0.0316134607852651	-0.0309319784485672	0.0167355976460096	0.00140301620549157	0.020940407812942	0.00506957401419568	0.003470038477485	0.029367127231315	-0.0392750576391885	-0.0319775036472087	-0.0120523539769475	-0.0055524443375998	-0.0220011154340047	-0.00984328636894064
0.0526175529091123	0.0536446602703226	-0.0315968017507257	-0.0310015971476253	0.0167387115234091	0.0013989775246653	0.0209431640624302	0.00506392600776863	0.00349762751506299	0.029349990428238	-0.0392566104650927	-0.0319842692408585	-0.0120303975789723	-0.00554747526541058	-0.0219952746437817	-0.00984218414854219
0.0526752134248869	0.0536672285473023	-0.031547232566444	-0.0311181908316244	0.0167787141610639	0.00141425913295259	0.0209597867753848	0.00507551957822079	0.00350441546045726	0.0293038717945065	-0.0392499119266763	-0.0320026940632098	-0.0120378253430516	-0.00557705360824509	-0.0219832340384405	-0.00986286649708349
0.0526737172549924	0.0536480744992881	-0.0315263546401387	-0.0312426439477675	0.0167715629998223	0.00139307107619299	0.0209572624252453	0.00505974064361938	0.00356434188432597	0.0292794427348009	-0.0392031506802917	-0.032010068741896	-0.0119909076344559	-0.00556516108321084	-0.0219667594057929	-0.00984216738473384
0.0527084825995246	0.0536699205355251	-0.0315074590341698	-0.031302560592748	0.0167799756376416	0.00140340596403551	0.020959751850784	0.00506828739190547	0.00356309856854064	0.0292592898432064	-0.0391965932372622	-0.0320203421624413	-0.0120046232236473	-0.00558361524222675	-0.02194187353231	-0.00985514536635821
0.0526998715899732	0.0536616895056295	-0.0315187969565447	-0.0313230403786052	0.0167523432935587	0.00137624300658619	0.0209422448469394	0.0050463547426587	0.0035705584632526	0.029284944057905	-0.0391768622348442	-0.0319971466396328	-0.0120021030644599	-0.0055664993939101	-0.0219078597651851	-0.00984194107332123
0.0527044341398101	0.0536682190089785	-0.0315188388660656	-0.0313263009393276	0.0167518543491488	0.00138035852153403	0.0209466732863096	0.00504725160640497	0.00357261761771054	0.0292878972821411	-0.0391878341474037	-0.0320009659939666	-0.011994545380866	-0.00556835179473183	-0.0219180493666887	-0.00984441932298772
0.0527197143511134	0.0536890871563956	-0.0315286820155301	-0.0312897642190473	0.0167575456620807	0.00139780685204945	0.020947916602095	0.00505971549790686	0.00353731583131144	0.0292984389236199	-0.0392086072999069	-0.0320020696113491	-0.0120257120945408	-0.00558013954596395	-0.0219167613474144	-0.00985580474281964
0.0526926072730252	0.0536793473837492	-0.0315511175790271	-0.0312338122147396	0.0167379934736184	0.0013968960184629	0.0209407249283165	0.00505800000151992	0.00353068295114433	0.0293282840904038	-0.0392202022673431	-0.0319918492761969	-0.0120176375268564	-0.00555905626300648	-0.0219418791202461	-0.00984898187282466
0.0526996871880814	0.0536966420460215	-0.0315698315770723	-0.0311595429558507	0.0167345680687807	0.0014038865265413	0.020938394758957	0.00506908087883364	0.00348751614466502	0.0293539383051024	-0.0392433642625349	-0.0319762533465032	-0.0120604243536799	-0.00556820371442482	-0.02194197411516	-0.00986411959175701
0.0526362068368443	0.0536641635643439	-0.0316184256665022	-0.0310682598284793	0.0166891926305524	0.00137569957979912	0.0209248482048331	0.00504695125483885	0.00350179751238793	0.0293869504346788	-0.0392354084384928	-0.0319561605252219	-0.0120392586486648	-0.0055343198668146	-0.0219460435296349	-0.0098279335144679
0.0526531578410456	0.0537005158827324	-0.0316335717673387	-0.0309492060556061	0.0167109045563226	0.00142088083724747	0.0209397428485445	0.00508656692791783	0.0034270393090891	0.0294127750814289	-0.0392945651241619	-0.0319626565009542	-0.0120965154360551	-0.00556035126720086	-0.0219818426423481	-0.00987287449066335
0.0525872928380719	0.0536625235050945	-0.0316767497496903	-0.0308756185249232	0.0166707440594726	0.00138885637537913	0.0209146921309462	0.00505776111725105	0.00344112649603206	0.0294601887193547	-0.039285194155299	-0.0319322972440478	-0.0120718111704959	-0.00551597746652096	-0.0219936611272289	-0.0098318758033962
0.0526050079925368	0.0536780258368583	-0.0316611803626931	-0.0308279743846326	0.0166965281936858	0.00141540046890384	0.0209267969975528	0.00507661621068313	0.00341885437966637	0.0294350555796988	-0.0393145070711681	-0.0319483332237104	-0.0120905517112376	-0.00553686377473042	-0.0220189283773516	-0.00985394675406179
0.0525746361627741	0.0536510291205083	-0.031677716462638	-0.0308154085132967	0.0166772428291729	0.00139218119736686	0.0209145300807989	0.00505840372990414	0.00343727640804963	0.0294447157242555	-0.0392880160630364	-0.0319340462680514	-0.0120761529968563	-0.00552121336265962	-0.0220043284972702	-0.00983313308902182
0.0525890711987402	0.0536595185924493	-0.0316557041853016	-0.0308321988643347	0.0167052677257678	0.00140873964905616	0.0209282051574534	0.00507388929785959	0.003439797964221	0.0294111168613871	-0.0392961339372258	-0.0319554187267028	-0.0120728938331179	-0.00553471800726271	-0.0220224376012311	-0.00984610129175798
0.0526062499113381	0.0536640685694299	-0.0316243321149745	-0.0308917089869629	0.016728548464602	0.00141322257080347	0.0209348561984129	0.00507309720791545	0.00345903303730882	0.0293845755618305	-0.0392899299311554	-0.0319767967732903	-0.0120593361031218	-0.00554136625425413	-0.0220327738860576	-0.00984740747182459
0.0526178979641674	0.05365680704645	-0.0316064255736977	-0.0309690208770658	0.0167355473545846	0.00141197366708203	0.020936334207515	0.00506894257741482	0.00348447211646701	0.0293542023350838	-0.0392627474159297	-0.0319804820171573	-0.0120428824252346	-0.00554842661153395	-0.0220107322720566	-0.00984546007608892
0.0526178951701993	0.0536460977668879	-0.0315929949692482	-0.0310284569595405	0.0167305824733475	0.00139489414035012	0.0209353479367909	0.00505624399259615	0.00350304362214131	0.0293503326893249	-0.0392449805730558	-0.031972661700566	-0.0120324022510531	-0.00554380259439976	-0.0219815213360216	-0.00983761740775316
0.0526520025352541	0.0536495608902944	-0.0315548195867025	-0.0311459167736371	0.0167576490388988	0.00139145057471998	0.0209463212463345	0.00505572850548965	0.00353907323721924	0.0293003080882499	-0.0392194786296163	-0.031991952653015	-0.0120126670576831	-0.00556061250321418	-0.0219652730147866	-0.00984137389780568
0.0526849168759485	0.0536594976376888	-0.0315264650018769	-0.0312370099111807	0.016770469161328	0.00139269249352127	0.0209538216535832	0.00505705983126877	0.00355933649055201	0.0292665918787231	-0.0392021211030628	-0.0320111849321347	-0.0120058148510235	-0.00557244635491924	-0.0219466414387991	-0.00984270242961674
0.0527042609137906	0.0536640448207015	-0.0315089538070802	-0.0313122361041291	0.0167805595769655	0.00140193354286951	0.0209596428860298	0.0050654068108388	0.00357266790913557	0.0292573256836624	-0.0391967692572497	-0.0320231556882746	-0.0119925951911623	-0.00557228011381985	-0.0219510349535686	-0.0098488170287093
0.052714641902106	0.053672861186905	-0.0315193152376193	-0.0313219940375679	0.0167627550155228	0.00138593947272771	0.0209501531735245	0.00505323488899885	0.00355790318493881	0.0292764909075488	-0.0391873717456903	-0.0320030516911211	-0.0120143113078846	-0.00557571250357777	-0.0219058970026251	-0.00984632620618656
0.052708503554285	0.0536720872577533	-0.0315225702104056	-0.0313254054725653	0.0167594329875032	0.00138941237502245	0.0209486863402946	0.00505742304711617	0.00356327598551225	0.0292889268593701	-0.0391967287447129	-0.0320051890766846	-0.0119974497106611	-0.00556716575529167	-0.021928620344832	-0.00984461909170379
0.0527144072087893	0.0536852552292055	-0.0315367607741667	-0.0312758935646288	0.0167509421185782	0.0013963218580272	0.0209436376400158	0.00506352786732052	0.00353212044770961	0.0293093814995148	-0.0392104499218404	-0.0319953068116673	-0.01202547600424	-0.00557357791198229	-0.0219198109635485	-0.00985831791708683
0.0526910943393224	0.0536801143279808	-0.0315664885942922	-0.0312008587584923	0.016733060723014	0.0013916726951805	0.0209397484364806	0.00505793993120669	0.0035148201975012	0.0293396234097628	-0.0392259843842369	-0.0319825663173278	-0.0120309968851205	-0.00555661293794071	-0.0219367759375901	-0.00984779024544838
0.0526833229171721	0.0536834517228248	-0.0315824184031687	-0.0311379763164194	0.0167286197107875	0.00139563593886923	0.020936380307988	0.00505850570973822	0.00349269895541059	0.0293613786420379	-0.0392449316786148	-0.0319745350561482	-0.0120493183306537	-0.00555785765071007	-0.0219388923683932	-0.00985406410072018
0.0526823338524799	0.0537076754258782	-0.0316053792326604	-0.0310314981937704	0.0167341350037318	0.00143038731356112	0.0209407780137095	0.00508581395352649	0.00345366722165551	0.0293706043245619	-0.0392852151100594	-0.0319881975599465	-0.0120746037415688	-0.00556488168640515	-0.0219847190324627	-0.00987090055223114
0.0526054410575856	0.0536605998580873	-0.0316594732482103	-0.0309308510824562	0.0166816950172716	0.00139048665574034	0.0209127908356834	0.00505297644695359	0.00345641369225546	0.0294468656826753	-0.0392766795376455	-0.0319417087254475	-0.0120618883929418	-0.00551680587804984	-0.0219862864485427	-0.00983357593295884
0.0526076175587019	0.0536757627227322	-0.0316653880785868	-0.0308398934523634	0.0166948909284044	0.00140991870357617	0.0209184318571904	0.00507205086687814	0.00341493723645058	0.0294504056402034	-0.0393091705921794	-0.0319409850877208	-0.0121001685492895	-0.00553648938301079	-0.0219969174969992	-0.0098550028739873
0.0525809812642314	0.0536571954080099	-0.0316762663932164	-0.0308016873361692	0.0166857560498424	0.0013991297959244	0.020912180353663	0.00506246895342695	0.00342582952092046	0.0294464116628661	-0.0393004240751772	-0.0319361501259983	-0.0120867281659517	-0.00552573120900765	-0.0220026772621485	-0.00984028844121557
0.0525858860751553	0.0536552605851305	-0.0316605433379761	-0.0308223305691577	0.0167043848318618	0.00141158949647421	0.020923030728612	0.00507942135461227	0.00343585288132463	0.0294276236246674	-0.0393093102905822	-0.0319548487572192	-0.0120711392211782	-0.00552670490687548	-0.0220333564283975	-0.0098448160664518
0.0525972253945143	0.0536599167328974	-0.0316451360011263	-0.030849346843284	0.0167173781803105	0.00141888315008678	0.0209280668560346	0.0050839880954013	0.00343767035754566	0.0294025296005642	-0.0393012343259137	-0.0319654141474264	-0.0120755578816602	-0.00553630917207112	-0.0220260404230404	-0.00984661957283254
0.0525712987679301	0.0536242223939863	-0.0316422288773631	-0.0309155513133766	0.0166932396932828	0.00137605860469444	0.0209151042412346	0.00505035011698009	0.00348881254584343	0.029408655375529	-0.0392556577219853	-0.0319468160990555	-0.0120392348999363	-0.00551630296379959	-0.0219910585459839	-0.00982089131798045
0.0526089349146408	0.0536457652846891	-0.0316103371289774	-0.030961376580462	0.0167158554677195	0.00139554513490738	0.0209319532656018	0.00506268408896733	0.00348771311941303	0.0293591644223528	-0.0392561089478265	-0.0319677862263067	-0.0120463692973696	-0.00554404566962071	-0.0219812503211201	-0.00984034152660865
0.052661179323337	0.0536666054924256	-0.0315677933773748	-0.0310632250980407	0.0167622884228573	0.00141748057812221	0.0209492395459699	0.0050807973838803	0.00349149894613015	0.0293258016497852	-0.0392636778072927	-0.031998287975584	-0.0120437010578753	-0.00556095755826921	-0.0220001068115362	-0.00985714165653487
0.0526672869375094	0.0536459133649961	-0.0315466877426729	-0.031190289177333	0.0167538003479004	0.00138802656686623	0.0209465629245714	0.00506008290470635	0.00355207776154015	0.0292937771879169	-0.0392099609774305	-0.0320016127975718	-0.012001517728152	-0.00555721922900906	-0.0219635114179267	-0.00983672892591106
0.052681896596479	0.0536462402592588	-0.0315183988160966	-0.0312871923714509	0.0167600951579327	0.00138640885936128	0.0209535506386817	0.00505647589194487	0.00358119370266124	0.0292718193929576	-0.0391947254696161	-0.0320146075430045	-0.0119755310312547	-0.00555830049464709	-0.0219548249712378	-0.00983409980196951
0.052709435342632	0.0536704262437434	-0.0315142399946439	-0.0313023007537187	0.0167598953892166	0.0013900088872026	0.0209519650618094	0.00505882422209671	0.00356081030870203	0.029272133714364	-0.0391905442964189	-0.0320079453261728	-0.0120115159428437	-0.00557656047288304	-0.0219162221115794	-0.00985417027150634
0.0527438877627418	0.053694999192804	-0.0314952102782083	-0.0313343894768524	0.0167822331638316	0.00141735345257562	0.0209586119118168	0.0050778762902768	0.0035530179317913	0.0292646989653646	-0.039210183097891	-0.0320288581770787	-0.012013988604574	-0.00558795148065108	-0.0219517977068481	-0.0098702998490989
0.052701974050936	0.0536641942979925	-0.0315322513097228	-0.0313152605745507	0.0167378384083913	0.00138176528445069	0.0209378653020102	0.00504961949433321	0.00357055986023663	0.029308705359245	-0.0391856003699422	-0.0319956923792592	-0.0120000006034971	-0.0055571326159993	-0.0219227893334972	-0.009843794871127
0.0527153641428487	0.053689207297022	-0.0315478961338575	-0.0312465722668555	0.0167404996629655	0.00140190560318894	0.0209376208298052	0.00506450715312447	0.0035242260909648	0.0293180274336669	-0.0392166455460066	-0.0319920923514178	-0.0120394947389656	-0.0055690670505544	-0.0219238161167581	-0.00985577400917101
0.0526908456761653	0.0536796868508681	-0.0315670948853606	-0.0311915185232781	0.0167276041033988	0.00139826366582676	0.0209311402208972	0.00506426268091949	0.00351582323203364	0.029354752746791	-0.0392308822102406	-0.0319800210124279	-0.0120351347518128	-0.00555160894115078	-0.0219495862811311	-0.00985653257149846
0.0526525222133127	0.053660831757436	-0.0315967011678757	-0.031117189194076	0.0167003224023071	0.00138128611892892	0.0209192141682463	0.00504623460203225	0.00350990979864118	0.02938386449696	-0.0392271843935173	-0.0319566760123284	-0.0120359743392139	-0.00553774108070029	-0.0219430497928619	-0.00983966957729096
0.0526578000189722	0.053692395214575	-0.0316261803248442	-0.0309791420263519	0.0167066954434449	0.00141488358481331	0.0209233296831941	0.00507366298644698	0.00344520429241112	0.0294055261313052	-0.0392795293850636	-0.0319598024625841	-0.0120841619062915	-0.00554837771709296	-0.0219766416708102	-0.00986566186212443
0.0526142602177573	0.0536701342740815	-0.0316568902247417	-0.0309007754133076	0.0166897542181318	0.00140444671713671	0.0209103447166496	0.00506286849085909	0.00344511628241733	0.0294444866188749	-0.039292559055097	-0.0319453618386819	-0.0120667708521212	-0.00552112954361791	-0.0220096761521311	-0.00984824845620972
0.0525789919589748	0.0536500875532731	-0.0316780098292839	-0.0308366454644973	0.0166700427734903	0.0013869257434518	0.0208983222721007	0.00504590631078557	0.00344304036415104	0.0294638236717968	-0.039286275420937	-0.0319237896113145	-0.0120675056657202	-0.00550843095879924	-0.0220012467505034	-0.00983523694696867
0.0525852714021827	0.0536547129673914	-0.0316678411825408	-0.0308142727652815	0.0166887274348709	0.00140648212286617	0.0209106813898005	0.00506416628902153	0.00343850156304259	0.0294423869518801	-0.0393052534489636	-0.0319431699707413	-0.0120668365103706	-0.00552150812628962	-0.0220253209762658	-0.00984672714060273
0.0525978456554229	0.0536619004502178	-0.0316557363159342	-0.0308207421983173	0.0167049673742017	0.00141726823654988	0.0209173994859933	0.00507135377184794	0.00343471433934144	0.0294213888849484	-0.0393065149255413	-0.031952433371834	-0.0120760775597188	-0.00553179970762726	-0.0220268283220325	-0.00985670579751799
0.0526013241456537	0.0536567735188333	-0.0316394726278749	-0.0308588603045178	0.0167134973586795	0.00141122488364278	0.020922487301825	0.00506631624744132	0.00345012866111143	0.0294034320522466	-0.0392885972083923	-0.0319601531055752	-0.0120673911130298	-0.00553601021748903	-0.0220221204858566	-0.00985257910669793
0.0526161223974672	0.0536533998024046	-0.0316152642916458	-0.0309370006061495	0.0167298155291159	0.00140798527768079	0.0209339104402257	0.00506522240894704	0.00347453816304066	0.029374979678539	-0.0392718096513223	-0.0319750826738873	-0.0120500447623485	-0.00554313902698625	-0.0220123737282901	-0.00985125895679104
0.0526076510863186	0.0536386700028086	-0.0316099669282099	-0.0309900636474864	0.0167223723982122	0.00138856161174913	0.0209346033443038	0.00505017968492862	0.0034985215848412	0.029359713437076	-0.0392453228341428	-0.0319702994005739	-0.0120311798900282	-0.0055351594542157	-0.0219814612657084	-0.00983681972987291
0.0526620733931152	0.053661665756901	-0.0315570421882918	-0.0311029664996822	0.0167594273995671	0.00140570120879426	0.0209501112640037	0.00506649226742891	0.0035089780102942	0.0293206383968161	-0.0392473833855848	-0.0319918953766698	-0.0120261772902223	-0.00556160575885841	-0.0219856228811291	-0.00986239431648187
0.0526589469428595	0.0536377968877908	-0.0315425331121723	-0.0312089556779213	0.0167426663851936	0.00136889067964443	0.020943989679991	0.00503652137208239	0.003562870860144	0.0293013516353192	-0.0391913447682672	-0.0319865952192658	-0.0119930045074826	-0.00555232699094141	-0.0219383014441492	-0.00983997272282514
0.0527265316331722	0.0536815099150252	-0.0315042068553515	-0.0312802423759094	0.0167874522961619	0.00141206726501194	0.0209664461982484	0.00506995259686739	0.00355197857567412	0.0292519919986417	-0.0392112001022637	-0.0320264106610609	-0.0120099764664443	-0.0055898178513131	-0.0219519653449315	-0.00987411082152853
0.0527018734680859	0.0536546612789823	-0.0315173985755323	-0.031337221163478	0.01676035779093	0.00137947423064402	0.0209540367891236	0.00504440036200289	0.00358331153044838	0.0292851354447169	-0.0391819905632127	-0.0320062982820032	-0.0119774588692139	-0.00555855195177221	-0.0219369044601207	-0.00984742702960098
0.0527261698143089	0.0536776165205379	-0.0315094413545062	-0.0313335554773874	0.0167678232735781	0.00139431578896234	0.0209549755623908	0.00505503979236362	0.00356462547208374	0.0292841966714497	-0.0391968991767644	-0.0320086899186599	-0.0120025598782372	-0.00557632158861418	-0.0219331270153078	-0.00986416848619801
0.0527131778628442	0.0536750851854784	-0.031531821038642	-0.0313088623877004	0.0167479916883101	0.00139066686668001	0.02094079896847	0.0050493345095914	0.00356037305270112	0.029310521438482	-0.0391998998984575	-0.0319969161372681	-0.0120023195969843	-0.0055616197286987	-0.0219310091875206	-0.00985550159728546
0.0526772055241115	0.0536610399080562	-0.0315637253598839	-0.0312369428559474	0.0167162438292794	0.00137642042355781	0.0209273348364037	0.00503781497929275	0.00354728890029059	0.0293469911035289	-0.0392010482193289	-0.031972561117716	-0.0120068877347574	-0.00554283029351596	-0.0219251390606331	-0.00984120486273824
0.0526878491454243	0.0536853627969757	-0.0315725277562472	-0.0311541701552773	0.0167220594737899	0.00139499891415225	0.020930490623324	0.00505324187391899	0.00350296958198781	0.0293668212918128	-0.0392382373311504	-0.0319704558627851	-0.0120459320413687	-0.00555842762019368	-0.0219418986780225	-0.00986214425634077
0.0526744883901761	0.0536937055855937	-0.0315977796395456	-0.0310733183076463	0.0167139290267442	0.00140461575220415	0.0209284845542591	0.00506176347649258	0.00348685956217164	0.0293738453275079	-0.0392556214004006	-0.0319727525045279	-0.0120536154535252	-0.00555679035491232	-0.0219634401717413	-0.00986437384285019
0.0526250840500097	0.0536763983504651	-0.031642914796521	-0.0309552633783535	0.0166852224019435	0.00139193532817785	0.0209088974411961	0.0050485242588549	0.00345991872518286	0.0294377419799855	-0.0392720569174954	-0.0319454903612125	-0.0120635913164724	-0.00552780712727393	-0.0219819991045593	-0.00984459953392739
0.0526287148114997	0.0536913390946494	-0.0316510187008701	-0.0308711663368245	0.0167030241694181	0.00142104707834686	0.0209153892259764	0.00507157868627652	0.00342470215480949	0.0294466477531669	-0.039314113121672	-0.0319518508294941	-0.0120870955727512	-0.00553801209560181	-0.0220192273319337	-0.00986995898499596
0.0525709313611306	0.0536461396764087	-0.0316755427554897	-0.0308375982076047	0.0166696264722498	0.00138288845960956	0.0208982635987715	0.00504198078566561	0.00345183298162615	0.0294707834462265	-0.0392848588791321	-0.0319235130084769	-0.0120569472604331	-0.0055045557251043	-0.0220146717670169	-0.00983475917843094
0.0525924840307217	0.0536632890523421	-0.0316630648941475	-0.0308196441688709	0.0166997175082228	0.00141550524270597	0.0209153682712159	0.00507079777220461	0.00343438185714267	0.0294381331355134	-0.0393117647915202	-0.0319468426417521	-0.0120729678732714	-0.00552582899788964	-0.0220344698246682	-0.00985509367794915
0.0525767484026251	0.0536426360404654	-0.0316534983475206	-0.0308390901865471	0.0166998739704339	0.00140039546345418	0.0209167764311166	0.0050593983825324	0.00345507957250828	0.0294283207196976	-0.0392924081808219	-0.0319449203917289	-0.0120537453730399	-0.00551858703268612	-0.0220331287200008	-0.00984385075048813
0.0525819200374985	0.0536391575502345	-0.0316341557066626	-0.0308703295433914	0.0167047103291405	0.00139070318826475	0.0209219927694789	0.00505185187481068	0.00346682262025149	0.0294092630635814	-0.0392779829237441	-0.0319503658354719	-0.0120511665405234	-0.00552892750846476	-0.0220078628668622	-0.00984563050814039
0.0526208386155473	0.0536571101919842	-0.0316032390531288	-0.0309462989318429	0.0167414607879771	0.001408879347459	0.0209333963501032	0.00506669762408109	0.00347730977935311	0.0293600934167318	-0.0392745589158903	-0.0319757979297099	-0.0120488154164035	-0.00555402432653598	-0.0220019578153739	-0.00986109372435138
0.0526088804322637	0.0536338867294951	-0.0315992827943603	-0.0310149187873207	0.0167314695582056	0.00138136435003452	0.0209323234663693	0.0050448376180038	0.00351094915475835	0.0293604733963875	-0.0392436464533086	-0.0319716181534968	-0.0120192217067446	-0.00553616528271619	-0.0219812153965193	-0.00983811613105132
0.0526591313447513	0.0536476819467761	-0.0315457685271822	-0.0311423865949972	0.0167689799763536	0.00139945110225095	0.0209495161488075	0.00506124798938608	0.00353580848554474	0.0292996361389322	-0.0392328240180402	-0.0320038675297937	-0.0120017384516285	-0.00556159737695424	-0.021980115970089	-0.00985315466411766
0.0526704790460144	0.0536405894588637	-0.0315187746048003	-0.0312533476393935	0.016768213032122	0.0013892964253481	0.0209502691231989	0.00505491546078509	0.00357147488477527	0.029277188002579	-0.0392005997874558	-0.0320105129828171	-0.0119787454915041	-0.00555970446359568	-0.0219576371000871	-0.00984310336403291
0.0527081054138369	0.0536675316928365	-0.0315129100658488	-0.0312834694090151	0.0167708365681275	0.00139556329569975	0.0209521774033818	0.0050591036189024	0.00355722285371695	0.0292619748465091	-0.0391942658618707	-0.0320113092637133	-0.012009470758226	-0.00558271837848048	-0.0219196754560978	-0.00985869649975854
0.0527103992616116	0.0536630753137857	-0.0315045812470712	-0.0313370996258676	0.0167675424797884	0.00138882703871453	0.0209493974051651	0.00505572012358548	0.00357737574531147	0.0292775232787458	-0.0391919273106071	-0.0320120552531845	-0.0119839981514511	-0.0055679969607886	-0.0219345924515536	-0.0098576096461844
0.0527060225106505	0.0536658064175613	-0.0315177869370922	-0.0313154365945383	0.0167505593449544	0.00138027051154023	0.0209422490378915	0.00504854940456741	0.00356508647681313	0.0292941571675726	-0.0391881009713532	-0.0319967401172805	-0.0120045575653979	-0.00556991501985967	-0.0219047486817537	-0.0098554149842757
0.0527145091886233	0.0536823620752826	-0.031526958137239	-0.0312829441430204	0.0167562520548704	0.00139928486115156	0.0209447454483504	0.00506541798671102	0.00354556641898351	0.0293032249909013	-0.039217008761854	-0.03200457021276	-0.0120130582132111	-0.00557316300772584	-0.0219280461843963	-0.00986561436466746
0.0526825140634196	0.0536680695316874	-0.0315526277187619	-0.0312139093832862	0.0167324823716262	0.00138861330015818	0.02093333627979	0.00505566284724031	0.00353210088993321	0.0293393579827974	-0.0392237017123344	-0.0319867880030618	-0.0120107881141648	-0.00555046341424744	-0.02194157876868	-0.00985228015211584
0.0526807245268791	0.0536806298150873	-0.0315769925172022	-0.0311297788141404	0.0167207463088031	0.00138894717934098	0.020927054042614	0.00505130286008749	0.0034936321407416	0.0293653516646149	-0.0392340072635123	-0.0319652870218798	-0.0120549342064481	-0.00556193125613704	-0.0219222012032212	-0.00986325625562743
0.05265514295535	0.0536790987205921	-0.0316066644579666	-0.0310334539714103	0.0167102074612924	0.0014036658030648	0.0209250312097408	0.00506302635005431	0.00348304858974201	0.0293817466691728	-0.03926354509381	-0.0319706849681658	-0.0120485527834061	-0.00554929134464757	-0.0219703580366502	-0.00985841710295285
0.0526284898970711	0.0536756020695689	-0.0316358656151134	-0.0309321432926826	0.0167040956561679	0.00140716524805608	0.0209231885878072	0.00506759867877945	0.00344939943544858	0.0294276920768848	-0.0392939085416685	-0.0319566131480471	-0.0120658628125027	-0.00553732058850772	-0.0220016826095203	-0.00985983504174174
0.052596574399957	0.0536624173343083	-0.0316654118273153	-0.0308459745238393	0.0166848759499044	0.00139286292557275	0.0209150329950491	0.00505785611216499	0.00343000091522943	0.0294521476792869	-0.0392944645413118	-0.0319325151735562	-0.0120819532745425	-0.00553108165783664	-0.0219876876235232	-0.00985267968954798
0.0525930931157581	0.0536619535356109	-0.0316486200792933	-0.0308299650868732	0.0167062051020509	0.00140947585963915	0.0209266391383575	0.00506771881940589	0.0034342309828676	0.029432662546058	-0.0393140837850074	-0.031954593109142	-0.0120620769857856	-0.00553552406704713	-0.0220298150738853	-0.00985730091271412
0.0525714370693489	0.0536428679398141	-0.0316594802331305	-0.0308136902229417	0.0166949649685579	0.00139264779003236	0.0209199140572445	0.00505665749986857	0.00344225805309511	0.0294330006161929	-0.0392970489617644	-0.0319414921929231	-0.0120607554388947	-0.0055257535607521	-0.0220091592680406	-0.00984636811570741
0.0525682673125884	0.0536309810027159	-0.0316501106612516	-0.0308376023985568	0.0166983666246672	0.00138044792851185	0.0209192253441185	0.00504550817033746	0.00345875783145521	0.0294215830657283	-0.0392837007793725	-0.0319396998624146	-0.0120471837390582	-0.00552679990178942	-0.0219946711466814	-0.00984336879099832
0.0525834329712013	0.0536335402774561	-0.0316138449558729	-0.0308936493977784	0.0167182932048491	0.00138515297071969	0.0209313511654855	0.00504670398866582	0.00347761152790326	0.0293920005319417	-0.0392791969028648	-0.0319603640501635	-0.0120335379990683	-0.00553845633652286	-0.0219985938778334	-0.00985044311811842
0.0526281015355112	0.0536570640915113	-0.0315862754760713	-0.0309627065092571	0.0167469802718735	0.0014098167237421	0.020946247206181	0.0050685290701424	0.00347795658295829	0.0293425011968614	-0.0392766166733642	-0.0319843823965648	-0.0120390267493161	-0.00556403930503599	-0.0219965947936886	-0.00986755477548299
0.0526157731514601	0.0536299388526307	-0.0315838740605264	-0.0310517684320233	0.0167274993295967	0.00136903456899936	0.0209280626650825	0.00503472065966972	0.00351513731287566	0.0293579336794238	-0.039232864530577	-0.0319628702395106	-0.0120104290892695	-0.00553743095024597	-0.021960531650994	-0.0098383312665917
0.0526749619677618	0.0536571646743613	-0.0315266298459923	-0.0311812506906689	0.016773612375392	0.00139936728320924	0.0209554449490243	0.00506219235058932	0.00354341366659566	0.0292855154243726	-0.0392333772237154	-0.0320098298576271	-0.0119948485264002	-0.00557039837633352	-0.0219741648181277	-0.009861173352441
0.0526844391074108	0.0536471063893564	-0.0315150739941089	-0.0312777878749714	0.0167649398985433	0.0013781331259767	0.0209496111437215	0.00504323807129122	0.00357437083266626	0.0292782287556802	-0.0391934123046294	-0.0320021408575345	-0.0119800740233152	-0.0055640057774193	-0.0219369938670986	-0.00985057862556918
0.0526831371182963	0.0536409317199506	-0.0315148784163449	-0.0313133327365914	0.0167501821592667	0.00136138608144356	0.0209482868028625	0.00503006730587092	0.0035859881518469	0.0292863368509813	-0.0391780845958691	-0.0319941445209556	-0.0119720329832474	-0.00555916103680862	-0.0219089256639988	-0.00984575623670295
0.0527221870128437	0.0536742148644286	-0.0314947157458622	-0.0313217802990115	0.016775083399574	0.00138686846710663	0.0209632191651427	0.00505181695020997	0.00355623937696092	0.0292757211693491	-0.0392030948009306	-0.0320084705921675	-0.0120013347232443	-0.00558665228550461	-0.0219142663339396	-0.00987503562495537
0.0527419711006547	0.0536954965191181	-0.0315019102136088	-0.0313139767462285	0.0167827528418902	0.00141000531658594	0.0209624396480548	0.00506661659900744	0.00353409159217376	0.0292825859488649	-0.0392200346292597	-0.0320158438738696	-0.0120203532638077	-0.00559328795963978	-0.0219282557320006	-0.00988229714793529
0.0527134740234582	0.053680812819995	-0.0315346094187628	-0.0312698083022008	0.0167502995059251	0.00139208061451681	0.0209443808355189	0.00505215641732888	0.00353098609667851	0.0293220158230681	-0.0392127689153277	-0.0319913673167071	-0.0120185413755228	-0.0055696607687665	-0.0219234040064697	-0.00986604603273225
0.0526756297261274	0.05366878478751	-0.0315617248787552	-0.0311969891127335	0.0167205688918315	0.00137158127088323	0.0209260049076086	0.00503337815801837	0.00352324959912891	0.0293699128174678	-0.0392217347588223	-0.0319670737644522	-0.0120140961723442	-0.00554302028334383	-0.0219297099923742	-0.00985476119575038
0.0526679449169868	0.0536757180192432	-0.0315800044147675	-0.0311184632435099	0.0167152086641143	0.00138036969740625	0.0209263443747275	0.00503785269786151	0.0035002985485254	0.0293780753951461	-0.0392402601640237	-0.0319620404309977	-0.012034163847913	-0.00555059333376209	-0.0219333044322794	-0.00986298244675785
0.0526316889904963	0.0536708662937124	-0.0316275926756969	-0.0309909702901209	0.0166881169528505	0.00138018948646658	0.0209216938148968	0.00504397567885824	0.00346681423834732	0.0294220175277612	-0.0392621662705739	-0.0319452333161513	-0.012055958195741	-0.00553698251837284	-0.0219475885939704	-0.0098588711227621
0.0526080296689903	0.0536677705771054	-0.0316483015669348	-0.0308960983107803	0.0166896927508346	0.00139562336601298	0.0209249236419706	0.00506763500036419	0.00344208203310752	0.0294451851108891	-0.0393021423655322	-0.0319468538176243	-0.0120643512757839	-0.00553290332500974	-0.0219899563255854	-0.00986033516202392
0.0525721467372354	0.0536464609827353	-0.0316678453734929	-0.0308369192733668	0.0166747981071231	0.0013793652658898	0.0209152146029728	0.0050469289030944	0.00344109017444732	0.0294655838716726	-0.0392964287008558	-0.0319267679812632	-0.0120599340122859	-0.00551693020962837	-0.0219930045447355	-0.00984375854954226
0.0526073647045928	0.0536785497058689	-0.0316525875139341	-0.030803198872888	0.0167146428855828	0.00141845008503796	0.0209330876166329	0.00508100693148457	0.00340947642588334	0.0294258564398714	-0.03932392972844	-0.0319543360640807	-0.012089781973038	-0.00555350604546142	-0.0220151411536504	-0.00987595344346207
0.0526015295023059	0.0536686017826023	-0.0316406754311234	-0.0308376890115665	0.0167257726573375	0.00141952157178778	0.0209355896150279	0.00508319600545716	0.00343155855242116	0.0294138521561148	-0.039320935991667	-0.0319672567693599	-0.0120640565121539	-0.00554166101788414	-0.0220444680393598	-0.00986287906993974
0.0525581000628293	0.0536245464942809	-0.0316572604255093	-0.0308608454188222	0.0166851818894067	0.00136201053330428	0.0209184458270306	0.00504177822298148	0.00347176934069626	0.0294309735923676	-0.0392679400055635	-0.0319342655945439	-0.0120347757269175	-0.00551535301466024	-0.0219902203555668	-0.0098321454213137
0.0526087295579886	0.0536535618525519	-0.0316134258606643	-0.0309347821955123	0.0167378677450559	0.00139717262130053	0.0209452930660895	0.00507246996208667	0.00347315794282054	0.0293756558188088	-0.0392862209385599	-0.0319735571673283	-0.012037253976584	-0.00555088949437612	-0.0220072495908737	-0.00986052934280388
0.0525801053552455	0.0536177850915831	-0.0316109140833812	-0.0309970234219162	0.0167127751179367	0.00136394395919966	0.0209364725089338	0.00504406927678815	0.00351961324970284	0.0293730043431228	-0.0392407938119225	-0.0319607635875957	-0.012002108652396	-0.00552754589126061	-0.0219767981330214	-0.00983182132101909
0.0526752595253598	0.0536782046508139	-0.0315503604136837	-0.0310819796086227	0.0167806154563267	0.00141298648050266	0.0209665383991943	0.00507860551593966	0.00348590961303229	0.0293120986334501	-0.0392694236026017	-0.0319996081254909	-0.0120500056467957	-0.00558364597587538	-0.0219767059320755	-0.00987848896947372
0.052644537052606	0.0536287067127176	-0.0315450518743756	-0.0312128155447919	0.0167447520823481	0.00136026989120482	0.0209477517579796	0.00503639424653581	0.00357559598765922	0.0293070806668199	-0.0391972833473722	-0.0319842860046668	-0.0119743338159423	-0.00554715675305209	-0.0219412001860082	-0.00984296087166201
0.0527199839690309	0.0536800584486197	-0.0314945718565073	-0.0312939425982764	0.0167968637775616	0.00141121929570667	0.0209739130778805	0.00507353027296427	0.00355247171103617	0.0292518369334146	-0.0392210111210956	-0.0320235258890421	-0.012004118912413	-0.00559218573924133	-0.0219506898985135	-0.00987983147112506
0.0527098725986329	0.0536687624357656	-0.0315059796280837	-0.0313227400270391	0.0167741460232909	0.00139272602113796	0.0209597336899917	0.00506198839092116	0.00356292394553708	0.0292731744674652	-0.0392013052643901	-0.0320130736545412	-0.0119950748378128	-0.0055765926035157	-0.0219301346755188	-0.00985842688184105
0.0527134335109214	0.0536738656184215	-0.0315108229717103	-0.0313377757661373	0.0167614348656159	0.00138182535476391	0.0209538845178645	0.00505222766351433	0.00356543432583622	0.0292913981241164	-0.0391942351282221	-0.0319987615531697	-0.0119950678528926	-0.00557651856336219	-0.0219119110188676	-0.00986841112669243
0.0527081068108209	0.0536762279184136	-0.0315253138870375	-0.0313022211256291	0.0167511907817353	0.00137842090468656	0.0209511282683764	0.0050522653820831	0.00354683068952926	0.0293110383225725	-0.0392026016655685	-0.03198993959903	-0.0120088658641417	-0.00557339630405859	-0.0219076711723413	-0.00986519946041101
0.0527156016301336	0.053695144479143	-0.0315373991958677	-0.0312445913435032	0.0167580374004587	0.00140551820388653	0.0209609923726013	0.00507384180040262	0.00351831684852443	0.0293135487028716	-0.0392382680647991	-0.031998091000836	-0.0120270979026971	-0.0055824641273873	-0.0219372802488244	-0.00987580955410714
0.052685330383221	0.0536841627876953	-0.0315668881317244	-0.0311750620514228	0.0167330858687265	0.00139098258507044	0.020945808553196	0.00506460354502243	0.00350284245644122	0.0293607262504967	-0.0392434606544328	-0.0319750533372227	-0.0120388172017118	-0.00556575200745487	-0.0219355885011659	-0.00986692054473407
0.0526646843562644	0.0536819122464254	-0.031593770295384	-0.0310852234055368	0.0167169995976388	0.00139438703514779	0.0209365395641672	0.00506666689043246	0.00348364929287425	0.0293724455495114	-0.0392556353702408	-0.0319656139161425	-0.0120493155366856	-0.00556107350794357	-0.0219434046268051	-0.00986324787372326
0.0526318678044519	0.0536785999972939	-0.0316330241495996	-0.03095715210076	0.0166974823337772	0.00139554513490738	0.0209245548381871	0.00506619331284682	0.00344638474391517	0.0294251691237294	-0.0392856579539964	-0.0319476473045525	-0.012071962044771	-0.00554283867542013	-0.0219667440389686	-0.0098607710210408
0.0526177694416367	0.0536811313323535	-0.0316485306723154	-0.0308784683723412	0.0167017794566488	0.00141061579860637	0.0209230628592447	0.00507639129625455	0.0034262290583526	0.0294402174356839	-0.0393141955437297	-0.0319513744579404	-0.0120837134744183	-0.00553485351471347	-0.022008491509675	-0.00985756913364758
0.0525844360057337	0.0536577667744776	-0.0316638038986986	-0.0308312908247162	0.0166882496663332	0.00139205686578833	0.0209124164439638	0.00505979931694857	0.00343013362871213	0.0294555213957156	-0.0393032501738668	-0.0319335000472963	-0.0120735057121224	-0.00552245528146092	-0.0220023294131254	-0.00985024474638638
0.0525945529640678	0.053666229703722	-0.0316567714810993	-0.0308213079768488	0.0167095648486393	0.00141489196671748	0.020927741358756	0.00507977339458745	0.00342645956071729	0.0294295849902433	-0.0393198435501568	-0.0319544520137551	-0.0120771797801172	-0.00553871338158409	-0.0220192804173267	-0.00986125018656256
0.0525692843169611	0.0536377424054137	-0.0316524240668027	-0.0308459954785997	0.0166998977191624	0.00139431718594637	0.020921114066525	0.00506572532319728	0.00345762906836022	0.0294253046311801	-0.0392945078478167	-0.0319517809802927	-0.0120446468160625	-0.00551907737408011	-0.022022286726956	-0.00984029542613571
0.0525770291964149	0.0536372618429079	-0.03163314568721	-0.0308670619977489	0.0167051839067261	0.00138608056811459	0.0209229133819536	0.00505820396118807	0.00346439047105795	0.0294079932050995	-0.0392809962182935	-0.0319536473509547	-0.0120513635152714	-0.00553227607918097	-0.0219935759112031	-0.00984698977360008
0.0526083705330933	0.053648263092132	-0.0316043524493995	-0.0309467194240355	0.0167332171852251	0.00140334030578617	0.0209359262881787	0.00506654535282199	0.00348198548489636	0.0293653726193753	-0.0392771251755506	-0.0319764195876026	-0.0120391552718467	-0.00554760518492522	-0.0219954716185298	-0.00985617214961912
0.0526169885275648	0.0536455487521647	-0.0315909511816145	-0.0310011333489279	0.0167343026418153	0.00139128293663656	0.0209336142796116	0.00505743841394048	0.00349657139513748	0.0293573609159721	-0.0392518774832043	-0.031975065910079	-0.0120362816757001	-0.00554938075162539	-0.021975700103575	-0.00985271740811675
0.0526739631241814	0.053667408758242	-0.0315373740501552	-0.031129365306868	0.0167768156597693	0.00141113128571287	0.0209546025676552	0.00507120708852495	0.00351603976455805	0.0292989334559659	-0.0392446578697452	-0.0320082582505951	-0.0120250610999836	-0.00557669458334977	-0.0219784270163986	-0.00987026352751416
0.0526831399122643	0.0536558431274704	-0.0315163731892554	-0.0312468782063577	0.0167747942238801	0.00139288248334914	0.0209653886813389	0.00506476000723362	0.00355617371871158	0.0292766389878558	-0.0392106706453169	-0.0320127160266299	-0.0119976452884251	-0.00556986472843465	-0.0219567556031651	-0.00985871745451897
0.0527113953112239	0.0536706651280123	-0.0314992489590346	-0.0313126342445772	0.0167846541371529	0.00140231771347734	0.0209685654230196	0.00507093188267134	0.00356046804761505	0.0292614872990831	-0.0392046328803459	-0.0320249843403678	-0.0119978436601572	-0.00558170835902791	-0.0219434535212461	-0.00986597897749889
0.0527097734127669	0.053667657421399	-0.0315037542325263	-0.031332115186854	0.0167702917443564	0.00138650245729118	0.0209569075913021	0.0050589611265315	0.00356188598640394	0.0292822618485703	-0.0391938719123747	-0.0320079201804602	-0.0119992196894252	-0.00557479189110302	-0.0219207790734803	-0.00986178942239755
0.0527123885668681	0.0536753687732361	-0.0315129855029864	-0.0313197099686813	0.0167581770988616	0.0013819427014223	0.0209529066290446	0.00504876873105987	0.00355587336714546	0.0292965893167662	-0.0391951683135531	-0.0319986889100002	-0.0120085403668631	-0.00557669178938172	-0.0219067868814512	-0.00986344345148724
0.052720823556432	0.0536883188151799	-0.0315184532984737	-0.0312951817231097	0.0167657850738806	0.00140535335977118	0.0209589946854406	0.00506934071786293	0.00353922969943043	0.0293023644487398	-0.0392240830889741	-0.0320090293857788	-0.0120149469356176	-0.00557905269238981	-0.0219366404301394	-0.0098728228022543
0.0526887068936177	0.053674821155497	-0.0315566719875243	-0.031217484265415	0.0167388987192689	0.00138807825527528	0.0209523813630499	0.00506149804952717	0.0035161207896317	0.0293366101152134	-0.0392232756322057	-0.0319829868095203	-0.0120307244732349	-0.00556333662206967	-0.0219217737261085	-0.00986086182500265
0.0526788567592331	0.0536784267712744	-0.0315664550666755	-0.0311619108437789	0.0167393527390781	0.00139758473158893	0.0209481415165235	0.00507055749095172	0.00349692762606473	0.0293571807050324	-0.0392498895749318	-0.0319822198652887	-0.0120365289418732	-0.00555997687548123	-0.0219455937007777	-0.00986445347093981
0.0526628221765545	0.0536865320726075	-0.0316013098181855	-0.0310573577651212	0.0167245251506001	0.00141275318416991	0.0209376501664698	0.00507696405970622	0.00347199704909289	0.0293731314686694	-0.0392695898437011	-0.0319784731541244	-0.0120532787803744	-0.00555625251606137	-0.02196455636198	-0.00986555708832229
0.0526108906922806	0.0536632778764698	-0.0316411490087091	-0.0309553304335869	0.0166965323846379	0.00139557866252406	0.0209202521273794	0.00506030362818284	0.00345931522808256	0.0294334504450501	-0.0392827857548339	-0.0319522182362936	-0.0120479897988426	-0.00552418614467217	-0.0219884811104514	-0.00984746055721767
0.0525758473479268	0.0536496922067931	-0.0316697774024042	-0.0308535587501298	0.0166719049532002	0.0013787519899013	0.020905995905369	0.00504164411251475	0.00344018632578091	0.0294650376509175	-0.0392868942848616	-0.031923469701972	-0.0120651740993767	-0.00551613532571618	-0.021970841393124	-0.00984320953481907
0.0525870567477711	0.0536629132636384	-0.0316570927874258	-0.030814297910994	0.0166980453183407	0.0013994832328836	0.0209169147325355	0.00505801676532826	0.00342888751895875	0.0294420041782563	-0.039312587615113	-0.0319429045437759	-0.0120697003276289	-0.00553246327504078	-0.022005743642091	-0.00985853165564319
0.0525813235253183	0.0536538496312618	-0.0316626248441785	-0.0308149125839666	0.0166982353081686	0.00139761686222158	0.0209130590566169	0.00506021841215711	0.00343667710190142	0.029430504205734	-0.0393030545961028	-0.0319417981324253	-0.012061508413286	-0.00552655123863235	-0.0220081688063644	-0.00985286548842377
0.0525775851960582	0.0536457303600884	-0.0316508063592978	-0.0308322407738555	0.0167051140575247	0.00139600194868469	0.020922687070541	0.00505737415267517	0.00345274241822868	0.0294129524984005	-0.0392971146200138	-0.0319549018426123	-0.0120489746725827	-0.00552821085565816	-0.0220103648652571	-0.00984757371292397
0.0525864001652777	0.0536431459396357	-0.0316301226137725	-0.0308841331425766	0.016713817268022	0.00137815128676907	0.0209248412199129	0.00504573727571813	0.00347014045731908	0.0293987675225756	-0.0392714687872194	-0.031951697161251	-0.0120445629970208	-0.00553915482853709	-0.021983556741751	-0.00985630486310183
0.0526194905259598	0.0536574608349753	-0.0315984627647355	-0.0309624438762598	0.0167432866461023	0.00139892583625625	0.0209410113100423	0.0050603650954801	0.00348885864631637	0.029346898902583	-0.0392701179036639	-0.0319816163681884	-0.0120298010667921	-0.00555586415450146	-0.0219922864949449	-0.00986570516862931
0.0526396098899376	0.0536582012365104	-0.031568933316342	-0.0310572571822711	0.0167585333297888	0.00140393542098229	0.0209490160285254	0.00506249130517141	0.00350938034169439	0.0293346082371006	-0.0392613085223804	-0.0319962092633497	-0.0120135709063495	-0.00555483318028846	-0.0220010455848033	-0.00986261783392642
0.0526503093906116	0.0536440455973501	-0.0315458285974954	-0.0311788800087726	0.0167579228477684	0.00138045910438408	0.0209520265291067	0.00504560875318751	0.00355481445325189	0.0293013865599199	-0.0392115158206541	-0.0319920811755456	-0.0119907120566919	-0.00555839409257699	-0.0219549632726566	-0.00985419821118691
0.0527094493124723	0.0536759834462086	-0.0315054194374882	-0.0312715307835079	0.0167972144205528	0.00141181580788682	0.0209721403051484	0.00507761365727945	0.00355049777260396	0.0292496394775378	-0.0392188052833146	-0.0320266174146971	-0.0120024048130101	-0.0055910304334498	-0.0219514568427452	-0.0098770891914772
0.0527047093456637	0.0536680248281985	-0.0315073654362399	-0.0313266739340632	0.0167779905233372	0.00139350833219389	0.0209644946115607	0.0050676210305239	0.00356880245432883	0.0292633620516493	-0.0391940856509311	-0.0320193991982221	-0.0119900233435659	-0.00557699493491589	-0.0219338450650984	-0.00986012561441965
0.0527114861151858	0.0536746674872538	-0.0315096411232222	-0.0313406172316512	0.0167665059176392	0.00138470593583058	0.0209526523779514	0.00505530941028111	0.00356650441560202	0.0292839298475003	-0.0391890970209655	-0.0320056263326855	-0.011996657620717	-0.00557564963929649	-0.0219161159407933	-0.0098623565979131
0.0527050837373833	0.0536780998770118	-0.0315215867336496	-0.0313191916876068	0.0167513416560103	0.00137772241267233	0.020945266523393	0.00504816942491167	0.00356021379652188	0.0293029861066325	-0.0391938230179337	-0.0319958013440134	-0.0120005789548849	-0.0055696020954373	-0.0219069391527103	-0.00986136054830081
