0.0524658236798136	0.0534814422443738	-0.0322697960124667	-0.0307647860030575	0.0168396687651776	0.00176922858363135	0.0208302374615058	0.00536037160654326	0.003437294568842	0.0294044113380505	-0.0391343296591138	-0.0316408402752388	-0.0116766421074143	-0.00552229043734555	-0.0223245884827779	-0.0102552052705235
0.0525022919478765	0.053493480055747	-0.0322303326106468	-0.0308824106612695	0.016871845498305	0.00177471733387915	0.0208422082176457	0.00536827434519224	0.00344754424065879	0.0293787194047832	-0.0391204813564398	-0.0316496119379535	-0.0116786188398145	-0.00554000279784236	-0.0223100696277701	-0.010267553212351
0.0525125974990544	0.0534815903246808	-0.0322064148470956	-0.0309944362074955	0.0168721598197114	0.00175887134404437	0.0208391921291282	0.00535562465481456	0.00349531131554381	0.0293431368245944	-0.0390760893949675	-0.0316578583346734	-0.0116528905849624	-0.00553859324095764	-0.0222787981402931	-0.0102534031611268
0.052525488867669	0.0534803106873108	-0.0321890978330788	-0.0310705718370464	0.0168716401416528	0.00175562475316223	0.0208455344366174	0.00535284745056599	0.00351423765516134	0.0293251380823717	-0.0390570065931388	-0.0316649941290908	-0.0116455424489728	-0.00554192923881761	-0.0222527639459388	-0.0102489160484273
0.0525465078893611	0.053496568787434	-0.0321740690789007	-0.031106683874182	0.0168821985469399	0.00176964767883988	0.0208511754581243	0.00536371878027544	0.00350237726075974	0.0293252582229982	-0.0390649554322607	-0.0316724512298347	-0.0116556594073068	-0.00555157681051813	-0.0222522191221677	-0.0102598376695618
0.0525654174651703	0.0535136008167089	-0.0321711410003771	-0.0311170997870981	0.0168866465440865	0.00177653201613212	0.0208502590366017	0.00536912790243362	0.00349193899609911	0.0293266887346433	-0.0390705210166301	-0.0316737252792687	-0.0116680422737351	-0.0055598916594555	-0.0222513027006451	-0.010268487794666
0.0525368547297245	0.053496325712213	-0.0321962615671768	-0.0310994838184993	0.0168610565906532	0.00175190318771043	0.0208336544844394	0.00534277798968887	0.00350367645590621	0.029365650619197	-0.0390577330248336	-0.0316511695751452	-0.011654047287738	-0.00553729125184313	-0.0222419792292391	-0.0102539340150576
0.0525634714664187	0.0535308326146999	-0.0321972715866293	-0.0310437427587799	0.0168829571092674	0.00179365205540085	0.0208427921569696	0.00537538499389708	0.0034587229068545	0.0293630312741436	-0.0391021277802739	-0.0316677811122276	-0.0116903954151744	-0.00555631677732668	-0.0222718006472946	-0.0102814084999452
0.0525037517961862	0.0534947610901011	-0.0322429767130884	-0.0309771974245843	0.0168265902007032	0.00174960095803153	0.0208135602661741	0.00533698888787495	0.00346829364443346	0.0294314094513845	-0.0390843986559688	-0.0316206594439637	-0.0116769131223158	-0.00551777817893364	-0.022256306697435	-0.0102487260585995
0.052508113180323	0.0535180096983027	-0.032254395660537	-0.0308872735626726	0.0168322032825295	0.00177405656043369	0.0208139653915424	0.00535518600182962	0.00343505939439647	0.0294305181755743	-0.0391174093885612	-0.0316277868564769	-0.0117026595379602	-0.00553203579792808	-0.0222786779996667	-0.0102668728811291
0.0524653291474675	0.0535119942850762	-0.0323010018416943	-0.0307535235178201	0.016799186962001	0.001760866237237	0.0207927060885973	0.00534487905366767	0.00340070196920061	0.0294937484666703	-0.0391360311856605	-0.0316015039989655	-0.0117231812333383	-0.00550935157127399	-0.022289789610629	-0.0102550292505359
0.0524473723147657	0.0535120976618943	-0.0323212162005861	-0.03066486252947	0.0167949317486503	0.00176593170132419	0.0207878473781463	0.00534808932296506	0.00337472086023937	0.0295221268002244	-0.0391586148294645	-0.0315888836452524	-0.0117353713159706	-0.00550696831652144	-0.022308931085787	-0.0102682698651576
0.0524417187204026	0.0535097074222216	-0.0323165432890109	-0.0306262149663228	0.0168147591429662	0.00178238398222732	0.0207992034613137	0.00536172528406683	0.00337069894322144	0.0295094994615912	-0.0391841838281374	-0.0316035673443755	-0.0117295808171726	-0.00550900092828285	-0.0223530967358466	-0.0102675085088621
0.0524151704359258	0.0534908481378374	-0.0323307981140373	-0.030600057837374	0.0167988502888501	0.00176868795081233	0.0207926376363799	0.0053531030986432	0.00337917584230612	0.0295086333314935	-0.0391649557399697	-0.0315919612010671	-0.0117283011798026	-0.00550280390713261	-0.0223339133511678	-0.0102543153916973
0.0524357424227288	0.0535009148047465	-0.0323124613016798	-0.0306099512782635	0.0168258819298007	0.00178362729801265	0.0208145283761058	0.00537072465517815	0.00337440095089685	0.0294779304165161	-0.0391766373204157	-0.0316103930083386	-0.0117371664404471	-0.00552183921150436	-0.0223460419665029	-0.0102692603268338
0.0524241572341808	0.0534759856247587	-0.0323053827836076	-0.0306532312404491	0.016819415290733	0.00175878752500266	0.0208172706557537	0.00535241159154911	0.00340691575415918	0.0294670604837907	-0.0391523926626018	-0.0316108023246589	-0.0117097701866651	-0.00551192202188635	-0.0223272064308472	-0.0102512965092118
0.0524555712140287	0.0534828573891947	-0.0322771427514723	-0.0307344700526559	0.0168445037269001	0.00177209659184177	0.0208297974115369	0.00536484894035446	0.0034255221844342	0.0294246913551916	-0.0391457444156104	-0.0316345971536156	-0.0116943824075916	-0.00552632911817182	-0.0223260343612473	-0.0102611885531173
0.0524721170928618	0.0534896579074452	-0.0322569088348042	-0.030791617875292	0.0168591497074544	0.00177630430773548	0.0208332675198635	0.00536961544985955	0.00342671241482644	0.0294022781434391	-0.0391319478013453	-0.0316423029175166	-0.0117000988662361	-0.00553202322507181	-0.0223084379504249	-0.0102657650727946
0.0524767606677724	0.0534616902871955	-0.0322232973990795	-0.030921710615958	0.0168651790905212	0.00175752325445691	0.020837464059885	0.0053561764635058	0.00347617123736992	0.0293767915668239	-0.039098649290043	-0.0316466000403881	-0.0116560491658508	-0.00552286459778125	-0.0222903162736078	-0.0102482692448222
0.0525279713082875	0.0534866376279757	-0.0321796639999347	-0.0310305608174873	0.0169019952076072	0.00178097302835858	0.0208607573715755	0.00537634053097254	0.00348560646749812	0.0293228596014213	-0.0390941761471839	-0.0316830529416267	-0.0116560687236272	-0.00554861101342571	-0.0222843232121257	-0.0102666842882853
0.0525384333216767	0.0534810510888459	-0.0321786791261946	-0.0310926302148557	0.0168916700986529	0.00176930681473694	0.0208556402190793	0.00536798237553029	0.00350400335016886	0.0293188600361478	-0.0390703477906105	-0.0316792517480852	-0.0116489594719064	-0.0055440498605728	-0.0222536775734934	-0.0102593515191199
0.0525578863242729	0.0534987383036302	-0.0321663786818241	-0.0311238486169396	0.0168962144876974	0.00177463351483744	0.0208560048319107	0.0053695539825623	0.00349296857332809	0.0293253266752156	-0.0390749676167926	-0.0316813905306328	-0.0116605083388696	-0.00555018960537787	-0.0222507648617941	-0.0102632784412239
0.0525561275213811	0.053507127192721	-0.032180810923822	-0.0311177843092721	0.0168842856410784	0.00177443933405749	0.020848166354527	0.00536419654881317	0.00348600181397817	0.0293492276749584	-0.0390756311842062	-0.0316675925193837	-0.011664010577829	-0.00554935560591288	-0.0222475839291613	-0.0102668030319277
0.0525158957783456	0.0534904094848525	-0.0322168405389	-0.0310589307691372	0.0168494630202011	0.00175468178894303	0.0208312921844473	0.00534803763455601	0.00348296337371628	0.0293920326625744	-0.0390721429150871	-0.0316388244272857	-0.0116679207361246	-0.00552876825228552	-0.0222298128953353	-0.0102515353934807
0.0525078701051021	0.0535069707305098	-0.03222911304359	-0.0309778400372374	0.0168486346086722	0.00176860552875465	0.0208324307264305	0.00535952503422201	0.00344880851120454	0.0294138465681787	-0.039106208370621	-0.0316354730626015	-0.0116858705839062	-0.00553151891383755	-0.0222575304554439	-0.010263137345837
0.0525010639989154	0.0535136874297187	-0.0322445245713919	-0.0309108853867215	0.0168439072147199	0.00177974787336562	0.0208305196522796	0.00536798516949834	0.00343087123627916	0.0294223290551995	-0.039121575194934	-0.0316376300059414	-0.0116965435418837	-0.00553588867987856	-0.0222729643349903	-0.0102700999142349
0.052458629212067	0.0534993934891395	-0.0322974646781343	-0.0307760931917838	0.0168043558029062	0.00176339757229657	0.0208072179586849	0.00535333360100789	0.00340486498160541	0.0294844333771686	-0.0391349303622461	-0.0316067957744653	-0.0117174983023105	-0.00551287755896181	-0.0222747412986745	-0.0102552248282999
0.0524530468638893	0.0535104184870921	-0.0323132394217836	-0.0306780752044112	0.0168117598182571	0.00178667132621066	0.0208099281077001	0.00536952185192965	0.00336971127551332	0.0295006886833237	-0.0391749567486294	-0.0316082654016632	-0.0117346588541161	-0.00551644825013855	-0.0223193274409267	-0.0102667750922471
0.0524161385458575	0.053485624814555	-0.0323310369983062	-0.0306243919021656	0.0167930681719563	0.00176362108974112	0.0207948797957456	0.00535295362135215	0.00337667943184727	0.0295230348398429	-0.0391673403917063	-0.0315875062190004	-0.0117242708808805	-0.00549770072447666	-0.0223251444824212	-0.0102486087119411
0.0524159331892053	0.053487587577115	-0.0323282695729458	-0.0305985351247829	0.0168028763968201	0.00177282581750462	0.0208065879188881	0.00536164425899318	0.00337238370595976	0.0295015729742137	-0.0391715243588715	-0.0315987086339246	-0.0117284771997901	-0.00550892549114531	-0.0223321671211323	-0.0102548043361073
0.0524275295536255	0.0534938865780993	-0.0323122028596345	-0.0306021379465923	0.016827369717791	0.00178600915578117	0.0208193912775089	0.00537067017280104	0.00337018904405106	0.0294726679776809	-0.0391790834394495	-0.031616303647763	-0.0117311636000769	-0.00552153606597019	-0.0223456941174798	-0.0102595918003728
0.0524384092652392	0.0534888294959163	-0.0322986185869418	-0.0306460423606387	0.0168346955020363	0.00177612409679581	0.0208239901489306	0.00536684243656307	0.00338833307261265	0.0294571726308373	-0.0391614758527548	-0.0316197514043452	-0.0117226531733755	-0.00552726370048686	-0.0223315510511757	-0.0102670405192125
0.052431232958285	0.0534631012410642	-0.0322881817192652	-0.0307272476452288	0.0168242111369027	0.00175444150769013	0.0208167020832541	0.00534674682131372	0.00343466684188447	0.029444296629047	-0.0391269438045554	-0.0316178081995616	-0.0116848354187412	-0.00551604452175432	-0.0223094912763824	-0.0102448466339525
0.0524669161213238	0.0534854627644077	-0.0322584441202514	-0.03078307252399	0.01685441812255	0.0017762218856778	0.0208313075512716	0.00536450388529943	0.00343391666146119	0.0294007428579918	-0.0391280963163789	-0.0316416477320072	-0.0116917770323786	-0.00553577133322016	-0.022311291988795	-0.0102633888029622
0.0524925633511023	0.053482186836861	-0.0322210398728895	-0.0309114064617642	0.0168745891749369	0.00177417530407611	0.02084074976632	0.00536505010605456	0.00346385542617505	0.0293750034272675	-0.0391107192320489	-0.0316533726189581	-0.0116666215409781	-0.00553927077821145	-0.0223060071982154	-0.0102597356897277
0.05251739194824	0.0534811321139195	-0.0321990499472976	-0.0310137592905771	0.0168784294840311	0.00176263761298509	0.0208445006684364	0.00535807217083242	0.00349480840129356	0.0293432597591889	-0.0390730830853383	-0.0316620716385033	-0.0116579979585705	-0.005550048509991	-0.0222664935049705	-0.0102577282236789
0.0525453497896015	0.0534910297457611	-0.0321770600217056	-0.0310878371626541	0.016885689610027	0.00176770726802436	0.0208458599338961	0.00536336534331624	0.00350830466399248	0.0293382264257343	-0.0390675440436654	-0.0316754198208952	-0.0116539341320317	-0.0055587475295362	-0.0222584510679187	-0.0102665390019463
0.0525488771742734	0.0534896397466528	-0.032178405317325	-0.0311193126097992	0.016876409445126	0.00175889648975688	0.020843106478376	0.00535444280632649	0.00351373194694304	0.0293536002349675	-0.0390588981095133	-0.0316676903082657	-0.0116516807967938	-0.00555133094132912	-0.0222477040697878	-0.0102636821696081
0.0525736387161778	0.0535126802042342	-0.0321690441273503	-0.031124949440354	0.0168888551758355	0.00177722072925815	0.0208490254997045	0.00536872138008134	0.00349852856976134	0.0293390227066306	-0.0390712404634047	-0.0316735059527762	-0.0116674429675869	-0.00556738368480011	-0.022256648958522	-0.0102774773868891
0.0525511877858565	0.0535004663728734	-0.0321926797001278	-0.0310974218700733	0.0168656219344582	0.00176379990369676	0.0208360964125212	0.00535876507491053	0.00349237206114793	0.0293667290908669	-0.0390660422858348	-0.0316530638854878	-0.011669464403476	-0.00554931090242397	-0.0222441864640041	-0.0102628691249036
0.0525492208323444	0.0535117540038233	-0.0322123715869929	-0.0310236834651152	0.0168611962890561	0.0017791332003931	0.020838689214878	0.00537277961868401	0.00346107961891051	0.0293738145938593	-0.0390935349315149	-0.0316520133534984	-0.011691749092698	-0.00555138961465831	-0.022256010536821	-0.01026691479065
0.0525032097663831	0.0534862394875276	-0.0322424458591575	-0.0309628308408357	0.0168276574965009	0.00174899187299512	0.0208171309573508	0.00534404645118671	0.00346080022210481	0.0294304203866923	-0.0390880028747622	-0.0316181839882653	-0.0116848535795335	-0.00552129299074924	-0.0222480644916671	-0.0102528220157709
0.0525034276958916	0.0535083174231133	-0.0322614057263918	-0.0308584537821655	0.0168233380218849	0.0017706451254362	0.0208147784362469	0.00535917299424684	0.00342892104657543	0.0294295430807225	-0.0391170210270013	-0.0316215199861252	-0.0117105860253377	-0.00553526841896992	-0.0222671361176236	-0.0102667527405027
0.0524757213116552	0.0535078801671124	-0.0323008467764672	-0.0307366940512292	0.0168032982859967	0.00177081136653559	0.0207984043864494	0.00535518181087754	0.0033931903860796	0.0294865721597161	-0.0391456661845048	-0.0316007454366381	-0.0117348725926724	-0.00551782427940658	-0.0222928979000924	-0.0102615126534119
0.0524520158896763	0.0535041125011876	-0.0323220040995782	-0.0306523958440001	0.016795753175259	0.00177345865126951	0.0207875735692768	0.00535575038337712	0.00337706220547106	0.0295094477731821	-0.0391660635483043	-0.0315891351023775	-0.0117370532847408	-0.00550565515153469	-0.0223223030169073	-0.0102605641012566
0.0524424661068578	0.0535028328638176	-0.0323195733473686	-0.0306112071669051	0.016802721331593	0.00177857161281366	0.0207900043214863	0.00536113156585474	0.00336936761744232	0.0295051282985661	-0.0391739816537776	-0.0315899677048585	-0.0117410151314455	-0.00550999697789514	-0.0223427604510201	-0.0102637212851609
0.0524269358354134	0.0534914376650974	-0.0323318849676114	-0.0305834868128284	0.0167948353567523	0.00176791402166057	0.0207816713117565	0.00534730002698899	0.00337026587817262	0.0295032772947284	-0.0391593370702073	-0.0315789664556344	-0.0117459506760181	-0.00550789172296425	-0.0223214326958576	-0.0102546869894489
0.0524465578730771	0.0535061646707254	-0.0323061162002225	-0.0306080541739528	0.016823487499176	0.00178972653028089	0.0207896257388146	0.00536390457915122	0.00337768386336373	0.0294722055759675	-0.039173019131782	-0.0316083394418167	-0.0117334141413467	-0.00552007621766045	-0.0223546054785973	-0.0102657315451779
0.0524508815386452	0.0534976807867206	-0.0322861686652802	-0.0306612862503572	0.0168334438043468	0.00178265080617676	0.0207999173201522	0.00536335556442804	0.00339689379073903	0.029452791688924	-0.0391557314544298	-0.0316155716281321	-0.0117243519059541	-0.00552411210451866	-0.0223476219554391	-0.0102627713360216
0.0524437597140681	0.0534737280985687	-0.0322812428995958	-0.0307387490147351	0.0168253161512692	0.00176325787389372	0.0208118391818511	0.0053549149869281	0.00343170383876012	0.0294315659135957	-0.0391234248017877	-0.0316149597491276	-0.0116963367882474	-0.00552005805686808	-0.0223148682679079	-0.010246446180665
0.0524735280467305	0.0534836480821548	-0.0322553637704687	-0.0307949901947367	0.016845629696027	0.00177210497374594	0.0208264083282838	0.00536559492982566	0.00343675114205493	0.0294066395275759	-0.0391248371526405	-0.0316337617571666	-0.011698330284456	-0.00553286979739306	-0.0223129502088368	-0.0102572015607001
0.052534620952263	0.0535058936558239	-0.0321983388824271	-0.0309369181840918	0.0168955690810763	0.00179405997473716	0.0208539512653889	0.00538480066624888	0.00345314055867679	0.029342875588581	-0.0391146838727217	-0.0316705247888595	-0.0116859865335806	-0.00556198853248221	-0.0223222205948497	-0.0102742503537834
0.0525101904955733	0.0534617266087802	-0.0321972883504377	-0.0310386856765968	0.0168599180486701	0.00174385795669054	0.0208420154338497	0.005345729816941	0.00351559133268491	0.0293420709257806	-0.0390538424243143	-0.0316477483612595	-0.01164579809705	-0.00553726750311464	-0.0222598368760749	-0.0102406333301226
0.0525599762123795	0.0535018563719817	-0.0321691614740087	-0.0310837831150035	0.0168942587100576	0.00177712573434421	0.0208568653740722	0.00537403550732559	0.0034931362114115	0.0293114797695255	-0.0390707766647073	-0.0316739585756014	-0.0116699743026464	-0.00557174786290501	-0.0222570345261138	-0.0102722973701116
0.052540069189974	0.0534843856897218	-0.0321780714381422	-0.0311177493846714	0.0168727423620513	0.00175091552000231	0.0208508387849735	0.00535278738025276	0.00351254590750288	0.0293370585470865	-0.0390503387883709	-0.0316606956092352	-0.0116532468158897	-0.00554871718421188	-0.0222417151992578	-0.0102508089617859
0.0525606970561382	0.0535096627187327	-0.0321732909587969	-0.0311084762046905	0.0168867094083678	0.00177362209840084	0.0208590167294761	0.00536865432484798	0.00349522051158196	0.0293379721746412	-0.0390734085826169	-0.0316704884672747	-0.0116751319676795	-0.00556483558593221	-0.022251105725897	-0.010274817529299
0.0525214390109705	0.0534879060894735	-0.0322104255882413	-0.0310671785628412	0.0168413046334749	0.00174721630629495	0.0208313592396807	0.00534108624203041	0.00350462221409347	0.0293859529880825	-0.0390586648131806	-0.0316370362877293	-0.0116681219018247	-0.00553346211862113	-0.022234216188993	-0.0102517812626697
0.0525458946133726	0.0535282984856723	-0.0322118086024295	-0.0309848542940443	0.0168616475148973	0.00179055913276185	0.0208421802779651	0.00537249323695817	0.00345243368475839	0.0293863134099619	-0.0391104957146043	-0.0316512268514904	-0.0117174270561251	-0.00555547579294155	-0.0222687021367195	-0.0102798299079931
0.0525100228574899	0.0535109786776875	-0.0322409301314867	-0.030937219932642	0.0168371751486868	0.0017696630456642	0.0208248604699803	0.00535747565865227	0.00344611093504559	0.0294295891811954	-0.0391063131444232	-0.031626860656066	-0.0117072318666854	-0.00552983554808326	-0.0222787799795008	-0.0102587047155147
0.052481993769943	0.0535118950992102	-0.0322839125360742	-0.0308153582218716	0.0168104424623182	0.00176778549912995	0.0208072919988384	0.00535414524872842	0.00341694190853142	0.0294575735652534	-0.0391185842521291	-0.0316080851907236	-0.0117268343465727	-0.00551872673108897	-0.0222811716161575	-0.0102553966573354
0.0524573062681921	0.0535067206703688	-0.0323105222878483	-0.0307061811260797	0.0167997248008519	0.0017714847128373	0.0208000835612516	0.0053560339711349	0.00339098035734658	0.0295042328318039	-0.0391504466638502	-0.0315949088373672	-0.0117436316825308	-0.00550648915099968	-0.0223186666674813	-0.01025572075763
0.0524323854701084	0.0534990107155157	-0.032337164170255	-0.030615230480907	0.0167780673574588	0.00175617516486945	0.0207877020918074	0.00534188671387872	0.00337520142274516	0.0295279270779106	-0.0391564131826357	-0.0315706781493936	-0.0117601035212104	-0.00549944695451223	-0.0223130996861279	-0.0102462198692524
0.0524557947314733	0.0535205871338352	-0.0323153865862354	-0.0306032429609588	0.0168202744359105	0.00180218203987861	0.020807959757204	0.00537919876029477	0.00336602184069417	0.029492506547869	-0.0391940465353783	-0.031607417432358	-0.011752966329809	-0.00552210463846977	-0.02237496232986	-0.0102743984340904
0.0523893751258403	0.0534607389410721	-0.0323377732552914	-0.030616800690955	0.0167831579672584	0.00174986638499694	0.0207962572219976	0.00534306576839873	0.00340680120146885	0.0295174385218249	-0.0391544518170597	-0.0315794903246451	-0.0116975465764161	-0.00547985006256104	-0.0223534725245503	-0.0102273158813794
0.0524323184148751	0.0534940262765022	-0.0323133372106656	-0.0306143587628733	0.0168171605585111	0.00177488357497854	0.0208180334090332	0.00536723359209103	0.00337048520466509	0.0294705277981493	-0.0391695113048865	-0.0315981931468181	-0.0117251900963712	-0.00552240219606783	-0.0223376419015398	-0.0102640342095833
0.0524387780690227	0.0534864043316429	-0.0322831847073954	-0.0306958979266462	0.0168336114424302	0.00177542001684547	0.0208234648829359	0.00536897702815855	0.00341060658596237	0.0294468573007712	-0.0391558096855354	-0.0316220871616408	-0.0116909472238657	-0.00552175399547863	-0.0223589431140057	-0.0102554958432014
0.052432854856742	0.0534636055522985	-0.0322828494312286	-0.0307502350174171	0.0168165123579219	0.0017471450601095	0.0208143453711981	0.00534135027201179	0.0034410943653994	0.0294344073791095	-0.0391068817169227	-0.0316070891411113	-0.0116908801686323	-0.0055149143616753	-0.0223007615231885	-0.010237703854615
0.0524754712515141	0.0534822385252701	-0.0322403671469232	-0.030838398679453	0.0168611180579505	0.00176915314649381	0.0208328889371918	0.00535967032056097	0.00344906555626578	0.0294016760433228	-0.0391199211658443	-0.0316344113547398	-0.0116977505360842	-0.00553034544725364	-0.0223170196233117	-0.0102530678849599
0.0525109867764696	0.0534860592765879	-0.0322051645463901	-0.0309552549964494	0.0168724489954053	0.00176320618548467	0.0208406882990227	0.00535627145841974	0.00348158594746422	0.0293489245294243	-0.0390817904867876	-0.0316471308943189	-0.0116823515811386	-0.00554974815842488	-0.0222811241187005	-0.0102576066860684
0.0525335829931299	0.0534877119086935	-0.0321823671640297	-0.0310517488742469	0.0168815894619035	0.00176331654722292	0.0208449337334852	0.00535445957013483	0.00350545621355846	0.0293247385449396	-0.0390651621858969	-0.0316576599629414	-0.0116656115215256	-0.00555147063973196	-0.0222644287625764	-0.0102573398621189
0.0525522117751493	0.0534990316702761	-0.0321771047251945	-0.0310957943836802	0.0168804816535689	0.00176989773898098	0.0208454576024959	0.00535871618046953	0.00350629300699151	0.0293219320040264	-0.0390609726307956	-0.031664512169601	-0.0116613102077019	-0.00555745112835779	-0.0222544054021723	-0.0102624709844555
0.0525560059837706	0.053504278742287	-0.0321763950573081	-0.0311139048846251	0.0168715130161062	0.00176104086024056	0.0208347902324546	0.00534945697032892	0.00350427576205441	0.0293401430878214	-0.0390568654977519	-0.0316566722952333	-0.0116668366765185	-0.00554911951561207	-0.0222468784522269	-0.0102548322757879
0.0525628917180469	0.0535143384242759	-0.0321904752593309	-0.0310900318245628	0.016862171383908	0.00176151164385815	0.0208317070887038	0.00534664204751158	0.00348963676642022	0.0293584282117698	-0.0390600827519694	-0.0316455844329994	-0.0116804027884189	-0.00555738826407651	-0.0222363940870934	-0.0102669678760431
0.0525503244497269	0.0535122094206166	-0.0322105527137879	-0.0310511230254022	0.0168566896185803	0.00176595405306864	0.0208308968379673	0.00535363255558998	0.00348026579755733	0.0293822048799342	-0.0390795567093261	-0.0316429078116009	-0.0116771897251534	-0.00554809552631921	-0.0222600031171743	-0.0102627489842771
0.0525291182321749	0.0535151877905652	-0.0322295014051499	-0.0309709417301049	0.0168395290667747	0.00176526673692664	0.0208228557978995	0.00535176059699185	0.00345096824851254	0.0294140393519746	-0.0390915540081625	-0.0316262948775345	-0.0117004970066842	-0.0055421890778469	-0.0222628585525285	-0.0102648891638087
0.0525177551640874	0.053518219245907	-0.0322445525110725	-0.0309074488060115	0.0168323681266449	0.00177334968651529	0.0208161642444032	0.00535684841282349	0.00343643123271242	0.0294271514440657	-0.0391120142362433	-0.0316230846082371	-0.0117071438566916	-0.00553819649749357	-0.0222828046904868	-0.0102630423509231
0.0524622124761	0.0534989310874261	-0.0322945296146905	-0.0307761756138415	0.016794282151077	0.00175533557746834	0.0207993571295568	0.00534413166721245	0.0034149973067638	0.0294846638795333	-0.0391201935777299	-0.0315934895015942	-0.0117212687622033	-0.00551287057404167	-0.0222860219447043	-0.0102493616863324
0.0524701529333178	0.0535228530419294	-0.032310952558929	-0.0306595162715931	0.0168079893583643	0.001781827982584	0.0207999438628487	0.00536389619724705	0.00335878825739482	0.0294980805141426	-0.0391651149961489	-0.0315934839136581	-0.0117667042707448	-0.00552971820142487	-0.022309373929724	-0.0102686680056057
0.0524320348271173	0.053499464735325	-0.0323337597201776	-0.0306131000802636	0.0167900325256625	0.00176565928943864	0.0207826575824806	0.00534944858842475	0.00337831530014459	0.0295201109522713	-0.039161681209407	-0.0315814894087898	-0.0117401811319806	-0.00550357504231632	-0.0223352209282185	-0.0102487162797113
0.0524309423856071	0.0535011662618716	-0.032327543141251	-0.0305894044371729	0.0167993783488129	0.00177554155445594	0.0207845602747274	0.00535456993187308	0.00337860866679057	0.0295038863797648	-0.0391667522614303	-0.0315896226498035	-0.0117372502594889	-0.00551577630082086	-0.0223475115937008	-0.0102547931602351
0.0524379231147972	0.0534972616915121	-0.0323233116766288	-0.03058827986503	0.0168028945576125	0.00177440860040886	0.0207821756229908	0.00534887722195711	0.00337624636679845	0.029490147041845	-0.0391575363577946	-0.0315871122695043	-0.0117431664868494	-0.00551639516474547	-0.0223349205766524	-0.0102592118207171
0.0524356935282878	0.0534884159886439	-0.0323047541407948	-0.0306228077222774	0.0168183899044561	0.00177271545576637	0.0207927759377987	0.0053557000919521	0.00339404394332098	0.0294678902923036	-0.0391531945314341	-0.031605211594577	-0.0117273358638389	-0.00551612135587589	-0.0223480131109671	-0.0102481868227645
0.052471045606112	0.0535004328452567	-0.0322737606531394	-0.0307101890732573	0.0168465447205656	0.00178298887631164	0.0208076538177018	0.00536284426827362	0.00340706662843426	0.0294357177501282	-0.0391417364684327	-0.0316214249912113	-0.011726606638176	-0.00553816855781299	-0.0223290672135731	-0.0102733409171809
0.0524498491674482	0.0534700945431107	-0.0322674867978676	-0.0307863260997923	0.0168321208604718	0.00175969137366907	0.0208145982253073	0.00534777220759061	0.00345218781556938	0.0294387953059429	-0.0391117027088049	-0.0316244718133774	-0.0116841229568866	-0.00551984711227978	-0.0223260343612473	-0.010245117648854
0.0525003110245241	0.0534905380073831	-0.0322272173362633	-0.0308872526079121	0.0168731726331321	0.00177088121573701	0.0208328735703675	0.00535748683452449	0.0034475302708185	0.029413663563271	-0.0391132086575876	-0.0316392099948776	-0.0116983246965199	-0.00555114793642138	-0.022303780405674	-0.0102663154845018
0.0525196788110946	0.0534856541512196	-0.0321907504651845	-0.031013461732979	0.0168850302335656	0.00176879132763044	0.0208448652812678	0.00535698392027425	0.0034983693135821	0.0293558284244929	-0.0390817038737779	-0.0316629810751058	-0.0116567169242164	-0.00555064502217114	-0.0222995223983553	-0.0102594199713373
0.0525477009137214	0.0534899610529794	-0.0321734348481518	-0.0310860448321456	0.0168960203069175	0.00177151125553384	0.0208528602208627	0.00535802746734351	0.00350576075607666	0.0293215338635783	-0.0390632483177779	-0.0316682407199729	-0.0116603001882494	-0.00556102321651855	-0.0222674769817265	-0.0102636067324706
0.0525507323690632	0.0534827330576161	-0.0321834344598275	-0.0311097684149168	0.0168758506515146	0.00174696065821775	0.0208388149434405	0.00533562263749511	0.00351362018822076	0.0293362776330146	-0.0390454200076068	-0.031648065476634	-0.0116599062387533	-0.00555106272039566	-0.0222321249039024	-0.0102508299165463
0.0525807982593236	0.0535084403577078	-0.0321758544244891	-0.0311131854378504	0.0168864705240989	0.00176372726052728	0.0208410752635986	0.00534758361474676	0.00350307295880591	0.0293294184414349	-0.0390608622690573	-0.0316607361217721	-0.0116677265553446	-0.00556639322312394	-0.0222443708658959	-0.0102714577827105
0.0525649648423451	0.053506241504847	-0.0321969852049035	-0.0310830189647399	0.0168646021361175	0.0017508219220724	0.0208318579629788	0.00534093676473936	0.00349269336747448	0.0293636305802918	-0.0390592389736162	-0.0316406949888998	-0.0116802072106549	-0.00555799734911291	-0.0222338068726727	-0.0102637995162665
0.0525552013209702	0.0535123253702909	-0.0322162258659274	-0.0310244755550594	0.0168574537688439	0.00176401364225312	0.0208293811102964	0.00534907699067318	0.00347085990409373	0.0293819408499528	-0.0390817653410751	-0.0316352593240451	-0.0116883837581734	-0.0055498571231791	-0.0222583001936436	-0.0102659857962711
0.0525267433593265	0.0535095719147708	-0.0322414204728807	-0.0309443487421392	0.0168373777113709	0.00175864503263176	0.0208174634395496	0.00534183083451758	0.00345009094254266	0.0294214321914532	-0.0390960746484786	-0.0316196843491118	-0.0117033636179106	-0.00553906542155927	-0.0222606736695079	-0.0102585245045751
0.0525308658591945	0.0535347274061713	-0.0322433776475045	-0.0308758308664955	0.0168545759817452	0.00179598222476032	0.020832158314545	0.0053758376167223	0.00342180341295045	0.029412434217326	-0.0391327217304971	-0.03163726539311	-0.011723805685199	-0.00555470186378978	-0.02230456271673	-0.0102861191300892
0.0524786717419233	0.0535157479811606	-0.0323038195584797	-0.0307497251182467	0.0168044829284528	0.00176788328801194	0.0208034111772074	0.00535701465392287	0.00339095521163407	0.0294877791539167	-0.039137530149523	-0.0315922964772339	-0.0117444614910437	-0.00552202640736418	-0.0222971894350278	-0.0102588974993107
0.0524444484271942	0.0535035858382089	-0.0323245871230468	-0.0306607903210271	0.0167947571256467	0.00176510887773143	0.0207923442697339	0.00536090106349004	0.00338114000185013	0.0295158277992401	-0.0391619857519252	-0.0315801846257072	-0.0117384740174978	-0.00550615946276897	-0.0223320833020906	-0.0102538487990318
0.0524455995420336	0.0535092073019394	-0.0323309908978332	-0.0306046539148276	0.0167995515748324	0.00177097621065095	0.0207966469805416	0.00536994234412221	0.00336192867749079	0.02951101099831	-0.0391735751314253	-0.0315812463335689	-0.0117578641558128	-0.00551714534516875	-0.0223365201233649	-0.0102628677279195
0.0524185357704503	0.0534846022222462	-0.0323413802680528	-0.030590881049291	0.0167875081755231	0.00175929043925291	0.020793968962159	0.00535490381105588	0.00338140123786345	0.0295111716514732	-0.039161188074045	-0.0315767941454702	-0.0117347259093494	-0.00549966209005261	-0.0223392875487253	-0.0102474631850378
0.0524524000602841	0.0534995122327819	-0.0323144450190002	-0.0306032848704797	0.0168226688665353	0.00178392345862668	0.0208106447605067	0.00537432887397157	0.00336955621028617	0.0294745608910395	-0.0391787104447139	-0.0316059841267448	-0.0117438440241032	-0.00551991137354509	-0.0223539712478484	-0.0102674442475968
0.0524461778934214	0.0534867186530493	-0.0322960579152176	-0.0306491366802617	0.0168260355980439	0.00176945349805993	0.0208082447419458	0.00536182586691688	0.00339201133155958	0.0294606497240841	-0.0391543777769062	-0.0316060595638823	-0.0117267980249879	-0.00551980799672699	-0.0223375734493224	-0.0102613058997757
0.0524585398050892	0.0534837249162763	-0.0322801644279259	-0.03072475123477	0.016839984483568	0.00176827025258782	0.0208164715808894	0.0053607320284226	0.0034174713654782	0.0294358630364672	-0.0391352656384129	-0.0316156247135251	-0.011713251470864	-0.00553064719580378	-0.0223174554823286	-0.0102638973051485
0.0524733115142061	0.0534833868461414	-0.0322578154774386	-0.0307955196516835	0.0168545997304737	0.00177273780751083	0.0208227049236244	0.00536361260948928	0.00343914976363179	0.0294080993758856	-0.0391241596153867	-0.0316307819902339	-0.0116979433198802	-0.0055309182107053	-0.0223192464158531	-0.0102612178897819
0.0524836408141125	0.0534694421515694	-0.0322223628167645	-0.0309074320422032	0.0168633644082683	0.00175298165938039	0.0208259040170496	0.0053481256445498	0.00347811164818545	0.0293707300531244	-0.039085980041889	-0.031630689789288	-0.011670492583721	-0.0055361904284287	-0.0222874370895251	-0.0102517156044204
0.0525480012652876	0.0535045441692524	-0.0321825892844903	-0.0310131460145886	0.0169015509666861	0.00178213811303831	0.0208456056828029	0.00537059892661559	0.00348147418874194	0.0293119770958396	-0.0390826845565658	-0.0316635370747491	-0.0116801611101819	-0.0055696412109901	-0.0222748432785086	-0.01027928787819
0.0525537219148841	0.0534987089669656	-0.0321698725388792	-0.0310979275782916	0.0169007449069017	0.00178088501836479	0.0208503205038989	0.00537164806162096	0.00350856310603775	0.029306253652275	-0.0390682690783762	-0.0316772847945732	-0.0116533180620751	-0.00555893612238004	-0.0222802537976508	-0.0102649841587227
0.0525598281320725	0.0535051728120652	-0.032170941231661	-0.0311177493846714	0.0168958093623292	0.00177056270337852	0.0208482236308722	0.00536461145306962	0.00349607267183932	0.0293270226138261	-0.0390591900791753	-0.0316623719900694	-0.0116751962289448	-0.00556422929486386	-0.0222502535656397	-0.0102673716044273
0.0525528082873295	0.0535058419674149	-0.0321789669049045	-0.031117929595611	0.0168811675727269	0.00176432516969146	0.0208401309023954	0.00535772571879336	0.00350420730983702	0.0293394711385037	-0.0390568668947359	-0.0316559807881392	-0.0116650499339461	-0.0055581733691005	-0.0222491373754009	-0.0102635732048539
0.0525476143007117	0.0535118909082581	-0.0321972366620286	-0.0310759614014282	0.0168631883882807	0.00176217102031958	0.0208276055435962	0.00535186117984189	0.00348535640735703	0.0293669554022795	-0.0390661736023335	-0.0316397394518244	-0.0116817550689584	-0.00555216913174619	-0.0222391545275336	-0.0102644533047918
0.0525290120613887	0.0535083984481869	-0.0322262771660122	-0.0310060730844525	0.0168447426111689	0.00175946087130438	0.0208189274788114	0.00534769816743709	0.00347001752272457	0.0293981081461141	-0.0390803501962543	-0.0316287703332329	-0.0116828335406284	-0.0055338239374845	-0.022262249467492	-0.0102559875815794
0.0525378312215604	0.053519497486293	-0.0322351829391936	-0.0309533998016596	0.0168521983149288	0.00177677369436904	0.0208208399499464	0.00536425103119028	0.00344267156036753	0.0294158903558124	-0.0391121665075024	-0.0316295624231771	-0.0117031610552265	-0.00554067335017602	-0.0222867344065588	-0.010269073130974
0.05248587319459	0.0534981837009709	-0.0322852857713742	-0.0308366021579924	0.0168056941136055	0.0017553481503246	0.0208033259611816	0.00534615589706968	0.00343483587695192	0.0294538533967857	-0.039105272391322	-0.0316008977078972	-0.0117081133636073	-0.00552173164373417	-0.0222729783048306	-0.0102523889507221
0.0524737795038556	0.0535142308565057	-0.0323103211221482	-0.03071375836745	0.0168056256613881	0.00177302698320472	0.0208005529478851	0.00536001258164794	0.00338373839214306	0.0294895700874412	-0.0391510054574615	-0.0315920478140769	-0.0117434081650863	-0.00552224713084067	-0.0223030651498515	-0.0102646838071565
0.052429073220977	0.0534886576668808	-0.0323390682594858	-0.030634278358135	0.0167864897741663	0.00175420402040529	0.0207868261828215	0.00534621876135096	0.00338400381910847	0.0295188257269652	-0.0391544057165868	-0.0315714646514016	-0.0117326374182269	-0.00550068049140936	-0.0223162554730481	-0.0102455088043819
0.0524438644878703	0.0535025772157404	-0.0323271380158827	-0.0306108369661375	0.016813820369699	0.00177742189495824	0.0208002539933031	0.0053683414004256	0.00337275530371133	0.0294943673305949	-0.0391772324356118	-0.0315919220855143	-0.0117399296748554	-0.00551691344582003	-0.0223474640962439	-0.0102619652762372
0.0524273535336379	0.0534892402092207	-0.0323307967170533	-0.0306055773212704	0.0168102957789952	0.00176931519664111	0.0208015797311461	0.00536039116431965	0.00337799259683402	0.0294909768503579	-0.0391645073080966	-0.0315864165714582	-0.0117364581695447	-0.00551272668468674	-0.0223372423641077	-0.0102534199249351
0.0524215099494469	0.0534782333720605	-0.0323178424841574	-0.030627894141125	0.0168154045495873	0.00176300222581651	0.0208072472953495	0.00535562046386247	0.00339617713793244	0.0294742479666171	-0.0391550622990802	-0.0315909637544708	-0.0117184747941464	-0.00551374229207543	-0.0223397778901193	-0.0102476853054983
0.0524490165649672	0.0534867186530493	-0.032293129836694	-0.0306754223317411	0.0168351998132705	0.00176583251545817	0.0208103681576691	0.00535684142790335	0.00340656231719998	0.0294480209884669	-0.0391417713930334	-0.0316051431423596	-0.0117218582894633	-0.00553350961607809	-0.0223248553067273	-0.0102628705218876
0.0524510086641918	0.0534752997056007	-0.0322772349524182	-0.0307495826258758	0.016837773057851	0.00175962152446765	0.0208140142859834	0.00535013869853481	0.00344040565227337	0.0294156137529747	-0.0391188804127431	-0.031617679677031	-0.0116906301084912	-0.00552704716796245	-0.0223116649835306	-0.010251155413825
0.0524807141325729	0.0534874143510955	-0.0322485353125376	-0.0308312111966266	0.0168614212034847	0.00176391305940307	0.0208263748006671	0.00535467610265924	0.00344646297502076	0.0293977994126438	-0.0391156617615416	-0.0316324765318604	-0.0116876796782231	-0.00553685958377833	-0.0223091615881516	-0.0102571903848279
0.0525199316652038	0.053492545473432	-0.0321975607623232	-0.0309691759422929	0.0168961013319911	0.00177805193475508	0.0208448722661879	0.00536792090823304	0.00348246185645006	0.0293379987173377	-0.0390986618628993	-0.0316647622297421	-0.0116621190614544	-0.00555492957218642	-0.0223061985850273	-0.010266476137665
0.052532708481128	0.0534872620798364	-0.0321864603272331	-0.031049494142025	0.0168879345633608	0.00175937984623073	0.0208449085877727	0.00535336154068846	0.00349966431777648	0.0293232158323486	-0.0390600017268958	-0.0316543099952412	-0.0116647873009488	-0.00556077175939343	-0.0222504840680044	-0.0102621259294004
0.0525689322769859	0.053512868797078	-0.032168587313573	-0.0310970893878745	0.0169065004810989	0.00177917510991396	0.0208537067931839	0.0053753025718394	0.00349306217125799	0.0293029344182234	-0.0390736670246621	-0.0316739655605216	-0.0116710988747893	-0.00557725337696116	-0.0222556333511333	-0.0102751877300665
0.0525545140048282	0.0534976235103754	-0.0321735060943372	-0.0311219682764373	0.016885197871649	0.00176064411677648	0.0208450999745846	0.00535956554675884	0.00350857288492595	0.0293282128442184	-0.0390577986830829	-0.0316604218003657	-0.0116605726001349	-0.00556078153828163	-0.022245017669501	-0.0102593640919762
0.0525796080289314	0.0535241703978682	-0.032177469338026	-0.0311024845401924	0.0168964114624454	0.00177994903906572	0.0208477975507435	0.00537171791082238	0.00347586529786769	0.0293352466588016	-0.0390769611130012	-0.0316614346137863	-0.0116939283877824	-0.00557643474432049	-0.022243348273587	-0.0102787053358502
0.0525496566913613	0.0535087029907051	-0.0322087841320079	-0.0310632125251845	0.0168674659533758	0.00176801320752659	0.0208372698791051	0.00536188314326204	0.00347720640253501	0.029369333069096	-0.0390741671449443	-0.0316429720728662	-0.0116844959516222	-0.00555470884870993	-0.0222458069654771	-0.0102653836961548
0.0525092866469069	0.0534941268593522	-0.0322413534176473	-0.0309768928820661	0.0168329744177132	0.00174666449760371	0.0208201456488843	0.00534344016011836	0.00346309965781565	0.0294160454210395	-0.0390788191017591	-0.031612375328675	-0.0116880303212142	-0.00553121995925546	-0.0222450721518781	-0.0102520201469386
0.0525350791630243	0.0535244791313385	-0.0322389184744857	-0.0309091461416061	0.0168559059105403	0.00178387875513777	0.0208291296531713	0.00537204899603712	0.0034227980655787	0.0294076397681403	-0.0391251109615101	-0.0316310404322792	-0.0117161278609786	-0.0055529696035945	-0.0222783105928672	-0.010279335375647
0.0524984055383093	0.0535123253702909	-0.0322870808958508	-0.0307893128516451	0.0168199251899034	0.00177697765403719	0.0208095998164534	0.00536657840658169	0.00340443051957256	0.029455343978744	-0.0391371529638354	-0.0316099347975772	-0.0117279239941149	-0.00553094754736991	-0.0222954934964172	-0.0102657399270821
0.0524720947411173	0.053509774477455	-0.0323226006117583	-0.0306789427314928	0.0167998728811589	0.00177272802862263	0.0207951577955672	0.00536071945556634	0.00337639863805754	0.0294944343858283	-0.0391570935138576	-0.0315877199575567	-0.0117443553202576	-0.00552120498075545	-0.0223074768254133	-0.0102617864622815
0.0524714046310073	0.0535191426523498	-0.0323241177364132	-0.0306248487159429	0.0168166841869574	0.00179304855830056	0.0208015308367051	0.00537706137473123	0.00335948116147294	0.0294919114326729	-0.039183868109747	-0.0316016423003843	-0.0117525779682491	-0.00552571723916736	-0.0223495623662546	-0.0102679303980387
0.0524153869684502	0.0534742561585314	-0.0323476806660212	-0.0306027470316287	0.0167797325624207	0.00175140306742824	0.0207832429187885	0.00533941684611641	0.00339718436341695	0.0295151530559543	-0.0391509258293719	-0.0315710693049215	-0.0117209320890524	-0.00549344551112598	-0.0223308357953532	-0.0102381397136318
0.0524202051663643	0.0534765486093221	-0.0323330947557801	-0.0305952689761244	0.0167988558767862	0.0017613174630782	0.020793179666183	0.00535051588422249	0.00339404534030501	0.02948872351512	-0.0391575517246189	-0.0315845571857163	-0.0117253451615983	-0.00550492173491975	-0.0223354947370881	-0.0102471572455355
0.0524598459851558	0.0535079192826652	-0.0322922022392991	-0.0306367873414501	0.0168453586811255	0.00179963952894682	0.0208119439556532	0.00538052310115374	0.00338911678065262	0.02944307007707	-0.0391787523542347	-0.0316222534027402	-0.0117357051951534	-0.00553369960590596	-0.0223650102156413	-0.0102730070379981
0.0524482105051828	0.0534789164972504	-0.0322882585533868	-0.0307145839850109	0.0168350196023309	0.00176560760102959	0.020799369702413	0.00535089446689421	0.00342743744953721	0.0294426998763025	-0.0391308427869788	-0.0316106877719686	-0.0117067946106845	-0.00551918354486627	-0.0223301987706362	-0.0102476056774087
0.0524735350316507	0.0534842585641752	-0.0322677396519768	-0.0307717150438386	0.0168465754542143	0.00177441418834498	0.0208116631618635	0.00535835994954228	0.00343894859793169	0.0294052383525954	-0.0391206950949961	-0.0316221989203631	-0.0116986362239583	-0.00553458389679597	-0.0223182182356081	-0.010259206232781
0.0524976008755089	0.0534758920268288	-0.0322367447673374	-0.0308798150649446	0.0168604712543453	0.00176320897945273	0.0208199039706473	0.005354419057598	0.00346089102606666	0.0293897863122566	-0.0391044970651862	-0.031628330283264	-0.0116789289702688	-0.00553470264043839	-0.0223051270982775	-0.0102540276129875
0.0525376747593492	0.0534858134073989	-0.0322001577556321	-0.030989453165466	0.016878372207686	0.00177000111579908	0.0208291324471393	0.00535714317645349	0.00348940905802358	0.0293356475932178	-0.0390785047803527	-0.0316513106705321	-0.0116686052582985	-0.00555325738230436	-0.0222834934036128	-0.0102584113488688
0.0525506052435166	0.0534792755221457	-0.0321845227103856	-0.0310710258568556	0.0168779139969246	0.00175899288165484	0.020831177631757	0.00535073940166705	0.00351680112085356	0.0293218677427611	-0.0390574159094591	-0.0316551216429617	-0.0116533278409633	-0.00555230743316501	-0.0222591411780287	-0.0102545109694613
0.0525815288819705	0.0535026666227182	-0.0321773589762877	-0.0310928299835718	0.0168884751961798	0.00177310800827837	0.0208441081159244	0.00536425103119028	0.0034909960318799	0.0293165368517085	-0.0390613162888666	-0.0316596702229584	-0.0116853243631511	-0.00557274810346939	-0.0222408239234476	-0.0102715988780974
0.0525668703285599	0.0534935736536769	-0.0321852896546173	-0.0311050521968367	0.0168712685439013	0.00175516374843284	0.0208433299958205	0.00535120180338046	0.00350552885672794	0.0293349141766029	-0.039053041952466	-0.031652781694714	-0.0116710150557476	-0.0055594446245664	-0.0222368858254714	-0.0102583401026833
0.0525827917555322	0.0535205591941546	-0.0321789794777607	-0.031088862548931	0.0168852677208504	0.00178539029185656	0.0208443875127301	0.00537134771005484	0.00348405581522653	0.0293376480743466	-0.0390806170202037	-0.0316628776982877	-0.0116905881989703	-0.00556940651767332	-0.0222633656577308	-0.0102767509551943
0.052563485436259	0.0535165861715777	-0.0322091040413504	-0.0310373361900254	0.0168651343870323	0.00177915974308964	0.0208323455104048	0.00536386546359843	0.00346693996690988	0.0293705554301209	-0.039083673621258	-0.0316416603048635	-0.0117021161111732	-0.00555791213308718	-0.0222585320929923	-0.0102677376142427
0.052514884361909	0.0534956565568634	-0.0322438693858825	-0.0309647684576831	0.0168278209436322	0.00174882004395962	0.0208110806195236	0.00534159474421677	0.00346109777970287	0.0294267840372663	-0.0390827655816395	-0.0316129243433981	-0.0116892051847822	-0.00553342300306833	-0.0222533772219273	-0.0102474059086926
0.0524958239118247	0.0534973385256336	-0.0322679366267248	-0.0308646270545873	0.0168119120895162	0.00175287129764215	0.0208083816463806	0.00534430489323197	0.00343441538475935	0.0294326681339941	-0.0390997696712339	-0.0316031510431351	-0.0116958827684382	-0.00553875948205704	-0.0222563220642593	-0.0102512671725472
0.0525020027721826	0.053530004203171	-0.0322869705341125	-0.0307433814137735	0.0168273892755674	0.00179434356249494	0.0208178462131734	0.00538267026560548	0.00337152735475032	0.029457845977139	-0.039158097945374	-0.0316173569737204	-0.011737402530748	-0.00554878563642927	-0.022310358803464	-0.0102812757864625
0.0524499804839469	0.053496176234922	-0.0323263864384754	-0.0306633942992561	0.016791236725895	0.00176288487915812	0.0207963117043748	0.00535715714629378	0.00337538442765288	0.0295084852511865	-0.0391488764538022	-0.0315774912405004	-0.0117363617776468	-0.00551685477249083	-0.0223078651869732	-0.010260386684285
0.0524416279164407	0.0534939927488855	-0.0323272958750779	-0.0306144369939789	0.01679658577774	0.00177131847173792	0.0208005878724859	0.00536185799754953	0.00336866353749198	0.0295057653232831	-0.0391652756493122	-0.0315777971800026	-0.0117498775981221	-0.00551555138639228	-0.0223307910918642	-0.0102593738708644
0.0524179671979507	0.0534823796206569	-0.0323293648084241	-0.0305974622410491	0.0167997024491075	0.0017693836488585	0.0208040845235091	0.00536499702066148	0.0033790668775519	0.0294967226456669	-0.0391618013500334	-0.0315843141104953	-0.0117402565691181	-0.00551040070627936	-0.0223389396997022	-0.0102517644988614
0.0524263449111694	0.053487784551863	-0.0323191095486712	-0.0306021155948479	0.0168122599385393	0.00177152522537413	0.0208073436872475	0.00536269060003049	0.00338040379126713	0.0294755737044601	-0.0391610455816741	-0.0315934601649297	-0.0117420265478821	-0.00551688690312348	-0.0223391897598433	-0.0102500923089793
0.0524200459101851	0.0534720978182075	-0.0323027438807778	-0.0306311910234321	0.0168133146614807	0.00175644198881888	0.0208053362211986	0.00535187654666621	0.0034045702179754	0.0294600881365047	-0.0391446352102918	-0.0316032013345601	-0.0117176813072182	-0.00551156299699104	-0.0223409290049588	-0.0102318267428072
0.0524660541821783	0.0534890041189199	-0.0322740805624819	-0.0307122077151785	0.0168452189827226	0.00177341534476463	0.0208185321323314	0.00536268082114229	0.00341376516685071	0.0294174270382437	-0.0391346355986161	-0.0316202026301864	-0.011721450370127	-0.00554251178115747	-0.0223205581838558	-0.0102604509455503
0.0524700956569726	0.0534777570005068	-0.0322624841980617	-0.0307908006396354	0.0168435831144253	0.00176024597632837	0.0208212325024584	0.00535512174056432	0.0034402254413337	0.0294087503704429	-0.0391045319897869	-0.0316140600914133	-0.0117045789940153	-0.00554553345761102	-0.0222896275604817	-0.010265394872027
0.0525093313503958	0.0534805146469789	-0.0322122514463665	-0.0309237627854958	0.0168779014240684	0.00176763043390279	0.0208407092537831	0.0053659260150404	0.00347208505908669	0.0293609260192127	-0.0390971028287235	-0.0316457017796578	-0.0116774802978313	-0.00555589628513411	-0.0223052877514407	-0.010257541027819
0.0525159097481858	0.0534686305038489	-0.032190183289669	-0.0310207847232562	0.0168777519467773	0.0017550533866946	0.0208435772619936	0.00535261136026518	0.00350745250373512	0.0293306910938848	-0.0390609977765081	-0.0316517297657406	-0.011658317867913	-0.00555521874788031	-0.0222678192428135	-0.0102466263916047
0.0525364649711806	0.0534776969301935	-0.032177227659789	-0.0310826850855571	0.0168834209079648	0.00175276512685598	0.020847525138858	0.00535220064696081	0.00351381436900072	0.0293197303571976	-0.0390455611029936	-0.0316524534034673	-0.0116609861074073	-0.00556655946422333	-0.0222387480051813	-0.0102593976195929
0.0525606928651861	0.0534950404869068	-0.0321617840013545	-0.0311127942823224	0.0168966517436983	0.00176829819226839	0.0208541398582327	0.00536715256701738	0.0035023018236222	0.0293180749311238	-0.0390623039565747	-0.0316627366029008	-0.0116702411265959	-0.00557525568980047	-0.0222491653150815	-0.0102680714934255
0.0525771982314823	0.0535095118444576	-0.0321672503998578	-0.0311055648899752	0.0168923476359066	0.0017734041688924	0.0208489640324073	0.00536901754069537	0.00348836411397029	0.0293276512566389	-0.0390653340149324	-0.0316591952483887	-0.0116893867927059	-0.00558163850982649	-0.022240550114578	-0.0102775388541864
0.0525579477915702	0.0535022195878291	-0.0321913958718057	-0.0310698076867828	0.0168678892395364	0.00176237917093982	0.0208363520605984	0.00535978068229922	0.0034844469707545	0.0293595863115294	-0.0390659654517133	-0.0316445380919621	-0.0116909346510094	-0.00556503675163231	-0.0222378734931795	-0.010265049816972
0.0525386722059455	0.0535088496740281	-0.0322159688208662	-0.0310048395475554	0.0168559450260931	0.001767198765838	0.0208304651699025	0.00536319211729671	0.00346669130375282	0.0293813038252358	-0.0390861351071161	-0.0316371256947071	-0.0116942734428374	-0.00555241639791923	-0.0222613065032728	-0.0102602525738183
0.0525213635738329	0.0535101376933024	-0.0322393124239817	-0.0309436712048854	0.0168414303620375	0.00176276473853168	0.0208201302820599	0.00536032271210226	0.00344524759891601	0.0294161418129375	-0.0390989286868487	-0.0316175539484684	-0.0117074022987368	-0.00554350643378573	-0.0222684897951472	-0.0102586739818661
0.0524982979705391	0.0535126201339209	-0.0322754761495264	-0.0308359791031157	0.0168209799128449	0.00176754940882914	0.0208098498765945	0.00535913946663016	0.00342432776308987	0.0294363715386536	-0.0391086950021917	-0.0316077848391574	-0.0117239635443942	-0.00553921350186629	-0.0222817429826251	-0.0102562809482254
0.0524648793186104	0.0535021343718033	-0.0323034186240636	-0.0307252066515632	0.0168085048454708	0.00177072056257374	0.0208010181435666	0.00536307057968623	0.00339256314025082	0.0294864143005209	-0.0391431418343654	-0.03159180613584	-0.0117349186931454	-0.00552256424621513	-0.0223169274223658	-0.0102513216549244
0.0524240035659377	0.0534807269885513	-0.0323363595074546	-0.0306304296671366	0.0167825824098387	0.00174971551072186	0.0207818682865045	0.00534342898424613	0.00338501383856104	0.0295206404092181	-0.0391411916446616	-0.0315635255911679	-0.0117404116343452	-0.00550577249819308	-0.0223096351657373	-0.0102406542848831
0.0524283970807072	0.053489255576045	-0.0323282108996166	-0.030582092622768	0.0167997834741811	0.00176662600238633	0.0207869770570966	0.00535560090608608	0.00337474460896785	0.0294990611969305	-0.0391634861127718	-0.0315785333905856	-0.0117457187766694	-0.00551926037898783	-0.022335394154238	-0.0102477495667636
0.0524208170453688	0.0534791721453276	-0.0323273643272953	-0.0305921313499965	0.0168094589855622	0.00176704789156292	0.0207920928126088	0.0053563580714295	0.00338383897499311	0.0294919952517146	-0.0391572527700368	-0.0315844817485788	-0.0117306564948745	-0.00551284822229722	-0.0223480256838233	-0.0102480205816651
0.0524121571413764	0.0534669583139668	-0.0323188804432905	-0.0306041663674016	0.016808711599107	0.00175780684221468	0.0207910995569646	0.00535158737097232	0.0033928369491204	0.0294767192313634	-0.0391409234237282	-0.0315847821001449	-0.0117279617126836	-0.00551645663204272	-0.0223267118985011	-0.0102379944272929
0.0524576289715027	0.0534953981148181	-0.0322755767323764	-0.0306531530093435	0.0168490872314974	0.00178872768670054	0.0208083858373327	0.0053735451659316	0.00339181715077962	0.0294293419150224	-0.0391565389111983	-0.0316187036663239	-0.0117381010227622	-0.00554347150918501	-0.02234668597614	-0.0102617012462558
0.0524744668199977	0.0534900853845579	-0.032262941011839	-0.0307353110370411	0.0168559338502209	0.00178755002916456	0.0208110079763541	0.00537500501424134	0.00341889209823514	0.029401833902518	-0.0391284357834978	-0.0316253127977625	-0.0117263370202585	-0.00554929832956771	-0.0223284176159999	-0.0102587214793231
0.0524794065555223	0.0534778366285964	-0.0322456407616306	-0.0308224604886723	0.0168600242194562	0.00177083092431199	0.0208130866885885	0.00536259979606864	0.00344897754627198	0.0293952848413926	-0.0391084309722103	-0.0316294702222312	-0.0117002525344792	-0.00553765307070649	-0.0223186499036729	-0.0102454892466055
0.0524985452367121	0.0534676274693164	-0.0322054914406528	-0.0309529443848663	0.0168790511419238	0.00176234284935508	0.0208279561865874	0.00535862677349171	0.00349627942547553	0.0293451778182599	-0.0390797704478825	-0.0316465413670589	-0.0116626513123693	-0.00554292249446183	-0.0223002041265612	-0.0102450813272692
0.0525406796719944	0.053483856232775	-0.0321788020607891	-0.031041590006392	0.0168995937920623	0.00177086026097658	0.0208423521070006	0.00536768062698014	0.00349650433990411	0.0293098411072601	-0.0390618429518453	-0.0316603086446594	-0.0116750998370468	-0.00557014552222437	-0.0222675915344169	-0.0102559875815794
0.0525385939748399	0.0534768755035848	-0.0321758809671856	-0.0310987951053733	0.0168876956790919	0.00175918566545077	0.0208395288022791	0.00535446376108691	0.00352005609363986	0.0293150644305425	-0.0390452649423796	-0.0316602262226017	-0.0116519057112224	-0.00556013892562854	-0.0222533828098634	-0.0102458692262613
0.0525491859077437	0.0534844723027316	-0.0321706087494622	-0.0311223119345083	0.0168843848269444	0.00176012164474984	0.020837804923988	0.00535468448456341	0.00351314661063511	0.0293273550960249	-0.0390485087392937	-0.0316570103653682	-0.0116562223918703	-0.00556011936785214	-0.0222480882403956	-0.0102482860086305
0.0525624404922057	0.0535021972360846	-0.0321818069734343	-0.0310913547684377	0.0168796909606088	0.00176470375236317	0.0208364638193207	0.00536342401664543	0.00348480459866578	0.029337525139752	-0.0390570024021867	-0.031648606109453	-0.0116887665317972	-0.00557227871683583	-0.022229603347731	-0.0102618311657704
0.0525660950024241	0.0535117079033503	-0.0321947151058573	-0.031065840252142	0.0168780704591358	0.00177957883829818	0.0208375255271823	0.00537485693393432	0.00347062241680889	0.0293545683448992	-0.0390794100260031	-0.0316507854045374	-0.0116921528210822	-0.00556507027924899	-0.0222583141634839	-0.0102667373736784
0.0525148452463562	0.0534864532260839	-0.0322399522426668	-0.0309775704193199	0.0168261054472453	0.00174187423937014	0.0208104380068705	0.00534258380890891	0.00346443377756283	0.0294141832413296	-0.0390674490487515	-0.0316066155635256	-0.0116975367975279	-0.00553558553434438	-0.0222347302791155	-0.0102414771084758
0.0525149807538069	0.0534988151377517	-0.0322462316858747	-0.0309092844430249	0.0168368803850568	0.0017572089330505	0.0208191342324477	0.00535434222347643	0.00343394739510982	0.0294233712052847	-0.0391017799312508	-0.0316110398119437	-0.0117148356507523	-0.00554380957931991	-0.0222564994812309	-0.0102551996825873
0.0524945973598477	0.0535068631627397	-0.0322738793967818	-0.0307919810911394	0.0168280975464699	0.00177839978377816	0.0208162746061414	0.00536887225435641	0.00340379628882364	0.029448026576403	-0.0391344791364049	-0.0316168051650292	-0.0117315086551319	-0.00553790732179968	-0.0222975805905557	-0.0102607862217171
0.0524680965728279	0.053504770480665	-0.0323110643176513	-0.0306864948271507	0.0168097551461762	0.00177704470927056	0.0207994968279596	0.005364924377492	0.00337461329246918	0.0294897880169497	-0.0391517263012202	-0.0315896841171007	-0.0117522873955712	-0.00552649955022329	-0.0223123020082476	-0.0102584309066452
0.0524375557079978	0.0534886017875197	-0.0323273224177745	-0.0306250135600583	0.0168001802176452	0.00177109076334128	0.0207922688325964	0.00535836693446242	0.00337073805877424	0.0295098067980774	-0.0391587754826278	-0.0315782484058438	-0.0117475125041619	-0.00551363332732121	-0.0223326504776061	-0.0102454529250208
0.0524150125767306	0.0534726077173779	-0.032336476854113	-0.0305898891906308	0.0167914728161958	0.00175972350430173	0.0207892387742387	0.00535109004465819	0.00337928620404437	0.0295068661466975	-0.0391515907937695	-0.0315700355367405	-0.0117420712513711	-0.00551033784199808	-0.0223242364428027	-0.0102406598728192
0.0524333270373436	0.0534863847738665	-0.0323211575272569	-0.0305877573930034	0.0168197338030915	0.00178029549110478	0.0208017417812934	0.00536909158084888	0.00336449773111912	0.0294802536009554	-0.0391660886940168	-0.0315888920271566	-0.0117517188230716	-0.00552850142833607	-0.0223362309476711	-0.0102549789591109
0.0524149720641937	0.0534619724779692	-0.0323149479332504	-0.0306306322298208	0.0168123088329803	0.00176091233770994	0.0208003294304406	0.00535397761064501	0.00339849054348356	0.0294724710029329	-0.0391415730213014	-0.0315865269331964	-0.0117198270746859	-0.00551462518598141	-0.0223314518653097	-0.0102358500568092
0.0524676774776194	0.0534956118533745	-0.032274379517064	-0.0306886350066823	0.0168542407055784	0.00179213772471401	0.0208183225847271	0.00537916802664614	0.00338729231951145	0.0294238559587426	-0.0391502678498945	-0.0316160312358774	-0.0117418435429744	-0.00555195259922178	-0.0223306919059982	-0.0102645049932009
0.0524734973130819	0.0534881994561195	-0.032263575242588	-0.0307635496721923	0.0168526844653707	0.00178626759782643	0.0208133241758733	0.00537095096659076	0.00341877195760869	0.0294018031688694	-0.0391246890723335	-0.0316250753104777	-0.0117177399805474	-0.00554029895845639	-0.0223263696374142	-0.0102442012273313
0.0524513858498795	0.0534474019345524	-0.0322564282722984	-0.0308580584356854	0.0168291648422676	0.00173556825346568	0.0207989687679969	0.00533008638979034	0.00346838724236336	0.0294181143543857	-0.0390735538689558	-0.0315960012788774	-0.0116804181552432	-0.0055188021682265	-0.0222734462944801	-0.0102223691609346
0.0525181239678709	0.0534765667701145	-0.0321923276601526	-0.0309755433954946	0.0168841235909311	0.0017779206182564	0.020831620475694	0.00536787899871218	0.00348590681906424	0.029335609874649	-0.0390838622141018	-0.0316529577147016	-0.0116709005030573	-0.00555823483639775	-0.0222904378112182	-0.0102534869801685
0.052548319777646	0.0534904011029483	-0.0321683009318472	-0.0310673657587011	0.0168928393742847	0.00178549646264272	0.0208345695089781	0.0053720573779413	0.00349902589607547	0.0293103510064305	-0.0390639035032873	-0.0316654984403251	-0.0116670350482506	-0.00556704282069717	-0.022278548080152	-0.0102553659236867
0.0525632856675429	0.0535007178299985	-0.0321690706700469	-0.0311005231746165	0.0168881133773164	0.00178723011982204	0.0208293964771207	0.00536900776180717	0.00349208707640613	0.0293187454834575	-0.0390550172878823	-0.0316573721842315	-0.0116867143622594	-0.0055709865066095	-0.0222481371348366	-0.0102607624729887
0.0525630747229546	0.0534958577225635	-0.0321766576903054	-0.0311152851048452	0.0168693951883191	0.00176924953839177	0.0208178084946046	0.00535397761064501	0.00350155443716698	0.0293386064053901	-0.0390466898660886	-0.0316460496286809	-0.0116776269811543	-0.00555798757022472	-0.0222385133118645	-0.010250713966872
0.0525612921713343	0.0534935834325651	-0.0321935053176886	-0.0310939783044432	0.0168599236366062	0.00176199080937991	0.0208188199110412	0.00534788117234482	0.00349413924594393	0.0293627965808268	-0.0390568766736241	-0.031637416267385	-0.0116810412101199	-0.00554875071182856	-0.0222413463954742	-0.0102475120794788
0.0525405204158152	0.0534833840521734	-0.0322220331285337	-0.0310342390764343	0.0168368049479192	0.00175219376038835	0.0208123309202291	0.00534326972806689	0.00348094473179516	0.0293901704828644	-0.0390645726586369	-0.0316195865602298	-0.0116883348637324	-0.00553340204830791	-0.0222383805983818	-0.0102390701049948
0.0525385422864309	0.0535040482399223	-0.0322340024876896	-0.030958969576981	0.0168457568215736	0.0017697957591469	0.0208173935903482	0.00535776483434616	0.00344105804381466	0.029411996961325	-0.0390965691808247	-0.0316175413756122	-0.0117146540428286	-0.00554186218358424	-0.0222635821902552	-0.0102591754991323
0.0524892217653062	0.0534805439836435	-0.0322681685260735	-0.030882092148911	0.0168112108035339	0.00174881724999157	0.0208038582120965	0.00533808272636923	0.00344625342741649	0.0294372195079588	-0.0390851823640087	-0.0315933246574789	-0.0117075364092036	-0.00552401571262071	-0.022255078748474	-0.0102398091095458
0.0525003627129332	0.0535252796031868	-0.0322859060322828	-0.0307493130079583	0.0168263527134183	0.00179464810501314	0.0208089641887205	0.00537311768881889	0.00337259185658	0.0294569435254566	-0.0391527195568645	-0.0316028814252176	-0.0117618860728307	-0.00554032270718488	-0.0223018511707307	-0.010263380421058
0.0524558729625789	0.0535078354636235	-0.0323157777417633	-0.0306652131724612	0.0168077239313989	0.00177921562245078	0.0207933975956914	0.00536421191563748	0.00336925166776796	0.0295011231453566	-0.0391608877224788	-0.0315818135090844	-0.0117545197760486	-0.00552119939281933	-0.022322826885918	-0.0102563941039317
0.0524142777631316	0.0534801206974829	-0.0323364740601449	-0.0306052867485925	0.0167822666914483	0.00175664175753495	0.0207769034052674	0.00534474494320094	0.00337812670730075	0.0295214646297949	-0.03914877168	-0.0315623437426798	-0.0117439460039372	-0.00550150610897018	-0.0223195397824991	-0.0102366784683381
0.0524277921866229	0.0534918693331622	-0.0323293075320789	-0.0305790541825061	0.0168013914027979	0.00177402303281701	0.0207812089100431	0.00535629241318016	0.00336859648225862	0.0294945447475665	-0.0391587712916757	-0.0315748467497345	-0.0117497881911443	-0.00551901590678285	-0.0223298299668527	-0.0102551046876734
0.0524360399803269	0.0534862366935595	-0.0323133483865378	-0.0306089161130984	0.0168200104059291	0.00178088501836479	0.0207913118985369	0.0053646743173509	0.00338341568883248	0.0294717012647332	-0.0391650074283788	-0.0315931751801878	-0.0117290457722897	-0.00551823359572692	-0.0223568755776436	-0.0102496732137708
0.0524492163336833	0.0534848173577866	-0.0322995461843367	-0.030636486989884	0.016825453055704	0.00177197784819935	0.0207945417256107	0.00535748823150852	0.00338816543452924	0.0294503888763951	-0.0391446114615633	-0.0315920240653484	-0.0117391822884002	-0.0055292194781267	-0.0223300646601694	-0.010250913735588
0.0524509583727668	0.0534692367949172	-0.0322872988253592	-0.0307156806174732	0.0168292067517885	0.00175367037250642	0.0207978260350616	0.0053450816163518	0.00343016296537673	0.0294307179442904	-0.0391159132186667	-0.031598239247291	-0.0117114451705152	-0.00552624809309817	-0.0223113799987888	-0.0102406556818671
0.0524541868028565	0.0534613564080127	-0.0322611375054583	-0.0307823684440396	0.0168419570250162	0.00175676469212946	0.0208108445292228	0.00534996407553125	0.00345397735210983	0.0294050679205439	-0.0391074321286299	-0.0316143227244106	-0.0116856414785256	-0.00552576892757641	-0.0223180757432372	-0.0102393718535449
