0.0525033131432013	0.0536321656451721	-0.0318324338407736	-0.0307758668803712	0.0167141246045082	0.0014762475052473	0.0209288142424898	0.0051204535694961	0.00340909225527552	0.0294621514819147	-0.0392657746803194	-0.0318849604402435	-0.0119794356016142	-0.00549506042466288	-0.0220639839062374	-0.00994884667308291
0.0525021368826493	0.0536291788933192	-0.0318234624093428	-0.0307835698503041	0.016730315649398	0.00149116450070316	0.0209396632204548	0.00513273305910624	0.00342090235825209	0.0294450384275661	-0.0392741705543304	-0.0319025428812257	-0.0119565390333878	-0.00549561083637009	-0.0220954020770373	-0.00995983534945075
0.0524960236805408	0.0536191764876755	-0.0318168798206007	-0.0307868667326113	0.0167292092380475	0.00148531951952809	0.0209383779951487	0.00512498817965247	0.00342388631613687	0.0294355724637893	-0.0392626705818082	-0.0318966755483062	-0.0119580030726496	-0.00549644902678717	-0.0220859137615161	-0.00994909533623997
0.0525109141333001	0.0536211029286507	-0.0317971166875502	-0.0308210830624203	0.0167445467256959	0.00148814003028155	0.0209449535989706	0.00512912744332879	0.0034350216758277	0.0294127555236525	-0.0392586207251097	-0.0319099035900716	-0.0119493711083378	-0.0055055866993173	-0.0220885470764097	-0.00995633311049141
0.0525056405185927	0.0535984620085015	-0.0317881075375506	-0.0309004974134859	0.0167399436633222	0.00146451563337632	0.0209474807430781	0.00511185094184887	0.00347851956752176	0.0294001281850193	-0.0392202190311514	-0.0319091422337761	-0.0119190607458723	-0.00550100319471994	-0.0220652551617033	-0.00994325594300103
0.0525393720949438	0.0536158544596558	-0.0317565440804117	-0.0309531553294546	0.0167694954634601	0.00148863595961165	0.0209644708628322	0.00512931044823652	0.00347758358822269	0.0293585567343005	-0.039225401841897	-0.0319357156639654	-0.0119208013879718	-0.00552151930216185	-0.0220708179521046	-0.00995932405329633
0.05256334014992	0.0536125533863966	-0.0317175780049059	-0.0310641694592439	0.0167847016346099	0.00147907639790492	0.0209719433304004	0.00512303659296472	0.00350135047749883	0.0293350720357981	-0.0392019255252988	-0.0319401343244474	-0.0119086127023235	-0.00553002833187918	-0.0220497556239075	-0.00995887003348709
0.05258641134115	0.0536125799290931	-0.0316949762003095	-0.031168637321876	0.0167885503256083	0.0014664295014953	0.0209738697713756	0.00511436830706815	0.00353680453515703	0.0292975699995542	-0.0391701595054757	-0.0319500096045446	-0.0118916882408188	-0.00553400275144014	-0.022011485246448	-0.00995562483958898
0.0526309094734084	0.0536341898750293	-0.0316627491757571	-0.0312565285720263	0.016816172890803	0.00149235333411137	0.0209939150952	0.00514035919491758	0.00354562928326479	0.0292647310959972	-0.0391782103244317	-0.0319819097348344	-0.0118881832078914	-0.00555159776527855	-0.022029996681809	-0.00996908478070316
0.0526196553700752	0.0536198959344501	-0.0316736232994346	-0.0312821101435554	0.0167887137727396	0.00146364251835853	0.0209805599278879	0.0051163198937559	0.00355795627033189	0.0292952971065399	-0.0391503935784571	-0.0319560152388829	-0.0118918824215987	-0.00553991897880065	-0.0219920545955961	-0.00995604253781349
0.0526257629842476	0.0536301833248357	-0.0316764116795554	-0.0312660112996115	0.016783086721073	0.00146675499877393	0.0209732341436427	0.00511569963284727	0.00354886469827469	0.0292984542904442	-0.0391538078074226	-0.0319510699154222	-0.0118990740953772	-0.00554825059154637	-0.0219840917866339	-0.00996332361856981
0.0526425309835411	0.0536526957224543	-0.0316858846282524	-0.0312455329107383	0.0167924562929519	0.00148066197477722	0.0209748476601955	0.00512869018732788	0.00352128683656893	0.0293088967460569	-0.0391759988987146	-0.0319527644570487	-0.0119197452680463	-0.00555332024658564	-0.021988759110273	-0.00998006088421475
0.0525987774437699	0.0536282093864035	-0.0317169870806619	-0.0311912516993286	0.0167630972766098	0.00146779854584319	0.0209644876266405	0.00511897835436205	0.00352087332929651	0.0293428825735012	-0.0391745125077084	-0.0319361682867906	-0.0119045572576889	-0.00552532468665537	-0.0220049976526198	-0.00995130536497299
0.0526211445550495	0.053661126521066	-0.0317275664407094	-0.0311114182530544	0.0167705557743377	0.00149047858154518	0.0209630501300752	0.00513696452372843	0.00347017258795173	0.0293615839986901	-0.0392102152285236	-0.0319326213443424	-0.0119576719874349	-0.00554775047126418	-0.022009966724809	-0.00997786622230604
0.0525723981943605	0.0536392469572123	-0.0317618512227358	-0.0310445613914205	0.0167416801144695	0.00148183125040904	0.0209474067029246	0.00512545616930201	0.00348416757394881	0.0293846314411916	-0.0392108829868892	-0.0319265388758825	-0.0119275390419411	-0.00551442122631326	-0.0220393788265441	-0.00995164483209191
0.0525566206567431	0.0536510514722528	-0.0317928950018162	-0.0309195452907139	0.0167406547281927	0.00149754732072917	0.0209467165928145	0.0051371936291091	0.00342567585267733	0.0294257167414685	-0.0392508004085184	-0.0319093475904283	-0.011974318449118	-0.00551759238005786	-0.0220515577333042	-0.0099651201400304
0.0525075194621109	0.0536243243738204	-0.0318258358852072	-0.0308281657714445	0.0167106866268142	0.00147571525433245	0.0209329535061662	0.00512249176919362	0.00342239573417851	0.0294625803560114	-0.0392542816927173	-0.0318818940603011	-0.0119699766227575	-0.00549335750113219	-0.0220586823518494	-0.00994647319721856
0.0525037503992022	0.0536265008749367	-0.0318268333318035	-0.0307785141651051	0.0167216473635015	0.00148683245323091	0.0209334089229594	0.00512741753487796	0.00340747315078654	0.0294545197581672	-0.0392677290609752	-0.0318852384400652	-0.0119787748281687	-0.00550034521524253	-0.0220727779206965	-0.00995133749560565
0.0525120834089319	0.0536304082392643	-0.0318188355982406	-0.0307665378210292	0.0167382952221686	0.00150415086423169	0.020944088865857	0.00514022089349877	0.00340451852956635	0.0294299957035477	-0.0392762492665648	-0.0319017605701698	-0.0119802989377438	-0.00550859719989863	-0.0220925187020026	-0.00995896363141699
0.0525015459584053	0.0536184626288369	-0.031815716132905	-0.0307914027397517	0.0167373913735022	0.00149341224800494	0.0209414639328675	0.00513413144011872	0.0034287380416677	0.0294149208488966	-0.0392592940714114	-0.0319012562589355	-0.0119613991408228	-0.00550085092346083	-0.02209091915529	-0.00994922804972268
0.0525115539519851	0.0536185464478787	-0.0317861727146712	-0.0308394422265222	0.0167566082857976	0.00149360782576893	0.0209472474467453	0.00513980319527426	0.00344261288703834	0.0293920941298716	-0.0392550975313899	-0.0319171986406682	-0.0119509664640983	-0.00551082538942401	-0.022087728443769	-0.00995464275981698
0.0525165174362382	0.053608646022069	-0.0317723579396138	-0.0309166661066313	0.0167528992932021	0.00147872296094572	0.0209415715006377	0.00512248199030542	0.00347522547918266	0.0293715319219568	-0.0392202721165445	-0.0319181360169513	-0.0119292168197592	-0.00550827589357208	-0.0220606590842496	-0.0099420126272157
0.0525461628343061	0.0536251932978861	-0.0317475181666038	-0.0309724267241271	0.0167737828074435	0.00148787180934808	0.0209511673839292	0.00513210022534135	0.00347579125771418	0.029349991825222	-0.0392192816548683	-0.0319290813868143	-0.0119341048668748	-0.00552702202224994	-0.0220521807881809	-0.00996044583147119
0.0525708265873285	0.0536211797627723	-0.0317153889309333	-0.0310921105367971	0.0167841637957589	0.00147634808809734	0.0209535464477296	0.00512131411165763	0.00351324020856502	0.0293135459089036	-0.0391839784714852	-0.0319372970498856	-0.0119114974743423	-0.00553222019981983	-0.0220276734973697	-0.00995399875017986
0.0526140744188815	0.0536394830475131	-0.0316679613231672	-0.0312145785386358	0.0168160345893841	0.00150122278570804	0.0209709333109478	0.00514294780632231	0.00354102063295491	0.0292669620794907	-0.0391829530852083	-0.0319755213268723	-0.0118878968261655	-0.00554469526719395	-0.0220543866259619	-0.00996468567799755
0.0526204390781151	0.0536391868868991	-0.031675901780385	-0.0312541467142578	0.0167952418791046	0.00148139120044007	0.0209568908274938	0.00512233390999841	0.00354447956540937	0.0292780876602933	-0.0391488052076167	-0.0319547844959539	-0.0119044203532541	-0.00554557257316382	-0.0219952047945803	-0.00995921508854212
0.0525936952158743	0.0536128006525696	-0.0316846971918281	-0.0312732462798949	0.0167652793656623	0.00144943938174121	0.0209495482794402	0.005101155632127	0.00356418262814672	0.0293079607667578	-0.0391365899792719	-0.0319346567500719	-0.0118799787206922	-0.00552233793480253	-0.0219750994004428	-0.00993745566531487
0.0526504001945734	0.0536637612329437	-0.0316646043705469	-0.0312540922318807	0.0168077909866322	0.00150086934874884	0.0209741114496126	0.00514172265132936	0.00351755549222892	0.0292802432066492	-0.0391795737808435	-0.0319633130834476	-0.0119285057548887	-0.00556807100094211	-0.021996022030237	-0.00998227230993179
0.0526257881299601	0.0536493862672909	-0.0316965478073416	-0.0312301786592816	0.0167797367533728	0.00148437096737277	0.0209619940101497	0.00513094631653384	0.00351965376223966	0.029313075125286	-0.0391729604584528	-0.0319464179586074	-0.0119176232493071	-0.00554346452426488	-0.0219951084026824	-0.00996265027226809
0.0526185978531656	0.0536588480401156	-0.0317200995610773	-0.0311521864379569	0.0167671597061646	0.00148963061223991	0.0209486793553745	0.00512818168514153	0.00349315157823581	0.0293422064332314	-0.0391915501249194	-0.031935548025882	-0.0119377104826522	-0.00554133412362148	-0.022005696144634	-0.00996233036292557
0.0525892164850791	0.0536436600297582	-0.0317425965918716	-0.031092741973578	0.0167469649050492	0.00147748243912845	0.0209388334119419	0.00512213553826637	0.00349036878605113	0.0293740688449524	-0.0391979538997059	-0.031920672939947	-0.0119338548067337	-0.0055238438835852	-0.0220180231317011	-0.00995304321310439
0.0525777416582694	0.0536577779503498	-0.0317698517502668	-0.0309804775430831	0.0167394016335191	0.00149915524934593	0.020938690919571	0.00513652167979141	0.00345254125252858	0.0293870021230879	-0.0392307075872371	-0.0319194296241617	-0.0119631663256188	-0.00552443341084521	-0.0220405844237607	-0.00996018180148981
0.0525510424995175	0.0536573867948218	-0.0317991660631199	-0.0308771119008496	0.0167357247715562	0.00150873297184503	0.0209369810111202	0.0051479545970803	0.00341770605879498	0.0294294145581918	-0.0392638664001365	-0.03190687911965	-0.0119793825162211	-0.0055179625808254	-0.0220752855070276	-0.00996528917509784
0.0525324975365397	0.0536525881546841	-0.0318171298807418	-0.0308016007231594	0.0167350835558872	0.00150958932305447	0.0209425312286653	0.00514983912853469	0.00339323788353656	0.0294411785606955	-0.039276063467689	-0.0318999877974376	-0.0119972345751208	-0.00551612275285992	-0.0220852026966456	-0.00996320347794336
0.0524928818634608	0.0536201473915753	-0.031823910841216	-0.0307928695729815	0.0167275873395905	0.00149295124327555	0.0209470602508855	0.00513823019125821	0.00342237617640211	0.0294441206090594	-0.039266147675055	-0.0318973363217516	-0.0119605413926293	-0.00549693098627698	-0.0221039865438922	-0.00994363173170468
0.0525068125881925	0.0536325134941952	-0.0318207089538227	-0.0307711827929238	0.0167423227271226	0.00150399859297259	0.0209517820569017	0.00514527657869775	0.00340172875246152	0.0294231155572075	-0.0392685784272645	-0.031900839957695	-0.01198590503465	-0.00551782427940658	-0.0220845572900244	-0.00995795361196442
0.0524865800685084	0.053607028314564	-0.031818612080796	-0.0308008253970236	0.0167251970999178	0.00147840165461918	0.0209378750808984	0.0051239488235353	0.00343880610556079	0.0294223067034551	-0.0392433474987265	-0.0318956138404446	-0.0119514875391409	-0.00549820363872691	-0.0220743020302715	-0.00993775182592891
0.0525228080553184	0.053626268975588	-0.0317797465881403	-0.0308634591759395	0.0167612686245166	0.00149737409470965	0.0209545899947989	0.00514001553684658	0.00344374165013333	0.0293878137708084	-0.0392511524484935	-0.0319218589793872	-0.0119522740411489	-0.00552192303054607	-0.0220859961835737	-0.00995747025549057
0.0525317962505575	0.0536173981270073	-0.0317698866748675	-0.0309301092839371	0.0167601314795174	0.00148812326647321	0.0209552856928451	0.00513364808364488	0.00347094651710349	0.0293586028347734	-0.0392192760669322	-0.0319266841622215	-0.0119352168661615	-0.00552149555343337	-0.0220647815841176	-0.00994848206025148
0.0525413739730566	0.0536064792998408	-0.0317491330801407	-0.0310198627137974	0.0167625119403019	0.00146951543921416	0.0209504912436594	0.00512049408203293	0.00350068551310128	0.0293545012896659	-0.0392002435565285	-0.0319254883438931	-0.0119077577480981	-0.0055146000402689	-0.022051940506928	-0.00993702679121814
0.0525782836880724	0.0536135717877533	-0.0317054954900438	-0.0311290887040304	0.0167835519167545	0.00146941066541203	0.0209675302578545	0.00512152924719802	0.00353102381524727	0.0292973548640138	-0.0391743756032736	-0.0319432733475594	-0.0118973795537507	-0.00553924702948297	-0.0220266313472845	-0.00994676516688051
0.0526344298731601	0.0536486402778197	-0.0316747855901462	-0.0312120150729436	0.0168149770724746	0.00149585138211863	0.0209810516662659	0.00513788932715527	0.00352751319438376	0.0292553992426871	-0.0391768133404032	-0.0319719967361685	-0.0119141894625651	-0.00556481882212386	-0.0220205083662878	-0.00996062464542683
0.0526347064759977	0.0536397973689195	-0.0316777499902546	-0.0312688471771893	0.0168019320356169	0.00148168875803813	0.0209758297399676	0.0051290687699996	0.00354596176546356	0.0292707185695432	-0.0391537379582212	-0.0319614606826259	-0.0118982666386088	-0.00555624972209331	-0.0220053902051318	-0.00995800110942139
0.0526359036913101	0.0536412404534209	-0.0316730435510628	-0.0312899346510988	0.0167956414165367	0.00147671689188086	0.0209771610657467	0.00512879077017793	0.00354890241684346	0.0292808788343822	-0.0391542841789763	-0.0319586988452016	-0.0118966670918962	-0.00555447136142509	-0.022001667242696	-0.00995646861794217
0.0526436569526681	0.0536561909764935	-0.0316841328102807	-0.0312542193574273	0.0167868320352533	0.00147968687992536	0.0209748113386108	0.00512939147331017	0.00352142932893983	0.0292991150638896	-0.0391636970573601	-0.0319475034151975	-0.0119270906100679	-0.0055624984316526	-0.0219818216875877	-0.00997015067951687
0.0526381472476598	0.0536602701698566	-0.031699812559016	-0.0312206582131276	0.0167842504087687	0.00149351143387096	0.0209670888109015	0.00513836569870897	0.00351160573725173	0.029317052338815	-0.0391829307334638	-0.0319495933033041	-0.0119245983905612	-0.00555359126148716	-0.0220125441603415	-0.0099665632245318
0.0525864895722556	0.0536336464482422	-0.031737612152858	-0.0311410664450903	0.0167449532480482	0.00146127742439835	0.0209413815108098	0.00511344070967325	0.00350719964962597	0.0293708725454953	-0.0391778596814406	-0.0319136097886991	-0.0119236177077732	-0.00552286040682917	-0.0220004770123037	-0.00994215791355466
0.0525674402980435	0.0536311151131827	-0.0317557003020585	-0.0310624832995216	0.0167323412762393	0.00146180827832917	0.0209437228560415	0.00511403861883743	0.00349005027369264	0.029385239129244	-0.039194427912018	-0.0319056581556092	-0.0119320722551134	-0.00552458707908834	-0.0220060258328647	-0.0099448010073365
0.0526044952993983	0.0536847104054344	-0.0317614712430801	-0.0309412069250592	0.0167717655625064	0.00153156388182209	0.0209608624530867	0.00517159016985776	0.00341223966029163	0.0293769647928434	-0.0392691539846842	-0.0319346525591198	-0.0119956448072964	-0.00555635309891142	-0.0220678549489802	-0.00998785465810951
0.0525246213405873	0.0536352124673381	-0.0318233073441157	-0.0308522581579993	0.0167129245952278	0.00148074719080295	0.0209318834164004	0.00512935654870946	0.00342467840608101	0.0294478533503834	-0.0392427230468658	-0.0318858475251016	-0.0119757852823478	-0.00550770452710444	-0.0220559973485467	-0.00994365408344914
0.0525146622414484	0.053632897664803	-0.0318262479954956	-0.0307959219830837	0.0167217633131758	0.00148757425175002	0.0209374587796579	0.00513674240326791	0.00341185828365186	0.0294491371787056	-0.0392677248700231	-0.0318870223886695	-0.0119719086516689	-0.00550545957377071	-0.0220873917706182	-0.00995041688313089
0.0524896003479779	0.0536151447917694	-0.0318387035050933	-0.030760343593847	0.0167095313210227	0.00147482816947438	0.0209345921684315	0.00512502450123721	0.00341934053010828	0.0294457564773567	-0.0392549452601308	-0.0318807024329248	-0.0119691202715481	-0.00550150890293824	-0.0220769590938937	-0.00993153524700227
0.0524950429977528	0.0536153571333417	-0.0318250577651033	-0.0307651156912882	0.0167232664679905	0.00147830386573718	0.0209394313211061	0.00513419989233612	0.0034216539356594	0.0294273945192867	-0.0392567445755594	-0.0318863686001442	-0.0119651528369072	-0.00551224891614901	-0.0220762326621989	-0.00994772908586014
0.05250982867671	0.0536174023179593	-0.0317999008767189	-0.0308001520507219	0.0167442435801618	0.00148654048356896	0.0209485396569717	0.00514060366712256	0.00343281863201483	0.0293976331715445	-0.039256331068287	-0.0319065186977707	-0.0119555974661526	-0.00552144665899237	-0.0220831505271078	-0.00995451284030233
0.0525159320999303	0.0536089547555393	-0.0317848567557164	-0.0308721679743729	0.0167467707242692	0.00147024745884507	0.0209482281295333	0.00512350597959828	0.00346793461953814	0.0293803119665756	-0.0392261324645439	-0.0319080819228985	-0.0119393016474607	-0.00552517800333238	-0.022055030635599	-0.00995113632990555
0.0525619794874763	0.0536365396021652	-0.0317487111909641	-0.0309434895969617	0.0167870290100013	0.00149944163107176	0.020966671112677	0.00514793923025599	0.00346950203561807	0.0293327055448539	-0.0392333939875238	-0.0319443783619259	-0.0119366389959024	-0.00554799634045319	-0.0220765078680525	-0.00997069131233589
0.0525547780348096	0.0536054888381647	-0.0317281741287618	-0.031066428382418	0.0167832250224918	0.00146510516063632	0.0209630012356342	0.00512276697504723	0.00351601182487748	0.0293350929905585	-0.0391908181052885	-0.0319341901574064	-0.0118996734015254	-0.00552985091490757	-0.022050271111014	-0.00994606388089822
0.052606737458764	0.0536299556164391	-0.0316894692892694	-0.0311622810445465	0.0168116927630237	0.00148183823532918	0.0209859704470301	0.00513755544797247	0.00352107728896466	0.0292741761050136	-0.0391748226381627	-0.031958964272167	-0.0119139198446476	-0.00556463861118419	-0.022018607071025	-0.00996630059153445
0.0525871908582378	0.0535997695855522	-0.0316831996249496	-0.0312521462331291	0.0167891286769961	0.0014478971113738	0.0209800360588772	0.00511362790553306	0.00357332449162895	0.0292772941733651	-0.0391409038659518	-0.0319521358142359	-0.0118638854646844	-0.00553997346117776	-0.0219980099385095	-0.00993801445892626
0.0526436946712368	0.0536469080176244	-0.0316671077659259	-0.0312577579179714	0.0168161058355696	0.00148251856655104	0.0209912328858653	0.00514096269201788	0.00352437277428779	0.029261087761651	-0.0391644640015917	-0.0319660399962711	-0.0119211296792185	-0.00558029740515916	-0.0219767771782609	-0.00997330926040521
0.0526431358776255	0.0536460139478462	-0.0316731874404177	-0.0312816072293052	0.0168081933180324	0.00147831643859344	0.0209856002462626	0.00513351956111426	0.00354267885299669	0.0292757281542692	-0.0391605971498009	-0.0319679398945498	-0.0119011919231644	-0.00556355594856214	-0.0219986148325938	-0.00996649197834635
0.0526329714218344	0.0536460865910156	-0.0316909961928125	-0.0312432236961393	0.0167890881644592	0.00147812086082946	0.0209765086742054	0.00513122291937148	0.00352806640005903	0.029299180722139	-0.0391670959195013	-0.0319548138326185	-0.0119133903877008	-0.00555659896810043	-0.0219951670760116	-0.00995995968102928
0.052615130538807	0.0536444060192294	-0.0317092394072401	-0.0311977420871248	0.016772923662266	0.00147429452157551	0.0209689495936274	0.00513065993480801	0.00351735572351285	0.0293245681128881	-0.0391769572297582	-0.0319379648082512	-0.0119180213897552	-0.00554587432171396	-0.0219987028425876	-0.00996378602028323
0.0526046922741464	0.0536485634436981	-0.0317301606400503	-0.0311218355629546	0.0167646535168175	0.0014765520477655	0.0209625122912243	0.00513168811505295	0.00348825375223204	0.0293572016597929	-0.0391996218986359	-0.0319253807761229	-0.011944128227279	-0.00554515906589139	-0.0220023908804227	-0.00996544004937292
0.0525884649076718	0.053652095019322	-0.0317520206461275	-0.0310377483003137	0.0167543717143681	0.0014868562019594	0.0209572372795328	0.00514094173725745	0.00347180286831294	0.0293625660784621	-0.0392152457680101	-0.03192631954939	-0.0119512360820158	-0.00554363914726843	-0.0220204287381981	-0.0099676975755629
0.0525627673864683	0.0536558347455662	-0.0317919338768046	-0.0309142926307669	0.016736989042102	0.00149276404741574	0.0209439449765021	0.00514101577741096	0.00342817924805632	0.0294145185174964	-0.0392442736991374	-0.0319065312706269	-0.0119811133794324	-0.00553185279302034	-0.0220398677709541	-0.00996614832027535
0.0525233361152811	0.0536380846665006	-0.0318290852700574	-0.0308233014730574	0.016713181640289	0.00147691386662887	0.0209298382317827	0.00512529970709082	0.00341691117488279	0.029450434976868	-0.0392486350832743	-0.0318825729945389	-0.0119845136385576	-0.00551209664488991	-0.022044184451602	-0.00994961082334648
0.0525107087766479	0.0536324534238819	-0.0318220207218255	-0.0307886325204232	0.016725700014168	0.00148804643235164	0.0209409707975055	0.00513750515654745	0.00341675610965563	0.0294436190917932	-0.0392709407272566	-0.0318939709872271	-0.0119748339362245	-0.00550950244554907	-0.022087679549328	-0.00994817891471731
0.0524829409251143	0.0536087759415836	-0.0318330694685065	-0.030771093385946	0.0167154335785429	0.00147149915653457	0.0209339453648264	0.00512022027316335	0.00343042839234214	0.0294458472813186	-0.0392537815724351	-0.0318845455359871	-0.011959641734915	-0.00550007699430907	-0.0220707439119511	-0.00993613830937604
0.0525287019309344	0.0536426458193536	-0.0318024629454271	-0.0307761602470172	0.0167595182035289	0.00150836416806151	0.0209506043993657	0.0051488821944752	0.00340739072872886	0.0293986250302047	-0.0392768192360484	-0.0319152945514374	-0.0119862780293856	-0.00553726331216256	-0.0220833656626482	-0.0099670884905265
0.0525013629534975	0.0536105459203477	-0.0317989118120267	-0.0308342552248246	0.0167420586971413	0.00147161510620893	0.0209368776343021	0.00511792223443654	0.00345700880745158	0.0294026455502386	-0.0392367006487191	-0.0319040320662	-0.011940839726876	-0.00550972875696168	-0.0220728854884667	-0.00994268317954936
0.0525343066308566	0.0536243118009641	-0.0317729865824266	-0.0308926854787988	0.0167639606127394	0.00148857728628245	0.0209495706311847	0.00513253748134225	0.00346234808040834	0.029359861517383	-0.0392317190036737	-0.0319282417994132	-0.0119414236661999	-0.00553664305125392	-0.0220592313665725	-0.00995254309282221
0.0525415276412997	0.0536207592705797	-0.0317563331358234	-0.0309567441814237	0.0167691476144371	0.00148359424425295	0.0209538412113596	0.00513146599459243	0.00348595291953718	0.0293449990043043	-0.0392171219175603	-0.031933090730976	-0.0119235632253961	-0.00553125488385616	-0.0220665389900254	-0.00994664083530198
0.0525668116552307	0.0536160025399628	-0.0317185544967418	-0.0310811050966209	0.0167850662474413	0.00147025444376522	0.020965200088495	0.00512438468255218	0.00351944002368331	0.0293122578896294	-0.0391847747523814	-0.0319344499964356	-0.0119064599499357	-0.00554562286458884	-0.022029453255022	-0.00995899715903368
0.0526170080853412	0.053637856958104	-0.0316862394621956	-0.0311845098544073	0.0168087311568834	0.00148104474840102	0.0209805054455108	0.00513470560055442	0.00352958212772991	0.0292662300598598	-0.0391732915436675	-0.0319611882707403	-0.01190961713384	-0.00556290635098891	-0.022011979778794	-0.00996593178775093
0.052613560328759	0.0536261167043289	-0.0316825123088076	-0.0312518612483872	0.0167929228856174	0.00146454357305689	0.0209733920028379	0.00512464172761342	0.00356109249947578	0.0292700019167366	-0.0391474585150133	-0.0319557623847738	-0.0118856840034645	-0.00555350185450934	-0.0219906170990309	-0.00995887422443917
0.0526353043851619	0.0536433457083518	-0.0316765932874791	-0.0312718031953935	0.0167963832150558	0.00147352478337583	0.0209723596316409	0.00512951021695259	0.00354414568622657	0.0292751609787537	-0.0391534306217349	-0.0319525926280132	-0.0119091798778391	-0.00556139621125415	-0.021979825397411	-0.00996491338639419
0.0526369975298044	0.0536465364198728	-0.0316801304510391	-0.0312703335681955	0.0167912814293839	0.00147255807042814	0.0209696047791368	0.00512557072199234	0.00354422950526827	0.0292863759665341	-0.0391568783783172	-0.0319525982159493	-0.0119069502913297	-0.00555726672646603	-0.0219860224185613	-0.00996297437256269
0.0526370310574211	0.0536562035493497	-0.031697307766653	-0.0312264906214464	0.0167844529714528	0.00148041470860418	0.0209645197572732	0.00513217566247888	0.00352101721865144	0.0293031956542368	-0.0391687806822396	-0.0319458144615071	-0.0119280838657122	-0.00555913309712805	-0.0219837537164991	-0.0099696463682826
0.052611942621254	0.0536524163256486	-0.031730196961635	-0.031147576390663	0.0167565258637399	0.00147068192087792	0.0209527976642904	0.00512174997067451	0.0035014720151093	0.0293397756810219	-0.0391777758623988	-0.0319247018418851	-0.0119432257755966	-0.00554311667524179	-0.0219807460098858	-0.00996002254531056
0.052585774316433	0.0536391449773782	-0.0317444070831725	-0.031101973244038	0.0167477025126162	0.00146887701751316	0.0209487128829912	0.00512110735802142	0.00350138819606759	0.0293667374727711	-0.0391967469055053	-0.0319205611812247	-0.0119266351932746	-0.00552742016269805	-0.0220130386926876	-0.00994866227119115
0.0525800131542996	0.0536615470132586	-0.031771827085683	-0.0309760379278407	0.0167410919841936	0.00149058614931537	0.0209522947500401	0.00513872612058832	0.00345465628634766	0.0293750132061557	-0.0392231387277709	-0.0319163758170755	-0.0119727636058943	-0.00554379840344768	-0.0220226667066117	-0.00996732038987522
0.0525550029492382	0.0536586426834634	-0.0318011958809132	-0.0308887976722476	0.0167399981456993	0.00149577315101303	0.0209479822603443	0.00514304140425222	0.00342660624404028	0.0294217073973068	-0.0392596153777379	-0.0319087971787211	-0.011979870063647	-0.0055212664480527	-0.0220652006793261	-0.00996401093471181
0.0525077751101881	0.0536289833155553	-0.0318288435918204	-0.0308081735330133	0.0167172231150833	0.00147791550417727	0.0209473578084836	0.00513059287957464	0.00341786810894228	0.0294518389458166	-0.0392554789080297	-0.0318844323802808	-0.011983891980665	-0.00550964214395191	-0.0220596336979727	-0.00994945855208737
0.0525207014034035	0.0536451059082277	-0.0318246121271982	-0.0307616525678817	0.0167371678560576	0.00149654149222869	0.0209574677818975	0.00514796716993656	0.00339534453545148	0.0294300976833818	-0.0392763261006863	-0.0318976352763337	-0.0120045380076215	-0.00552825416216304	-0.022072166041692	-0.00996520954700822
0.0524961047056144	0.0536212468180057	-0.0318229231735078	-0.0307761462771769	0.0167352358271463	0.00149058614931537	0.0209539264273854	0.00514451522240224	0.00342056987605332	0.0294275174538812	-0.0392696527079824	-0.0319019812936463	-0.0119683156087477	-0.00550823677801928	-0.0220984614720597	-0.00994398516866388
0.0525086286674295	0.0536262158901949	-0.0318032690052115	-0.0307984686849676	0.0167536159460087	0.00150308775938603	0.0209636564211436	0.0051574191638731	0.00341972749468416	0.0294009258628995	-0.0392697574817845	-0.0319146477478323	-0.0119761540861313	-0.00552132791534995	-0.0220951464289601	-0.00995450585538219
0.0525013126620725	0.0536103838702004	-0.0317965034115617	-0.030846844844889	0.016739393251615	0.00147207890490638	0.0209539487791298	0.00512869018732788	0.00344772724556652	0.0293971861366553	-0.0392316994458973	-0.0319005060785122	-0.0119631970592674	-0.005513131810055	-0.0220538473901269	-0.00994499099716437
0.0525290274282131	0.0536191890605317	-0.0317701297500884	-0.0309090287949477	0.0167615424333861	0.00148269458653862	0.0209625528037611	0.00513642249392539	0.00346732832846979	0.0293512966083046	-0.0392226483863769	-0.0319209816734173	-0.0119496980026004	-0.00553038875375852	-0.0220536923248997	-0.00995348605704141
0.0525594872679695	0.0536299570134231	-0.0317405639801102	-0.0309904617879345	0.0167828380579159	0.00148642173992655	0.0209690739252059	0.00514169191768073	0.00347496703713739	0.0293326273137483	-0.0392171107416881	-0.0319325654649813	-0.011946976677713	-0.00554049733018843	-0.0220491605087114	-0.00995972778168056
0.0525850800153708	0.0536286606122447	-0.0317047564854928	-0.0311138881208167	0.0168008982674358	0.00148470065560349	0.0209837366695686	0.00513733332751195	0.0035156248603016	0.0292854651329476	-0.0391857288924728	-0.0319518550204462	-0.0119198193081998	-0.00555399778383944	-0.0220318155550141	-0.00995963837470274
0.0526306761770756	0.0536511897736716	-0.0316734654402394	-0.0311986473327753	0.0168189570799717	0.00149866909890402	0.0209929888947891	0.00515168175046822	0.00352054084709773	0.0292473316599228	-0.0391742861962958	-0.0319729341124516	-0.0119307507082225	-0.00557532274503383	-0.022011096884888	-0.00997553186199449
0.0526254975572822	0.0536431948340767	-0.0316811251036674	-0.0312446625896886	0.016798601625693	0.00147981121150389	0.0209794060190804	0.00513483552006906	0.0035418937479727	0.0292620237409501	-0.039152061577387	-0.0319624888628708	-0.0119176903045404	-0.00555911074538359	-0.0219917556410141	-0.00995636943207615
0.0526378454991097	0.0536553192584597	-0.031675214464243	-0.0312522747556597	0.0168005113028599	0.00147771992641329	0.0209834391119706	0.00513464413325717	0.00353112998603344	0.029265945075118	-0.0391579750107795	-0.0319602439095371	-0.0119274482379792	-0.00556748287066613	-0.0219804805829204	-0.0099654344614368
0.0526362068368443	0.0536551111078395	-0.0316800047224766	-0.0312509853394014	0.0167950951957816	0.00147912110139383	0.0209811298973715	0.0051406497675955	0.00353353698951447	0.029286077011952	-0.0391645534085695	-0.0319560487664996	-0.0119211967344519	-0.00556574641951876	-0.0219919763644906	-0.0099764161528845
0.0526151766392799	0.0536478942883485	-0.0317090144928115	-0.0312162702862943	0.016767918268492	0.001466316345789	0.0209651288423096	0.00512344171833297	0.00352182746938794	0.0293205908993591	-0.039162516605856	-0.0319301626524523	-0.0119297993620991	-0.00554571646251875	-0.0219770426052264	-0.00995777200404072
0.0526186076320538	0.0536693631388978	-0.0317211179624341	-0.0311323953652257	0.0167717515926661	0.00148787460331614	0.0209677551722831	0.00514008259207995	0.0034819631331519	0.0293389528574291	-0.039197664724012	-0.0319330795551037	-0.0119592030819301	-0.00555516007455112	-0.0220021324383774	-0.00997559752024383
0.052609143065261	0.0536686604559315	-0.0317390091368865	-0.0310831418993344	0.0167680314241983	0.00149644789429878	0.0209650631840602	0.00514423023766044	0.00347303500822604	0.0293516388693915	-0.0392144159594972	-0.03193378223807	-0.0119597493026852	-0.00555058774582598	-0.0220257903628993	-0.00996977349382919
0.0525675059562929	0.0536652224782374	-0.0318029309350766	-0.0309046366771623	0.0167347762194009	0.00149620621606186	0.0209403686973892	0.00513913823087671	0.00344058446622902	0.0293878081828723	-0.0392278004634738	-0.0319134603114081	-0.0119866789638017	-0.00553668076982269	-0.0220337880964623	-0.00996563423015287
0.0525074901254463	0.0536293912348916	-0.0318316543236857	-0.0308238812214293	0.0167117972291168	0.00147552945545667	0.0209342652741689	0.0051267763192089	0.00343240233077435	0.0294506375395522	-0.0392470243606894	-0.031881498713821	-0.0119744986600576	-0.00550067350648922	-0.022064456086839	-0.00994460263560446
0.0525245766370984	0.0536472377058551	-0.0318228603092266	-0.0307766198547625	0.0167370421274951	0.00150175783059094	0.0209451603526068	0.00514992015360834	0.0034033771936151	0.0294282955739851	-0.0392716015007021	-0.0318999291241085	-0.0119970641430693	-0.00552426716974582	-0.0220801372325584	-0.00996488824068168
0.0525033424798658	0.0536259588451336	-0.0318294540738409	-0.0307618229999331	0.0167327282408152	0.00149663928111068	0.0209436180822394	0.00514670150240678	0.00341665412982155	0.0294234228936938	-0.0392617443813973	-0.0318989903508413	-0.0119851953667635	-0.00551577350685281	-0.0220826629796818	-0.00995342179577611
0.0525061546087151	0.0536193608895672	-0.0318118674419066	-0.0307972547058469	0.0167489290645932	0.00149882556111521	0.0209549238739817	0.00514897718938913	0.00343070918613186	0.0294011787170087	-0.039256428857169	-0.0319058565273412	-0.0119717885110424	-0.00551868342458408	-0.0220895068044373	-0.0099576728181747
0.0525029778670344	0.0536076681332491	-0.0317995320729354	-0.0308289075699636	0.0167453052880234	0.00147772272038135	0.0209546975625691	0.00513312700860226	0.00344675494468271	0.029386960213567	-0.0392311518281581	-0.031904227643964	-0.011967008031697	-0.0055210555034644	-0.0220527856822652	-0.00995054540566151
0.052550232248781	0.0536318108112288	-0.0317572844819468	-0.0309165012625159	0.016790056274391	0.00151404709908928	0.0209749957405026	0.00516033187557243	0.0034595429364792	0.0293326482685087	-0.0392446271360966	-0.0319465814057388	-0.0119538847637337	-0.00554499142780798	-0.0220810801967776	-0.00996871457993562
0.0525423364950522	0.0536128732957391	-0.031756999497205	-0.0309812151506502	0.0167733986368357	0.00148216792355989	0.0209620261407824	0.00513533703733528	0.00348374428778819	0.029340666956832	-0.0392058971508917	-0.0319253751881868	-0.0119449273021433	-0.00553207770744893	-0.0220377457522149	-0.00994831302518404
0.0525588264945241	0.0536012448006862	-0.0317249303318477	-0.0310963098707867	0.01677665640359	0.0014660467278715	0.020964412189503	0.00512057929805866	0.00353134791554188	0.0293009870224878	-0.0391706763895662	-0.0319325780378375	-0.0119084548431283	-0.00553633012683155	-0.0220118903718162	-0.00993893088044892
0.0526133801178193	0.0536287528131906	-0.0316767246039777	-0.0311968997057557	0.0168137980179546	0.00149525347295445	0.0209836947600478	0.0051467909093846	0.00353784528825823	0.0292495710253204	-0.0391740361361547	-0.0319676996132969	-0.0119117698862278	-0.00556128165856381	-0.0220183793626284	-0.00996229543832486
0.0526316065684386	0.053638642063128	-0.0316682658656854	-0.0312565020293298	0.0168119749537975	0.0014944362372978	0.0209843974430141	0.00514380555451579	0.00354708633760647	0.0292452892692732	-0.0391589612815036	-0.0319729424943557	-0.0119111342584949	-0.00556422230994371	-0.0220035503771663	-0.00996165981059191
0.0526371218613829	0.0536409834083597	-0.031669813723989	-0.0312884929635814	0.0168054203047359	0.00148419355040116	0.020978893325942	0.005137385015921	0.00355090289797221	0.0292624274693343	-0.039153334229837	-0.0319647226403323	-0.0119070941806846	-0.0055573882640765	-0.0219969845522326	-0.00995949727931586
0.052612873012617	0.0536276645626324	-0.0316937049448437	-0.0312624280355785	0.0167735718628552	0.00145659193996691	0.0209643227825252	0.00511758416430165	0.00355298440417461	0.0292956673073074	-0.0391388251537174	-0.0319389035815184	-0.0119094383198843	-0.00554681309498109	-0.0219624259613366	-0.00994872094452035
0.052654208373035	0.0536709892283069	-0.0316923792070006	-0.0312107438174777	0.016803507833601	0.00150440930627695	0.020978746642619	0.00515232576010534	0.00350500219374921	0.0292834925914994	-0.0391871426403096	-0.0319596613671972	-0.0119501785651062	-0.00557669039239769	-0.0219934431977204	-0.00998244274198326
0.0526122038572674	0.0536500177040717	-0.0317317909204115	-0.0311540430297307	0.0167682535446588	0.00148035324130693	0.0209598314788737	0.00512958844805818	0.00350457192266845	0.029332124399498	-0.0391809567950316	-0.031930833204786	-0.0119431657052834	-0.00554035204384947	-0.0219977179688475	-0.00995808492846309
0.0525883992494225	0.0536396017911556	-0.0317460289816295	-0.0311041092326175	0.0167587764050098	0.00147778279069457	0.0209527459758813	0.00513115307017005	0.00349996746331065	0.029354654957909	-0.0391976982516287	-0.0319256923035613	-0.0119289723475542	-0.00553074079373369	-0.0220177004283906	-0.00995213936443798
0.0525626402609218	0.0536429671256801	-0.0317860930865816	-0.0309784351524335	0.0167352302392102	0.00148581963981028	0.0209438402026999	0.00513735707624043	0.00345929986125825	0.0293837918537905	-0.039213913045247	-0.0319098099921417	-0.0119635155716259	-0.0055292977092323	-0.0220129045822209	-0.00995697712012853
0.0525469814669468	0.0536495930209271	-0.0318107596335721	-0.030875316776373	0.0167351953146094	0.00150207913691749	0.020939670205375	0.00514675458779986	0.00342546909904112	0.029417642173784	-0.0392544269790562	-0.0319038099457395	-0.0119823259615691	-0.00552256005526305	-0.0220552737108199	-0.00995891194300794
0.0525176699480617	0.0536364641650276	-0.0318306163645525	-0.0308051853841764	0.0167244580953667	0.0014918783595417	0.0209302740907996	0.00514227585700463	0.00341712351645512	0.0294387785421346	-0.0392591962825294	-0.0318887532518808	-0.0119833848754626	-0.00551123610272838	-0.022069855430109	-0.00995069488295256
0.0525116140222983	0.0536319952131206	-0.031832604272825	-0.0307661801931179	0.0167290192482196	0.00149487489028274	0.0209342093948077	0.00514388657958944	0.00341430859363778	0.0294253241889565	-0.0392625923507026	-0.0318906517531755	-0.0119907148506599	-0.00551878959537025	-0.0220708598616254	-0.00995283925343624
0.0525150897185611	0.0536333027901712	-0.0318177738903789	-0.030783268101754	0.0167507116162135	0.00151151576402971	0.0209455752568633	0.00515686176724574	0.00342064531319086	0.0294070963413532	-0.0392736005848468	-0.0319131711357142	-0.0119732469623681	-0.0055172361491306	-0.0221063209042038	-0.00995618083923231
0.0525049112929298	0.0536151224400249	-0.0318018454784865	-0.0308210956352765	0.01674513764994	0.00148477469575699	0.0209424599824798	0.0051380332165102	0.00344681082404385	0.0293887371772512	-0.039243858794881	-0.0319054905175257	-0.0119587714138653	-0.00551918913280238	-0.0220714382130132	-0.00994429809308625
0.0525173542296713	0.053611248603314	-0.0317886202306891	-0.0308816758476705	0.0167458906243313	0.00147428474268731	0.020939033180658	0.00512700682157359	0.0034701614120795	0.0293651267501863	-0.0392159484509764	-0.0319022788512443	-0.0119530116487159	-0.00552887442307167	-0.0220346542265599	-0.00994504268557342
0.0525493381790028	0.0536283239390938	-0.031757396240669	-0.0309351202656472	0.0167737171491941	0.00149596453782493	0.0209540521559479	0.00514537855853183	0.00347525621283128	0.0293281779196176	-0.0392225883160637	-0.0319328574346432	-0.0119487662142535	-0.00553998463704999	-0.0220588178593001	-0.00995467768441769
0.0525820192233645	0.0536272985528169	-0.0317154615741028	-0.0310790850577158	0.0168010114231421	0.00149250281140242	0.0209638673657319	0.00514352615771009	0.00351234055085069	0.0292918367771014	-0.0391943329171041	-0.0319463774460706	-0.011922187196128	-0.00555044245948702	-0.0220447334663252	-0.00996178274518642
0.0526022042455917	0.0536254000515223	-0.0316909850169402	-0.0311826616445376	0.0168009010614039	0.00148376467630442	0.020969322588363	0.00513934777848098	0.00354054984933732	0.029264032603983	-0.0391641119616165	-0.0319545344358128	-0.0119120157554168	-0.00555486670790514	-0.0220142666416486	-0.00995208069110879
0.0526401351559323	0.0536508363367124	-0.03166760509224	-0.0312497168779036	0.0168203694308245	0.00150499883353696	0.0209826218763139	0.0051531388048099	0.00353934285513673	0.0292375457868035	-0.0391678223511961	-0.0319729299214995	-0.0119202411973764	-0.00557073644646841	-0.0220137301997817	-0.00996620699360454
0.0526323218242612	0.053639379670695	-0.0316774971361455	-0.0312728858580155	0.0167965969536122	0.0014803322865465	0.020963185637526	0.00512920986538647	0.00354849449750715	0.0292710161271413	-0.039148768886032	-0.0319522224272457	-0.0119160516422751	-0.00555340406562735	-0.0219854231124131	-0.00995428373492166
0.0526540351470155	0.0536626352638167	-0.0316762356595678	-0.0312622142970221	0.0167975455057675	0.00149335078070769	0.0209602226344016	0.0051396579089353	0.00353180752328724	0.0292709588507961	-0.0391599573311159	-0.0319557665757259	-0.0119317327879945	-0.00556633594677877	-0.021985323926547	-0.00997264708997573
0.0526287399572122	0.0536480018561187	-0.0317031401749718	-0.0312394532362465	0.0167707303973413	0.0014732188438736	0.0209471762005599	0.00512428689367019	0.00353722363036556	0.0293059016122999	-0.0391553235350935	-0.0319373194016301	-0.011917912425001	-0.00554377605170322	-0.0219834393950927	-0.00995491517170253
0.052617096095335	0.05365385941015	-0.031726071667799	-0.031157935027234	0.0167615899308431	0.00147744472055968	0.0209510220975902	0.00513072559305735	0.00350383152113336	0.0293217503961027	-0.0391755504668415	-0.0319268350364965	-0.0119411791939949	-0.00554533927683106	-0.0219880648092109	-0.00995634428636364
0.0526265522802236	0.0536728821416655	-0.031736039148842	-0.0311080892401146	0.0167755388163672	0.00149713800440884	0.0209572372795328	0.00515138000191808	0.00347189227529076	0.0293390743950396	-0.0392079590993177	-0.0319320862994595	-0.0119612496635317	-0.00555302687993966	-0.0220205628486649	-0.00997268201457644
0.0525841160963912	0.0536562398709345	-0.0317760166407843	-0.0310161467362817	0.0167460666443189	0.00148914585878204	0.0209403491396128	0.00514041507427872	0.00346906338263313	0.0293679402760196	-0.0392108773989531	-0.0319153797674632	-0.0119559425212076	-0.00553079946706289	-0.0220309242792039	-0.00995724953201408
0.0525419718822207	0.053647824439147	-0.0318135340438526	-0.0308790076081762	0.0167167970349547	0.00147947872930512	0.0209260999025226	0.00513204434598021	0.0034319483109651	0.0294246801793194	-0.0392346261274369	-0.0318886359052224	-0.0119819040723925	-0.00551704196835065	-0.022034019995811	-0.00995207510317267
0.0525370349406642	0.0536563208960081	-0.0318275010901691	-0.0308018465923484	0.0167248688086711	0.00149199850016814	0.0209305730453817	0.00513949027085188	0.0034077218139436	0.0294365517495932	-0.0392567962639685	-0.0318837827827076	-0.0120031130839125	-0.00552206831688503	-0.0220591405626107	-0.00997031133268015
0.0525028772841844	0.0536297851843876	-0.0318387705603266	-0.0307677196695172	0.0167146275187585	0.00147134129733936	0.0209273054997391	0.00512819844894987	0.00342390028597716	0.0294382015877308	-0.0392486197164499	-0.0318775508369566	-0.011983894774633	-0.00550801326057473	-0.0220629669018646	-0.00994870138674395
0.0525087222653594	0.053631226871905	-0.0318280528988603	-0.0307619864470644	0.0167333694564843	0.00149075378739879	0.020940750074029	0.00514626983434198	0.00341613305477894	0.0294149669493695	-0.0392617066628285	-0.0318920459432359	-0.0119869904912401	-0.00551700983771799	-0.0220806136041121	-0.00995378640860753
0.0525351182785771	0.0536488162978073	-0.0318050767025443	-0.0307834231669811	0.0167609501121581	0.00151460170174857	0.0209583394999313	0.00516656382132337	0.00340924732050268	0.0293786886711346	-0.0392690170802494	-0.0319154943201535	-0.0119981230569629	-0.00553963120009079	-0.022093422550669	-0.00996813762553187
0.0525080698738181	0.0536135200993443	-0.031797502255142	-0.0308466366942688	0.0167441164546152	0.00147653388697313	0.0209462444122129	0.00513560386128472	0.00345481973347899	0.0293837820749023	-0.0392302172458431	-0.0319036059860714	-0.0119601725888458	-0.00551408595014643	-0.0220700230681924	-0.0099404466081198
0.0525425628064648	0.0536284105521036	-0.0317653562556632	-0.0309096644226807	0.0167718815121807	0.00149660994444608	0.0209601066847273	0.00515082959021087	0.00345978601170015	0.029337473451343	-0.0392248709879662	-0.0319264452779526	-0.0119596096042823	-0.00553983096880686	-0.0220632015951814	-0.00995868144064324
0.0525601578203032	0.0536273642110663	-0.0317490799947476	-0.0309761343197387	0.0167767583834241	0.00148221961196895	0.0209584568465897	0.00513760154844541	0.00347179308942474	0.0293353095230829	-0.0392045490613042	-0.0319248094096553	-0.011962980526743	-0.00553978207436586	-0.022035838869016	-0.00995648677873454
0.0526106210743631	0.0536426234676091	-0.0317012542465334	-0.0311081060039229	0.0168152634542004	0.00149884232492355	0.0209774935479454	0.00515648178759	0.00350515725897637	0.0292696107612086	-0.0391925531594519	-0.0319592827845255	-0.0119386241102069	-0.00556569473110971	-0.0220431548743731	-0.00996742376669333
0.0525772904324282	0.0535960158894677	-0.0316978609723283	-0.0312179690188729	0.0167867831408123	0.00145212298805988	0.0209679451621109	0.00512100537818734	0.00357459993804693	0.0292728922766915	-0.0391386672945222	-0.0319485804898835	-0.0118769821899512	-0.00552922087511073	-0.0220109502015651	-0.0099284241635709
0.05261851962206	0.053627499718517	-0.0316768377596841	-0.0312391235480158	0.0168032465975877	0.00147144746812552	0.0209785301100946	0.00513501014307262	0.00355118788271402	0.0292539058667607	-0.0391501658700604	-0.031960436693333	-0.0119067868441983	-0.00555956197122478	-0.0219883623668089	-0.00995807235560684
0.0526336140344875	0.0536385484651981	-0.0316698793822383	-0.0312736053047902	0.0168046617424085	0.00147585774670336	0.0209759219409134	0.00513736406116057	0.0035503231496004	0.0292633229360965	-0.039155053917176	-0.0319626425311139	-0.0119079421499899	-0.00555526345136922	-0.0219914622743681	-0.0099637650655228
0.052640265075447	0.0536486193230592	-0.0316820261583658	-0.0312534314584352	0.0168008521669629	0.00147891015680553	0.0209743028364245	0.00514001413986255	0.00353062148384708	0.0292767689073704	-0.0391594669897219	-0.0319556785657321	-0.0119284037750547	-0.00556472801816201	-0.0219765187362157	-0.00997010038809185
0.0526383959108169	0.0536549532486443	-0.0317024249191493	-0.0312158274423572	0.0167929927348188	0.00148768042253618	0.0209699973316487	0.0051468845073145	0.00351426838880996	0.0292931387662159	-0.0391755071603366	-0.0319491658261914	-0.0119375596083772	-0.00556071867400034	-0.0219904578428516	-0.00996664983754156
0.0525935345627111	0.0536344329502503	-0.0317314388804363	-0.0311509417251875	0.016759620183363	0.00146678014448644	0.0209552214315798	0.00512658772636506	0.00351312705285872	0.0293388913901319	-0.0391777437317662	-0.0319264354990644	-0.0119296261360796	-0.00552607486707865	-0.0220019703882301	-0.00994396421390345
0.0526270440186017	0.0536725692172431	-0.0317333792912518	-0.0310776908676554	0.016787407592673	0.00150706217894699	0.0209646804104364	0.00515298932751886	0.00345548609486056	0.0293329053135699	-0.0392174138872223	-0.0319379201047623	-0.0119789298933959	-0.00555986651374299	-0.0220151090230178	-0.00997983457280214
0.0525555924764982	0.0536332371319219	-0.0317923585599492	-0.0309777045297867	0.0167397159549255	0.00147854833794216	0.0209403463456448	0.0051312927685729	0.00346733950434202	0.0293903786334847	-0.0392155070040234	-0.0319126109451188	-0.0119531066436299	-0.00551323378988907	-0.0220297871342048	-0.00994214254673035
0.0525262306661881	0.0536294680690131	-0.0318240896551716	-0.0308533980969665	0.0167216194238209	0.00147475692328893	0.0209394383060263	0.00513190464757736	0.00342624302819288	0.0294265074344286	-0.0392387220846083	-0.0318892002867699	-0.0119842342417519	-0.00551181724808422	-0.0220280129644886	-0.00994669392069506
0.0525312067232974	0.0536413061116703	-0.0318250591620873	-0.0307920956438298	0.016744208655561	0.00150322466382082	0.020952975081262	0.00515556676305136	0.00340298883205519	0.0294181618518426	-0.0392748061820634	-0.0319052125177041	-0.0119950161644836	-0.00552121336265962	-0.022073685960315	-0.00996254968941804
0.0525081690596842	0.0536255998202383	-0.0318326294185376	-0.0307672335190753	0.0167322798089421	0.00148852420088937	0.0209440860718889	0.00514477785539959	0.00341468577932546	0.0294203146042305	-0.0392603376184806	-0.0318963542419796	-0.011987230772493	-0.00551313739799111	-0.0220709967660602	-0.00995051746598094
0.0525050747400611	0.0536195997738361	-0.0318251737147777	-0.0307696349346202	0.0167422836115698	0.00149334239880352	0.0209458420808127	0.0051490149079579	0.00342028628829554	0.0294074749240249	-0.0392600568246909	-0.0319053270703944	-0.0119792386268662	-0.00551182842395645	-0.0220834788183545	-0.00994818031170134
0.0524998178891621	0.0536083303036786	-0.0318116103968454	-0.0308038149428445	0.0167455204235638	0.0014854033385698	0.0209491235962955	0.00514167934482447	0.0034369117952182	0.0293921374363765	-0.0392484157567818	-0.0319102709968711	-0.0119658317711451	-0.00550649054798371	-0.0220776268522593	-0.00993486286295806
0.0525204890618311	0.0536127294063842	-0.0317878099799526	-0.0308633194775366	0.0167637999595761	0.001488506040097	0.0209575013095142	0.00514860419465353	0.00344770349683803	0.0293649311724223	-0.0392320137673037	-0.0319170030629043	-0.0119675793981647	-0.00553152869272574	-0.0220504736736982	-0.00995453658903081
0.0525352831226925	0.0536106255484373	-0.0317707136894123	-0.0309285893653142	0.0167743248372465	0.0014908278275523	0.0209675791522955	0.00515155183095358	0.00347367342992704	0.0293318030931715	-0.039220639523344	-0.0319322944500797	-0.0119462362761779	-0.0055323808529831	-0.0220559302933133	-0.00994888439165168
0.0525705779241714	0.0536186512216808	-0.0317346812803663	-0.0310325459317918	0.0167993154845316	0.00149058335534732	0.0209719391394483	0.005152357890738	0.00348514127181664	0.0293113973474678	-0.0392097528268102	-0.0319407643642443	-0.0119397305215574	-0.00554187894739258	-0.0220442389339791	-0.00995637082906018
0.052592794161176	0.0536144253449947	-0.031698875182733	-0.0311561524756136	0.0168134180382989	0.00149093958627457	0.0209849017542484	0.00515260236294298	0.00352702704394186	0.0292648596185278	-0.0391779476914343	-0.0319634080783615	-0.0119109205199385	-0.00555211744333714	-0.022028325888911	-0.00995322063007601
0.0526209391983973	0.0536272147337752	-0.0316833812328733	-0.0312289032128636	0.0168160597350967	0.00148830627138093	0.0209840565789111	0.00514829266721519	0.00353961526702228	0.0292474518005492	-0.0391598609392179	-0.0319680083467672	-0.011915118456944	-0.00556400438043527	-0.0219964928138546	-0.00995616686939202
0.0526149237851708	0.0536189417943587	-0.0316804783000622	-0.031269228553829	0.0168057974904236	0.00147545122435108	0.0209810362994416	0.00514053381792114	0.0035544316796281	0.0292597201142872	-0.0391507218697038	-0.0319646360273225	-0.0118963904890586	-0.00555095375564143	-0.0219897677327416	-0.0099486594772231
0.0526420601999235	0.0536445359387441	-0.0316722067576297	-0.0312739433749251	0.0168173994427799	0.00148662849356276	0.0209854856935722	0.00514755366266413	0.00353581407348085	0.0292561452321583	-0.0391599070396909	-0.0319685908891071	-0.0119201042929416	-0.00557158301878965	-0.0219819208734537	-0.00996736649034816
0.0526252405122209	0.0536377521843019	-0.03169568726518	-0.0312457242975502	0.0167964223306086	0.00147137342797201	0.0209751480117617	0.00513866884424315	0.00352952205741668	0.0292855936554782	-0.0391613263754638	-0.0319502959862704	-0.0119239152653712	-0.00555880899683344	-0.0219677610433413	-0.00995620179399273
0.0526253396980869	0.0536496307394958	-0.0317117036870663	-0.0311947301895595	0.0167966332751969	0.00148785644252377	0.020975604825539	0.00515414603029442	0.00350440847553712	0.0292983662804504	-0.0391861940881543	-0.0319526778440389	-0.0119378529750231	-0.00555982739819019	-0.0219888960147078	-0.00996010357038421
0.0525898521128121	0.0536351314422645	-0.0317404410455157	-0.0311178555554575	0.0167631349951786	0.00146915501733482	0.0209593397404957	0.0051338799829936	0.00349335134695188	0.0293447978386042	-0.0391920432602815	-0.0319296709140743	-0.0119422716355052	-0.00553521114262475	-0.0219930017507674	-0.00993814717240896
0.0525925762316675	0.0536502607792927	-0.0317574535170142	-0.0310436729095784	0.016766149686712	0.00148855353755397	0.0209626226529625	0.00514757880837665	0.00346648175614855	0.0293469408121038	-0.0392124084934483	-0.0319273714783635	-0.0119643579529951	-0.00554804383791016	-0.0220059238530307	-0.00996193222247746
0.0525473893862831	0.0536393168064137	-0.0318015898304093	-0.0309176900959242	0.0167391571613141	0.00148192345135491	0.0209454872468695	0.0051350925651303	0.0034367399661827	0.0294034991074799	-0.0392321367018982	-0.031903491433381	-0.011977559452064	-0.00552105690044843	-0.022026412020792	-0.0099486692561113
0.0525113304345406	0.0536245367153927	-0.0318298256715924	-0.0308269923048606	0.0167250699743712	0.00147615111334933	0.0209383291007077	0.00513517638417201	0.00342415034611825	0.0294345400925922	-0.039249062560387	-0.0318899295124328	-0.0119751734033434	-0.00550061064220794	-0.0220542678823194	-0.00994342218410041
0.0525127832979302	0.0536349749800533	-0.0318238354040784	-0.0307812382839606	0.0167461029659036	0.0014979217124488	0.0209477391851233	0.00514986148027914	0.00340336322377482	0.0294231630546645	-0.0392745882525549	-0.0319043910910953	-0.0119864833860378	-0.00551040070627936	-0.0220816487692772	-0.00995332400689411
0.0525144024024191	0.0536383151688653	-0.0318269772211584	-0.0307612460455294	0.0167539135036067	0.00150481582862923	0.0209533592518698	0.00515709087262641	0.00339742743863791	0.0294094041589682	-0.0392727009271325	-0.0319072423354974	-0.0119995270259115	-0.00552044921239605	-0.0220783532839541	-0.00996223257404358
0.0525040214141037	0.0536237544043367	-0.031819543869143	-0.0307838757898063	0.0167562506578863	0.00149684882871495	0.0209535506386817	0.00515173902681339	0.00342260807575084	0.0293968550514406	-0.0392619148134488	-0.0319091296609199	-0.0119762686388217	-0.00551312761910291	-0.022090768281015	-0.00995099942547076
0.052512090393852	0.0536215862851246	-0.0317968792002653	-0.0308134918512096	0.0167618385940002	0.00149059034026746	0.0209536847491485	0.00514659812558867	0.00343139231132177	0.0293776772546979	-0.0392463803510523	-0.0319139799894667	-0.011973832298676	-0.00552153187501811	-0.0220748985424517	-0.00995446394586133
0.0525085951398128	0.0536009919465771	-0.031787633959965	-0.0308905913997401	0.0167576504358829	0.00146983953950876	0.0209567385562347	0.00513299988305567	0.00347103592408132	0.0293598768842074	-0.0392150292354857	-0.0319132731155483	-0.0119452527994219	-0.00551693579756448	-0.0220490012525322	-0.00994001074910292
0.0525342228118149	0.0536099452172154	-0.0317610228112069	-0.0309562035486047	0.0167803053258723	0.00148373254567177	0.020979192280524	0.00515192203172112	0.00347951980808613	0.0293262947851473	-0.039216469526019	-0.0319346958656247	-0.0119369030258838	-0.0055321894661712	-0.0220582870053693	-0.00994936355717344
0.0525697620854988	0.0536210763859542	-0.0317265564212568	-0.0310509302416063	0.0167926211370672	0.00147503771707865	0.0209732690682434	0.00513451002279043	0.00349787059028394	0.0292997409127344	-0.0391878816448607	-0.0319374898336816	-0.0119407475259301	-0.00554969088207971	-0.0220203560950287	-0.0099502352752072
0.0525971918668976	0.0536202535623614	-0.0316982102183354	-0.03117728046206	0.016808763287516	0.00146969984110592	0.0209786823813537	0.00512928390553998	0.00354347233992485	0.0292655916381588	-0.039157903764594	-0.0319532659743149	-0.0119050252473384	-0.00555368765338512	-0.0220099136394159	-0.00995765186341427
0.0526023132103459	0.0536149366411491	-0.0316767721014347	-0.0312614543377107	0.0168078496599614	0.00146751216411736	0.0209810321084895	0.00513029252800852	0.00357027487549482	0.0292572125279561	-0.0391453616419866	-0.0319635449827963	-0.0118779321390906	-0.00554702403956938	-0.0220097767349812	-0.00994955773795339
0.0526402916181435	0.0536464553947992	-0.0316701531911079	-0.0312723591950368	0.0168190283261571	0.00148193183325909	0.020982331303636	0.00514120297327077	0.00353547600334597	0.0292566565283127	-0.0391549477463898	-0.0319590494881927	-0.0119205764735432	-0.00557082585344623	-0.0219837118069782	-0.00997175022622946
0.0526175752608568	0.0536300422294488	-0.0316887344756704	-0.0312712262409897	0.0167902769978675	0.0014585896271276	0.0209724895511555	0.00512525919455399	0.00355259045467859	0.0292785989564477	-0.0391383697369241	-0.0319413538915043	-0.0119057195484006	-0.00555187855906827	-0.0219699501173139	-0.00995818970226523
0.0526221098710132	0.053642422301909	-0.0316955321999529	-0.0312399589444648	0.0167913247358888	0.00147561886243449	0.0209798851846022	0.00514228842986088	0.0035307500063777	0.0292880733021287	-0.039166982763795	-0.0319492244995206	-0.0119158700343514	-0.00555083082104693	-0.0219875660859127	-0.00996650734517066
0.0526145521874192	0.0536514719644453	-0.0317210159826	-0.0311621553159839	0.0167799225522485	0.00148084637666897	0.0209740709370757	0.00514416318242707	0.00349818072073826	0.0293111375084385	-0.0391824529649261	-0.0319355927293709	-0.0119420020175877	-0.0055496266208144	-0.0219928662433167	-0.00996863355486197
0.0525860159946699	0.0536382467166479	-0.0317506250590831	-0.0310981329349438	0.0167579354206247	0.00146453658813674	0.0209615385933564	0.00512805455959494	0.00348526839736323	0.0293533892903792	-0.0391869386806415	-0.031910216514494	-0.011948745259493	-0.00553247584789704	-0.0219930380723522	-0.00995481319186845
0.0525778520200076	0.0536509592713069	-0.0317747928827754	-0.0310031659606893	0.0167513584198187	0.00148583221266654	0.0209569285460625	0.00514242114334358	0.00346530270162853	0.0293590386937903	-0.0392130511061014	-0.0319196321868458	-0.0119609101964128	-0.00553069329627673	-0.0220218103554023	-0.00996563702412093
0.0525288178806088	0.053631720007267	-0.0318187978796718	-0.030886461914952	0.0167228878853187	0.00146735290793811	0.0209358787907218	0.00512885922239533	0.00343824032702927	0.0294231937883131	-0.0392295858090622	-0.031888468267139	-0.0119739356754942	-0.0055026362690492	-0.0220289573256919	-0.00994810766853186
0.0525369678854308	0.0536509788290833	-0.0318156323138633	-0.0308015783714149	0.0167502827421168	0.00151095277946624	0.0209530141968148	0.00516436776243064	0.00340208917434087	0.0294158093307387	-0.0392814055346138	-0.0319089284952198	-0.0119962734501092	-0.0055212860058291	-0.0220878849059802	-0.00997147362339182
0.0524859626015678	0.0536109259000034	-0.0318398155043799	-0.0307790911195089	0.0167188128829077	0.0014697822631636	0.0209407891895818	0.00513718943815701	0.00342873385071562	0.0294407999780238	-0.0392476753552467	-0.0318812556386001	-0.0119719086516689	-0.00549674239343314	-0.0220710302936769	-0.00994547714760627
0.0525084833810906	0.0536288869236573	-0.0318243355243606	-0.0307623817935445	0.0167482627032116	0.00149956735963432	0.020952827000955	0.00516203479910312	0.00340784754250616	0.0294060108847631	-0.0392689416431119	-0.0319007337869088	-0.0119881905005205	-0.00552062383539961	-0.0220899272966298	-0.00995878621444538
0.0524968129765168	0.0536149589928936	-0.0318224607717944	-0.0307801542243545	0.0167433201737189	0.00148890278356108	0.0209461410353948	0.00514996206312919	0.00342773780110333	0.0293980955732579	-0.0392478890938031	-0.0318997978076098	-0.0119760115937604	-0.00551213296647465	-0.0220808999858379	-0.00994658495594084
0.0524901856842858	0.0536025649505931	-0.0318072951131815	-0.030817537516956	0.0167351282593761	0.00146575755217761	0.0209373232722072	0.00513086249749213	0.0034521347301763	0.0293893448653036	-0.0392223745775073	-0.0318922540938561	-0.0119618741153925	-0.00550883608416749	-0.0220517868386849	-0.00994134347186607
0.0525376188799881	0.0536257688553058	-0.0317718201007629	-0.0308918766250463	0.01677469364103	0.00150197017216327	0.0209569956012959	0.00515842499237358	0.00345870893701421	0.0293310543097322	-0.0392316924609771	-0.031932305625952	-0.011955568129488	-0.00553257084281097	-0.0220697324955145	-0.00995966910835136
0.0525413264755996	0.0536170041775112	-0.0317582106823576	-0.0309725021612647	0.0167770154284853	0.0014884222210553	0.0209586021329286	0.00514773806455589	0.00348154962587948	0.0293310962192531	-0.0392082482750116	-0.0319328225100425	-0.0119419140075939	-0.00552376704946364	-0.0220571065538653	-0.00994818310566939
0.0525834385591374	0.0536274214874114	-0.031714489273219	-0.0310986987134753	0.0168077281223509	0.00149137404830742	0.0209725510184528	0.00515004169121882	0.00351181528485599	0.0292795321417787	-0.0391879067905732	-0.0319573856802148	-0.0119299544273263	-0.00554173645502168	-0.0220401401828397	-0.00995359083084355
0.0525947513357999	0.0536207634615318	-0.0316985496854543	-0.0311981388305889	0.0168001983784376	0.00147418835078935	0.0209710562455423	0.00513828746760338	0.00354697737285225	0.0292633522727611	-0.0391536387723552	-0.0319544995112121	-0.0119114890924381	-0.00554168895756471	-0.0220066544756775	-0.00994491556002683
0.0526244791559254	0.0536365214413728	-0.0316844010312141	-0.0312407636072652	0.0168033723261502	0.00148402311834969	0.020976197146767	0.0051472281653855	0.00354429516351761	0.0292515058481998	-0.039151716522332	-0.0319662565287955	-0.0119179710983302	-0.00555577055657155	-0.0219913211789812	-0.00995942184217833
0.0526391237394957	0.0536481261876972	-0.0316759702326024	-0.0312636476026353	0.0168048740839808	0.00149044225996044	0.0209773636284308	0.0051533790860628	0.00354351704341376	0.0292520017775299	-0.0391591107587946	-0.031967995773911	-0.0119204703027571	-0.0055584485749541	-0.0219986930636994	-0.0099644914972176
0.0526234914882173	0.0536381936312549	-0.031692742422848	-0.031268930996231	0.0167873195826792	0.00147402769762608	0.0209663805399991	0.00513752331733982	0.00354706258887798	0.0292834646518188	-0.0391483232481269	-0.0319494745596617	-0.0119095263298781	-0.00554547059332974	-0.0219873691111647	-0.00995562623657301
0.0526395484226404	0.0536623866006597	-0.0317008700759256	-0.0312229227242378	0.0167985708920444	0.00150094757985444	0.0209787941400759	0.00515941405706573	0.00350710605169607	0.0292903573710152	-0.0391796296602046	-0.0319556352592272	-0.0119386646227437	-0.00556345536571209	-0.0220017776044342	-0.00997416980256674
0.0525996519557717	0.053642718462523	-0.0317385984235821	-0.0311484229629842	0.0167605966751989	0.00147790432830504	0.0209609811967291	0.00514175757593007	0.00350006664917667	0.0293363139545994	-0.0391824222312775	-0.0319281635683076	-0.0119382608943595	-0.00553341322418013	-0.0219986693149709	-0.00995204017857196
0.0525700512611927	0.0536266852768284	-0.03175901255119	-0.0310971550461239	0.016744697599971	0.00146855431420258	0.020950714761104	0.00513182641647177	0.00350339007418037	0.0293630843595367	-0.0391932698122585	-0.0319166594048333	-0.0119238957075948	-0.00551370597049069	-0.022014970721599	-0.00994033484939752
0.0525799377171621	0.0536606445615762	-0.0317840395200598	-0.0309627023183051	0.016747297387248	0.00149976433438233	0.0209489783099566	0.00515847668078264	0.00344172859614832	0.0293718755800278	-0.0392313278481457	-0.0319178594141137	-0.0119801033599798	-0.00553605073002586	-0.0220297829432527	-0.00996683703340137
0.0525328342096906	0.0536387761735947	-0.0318224034954493	-0.030860540876304	0.016720444560253	0.00148225453656966	0.0209304626836434	0.0051436490923046	0.00342920323734918	0.0294230750446707	-0.0392435626342669	-0.0318925209178055	-0.0119810728668955	-0.0055075159342606	-0.0220453257875533	-0.00994775702554071
0.0525098175008377	0.0536272929648808	-0.0318341549250966	-0.0307933906480242	0.0167188631743328	0.00148487527860704	0.020929462443079	0.00514383349419635	0.00342194450833732	0.0294364246240466	-0.0392592703226829	-0.0318856533443217	-0.0119813578516373	-0.00550254825905541	-0.0220703318016627	-0.00994580683583699
0.0525104056311137	0.053630786821936	-0.0318295881843076	-0.0307610406888772	0.0167314094878923	0.0015005284846459	0.0209386559949703	0.00515640215950038	0.00341196026348594	0.0294178126058355	-0.0392665053029663	-0.0318967328246513	-0.0119925043872004	-0.00551610878301964	-0.0220813218750145	-0.00995415940334313
