0.0525663003590763	0.0535693795949971	-0.0319008748822957	-0.030993036429499	0.0168159368005022	0.00159763982938407	0.0209466956380541	0.00525132303328192	0.00347887440146499	0.0293182733028559	-0.039183967295613	-0.0318510304921604	-0.0118560539722209	-0.00556023811149456	-0.022137699959451	-0.0100615218168821
0.0525551677933535	0.0535366105406416	-0.031886504107595	-0.031108797511017	0.0167959752957195	0.00156013220520403	0.020936233624665	0.00522161616791679	0.00354154729593364	0.0292980659288843	-0.0391213391046332	-0.0318443710692967	-0.0118090049471265	-0.00554548735713808	-0.0220928190535687	-0.0100370257019431
0.0526226309460558	0.0535803361407323	-0.0318435161150713	-0.031183022066417	0.0168420701807225	0.00160327665993889	0.0209624354571027	0.00525409884054647	0.0035251243516951	0.0292463942836397	-0.0391390137465613	-0.0318827881300793	-0.0118315522693458	-0.00558573726096598	-0.0220969708901013	-0.0100737663818915
0.0526053418717196	0.0535629353076739	-0.0318574077242503	-0.0312116658269365	0.0168084643329339	0.00157045312320627	0.0209448781618331	0.00522574565270491	0.00354062528647486	0.0292792848756057	-0.039107486611007	-0.0318543455352599	-0.0118264448957378	-0.00556695061975129	-0.0220553407660533	-0.0100580866331561
0.0526412723009315	0.0535929648763496	-0.0318400515946807	-0.0312232105029476	0.0168331294829404	0.00159987919478168	0.020959797951257	0.00524906969804402	0.00351991639523701	0.0292647897693264	-0.0391366891651379	-0.0318743615224196	-0.0118411188159727	-0.0055898276302013	-0.0220749097183239	-0.0100806507191838
0.0526045972792324	0.0535703267501684	-0.0318730385785447	-0.0312033356111748	0.0167991590223204	0.00156957442025238	0.0209400432001106	0.00522549279859576	0.00353071647876102	0.0293096315596559	-0.0391217540088897	-0.0318481834387104	-0.0118267871568247	-0.00555962623249009	-0.0220599075068423	-0.0100569089756201
0.052602317401298	0.0535817708433295	-0.0318970890555786	-0.0311351627905861	0.0167891454408044	0.00157762104825628	0.0209355281477306	0.00522783973176357	0.0035016145074802	0.0293284293767428	-0.0391388754451424	-0.0318403156246621	-0.0118477977966127	-0.00555900038364534	-0.0220599075068423	-0.0100661178943357
0.052587982948182	0.0535828590938877	-0.0319103729767052	-0.031066527568284	0.0167838187407039	0.00158284437153868	0.0209269604446841	0.00522912914802183	0.00348482136247412	0.0293597818892934	-0.0391650786745642	-0.0318337511967124	-0.0118581983427046	-0.00555154188591742	-0.0220899328845659	-0.010062794469332
0.0525540222664502	0.0535711160461445	-0.0319502568707176	-0.0309709822426417	0.0167495451345498	0.00156012661726792	0.0209087353910488	0.00520746192574047	0.00347075373330757	0.0293907083217154	-0.0391524359691067	-0.0318010589764785	-0.0118741882218943	-0.00554819750615329	-0.0220563465945538	-0.0100590030546788
0.052558331962178	0.0535976657276053	-0.0319660190415107	-0.0308527904089141	0.0167654777373943	0.00160299307218112	0.0209180518775346	0.00524512042419558	0.00341531721610632	0.0294115806600846	-0.0392192495242357	-0.0318187433972947	-0.0119073400498736	-0.00555106272039565	-0.0221235401293385	-0.0100757934057168
0.0525148159096916	0.0535786471870419	-0.032000840265404	-0.0307704214366283	0.0167392619351163	0.00158891426714233	0.0209037942585402	0.00524071992450594	0.00340646871927007	0.0294487767568263	-0.0392229571198472	-0.0317940419257035	-0.0119047221018043	-0.00552741178079388	-0.0221428268908354	-0.010058177437118
0.0524784482244787	0.0535549082374463	-0.0320223216888096	-0.030717292737042	0.0167203509623231	0.00156618114604725	0.0208927510997952	0.00522104899240124	0.00341348577004501	0.0294646003949166	-0.0392151130545274	-0.0317733232555775	-0.0118967662777622	-0.00550971059616931	-0.0221353404534269	-0.0100419067641386
0.0524848338384728	0.0535592374909505	-0.0320168301445937	-0.0307024805153883	0.0167400582160125	0.00158208860317929	0.0209084797429716	0.00523241904540885	0.00341014837520103	0.0294403641190069	-0.0392279722925094	-0.0317902728627947	-0.011895678027204	-0.0055189935550384	-0.0221519547844773	-0.0100534472491976
0.0524988400003421	0.0535667616469278	-0.0319936597674978	-0.0307237007027806	0.0167638544419532	0.00159984985811708	0.020920965986218	0.00524997913464655	0.00341049762120814	0.0294112314140774	-0.0392336803692496	-0.0318098837245862	-0.0118953287811969	-0.00553071425103716	-0.0221709397974241	-0.0100640727097181
0.0524981373173758	0.0535582358534021	-0.0319797667613348	-0.0307671399211454	0.0167665715758886	0.00158649608778907	0.0209218949805969	0.00524212389345454	0.00342964328731814	0.0293968941669934	-0.0392142441304617	-0.031812374547109	-0.0118833356733126	-0.00552779595140171	-0.0221578738058059	-0.0100574663722475
0.0524666674581668	0.0535168194679105	-0.0319842580649862	-0.0308368983186064	0.0167337159085233	0.00154020702200616	0.0209095358628971	0.00520546842953186	0.00348431705123985	0.0293987284070228	-0.0391610232299296	-0.0317904684405587	-0.0118407765548857	-0.00550530869949564	-0.0221104867105766	-0.0100262395882594
0.0525297049654668	0.053564613085492	-0.0319384314009167	-0.0308843678358934	0.0167892432296864	0.0015877100669098	0.0209367882273243	0.00524762940751069	0.00345931103713048	0.029340664162864	-0.0391913042557304	-0.031832305318243	-0.0118692247376412	-0.00554958191732549	-0.0221248756460697	-0.0100655730705646
0.0525483016168537	0.0535519619981303	-0.0319041438249223	-0.0310094929013542	0.0167991227007356	0.00157199679055772	0.0209394033814255	0.00523354780850384	0.00350057235739497	0.0293155408020962	-0.0391571731419472	-0.0318393684694908	-0.0118386922547152	-0.00555025246965915	-0.0221071730644611	-0.010054151329148
0.0525744713186587	0.0535507284612332	-0.0318747554719157	-0.0311245191692733	0.0168094897192108	0.00157038327400485	0.0209468646731215	0.00523356596929621	0.00353505690813743	0.0292813831456164	-0.0391301764255972	-0.0318511967332598	-0.011818110489024	-0.00555924206188227	-0.022086501891792	-0.010057441226535
0.0526305811821617	0.0535888451704496	-0.0318479934488825	-0.031186359461261	0.0168431360795362	0.00160275558489627	0.0209665188414179	0.00525874101847303	0.00351568493061482	0.0292479742725759	-0.0391398700977707	-0.0318787047457641	-0.01184678079224	-0.00558981226337699	-0.0220822480754254	-0.0100824681954048
0.0526060333788137	0.0535639173874459	-0.0318643605137599	-0.0312211220118251	0.0168132685610078	0.00156466262440832	0.0209478942503505	0.00523008049414521	0.00353423129057661	0.029285385504858	-0.0391092761475475	-0.0318498095281195	-0.0118287708741451	-0.00556373336553375	-0.0220515647182244	-0.0100568363324507
0.0526232973074373	0.0535799743218689	-0.0318539138671951	-0.0312230582316885	0.0168203847976488	0.00158183714605416	0.0209510765799673	0.00523759906218637	0.00352923288172279	0.0292850809623398	-0.0391310383647428	-0.0318623851783437	-0.0118274660910626	-0.00557016228603271	-0.0220734610458864	-0.0100669979942737
0.0526216726150122	0.0535884079144487	-0.0318728835133175	-0.0311957821185329	0.0168100429248861	0.00158716384615467	0.020941338204305	0.00523758369536205	0.00351138082282314	0.0293073055812485	-0.0391363734467475	-0.0318523422601631	-0.0118437758795948	-0.00556528262082132	-0.0220685143254416	-0.0100699414396216
0.0525761169658443	0.0535662992452144	-0.0319113983629821	-0.0311169279580626	0.0167696281769428	0.00156058482802925	0.0209214200060272	0.00521589970927235	0.00350382313922919	0.0293527215320136	-0.0391344986941813	-0.0318171634083585	-0.0118437339700739	-0.00553857508016528	-0.0220574306541599	-0.0100467654745895
0.0526053558415599	0.0536052164262791	-0.031915173013827	-0.03104119745388	0.016790351038021	0.00159541163985868	0.0209276365849539	0.0052451609367324	0.00344964530463759	0.0293586698900068	-0.0391825074473032	-0.0318251625389055	-0.0118915415574958	-0.00556532732431022	-0.0220771644505458	-0.0100793738757818
0.0525320435167305	0.0535636659303207	-0.0319640772337112	-0.0309537560325868	0.0167406198035919	0.00156843448128515	0.0209081696125173	0.00522616335092942	0.00346884685010872	0.0294024583543787	-0.0391716207507695	-0.0318043069643446	-0.01186042653223	-0.00551941544421499	-0.022089590623479	-0.0100472083185265
0.0525200336450379	0.0535766676606736	-0.0319903028148774	-0.0308232064781435	0.0167421550890392	0.00158680063030727	0.0209084755520195	0.00524064029641632	0.00340752903014768	0.0294377000704646	-0.0392134702013099	-0.0317906346816581	-0.0119044441019826	-0.00552945836239557	-0.0221045062219508	-0.0100639791117882
0.052513462232168	0.0535856307102002	-0.0319989305882371	-0.0307490880935297	0.0167519228013662	0.00160486083982716	0.0209076932409636	0.00525219614829971	0.00338998291075026	0.0294446738147347	-0.039247444852882	-0.0317990389375733	-0.0119105908317078	-0.00552677615306094	-0.0221489638416724	-0.0100695893996465
0.0524568257056863	0.0535396112623347	-0.0320256828323821	-0.0307124731421439	0.0167118712692703	0.00155725441810542	0.0208858583805988	0.00520519322367826	0.00341651722538677	0.0294751420363953	-0.0392102487561403	-0.0317620440065317	-0.0118907843921524	-0.00549568208255554	-0.0221154334310214	-0.0100359248785287
0.0524953098217022	0.0535715463172253	-0.0319990004374385	-0.0306989335729401	0.0167594525452796	0.00160206407780219	0.0209122502028644	0.00524423613330556	0.00338897428828171	0.0294293824275592	-0.0392471794259166	-0.0317983935309522	-0.0119141922565332	-0.00552841062437423	-0.0221488772286626	-0.0100682287372027
0.0524718726206568	0.0535443540231113	-0.0320015834609072	-0.0307352006753028	0.0167512145304638	0.00157873863547905	0.0209084825369397	0.00523148306610978	0.0034251491896986	0.0294252347819787	-0.0392198334635596	-0.0317934216647949	-0.0118802972330507	-0.00551210642377811	-0.0221441065282055	-0.010049979934839
0.052494758013011	0.0535535601478589	-0.0319745853475732	-0.0307848019902172	0.0167702777745161	0.00158416731541363	0.020918068641343	0.00523695644953328	0.0034294155789215	0.0293964429411522	-0.0392140695074582	-0.0318103000258267	-0.0118801659165521	-0.0055290965435322	-0.0221340957406575	-0.0100565317899325
0.0524975477901158	0.0535393402474332	-0.0319527742359369	-0.0308692957752104	0.0167763085545669	0.00158288907502759	0.0209276533487622	0.00523831571499296	0.00346763287098799	0.0293656827498296	-0.039192459561522	-0.0318261292518531	-0.0118442061506756	-0.00552501036524897	-0.0221351281118546	-0.0100503668994149
0.052531085185687	0.0535549068404623	-0.031935888889985	-0.0309205832498471	0.0167864436736934	0.0015751427985898	0.0209279537003283	0.00523072590076636	0.00345807610324932	0.0293539802146232	-0.0391762447679037	-0.031817335237394	-0.0118701690988444	-0.00554505010113718	-0.022092784128968	-0.0100602589433204
0.0525696447388404	0.0535574800850427	-0.0318858628919259	-0.0310615305564142	0.0168188341453772	0.00158900367412015	0.0209452790962492	0.00524351389256285	0.00350776682514153	0.0292921357316835	-0.0391623838923733	-0.031856805624134	-0.0118250157810766	-0.00555539616485193	-0.0221134119951322	-0.0100632512831093
0.0525802548325366	0.0535479512569846	-0.0318696872138604	-0.0311586335192482	0.0168127251342207	0.00157482568321534	0.0209460991258739	0.00523253220111515	0.003533956084723	0.0292773095401894	-0.0391262481065092	-0.0318550021177533	-0.0118119022920015	-0.0055546878939495	-0.0220742140202777	-0.0100552786952589
0.0525952821897307	0.0535571895123648	-0.0318644722724822	-0.0311941881597564	0.0168083735289721	0.00157163636867837	0.0209450332270602	0.00522648186328791	0.00353414188359879	0.0292761542343979	-0.0391166745749622	-0.0318521341095429	-0.0118190255135626	-0.00556058176956556	-0.0220477202181781	-0.0100594961900408
0.0526219282630895	0.0535795887542771	-0.0318451128678158	-0.0312253436975591	0.0168288281691168	0.00159077225590018	0.0209531050007766	0.00524407548014229	0.00352737209899689	0.0292724019352975	-0.0391379953452045	-0.0318722255338401	-0.0118215261149736	-0.00556815621696785	-0.0220751206629122	-0.0100725915183236
0.052607128614292	0.0535732380648837	-0.031864807548649	-0.031213656529177	0.0168043502149701	0.00157190458961184	0.0209422392590033	0.00523034871507868	0.00352348010149361	0.0293044738946228	-0.0391236483192323	-0.0318507035978977	-0.011835342287015	-0.00555711724917498	-0.0220485695844674	-0.0100633183383427
0.052615965935256	0.0535874174527726	-0.0318761538529281	-0.0311773712660219	0.016809007759721	0.00159352710840429	0.0209462262514205	0.0052465844634574	0.00350026502090871	0.0293163510528327	-0.0391520713562752	-0.031854450309062	-0.0118488120070174	-0.00556055103591693	-0.0220696165458401	-0.0100763186717115
0.0525729472090837	0.0535694773838791	-0.0319124670557639	-0.0310965389761673	0.0167679112835719	0.00156830037081842	0.0209280403133381	0.0052258727782515	0.00348762231545118	0.0293671202463949	-0.0391482408260692	-0.0318212719383862	-0.0118563585147391	-0.00553526283103381	-0.0220615168324431	-0.0100556349261862
0.0525795060490973	0.0535818476774511	-0.0319209956432576	-0.0310268588098119	0.0167744030683521	0.00158581156561512	0.0209285865340932	0.00523938301079071	0.00345891010271431	0.0293712427462629	-0.0391767742248504	-0.0318214856769426	-0.0118774711343612	-0.00554868645056325	-0.0220749851554615	-0.0100724336591284
0.052546745376646	0.0535790383425699	-0.0319608641704457	-0.0309112933060578	0.0167545393524515	0.00159089239652662	0.0209195410625089	0.00524455324868002	0.00343640888096796	0.0294057161211331	-0.0391996554262525	-0.0318137449884409	-0.011887969469335	-0.00553289913405766	-0.0221047506941558	-0.0100662575927386
0.0525080321552494	0.0535650685022853	-0.031995732891796	-0.0308015238890378	0.0167318970353183	0.00158096822198847	0.0209019278878782	0.00523362324564138	0.00341519707547987	0.0294488549879318	-0.0392151451851601	-0.0317858053078717	-0.0119011793503081	-0.00551805757573933	-0.0221086175459465	-0.0100595073659131
0.0525123753785938	0.0535781959612007	-0.0319949882993088	-0.0307413683597885	0.016752355866415	0.00160779730025497	0.0209107414601137	0.00525540082966099	0.0033917570804664	0.0294408153448481	-0.0392467882703886	-0.0318007963434811	-0.0119133317143717	-0.0055279524136129	-0.0221490225150016	-0.0100751913056006
0.052472276349041	0.0535494963213201	-0.032014881351874	-0.0307111488012849	0.0167275901335585	0.00157983526794139	0.0208993420704415	0.00523291497473895	0.00340849853706342	0.0294531535077874	-0.039222603682888	-0.0317798527589265	-0.0118991160048981	-0.00551257441342765	-0.0221311411194374	-0.0100517890291559
0.0524692462906833	0.053542130024538	-0.0320082778083715	-0.0307143800253427	0.0167402733515529	0.0015811861514969	0.0209077337535004	0.00523831152404088	0.00341293396135377	0.0294383217283573	-0.0392273324738243	-0.0317883366429313	-0.0118855163653811	-0.0055136375182733	-0.0221423295645213	-0.0100503263868781
0.0524866373448536	0.0535477193576359	-0.031980023806396	-0.03074222890195	0.0167648393156933	0.00159164816488602	0.0209181734151451	0.0052475665432294	0.00341874681189618	0.0294062707237924	-0.0392261911378731	-0.0318077365601345	-0.0118848891195523	-0.0055289247144967	-0.022148698414707	-0.0100629090220224
0.0525328900890517	0.0535749954707915	-0.0319478079577157	-0.0308067066997834	0.0168000055946416	0.00161476685357295	0.0209278140019255	0.00526127514750065	0.00341765856133801	0.0293676985977827	-0.0392278158302982	-0.031834663427283	-0.0118971085388492	-0.00555319172405502	-0.0221524018193664	-0.0100774083192537
0.0525089611496283	0.0535420364266081	-0.0319561577312538	-0.0308717628490046	0.0167720980447052	0.00158064551867789	0.0209263262139352	0.00524192831569055	0.00346351176810404	0.0293635509522022	-0.0391739830507616	-0.0318185827441314	-0.0118652251723677	-0.00553820627638177	-0.0221138576330373	-0.0100612829326132
0.0525317194164359	0.0535388666698476	-0.0319243023044529	-0.0309837632495181	0.0167903412591328	0.00157186547405904	0.0209390261957379	0.00523705982635138	0.00348834874714598	0.0293450926022342	-0.0391652840312164	-0.0318285027277175	-0.0118426233677713	-0.00553674922204009	-0.0221022752384574	-0.0100588200497711
0.0525540166785141	0.0535346994664907	-0.0318842354055328	-0.031100449134463	0.0168037648786622	0.00157163217772629	0.0209396869691833	0.0052339431549839	0.00353353419554641	0.0292985017879011	-0.0391386728824583	-0.0318502831057052	-0.0118087479020653	-0.00554330806205369	-0.0220926514154853	-0.0100514314012446
0.0526164311309375	0.0535739128081695	-0.0318516381802128	-0.0311744473784503	0.016832472900447	0.00160132367626711	0.0209557215518619	0.00525480571446487	0.00351896924006572	0.0292602439832978	-0.0391406538058107	-0.0318724923577896	-0.0118386014507534	-0.00558035887245642	-0.0220771532746736	-0.0100785356853647
0.0525981376250848	0.0535519759679706	-0.0318600522150162	-0.0312312752917439	0.0168118995166599	0.00157800102791202	0.0209410713803555	0.00523698159524579	0.00355344820287206	0.0292845976058659	-0.0391164342937093	-0.031859359310938	-0.0118065141246038	-0.00555298776438687	-0.0220739444023603	-0.0100555455192084
0.0526106182803951	0.0535635178500137	-0.0318553946702653	-0.0312360501831532	0.0168103879799411	0.00158095984008429	0.0209441195995056	0.00524112504987419	0.00353680453515703	0.0292892104471279	-0.0391217232752411	-0.0318560428708545	-0.0118210120248511	-0.0055630823709765	-0.0220604355668051	-0.0100630026199523
0.0525999844379705	0.0535641269350501	-0.031871728207526	-0.0312011758738668	0.0167923780618463	0.00157160004709363	0.0209378890507387	0.00523147468420561	0.00352344377990887	0.029314942892932	-0.0391253610216512	-0.031838200590843	-0.0118345962975438	-0.00555724297773754	-0.0220468177664957	-0.0100607171540817
0.0526046224249449	0.053579337297152	-0.0318913865667744	-0.0311417314094879	0.0167942667842527	0.00159137016506435	0.0209381460957999	0.00524536629338459	0.00349310128681079	0.0293254817404427	-0.0391517249042362	-0.0318363789236699	-0.0118556628166929	-0.00556326677286825	-0.022061514038475	-0.0100700266556474
0.0526001395031976	0.0535894724162784	-0.0319076041543608	-0.0310823106938375	0.0167959305922306	0.00160289109234703	0.020938245281666	0.0052551214328553	0.00346700422817519	0.0293558451883012	-0.0391805935791842	-0.0318363914965262	-0.011875009648503	-0.0055575349473995	-0.0220878346145552	-0.010077370600685
0.0525420012188853	0.0535547140566664	-0.0319443741709738	-0.0310166203138674	0.016754466709282	0.00156851271239075	0.0209216365385516	0.00522809677682481	0.00348097267147573	0.0293922547830349	-0.0391621100835037	-0.0318082073437521	-0.0118531510394098	-0.00552595332946817	-0.0220831197934592	-0.0100491193926775
0.0525270031983558	0.053570404981274	-0.0319744372672662	-0.0308753349371654	0.0167488117179348	0.0015895904074121	0.0209184178873501	0.0052405019949975	0.00342486979289291	0.0294289116439416	-0.0392059418543806	-0.0317985290384029	-0.0118961557957418	-0.00553044603010369	-0.0221015152791459	-0.0100661514219524
0.0524888306097782	0.0535577580848644	-0.032012721614566	-0.0307614933117024	0.016724027824286	0.00157417189469003	0.0209036252234727	0.00522937501721084	0.0034057185388468	0.0294628681347213	-0.039216420631578	-0.0317755696058952	-0.0119055616892054	-0.00551627083316694	-0.0221055567539402	-0.0100527808878161
0.0524832775982651	0.0535551555036194	-0.0320075010852517	-0.0307265002587736	0.016740379522339	0.00159146236601023	0.020909873933032	0.00524530203211928	0.00340302655062396	0.0294578292133306	-0.0392378880851433	-0.0317888786727343	-0.0118964519563558	-0.00551916398708988	-0.02214776662636	-0.010062156047631
0.0524809725746182	0.053552291686361	-0.0320100296263432	-0.0307009997123181	0.016745383519129	0.00159711456338937	0.0209105863948865	0.00524641682537398	0.00339678761995287	0.0294451082767675	-0.0392326158674199	-0.031789842591714	-0.0119099775557193	-0.00552656520847264	-0.0221431426092258	-0.0100614882892654
0.052470261898072	0.053537758861513	-0.0319985897241342	-0.0307256578774044	0.0167555717236485	0.00159147773283454	0.0209137785033916	0.00524368572159835	0.00341891165601154	0.0294304860449417	-0.0392306754566044	-0.031803146070617	-0.0118820420661023	-0.00551568409987499	-0.0221606705678309	-0.0100454662794431
0.052474043533837	0.0535318398401844	-0.0319782230939833	-0.0307636963555153	0.0167613650164145	0.0015873468510624	0.020919348278713	0.00524038185437105	0.00343248335584799	0.0294110218664732	-0.0392157850038451	-0.0318099144582348	-0.01187240427329	-0.00552120078980337	-0.0221494458011622	-0.0100471608210696
0.052489801513678	0.0535301187558614	-0.0319581512274624	-0.0308364289319729	0.0167695904583741	0.00158401644113856	0.0209202423484912	0.00523754318282523	0.00345970778059456	0.0293822551713592	-0.0391956460820909	-0.0318207550542957	-0.0118570486248492	-0.00552636404277254	-0.022130826798031	-0.0100480548908478
0.0525294353475494	0.0535534581680248	-0.0319334707106317	-0.030891320625403	0.0167922593182038	0.00160040446077638	0.0209324505919159	0.0052526571530291	0.00345441460811073	0.0293519951003188	-0.039198301748729	-0.0318383416862299	-0.0118700755009145	-0.00554310130841748	-0.0221260393337654	-0.010066423833838
0.05254900429982	0.0535436569280811	-0.031902949403578	-0.0310226706516946	0.0168017252819807	0.00158383064226277	0.0209371332823793	0.00524140304969585	0.00349595532518093	0.0293288945724242	-0.0391665287439857	-0.0318415938650482	-0.0118389059932716	-0.00553922328075449	-0.0221118571519085	-0.0100578742915838
0.0525538280856702	0.0535305993183672	-0.0318783219721403	-0.0311257163845857	0.0168002905793834	0.00156920841043692	0.0209416664955516	0.0052286807161487	0.0035362289777373	0.0292985143607574	-0.0391303454606647	-0.0318484823932925	-0.0118141220996227	-0.00553748403563906	-0.0220822229297129	-0.010042321668395
0.0526009539448862	0.0535618554390198	-0.0318542854649467	-0.0311874211691226	0.0168218013394536	0.0015905627082959	0.0209570081741522	0.00524413415347149	0.00352470385950253	0.0292720135737376	-0.0391350980003295	-0.0318622873894617	-0.0118353031714622	-0.00556789637793856	-0.0220613827219764	-0.0100693588972818
0.0526141372831627	0.0535692943789714	-0.0318513615773751	-0.0312274796861386	0.0168261110351814	0.0015944700726235	0.0209554840645771	0.00524848855268819	0.00352414087493907	0.0292777537811105	-0.0391355939296596	-0.0318697570630618	-0.0118292276879224	-0.00556432428977779	-0.0220690535612766	-0.0100630822480419
0.0526043667768677	0.0535636365936561	-0.031861959098215	-0.0312217604335261	0.0168061034299259	0.00157873165055891	0.020946741738527	0.0052346947323912	0.00352407102573764	0.0292984710542525	-0.0391217386420654	-0.0318501573771426	-0.0118366065575608	-0.00556209190930032	-0.0220477104392899	-0.010054792544817
0.0526132949017936	0.053580566643097	-0.0318791601625574	-0.0311732920726588	0.0168010840663116	0.00158272003996015	0.0209434658109803	0.00523727496189176	0.00349006144956487	0.0293137023711148	-0.0391354304825283	-0.0318374518074038	-0.0118646035144751	-0.00557245333983938	-0.0220319873840496	-0.0100677914812018
0.0526073102222157	0.0535829638676898	-0.0318884081968258	-0.0311241349986655	0.0168018719653037	0.00160188107289446	0.0209440972477612	0.00524979752672285	0.00348295918276419	0.0293217098835659	-0.0391648174385509	-0.0318489573678622	-0.0118570653886575	-0.00556196478375373	-0.0220818932414822	-0.0100653495531201
0.0525423155402917	0.0535428913808336	-0.0319389189483427	-0.0310526722806897	0.0167452591875504	0.0015467435102753	0.020910707932497	0.00520420415898611	0.00349127822265365	0.0293911385927962	-0.0391351301309621	-0.0317933420367053	-0.011849774529013	-0.00552570606329513	-0.0220441369541451	-0.010034857582731
0.0525717290390109	0.0535898509989501	-0.0319309854760451	-0.0309608750631958	0.0167811993956506	0.00161218802105641	0.0209360310619808	0.00525967979174015	0.00344141008378983	0.0293627281286094	-0.0392067241654365	-0.0318353200097764	-0.0118780061792441	-0.00555773751008362	-0.0221131828897515	-0.0100719852272553
0.0525200182782135	0.0535697232530681	-0.0319832997339427	-0.0308467135283904	0.0167409997832477	0.00158660644952732	0.0209126399614084	0.00523901560399122	0.00341325806164838	0.0294374388344513	-0.0392093951988989	-0.0317940251618952	-0.0118995420850268	-0.00552612096755159	-0.0221098860074444	-0.010050717542406
0.0524769073510954	0.0535507969134506	-0.0320153241958111	-0.0307499695904517	0.0167166196179831	0.00156238274647388	0.0209004414968719	0.00522002220914032	0.00340387591691326	0.0294722460885043	-0.0392137482011316	-0.0317630847596329	-0.0119018163750251	-0.00551214553933091	-0.0221076452450627	-0.0100395584339867
0.0524847975168881	0.0535604975705442	-0.0319951182188235	-0.0307160843458574	0.0167473309148646	0.0015942786858116	0.0209146795580899	0.00524438561059661	0.00339560577146479	0.0294418253643007	-0.0392447053672022	-0.0317937737047701	-0.0118975024883452	-0.00552817174010536	-0.0221533098589849	-0.0100547352684719
0.0524838475677487	0.0535598828975717	-0.032000493813365	-0.0307043832076351	0.0167504489832162	0.00159462513785066	0.02091252261475	0.00524198279806766	0.00339615338920395	0.0294318676621458	-0.0392404026563946	-0.0317945448399538	-0.0119057838096659	-0.00552346669789752	-0.0221532986831127	-0.0100489573425302
0.0524837595577549	0.0535510553554959	-0.031990434131376	-0.0307382000000119	0.0167591675605378	0.00159435831390122	0.0209215317647495	0.00524589575033137	0.00341361149860757	0.0294176086461674	-0.0392290242214828	-0.0318019642221289	-0.0118886609764291	-0.00552552166140338	-0.0221574323588529	-0.0100557508758606
0.0524964665244778	0.0535486525429669	-0.0319674230104593	-0.0307946269788893	0.016775674323818	0.00159148611473871	0.0209345069524058	0.00524838796983814	0.00343040883456574	0.0293920270746383	-0.0392167195861601	-0.0318157887760745	-0.0118818101667536	-0.00553150075304518	-0.0221529731858341	-0.0100567678802333
0.0525072819748261	0.0535459228361753	-0.0319544617926433	-0.0308641660498579	0.0167745762943716	0.00157956984097598	0.0209348170828601	0.00523839394609856	0.00345796574151108	0.0293610000593662	-0.0391870169117471	-0.0318211336369674	-0.0118645574140021	-0.00553483395693707	-0.0221266232730893	-0.0100467347409409
0.0525311634167926	0.0535515429029218	-0.0319300439088099	-0.0309372017718496	0.016790746384501	0.00158203831175426	0.0209358997454822	0.00523952131220952	0.00347561104677451	0.0293495880968378	-0.0391843025717798	-0.0318325232477514	-0.0118540646669644	-0.00553719346296114	-0.0221269711221124	-0.010053810465045
0.0525445129961685	0.0535386738860516	-0.0318945213989343	-0.0310643105546308	0.0167986197864854	0.00156691176869413	0.0209392580950866	0.00522651818487265	0.00352356112656726	0.0293139426523677	-0.039145136727558	-0.03183991608723	-0.0118172457559104	-0.00554022771227095	-0.022103876182154	-0.0100467640776055
0.0525852560353584	0.0535570428290418	-0.0318622943743818	-0.0311516206594253	0.0168156699765527	0.00157935749940365	0.0209475687530719	0.00523406888354646	0.00353158121187463	0.0292795391266989	-0.039133160383482	-0.0318555664993008	-0.011823463731821	-0.00556177898487795	-0.0220813498146951	-0.0100608498675644
0.0525962181690297	0.0535627075992772	-0.0318568084181021	-0.0312010752910167	0.0168095330257157	0.00157232647878843	0.0209415659127016	0.00522757430479816	0.00354073285424505	0.0292832145916777	-0.0391156938921742	-0.0318545732436566	-0.0118229398628104	-0.00556299855193479	-0.022062050480342	-0.0100577331961969
0.0526222369965597	0.0535831161389489	-0.0318499897390592	-0.031216451894218	0.0168148764896246	0.00158220734682171	0.0209437130771533	0.0052337224315074	0.00352410455335433	0.0292845794450735	-0.0391238508819164	-0.0318557788408731	-0.0118418033381466	-0.00557128965214368	-0.0220591880600677	-0.010070204072619
0.0526169745577245	0.0535828828426162	-0.0318606165965637	-0.0312068504229904	0.0168080717804219	0.00158168347781103	0.020940506998808	0.00523863003639937	0.0035237594982993	0.0292986736169366	-0.0391280180852733	-0.031854693384283	-0.0118400473292228	-0.00556640439899617	-0.0220682502954603	-0.0100663022962275
0.0526222425844959	0.053595392834591	-0.0318798237299709	-0.0311675853929025	0.0168053825861672	0.00159079600462866	0.020936923734775	0.00524269106897009	0.00349574577757666	0.0293174868008479	-0.0391412796546554	-0.0318424292614972	-0.011871816143014	-0.00557074762234063	-0.0220599647831875	-0.0100730148044842
0.052554110276444	0.0535546190617524	-0.0319176917760303	-0.0310968910161425	0.0167562269091579	0.0015492175689897	0.0209160430145017	0.00520801932236782	0.00351138780774329	0.029371395017522	-0.0391351371158823	-0.0318090175944886	-0.0118370857230825	-0.00552595891740429	-0.022062494721263	-0.0100367421141853
0.0525770403722871	0.053584053515232	-0.0319177839769762	-0.0310247647307533	0.0167789111358119	0.00158423995858311	0.0209307476683852	0.00523604561594672	0.00346026657420594	0.0293655807699955	-0.0391759094917368	-0.0318207103508068	-0.0118765840495031	-0.00555544366230889	-0.0220769143904047	-0.0100687749579579
0.0525273259016664	0.053566279687438	-0.0319686383865641	-0.0309017449202233	0.0167338681797824	0.00156590733717767	0.0209051954335207	0.00521601426196268	0.00344895240055947	0.0294102800679541	-0.03917135392682	-0.0317937359862013	-0.0118794939672344	-0.00553164324541608	-0.0220758009941341	-0.0100514118434682
0.05253732132239	0.0535933741926699	-0.0319815982073961	-0.0307984309663988	0.0167540112924887	0.00160567528151575	0.0209116369268759	0.00524733324689666	0.0033983745938092	0.0294240529334906	-0.0392270502830506	-0.0318054217575993	-0.0119101787214194	-0.00554475952845926	-0.022129552748597	-0.0100747875772163
0.0524765287684236	0.0535491889848338	-0.0320142275633487	-0.0307418768619748	0.0167222089510809	0.00156725682374916	0.0209004875973448	0.00522563389398263	0.00341590255241424	0.0294655866656407	-0.0392164737169711	-0.0317778802174783	-0.0118858781842444	-0.00551107125861303	-0.0221331471885022	-0.0100422392463373
0.0524758316733934	0.0535522246311277	-0.0320103425507656	-0.0307021620030298	0.0167306760712774	0.00157194649913269	0.0209103181739531	0.00523081530774418	0.00340883521021428	0.0294493327564696	-0.0392245468876716	-0.0317837182137332	-0.0118941748723894	-0.00552625228405026	-0.0221388734260349	-0.0100499100856376
0.0524962751376659	0.0535656272958967	-0.0319984598046195	-0.0307085182803593	0.0167575791896974	0.00159370871632799	0.0209188034549419	0.00524504498705804	0.00340310478172955	0.0294203788654958	-0.039234188871436	-0.0318023232470242	-0.011896709001417	-0.0055351790119921	-0.0221620829186836	-0.0100630612932815
0.0524827774779829	0.0535442618221655	-0.0319818943680101	-0.0307580916555931	0.0167660979983029	0.00158392144622462	0.0209199685396217	0.00523905751351207	0.00343779748309224	0.0294062106534792	-0.039218919836005	-0.0318106800054824	-0.011862932721577	-0.00552455913940778	-0.0221715572643646	-0.0100514579439411
0.0524952930578939	0.0535425393408584	-0.0319646849217635	-0.0308077362770124	0.0167743220432785	0.00157473348226946	0.0209239010496618	0.00523331171820303	0.00344702735656826	0.0293887078405866	-0.0391953401425886	-0.0318120225071338	-0.0118706678221426	-0.00553855272842083	-0.0221343206550861	-0.010056510835172
0.0525896076406071	0.0535889317834594	-0.0319124363221152	-0.0310731730213074	0.0167817777470383	0.00157342730220286	0.0209293450964207	0.00522693169214507	0.00347862294433986	0.0293548575205931	-0.039154513284357	-0.031821263556482	-0.0118711916911533	-0.00556303766748758	-0.0220625813342728	-0.0100653048496312
0.0525648167620381	0.0535813070446321	-0.0319344779361162	-0.0310115744075566	0.0167693026796642	0.00157033996749997	0.0209226144273716	0.00522254795626377	0.00347980479282794	0.0293667682064197	-0.0391631438516848	-0.0318134879433796	-0.0118599962611492	-0.00555038937409394	-0.0220845111895515	-0.0100599208731855
0.0525269654797871	0.0535757316813745	-0.0319793923696151	-0.0308802900395143	0.0167393415632059	0.00156749151706594	0.0209077407384206	0.00521961009885193	0.00344264641465502	0.0294193520822349	-0.0391847677674613	-0.031791168329557	-0.0118876998514175	-0.00553157898415077	-0.0220913829539875	-0.0100525992798924
0.0525089262250276	0.0535781219210472	-0.0319908378597603	-0.0307853635777966	0.0167434528872017	0.00158148231211094	0.0209084322455147	0.00523907707128847	0.00341544294466888	0.0294398919384053	-0.0392202190311514	-0.0317935837149422	-0.0118945408822049	-0.00553392731430261	-0.0221340538311367	-0.01006230133397
0.0525051222375181	0.0535820292853748	-0.0319977263880046	-0.0307326623553231	0.0167526799667096	0.00159064233638553	0.0209124960720534	0.0052443702437723	0.00339561275638494	0.0294393736573307	-0.0392348412629773	-0.0317934090919386	-0.0119117112128986	-0.00554027940068	-0.0221473573100397	-0.0100643395336675
0.0524713529425982	0.0535570889295148	-0.0320134801768935	-0.0307092335361819	0.0167323664219518	0.00156681956774826	0.0209002068035551	0.00522338614668085	0.00341761106388104	0.0294415236157505	-0.0392129994176924	-0.0317779598455679	-0.0118933338880043	-0.00552471839558702	-0.0221300752206236	-0.01004855501113
0.0524790880431638	0.0535586549486107	-0.0320005371198698	-0.0307134566188999	0.0167475670051655	0.00157582871774777	0.0209062431715421	0.00523009306700147	0.00341790303354299	0.0294239118381038	-0.0392200835237007	-0.0317907659981568	-0.0118890409560848	-0.00553157898415077	-0.022140400329578	-0.0100534262944372
0.0524954928266099	0.0535620286650394	-0.0319679720251825	-0.0307690021008554	0.0167723313410379	0.0015929040535276	0.0209215750712544	0.00524690018184783	0.00343417370652243	0.0293917239291041	-0.0392220295224523	-0.0318173212675537	-0.011873731408117	-0.00553739183469318	-0.0221700177879653	-0.0100596638281243
0.0524985061211593	0.0535490157588143	-0.0319590802218414	-0.0308350333449284	0.0167726400745082	0.00157215744372099	0.0209184192843341	0.00522923811277605	0.00345629774258109	0.029379448630446	-0.0391843486722527	-0.0318078036153678	-0.0118708522240343	-0.00554452623212651	-0.0221209822515824	-0.0100530966062065
0.0525356561174281	0.0535699830920974	-0.0319282781209979	-0.03089676746613	0.0168013411113728	0.00159504702702725	0.020933977495459	0.00524890904488075	0.00346342934604637	0.0293388145560103	-0.0391926174207172	-0.0318386476257321	-0.0118622901089239	-0.00556039457370575	-0.0221397786716853	-0.0100683838024299
0.0525232914117922	0.0535351101797951	-0.0319127925530425	-0.0310156158823509	0.0167831649521786	0.00155501086175571	0.0209180141589658	0.00521204682732187	0.00351659995515346	0.0293421631267265	-0.0391402514744105	-0.031820524551931	-0.0118215917732229	-0.00553686237774639	-0.0220970239754944	-0.0100407388854908
0.0525706449794048	0.0535555969505724	-0.0318723903779555	-0.0310922250894874	0.0168088149759251	0.00157203311214246	0.0209338964703854	0.0052288232085196	0.00352640259208114	0.0292838376465544	-0.0391317899421501	-0.0318493010259332	-0.0118250213690128	-0.005567426991305	-0.0220824157135088	-0.0100594794262325
0.0526006368295117	0.0535694508411826	-0.0318580000454784	-0.0311602009353281	0.0168194055118448	0.0015765663253148	0.0209405307475365	0.00523308820075848	0.00353676961055632	0.0292608335105578	-0.0391239486707984	-0.0318649737897484	-0.0118245114698424	-0.00557301911837091	-0.0220752226427463	-0.0100574049049502
0.0526115263200136	0.0535749759130151	-0.0318516032556121	-0.0312187583148489	0.0168172415835847	0.0015743129900769	0.0209390373716101	0.00522540339161794	0.00354524511265697	0.0292761709982063	-0.0391171942530208	-0.0318607898225832	-0.0118154771741303	-0.0055664211628045	-0.0220686917424133	-0.0100649779553685
0.0526189680539332	0.0535833340684574	-0.0318528339985411	-0.0312314555026836	0.0168158990819334	0.00157567504950465	0.0209437521927061	0.00523018526794735	0.00354077336678188	0.0292872784182165	-0.0391145357924146	-0.03185287870203	-0.0118265426846197	-0.00558028064135082	-0.0220582772264811	-0.0100790609513594
0.0526107705516542	0.0535834737668602	-0.0318698380881355	-0.0311958435858302	0.0167987385301278	0.00157304313159503	0.0209387956933732	0.00522607813490368	0.00352222700682008	0.029310127488986	-0.0391237614749386	-0.0318399761575432	-0.0118392775910232	-0.00557104378295467	-0.0220551870978102	-0.0100683265260847
0.052613755906523	0.0536002724998024	-0.0318894056434221	-0.0311241266167613	0.0167981252541393	0.00158657850984675	0.0209397470394965	0.00524006054804451	0.00348636502982557	0.0293246239922492	-0.0391513309547402	-0.0318357391049849	-0.0118682105272365	-0.00557436162002225	-0.0220691667169829	-0.0100771875957772
0.0525771269852968	0.0535815249741405	-0.0319195525587562	-0.0310540930134467	0.0167690735742835	0.00156684750742882	0.0209227653016466	0.00522160359506054	0.00347863691418015	0.0293724623133197	-0.0391530464511271	-0.0318102972318586	-0.0118700824858347	-0.00555341244753152	-0.0220662106987787	-0.0100633462780233
0.0525734599022221	0.053598287385498	-0.0319386646972495	-0.030960440601163	0.0167691615842773	0.00159409288693582	0.0209258707971419	0.00524205404425311	0.00344975706335986	0.0293708962942238	-0.0391806522525134	-0.0318196640097694	-0.0118893734382836	-0.00556499204814339	-0.0220934141687649	-0.0100763787420247
0.0525119842230659	0.0535693111427797	-0.0319861928878657	-0.0308538758655043	0.0167311105333102	0.00157162100185406	0.0209025271940264	0.00522367252840669	0.00343823753306121	0.0294390607329083	-0.0391935799427128	-0.0317880670250138	-0.0118832127387181	-0.00552342618536069	-0.0221109239665775	-0.0100482462776597
0.0525034193139874	0.0535757219024863	-0.0320008598231804	-0.0307565829128424	0.0167353978772936	0.00158355264244111	0.0208982091163944	0.00523517948584908	0.00340222468179162	0.0294524228851405	-0.0392199144886332	-0.031779286980395	-0.0119110672032615	-0.00553418156539578	-0.0221228639890688	-0.010061370942607
0.0524819658302624	0.0535609068868645	-0.032007270582887	-0.0307162338231485	0.0167356479374347	0.00157783478681264	0.0208980568451353	0.00523297085410009	0.00340692273907932	0.0294523823726037	-0.0392210055331594	-0.0317781652022201	-0.0119023905354608	-0.00552635426388434	-0.0221399812343694	-0.0100552870771631
0.0524810368358835	0.0535590614709629	-0.0320075737284212	-0.0306928217678156	0.0167427879228041	0.00158754522279444	0.0209052638857381	0.00524066963308091	0.00340250687256537	0.0294329014303269	-0.0392224933211497	-0.0317870067141362	-0.0119077228234974	-0.00553345233973293	-0.0221406196560704	-0.0100600829233328
0.0524825749152988	0.053554743393331	-0.031990188262187	-0.030728387584196	0.0167554571709582	0.00158950798535442	0.020909774747166	0.00524357116890802	0.00342206045801168	0.0294117748408645	-0.0392190329917113	-0.0318015171872398	-0.0118862469880279	-0.00552719804223753	-0.0221627967775222	-0.0100540968467709
0.0524795923543981	0.0535421942858034	-0.0319717355001552	-0.030776543020641	0.0167583307671047	0.00157412020628097	0.0209115531078342	0.00522994917764654	0.00344744226082471	0.0293967223379579	-0.0391969815988221	-0.0318023539806728	-0.0118678612812294	-0.00552644786181425	-0.0221481885155366	-0.0100497927389792
0.0525197053537912	0.0535599331889967	-0.0319503979661045	-0.0308342859584732	0.0167790648040551	0.00158669585650514	0.0209182949527556	0.00523897090050231	0.00344870792835449	0.0293532174613437	-0.0391841600794089	-0.0318166227755395	-0.0118798501981616	-0.00555423946207637	-0.0221206819000163	-0.0100643521065238
0.0525234171403548	0.0535443554200954	-0.0319279777694318	-0.030921657530565	0.0167860399453092	0.00158077404120851	0.0209219843875747	0.00523070215203788	0.00348214753504366	0.0293466474454579	-0.0391703676560959	-0.0318290713002171	-0.0118444883414493	-0.00553964237596302	-0.0221293306281365	-0.0100535324652234
0.0525819577560672	0.0535700836749475	-0.0318772379125342	-0.0310440766379627	0.0168336952614719	0.00159993088319074	0.0209491655058164	0.00525106598822069	0.0034916931269101	0.0292827899085331	-0.0391601068084069	-0.0318573001564801	-0.0118519747788578	-0.00557810833118658	-0.0221145547280675	-0.0100770227516619
0.0525670924490204	0.0535400862369044	-0.0318722325187603	-0.0311466054867632	0.0168110738990991	0.0015588246281534	0.0209404692802393	0.00521476535824124	0.00354455360556288	0.029279055770225	-0.0391085203791881	-0.0318455221841362	-0.0118107819108107	-0.00555774728897182	-0.0220662540052836	-0.0100482574535319
0.0526256637983815	0.0535847548012143	-0.0318441489488362	-0.0311933779090199	0.01683949274519	0.00159419486676989	0.0209542924372008	0.00524419003283262	0.003523843317341	0.0292512599790108	-0.0391266825685421	-0.0318743685073398	-0.0118362307688571	-0.00559034870524391	-0.0220697981537638	-0.0100827364163383
0.0526054466455217	0.0535655658285994	-0.031857884095804	-0.0312292412829985	0.0168065127462462	0.00156237715853776	0.0209359975343642	0.00521876492351471	0.00354911196444773	0.0292872574634561	-0.0391032691162251	-0.0318484516596439	-0.0118162818369307	-0.00556414128487006	-0.022054297218984	-0.0100574677692315
0.0526188493102907	0.0535827012346925	-0.0318599711899425	-0.031211792952483	0.0168088512975098	0.00157479634655074	0.020940995943218	0.00523256991968392	0.00353321149223584	0.0292884113722636	-0.0391195942715817	-0.03185248335555	-0.0118337022277656	-0.00557485615236833	-0.0220550879119441	-0.0100728988548099
0.0526269420387676	0.053599466440018	-0.03187221854892	-0.0311720054503686	0.0168103726131168	0.00159026515069784	0.0209399244564682	0.00524446244471817	0.00350131694988214	0.0293000803798533	-0.0391399776655409	-0.0318480786649083	-0.0118588018398049	-0.00558019682230912	-0.0220615685208522	-0.0100799829608182
0.0525891801634944	0.0535888172307691	-0.0319113885840939	-0.0310841281700585	0.016771403743643	0.0015656237494199	0.0209170935464911	0.00521805525562826	0.00348921487724362	0.0293459363805874	-0.0391389145606952	-0.0318186064928599	-0.0118647795344626	-0.00555608906893004	-0.0220561915293266	-0.0100552270068499
0.0525985930418781	0.0536014264086099	-0.0319127492465376	-0.0310452780442271	0.0167906290378426	0.00159356622395709	0.0209270875702307	0.00524244380279705	0.00347216329019228	0.0293525999944031	-0.0391762838834565	-0.0318331099810433	-0.0118701635109083	-0.00556236711515392	-0.0220993052504129	-0.0100792523381713
0.0525538322766223	0.0535865722774353	-0.0319564818315484	-0.0309428302205003	0.0167572229587701	0.00159176551154441	0.0209154073867687	0.00524160421539595	0.00345856085670719	0.0293861597417187	-0.0391836278284941	-0.0318181021816256	-0.0118735735489218	-0.00554065379239962	-0.0221145393612432	-0.0100613164602299
0.0525101346162122	0.053574971722063	-0.0319966032128457	-0.0308232036841755	0.0167325913363804	0.00157649927008143	0.0208952237615256	0.00522953427339009	0.00342420622547939	0.0294416367714568	-0.0391984693868124	-0.0317837251986534	-0.0118946512439431	-0.00552567812361457	-0.022112125372842	-0.0100503417537024
0.0525036819469848	0.0535815948233419	-0.0319997031204049	-0.0307478936721854	0.0167452047051733	0.00159318065636523	0.0208984941011362	0.00524424870616182	0.00340210733513323	0.0294435660064001	-0.0392297324923852	-0.0317899543504363	-0.0119065577388177	-0.005531884923653	-0.0221447072313377	-0.0100616447514766
0.0524785711590732	0.0535657823611238	-0.0320138392017888	-0.0307074691453539	0.0167316721208897	0.00157584827552417	0.0208917117436781	0.00522863740964382	0.00340840074818143	0.0294476465967472	-0.0392165547420448	-0.0317755919576397	-0.0119049581921051	-0.0055263961734052	-0.0221312612600638	-0.0100521997424602
0.0524824673475286	0.0535689185902677	-0.0320046903533864	-0.0307058751865775	0.0167477947135621	0.0015888639757173	0.0208994971356686	0.00523863562433548	0.00340791599472355	0.0294301745175033	-0.0392274330566744	-0.0317890854263706	-0.01189940797456	-0.00553251356646581	-0.0221494932986192	-0.0100557690366529
0.0524806372984513	0.0535593324858645	-0.0319930646523016	-0.030730593421977	0.0167503232546536	0.00158202713588203	0.0209023386011825	0.00523571033977989	0.00342495081796656	0.0294140840554636	-0.0392120075590322	-0.0317950728999165	-0.0118892127851203	-0.00553624351382179	-0.0221432767196926	-0.010049932437382
0.052529516372623	0.053589011411549	-0.031950667584022	-0.0307958647067386	0.0167958272154125	0.00161137078539977	0.0209198134743945	0.00525752145141619	0.00342376198455834	0.029366828276733	-0.0392203713024105	-0.0318262801261282	-0.0119007057727225	-0.00556680253944428	-0.0221553061491616	-0.0100776527914587
0.0525054379559085	0.0535555676139078	-0.0319544506167711	-0.0308683793536877	0.0167724864062651	0.00157620590343546	0.0209093472700533	0.00523093963932271	0.00347561244375854	0.0293570773282143	-0.0391693702094996	-0.0318160709668483	-0.0118602099997056	-0.00554365172012469	-0.0221230805215932	-0.0100474611726357
0.0525319108032478	0.0535604710278477	-0.03192661431302	-0.0309550957402701	0.0167901079628	0.0015742249800831	0.0209124625444368	0.00523099272471579	0.00348697551184601	0.0293412830267886	-0.0391649585339378	-0.0318260091112267	-0.0118490480973182	-0.00554746548652238	-0.0221166124855414	-0.0100426248139292
0.0525677867500826	0.0535650321807006	-0.0318789813486017	-0.031085673234394	0.016818630185709	0.00158146834227065	0.0209315746829301	0.00524167825554946	0.00352674066221603	0.0292847568620451	-0.0391430300756431	-0.0318526062901445	-0.0118226939936214	-0.00556644072058091	-0.0221094808820761	-0.0100587613764419
0.0525900993789851	0.0535701786698614	-0.0318578533621554	-0.0311723700632	0.0168194851399344	0.00157966343890589	0.0209370564482577	0.00523806286088381	0.00354339829977134	0.0292627236299483	-0.0391200245426625	-0.031858523914489	-0.0118189109608723	-0.00557314065598138	-0.0220830555321938	-0.0100567888349937
0.0525943615772559	0.0535692329116741	-0.0318639623733118	-0.0312084304119266	0.0168081905240644	0.00156629011080147	0.0209334284807358	0.0052280869979366	0.00355273434403352	0.0292736689998113	-0.0391045194169306	-0.0318516242103725	-0.0118181356347365	-0.0055696607687665	-0.0220528429586104	-0.0100568181716583
0.0526118867418929	0.0535809242710083	-0.031853612118645	-0.0312294173029861	0.0168166855839414	0.00157308643809991	0.0209417223749128	0.00523354222056773	0.00354598551419204	0.0292769561032302	-0.0391169679416082	-0.0318585071506807	-0.0118232974907216	-0.00557193924971691	-0.0220654032420103	-0.0100616447514766
0.0525928695983135	0.0535708701769555	-0.0318787536402051	-0.0312017640041428	0.0167872525274459	0.00155076123634115	0.0209251862749679	0.00521477094617736	0.00354384393767642	0.0293123431056551	-0.0391092747505635	-0.0318328431570939	-0.0118279648143607	-0.00555488067774542	-0.022039716896679	-0.0100526998627424
0.0525993362373813	0.053588713853951	-0.0318895872513458	-0.031146548210418	0.0167898523147228	0.00157048245987087	0.0209269813994445	0.00522825603300405	0.00351206674198112	0.0293220954511577	-0.0391346593473446	-0.0318336408349742	-0.0118483873238727	-0.00556363557665176	-0.0220535009380878	-0.0100678250088185
0.0526012948089891	0.0536055586873661	-0.0318984469240543	-0.0310787190479003	0.0167976893951225	0.00159199880787716	0.0209301022617641	0.00524387152047414	0.00347569207184816	0.0293424271567079	-0.0391703858168883	-0.0318384324901918	-0.011870099249643	-0.00556418040042286	-0.0220882886343644	-0.0100800821466842
0.0525818334244887	0.0536010506199063	-0.0319260666952809	-0.031012528547648	0.0167812901996124	0.00158217102523697	0.020919447464579	0.00523542954599017	0.00347015582414339	0.0293595555778808	-0.0391714964191909	-0.0318208570341297	-0.011877513043882	-0.00556287701432431	-0.0220820455127413	-0.0100775494146406
0.0525492892845618	0.053598435465805	-0.0319648916753997	-0.0308939078398237	0.0167609054086692	0.00158994943230741	0.0209132560313649	0.00524372204318309	0.0034413891290294	0.0293997440144114	-0.0392000172451159	-0.0318117822258809	-0.011887772494587	-0.00555156703162993	-0.022108688792132	-0.0100780635047631
0.0525085294815635	0.0535821508229853	-0.0320012034812514	-0.0307920188097082	0.0167410444867366	0.00157753164127846	0.0209018440688365	0.00523257830158809	0.00342456804434276	0.0294431161775429	-0.0392133514576675	-0.0317889736676483	-0.0118969716344144	-0.00553173125540987	-0.0221214865628167	-0.0100656261559577
0.0524791690682374	0.0535649497586429	-0.0320114308013238	-0.0307319275417242	0.0167382379458234	0.00157088060031898	0.0209041560774036	0.00522981646416383	0.00341854285222802	0.0294513513983907	-0.039221030678872	-0.0317802020049336	-0.0118928044310575	-0.00552584296772993	-0.0221352007550241	-0.0100586649845439
0.0524912166584988	0.0535809983111618	-0.0320039429669312	-0.0306993610500528	0.0167595168065449	0.00159354526919666	0.0209290782724712	0.00525167647024112	0.00340003560781903	0.0294222270753654	-0.0392410801936484	-0.0318030678395114	-0.011908540059154	-0.00554799354648514	-0.0221528362813993	-0.0100714725341168
0.052467171769401	0.0535535559569068	-0.0320103299779093	-0.0307137723372903	0.0167459548855966	0.00156994741498797	0.0209196514242472	0.0052306937701337	0.00342668447514587	0.0294221656080682	-0.039217202942634	-0.0317915511031808	-0.0118816006191493	-0.00552957012111785	-0.0221417665799578	-0.0100500316232481
0.0524851244111507	0.0535589022147837	-0.0319813355743987	-0.0307626290597175	0.0167705012919606	0.00157775236475496	0.0209270987461029	0.00523836460943396	0.00344416773026201	0.0293968676242969	-0.039216416440626	-0.0318115070200273	-0.0118722533990149	-0.00553837251748115	-0.0221534076478669	-0.0100628573336133
0.0524958308967448	0.0535530907612253	-0.0319645047108239	-0.0308205424296012	0.0167746587164293	0.00156769407975007	0.0209266070077249	0.00522768047558432	0.003460171579292	0.0293752981908975	-0.0391862862891002	-0.031811886999683	-0.0118732368757709	-0.00554836374725268	-0.0221150297026372	-0.0100611809527792
0.0525065206185306	0.053552045817172	-0.0319461706924344	-0.0308752539120917	0.0167797381503568	0.00156863844095331	0.0209322675870082	0.00523126234263329	0.00347886322559275	0.0293470064703532	-0.0391740766486915	-0.0318218279380295	-0.0118578979911385	-0.00555043687155091	-0.0221085644605535	-0.0100621141381102
0.0525682659156043	0.0535803529045406	-0.031892986113487	-0.030994513041617	0.0168301958164806	0.00159578323761025	0.0209520586597393	0.0052530203688765	0.00348193519347133	0.0293039891411649	-0.039184214561786	-0.0318531329531232	-0.0118596540000622	-0.00557769622089818	-0.0221202222922709	-0.0100831820542433
0.0525938907936383	0.0535780828054944	-0.0318675847528976	-0.0311211035433237	0.0168382075198838	0.00158819342338364	0.0209541695026063	0.00524943151690739	0.00352365332751314	0.0292636540213113	-0.0391439045876449	-0.0318678082703421	-0.0118338726598171	-0.00558088274146709	-0.0221012805858291	-0.0100728457694168
0.0525884774805281	0.053560733660845	-0.0318652420106819	-0.0311932144618886	0.0168196513810338	0.00156235061584122	0.0209504996255636	0.00522906488675652	0.00355368988110898	0.0292653262111933	-0.0391099341270249	-0.0318572177344224	-0.0118157272342714	-0.00556944283925806	-0.0220638903083075	-0.0100551250270158
0.0525870804964996	0.0535585767175051	-0.0318654990557431	-0.031199417070975	0.0168061397515106	0.0015484813584067	0.020941681862376	0.00521772137644546	0.0035490071906456	0.0292811847738844	-0.0391044020702722	-0.0318430132008211	-0.0118204993317126	-0.00556864935232989	-0.0220355818239548	-0.0100528116214647
0.0526379879914806	0.0536031586688052	-0.0318472251076669	-0.0312127261378141	0.0168362824758926	0.00158398850145799	0.0209496516562583	0.00524249968215819	0.00352405286494527	0.0292634724133876	-0.0391338490966081	-0.0318646818200865	-0.0118438219800677	-0.00559595061119802	-0.0220604914461662	-0.0100823480547783
0.0526079779805813	0.0535822905213881	-0.0318768774906549	-0.0311964456859464	0.0167996563486345	0.00156202511856259	0.0209320468635317	0.00522239149405259	0.00353563945047729	0.0293076925458244	-0.0391185968249854	-0.0318399077053258	-0.0118320789323245	-0.00556889661850293	-0.0220522576223025	-0.01006465944301
0.0526090704220915	0.0535968387130605	-0.0318909395318853	-0.0311341094646286	0.0168024922262123	0.00158128952831501	0.0209380343370777	0.00523685027874711	0.00350003032759193	0.0293194467694398	-0.0391473216105785	-0.0318393517056825	-0.0118558416306486	-0.00557153691831671	-0.0220719299513912	-0.0100730217894044
0.052582536107455	0.0535827096165967	-0.0319096060324736	-0.0310743660456677	0.0167906206559385	0.00157654816452243	0.0209311695575618	0.00523604282197867	0.00348842697825157	0.0293584254178018	-0.0391642223233548	-0.0318259881564663	-0.0118566714391615	-0.00555832983131169	-0.0220905293967461	-0.0100667660949249
0.0525789765921505	0.05359750088349	-0.0319292588037859	-0.0309852775802049	0.0167896986464797	0.00159399928900591	0.0209329521091821	0.00524821893477069	0.00345730776203367	0.0293608338182668	-0.0391819304928995	-0.0318280277531478	-0.0118861813297786	-0.00557210409383227	-0.0220974863772078	-0.0100792216045227
0.0525263005153895	0.0535746867373212	-0.0319802361479683	-0.0308573292100226	0.0167529593635153	0.00157308504111589	0.0209116355298919	0.00522918223341492	0.00342906214196231	0.0294284101266754	-0.0391933899528849	-0.0317905368927761	-0.0118990713014092	-0.00554572205045486	-0.0220966076742539	-0.0100624284595166
0.0524946546361929	0.0535668454659695	-0.0320091774660859	-0.0307536799800312	0.0167341880891249	0.001566070784309	0.0209028778370175	0.00522742063655503	0.00341040262629421	0.0294534706231619	-0.0392109542330747	-0.0317756240882724	-0.0119067337588052	-0.00553420671110829	-0.0221097016055526	-0.0100558528556946
0.0525175595863234	0.0535889457532997	-0.0319951685102485	-0.0307086244511455	0.0167688947603279	0.00159970457177813	0.0209148080806205	0.00525633820594408	0.0033840890351342	0.0294280734535245	-0.0392469908330728	-0.0317957015427293	-0.011927682931296	-0.00555721224408892	-0.0221491133189635	-0.0100779196154081
0.0524817115791692	0.0535561599351358	-0.0320130904183496	-0.0307071897485482	0.0167474412766029	0.00157948043399816	0.0209022282394443	0.00523689637922005	0.0034182913951029	0.0294355431271247	-0.0392233608482314	-0.0317886789040183	-0.0118932347021383	-0.00552879898593414	-0.0221506290466343	-0.0100527697119438
0.0524706013651909	0.0535399982269106	-0.0320049334286074	-0.0307227032561843	0.0167458529057625	0.00156593387987421	0.0209005728133706	0.00522732843560915	0.00343722192567252	0.0294236729538349	-0.039208073652008	-0.0317892837981026	-0.0118741030058686	-0.00552108903108109	-0.0221458918737938	-0.0100451044605797
0.0524999883212135	0.0535570470199939	-0.0319735571673283	-0.0307610420858612	0.0167696966291602	0.00157860173104426	0.0209115642837065	0.00523076501631916	0.003435919936558	0.0293897821213045	-0.0392103144143897	-0.0318067908019472	-0.0118798082886408	-0.005541702927405	-0.0221438187494956	-0.0100563306242324
0.0525290497799575	0.0535636673273048	-0.0319462391446518	-0.0308445440121942	0.0167965005617142	0.00159308985240338	0.0209268347161215	0.00524523078593382	0.00345984049407726	0.0293504472420153	-0.039198843778532	-0.0318308594397735	-0.0118676894521939	-0.00556130121634021	-0.022141333514909	-0.0100738502009332
0.0525337911437501	0.0535586186270259	-0.0319274832370857	-0.0309158209312941	0.0168005043179398	0.00158287789915536	0.0209309725828138	0.00524074087926637	0.00347591419230869	0.0293387153701443	-0.0391779644552427	-0.0318328683028064	-0.0118594388645218	-0.00555756568104812	-0.0221244998573661	-0.0100664936830394
0.0525527929205052	0.0535487643016892	-0.0318938410677124	-0.0310372328132072	0.0168108783213351	0.00156739093421589	0.0209382620454743	0.00522936663530667	0.00351416082103977	0.0293049446782404	-0.0391432046986466	-0.0318393698664749	-0.0118349832621197	-0.00556639182613991	-0.0220911035571818	-0.0100604335663239
0.0526048305755652	0.0535733316628136	-0.0318465866859659	-0.0311448760205359	0.0168510919035783	0.00159676392039822	0.020960683639131	0.00525187763594122	0.00352784288261448	0.0292487775383922	-0.0391494827448705	-0.0318771862241252	-0.0118258833081583	-0.00558992541908329	-0.0221012708069409	-0.0100799885487543
0.052583319815495	0.0535468811672188	-0.03186034139071	-0.0311960475454983	0.0168097104426873	0.00155694708161915	0.0209380776435825	0.00522182850948912	0.00355800935572497	0.0292713220666435	-0.0391000937715285	-0.0318510654167611	-0.0118094184543989	-0.00557124774262282	-0.0220449751445621	-0.0100529066163786
0.0526159128498629	0.0535737968584951	-0.0318439310193278	-0.0312092085320304	0.0168266349041921	0.00157460915069093	0.0209470225323167	0.00523392499419153	0.00353639940978877	0.0292664088738154	-0.0391196026534859	-0.0318603595515024	-0.0118287485224007	-0.00558722504895628	-0.0220491507298232	-0.0100764835158269
0.0526550521513882	0.0536119303315199	-0.0318391239972858	-0.0312074413472344	0.0168460152636189	0.0016029972631332	0.0209553834817271	0.00525647930133096	0.00351029396924901	0.0292569554828948	-0.0391411706899012	-0.0318750879541144	-0.0118577820414641	-0.00560823429176024	-0.0220682153708596	-0.0100980515522422
0.0526053712083842	0.0535785214584793	-0.0318783443238848	-0.0311897541324501	0.0168036209893073	0.00157048245987087	0.0209353633036152	0.00522660200391436	0.00353057398639011	0.0293082597213399	-0.0391233940681391	-0.0318445484862683	-0.0118329646201986	-0.00556832944298738	-0.0220577924730232	-0.0100636675843498
0.0526163445179277	0.0536047610094858	-0.0318828384215043	-0.0311147877785311	0.0168164271418961	0.00159953833067874	0.0209398769590112	0.00524953349674147	0.0034877019435408	0.0293167966907378	-0.0391631145150202	-0.0318542058368571	-0.0118624926716081	-0.0055796855261547	-0.0220895556988783	-0.0100842996414661
0.0525643138477878	0.0535747691593789	-0.0319247213996615	-0.0310438838541667	0.0167696714834477	0.00156062813453414	0.0209099521641376	0.00521478072506555	0.0034890025356713	0.0293730378707394	-0.0391459441843264	-0.031813409712274	-0.011860722692844	-0.00555084758485527	-0.0220626623593464	-0.0100539641332882
0.052536684297673	0.0535757945456558	-0.0319558378219113	-0.0309339160654147	0.0167541342270832	0.00157242706163848	0.0209085412102689	0.00522660200391436	0.00346959842751603	0.0293903129752353	-0.0391728361268742	-0.031808204549784	-0.0118664251816482	-0.00554635767818781	-0.0220854862844034	-0.0100650310407616
0.0525310949645752	0.0535910370383903	-0.0319774310040392	-0.0308237457139785	0.0167588043446904	0.00159609616203262	0.0209088974411961	0.00524394556062764	0.00341905973631855	0.0294212463925775	-0.0392180774546358	-0.0318032215077545	-0.0118989707185591	-0.00554656024087194	-0.0221288724173751	-0.0100733025831941
0.0524760887184547	0.0535559685483239	-0.0320152040551846	-0.0307501847259921	0.0167216571423897	0.00155941834636549	0.0208862565210469	0.00521019582348416	0.00342822534852926	0.0294638949179822	-0.0392012451940769	-0.0317697819010653	-0.0118843289289569	-0.005514506442339	-0.0221225231249658	-0.0100439309939958
0.0524885400371003	0.0535696045094257	-0.0320056808150626	-0.0307044516598525	0.0167446584844182	0.00157497655749041	0.0208930975518343	0.00522251303166306	0.00341253582090566	0.0294396223204878	-0.0392204662973245	-0.0317822751292318	-0.011898476186213	-0.00553623094096553	-0.0221352845740658	-0.0100626827106098
0.0524676243922263	0.0535476383325623	-0.0320131183580301	-0.0307063683219395	0.0167357680780611	0.00156445447378808	0.0208873810931898	0.00521813767768594	0.0034343343596857	0.0294370127543226	-0.0392096871685609	-0.0317806602156949	-0.0118745542317098	-0.00551850041967636	-0.0221444655531008	-0.0100449968928095
0.0524891686799131	0.0535610242335229	-0.0319849579539845	-0.0307384682209454	0.0167654931042186	0.00159002207547689	0.0209108476308999	0.00524515814276435	0.00343202933603875	0.029401783611093	-0.0392198823580006	-0.0318098990914105	-0.0118783121187463	-0.00553654107141985	-0.0221687199898028	-0.0100587460096176
0.052482291327541	0.0535452508868576	-0.0319782007422389	-0.0307835000011027	0.0167560229494897	0.00156432455427343	0.0209108099123311	0.00522234399659562	0.00344989536477868	0.0293970520261886	-0.0391852525209192	-0.0317969057429619	-0.0118770087326477	-0.00553633292079961	-0.0221196509258033	-0.0100511394315826
0.0525040158261676	0.0535492728038755	-0.031952877612755	-0.0308454157302279	0.0167770768957826	0.00157098397713708	0.020921112669541	0.00522413073916802	0.00346960820640423	0.0293534870792612	-0.0391786825050333	-0.0318161296401775	-0.0118582123125449	-0.00554607967836615	-0.0221164560233302	-0.0100558346949023
0.0525458694676601	0.0535685288317238	-0.0319140414567639	-0.0309327104681981	0.0168149072232732	0.00158407092351567	0.0209357642380314	0.00523473664191206	0.00347158633578852	0.0293268326239982	-0.0391807947448843	-0.0318362797378039	-0.0118628950030083	-0.00556390519456926	-0.0221219210248495	-0.0100697486558257
0.0525601885539518	0.0535554446793133	-0.0318870042278772	-0.0310590285580192	0.0168243759810181	0.00156734343675893	0.020952631423191	0.00522849212330486	0.00351710845733982	0.0292832159886618	-0.0391424475333032	-0.0318491627245143	-0.0118316556461639	-0.00556804864919766	-0.0220922015866282	-0.0100592517178359
0.0525970465805586	0.0535683639876084	-0.0318558905995954	-0.0311507601172638	0.0168446043097501	0.00158088859389884	0.0209666012634756	0.0052463735188691	0.00352707733536688	0.0292504483312903	-0.0391338644634324	-0.0318667088439118	-0.0118302474862632	-0.00558901458549673	-0.0220765553655094	-0.0100783624593452
0.0526123156159896	0.05357335122059	-0.0318571171515724	-0.0311950584808062	0.0168340347285908	0.001578589158188	0.0209604573277184	0.00524007312090076	0.00353593142013924	0.0292565755032391	-0.0391195342012685	-0.0318667284016882	-0.0118297529539171	-0.00558532375369355	-0.0220641026498798	-0.0100737105025304
0.052612678831837	0.0535701828608135	-0.0318528647321897	-0.0312257865414961	0.0168267089443456	0.00157352090013276	0.02095572434583	0.00523487075237879	0.00354534709249104	0.0292710203180933	-0.039117449901098	-0.0318626547962612	-0.0118172080373416	-0.00557557280517492	-0.0220677850997788	-0.0100707321325817
0.0526224633079724	0.0535868740259855	-0.0318601569888183	-0.0312042003442884	0.0168256304726756	0.00158274658265669	0.0209525001066923	0.00523906729240027	0.00352093339960973	0.029287890297221	-0.0391251444891267	-0.0318558654538829	-0.0118434545732682	-0.0055861507682384	-0.0220630074144015	-0.0100801254531891
0.0526218025345269	0.0535960480201004	-0.0318755028583709	-0.0311651644195812	0.0168224439521067	0.00159811200998568	0.020954499190837	0.00525420920228472	0.00349868084102044	0.0293035239454834	-0.0391489393180834	-0.0318563027098838	-0.0118581298904872	-0.00558249765500399	-0.0220792250019878	-0.010083557842947
0.0525999551013059	0.0535946300813115	-0.0319028711724724	-0.0310880159766097	0.0168012447194749	0.00158951916122665	0.0209416595106315	0.00524651042330389	0.00347495586126517	0.0293413333182136	-0.0391600355622215	-0.031832306715227	-0.0118754846230727	-0.00557086217503097	-0.0220826993012666	-0.0100775326508323
0.0525628442205899	0.0535743947676593	-0.0319304378583059	-0.0310325235800473	0.0167768296296095	0.00157283777494285	0.0209282191272937	0.00522985138876455	0.00348261552469319	0.0293678578539619	-0.0391607130994753	-0.0318148122842386	-0.0118567608461393	-0.00555213839809756	-0.0220859249373883	-0.0100621392838227
