0.0525484231544641	0.0535176842010241	-0.0319650425496748	-0.0311256898418891	0.0168670370792791	0.00166119002982259	0.0209266726659742	0.00530702777141663	0.00351128862187727	0.0292692601182175	-0.0390966571908185	-0.0317954375127479	-0.011753701143408	-0.00558028343531888	-0.0221513303326166	-0.0101404416356017
0.0525522676545105	0.0535203217068698	-0.0319652437153749	-0.0311458511153878	0.0168540954192394	0.00165108704132879	0.0209185366309925	0.00529857881201253	0.00350954518580975	0.029285733353881	-0.0390917621587827	-0.0317836804951645	-0.0117585961754437	-0.00557451668524941	-0.0221349688556753	-0.010135546603566
0.052532852370483	0.0535133786962484	-0.0319809486098228	-0.0311325210937883	0.016833651954967	0.00163759496958196	0.0209132923529497	0.00528975825485685	0.00350977708515847	0.0293114909453977	-0.0390902785617445	-0.0317675118020191	-0.0117544303690708	-0.00556152193981671	-0.0221272044184452	-0.0101273798349356
0.0525538099248779	0.0535371972739336	-0.0319903894278871	-0.0310878706902707	0.0168477922273031	0.00166177117517843	0.0209220682066164	0.00530392087893735	0.00347657636273817	0.0293166905199516	-0.0391235686911426	-0.0317745833351711	-0.0117821102106107	-0.00557337674628219	-0.0221420543586677	-0.0101458731095044
0.0525384333216766	0.0535387856447739	-0.0320091187927567	-0.0310261114233567	0.0168364836415927	0.00166597470012005	0.020919543856477	0.00531042663355787	0.00345811521880212	0.0293472467516061	-0.0391427003874124	-0.0317696422026625	-0.0117889260956855	-0.00556166303520358	-0.0221711549329644	-0.0101456928985647
0.0525002369843706	0.0535151626448527	-0.0320420624701157	-0.0309652671809813	0.0168052386968122	0.00164226229322103	0.0208966584641228	0.00528369674115738	0.00346100138780491	0.0293862980431376	-0.0391316334799389	-0.0317402692164802	-0.0117836706417704	-0.00554225892704832	-0.0221576293336009	-0.0101277640055435
0.0524816640817123	0.0535241494431078	-0.0320727276665244	-0.030842375892982	0.0167944218494799	0.00166121796950316	0.0208961904744733	0.00530189245812803	0.00342403299945986	0.0294066842310648	-0.0391661431763939	-0.0317405136886851	-0.0118066468380865	-0.00554176579168628	-0.0221823713177289	-0.0101377091348421
0.0524637449675792	0.0535262574920067	-0.0320991180918059	-0.0307340970579203	0.0167891314709641	0.00167050092837225	0.0208885308110453	0.00530911905650723	0.00338599731531707	0.0294427222280469	-0.0391975403924335	-0.0317245699099684	-0.0118323890627788	-0.00553836134160893	-0.0222075547488099	-0.0101423736645131
0.0524469546165412	0.0535217606004191	-0.0321173166027447	-0.0306676495126068	0.0167840310822762	0.0016727319118657	0.0208824916490902	0.00531219940628998	0.00337452667945941	0.0294550785517786	-0.0392105532986585	-0.0317193214409735	-0.0118371988787888	-0.00553210704411353	-0.0222302012568952	-0.0101354264629396
0.05239476049927	0.053479781230364	-0.0321310657195527	-0.0306431994981408	0.0167591955002183	0.00164228604194951	0.0208755374625966	0.00529223650452334	0.00340858794404125	0.0294645752492041	-0.039191825330773	-0.0317086177493474	-0.0117981978786824	-0.0055052430412463	-0.0222345849927765	-0.010104226221648
0.052444491733699	0.0535169507844091	-0.0320990594184768	-0.0306429550259358	0.0168097313974477	0.0016859376018867	0.0208984913071682	0.00532732734633414	0.0033771376426086	0.0294192668662091	-0.039222113341494	-0.0317376317106344	-0.0118293129039482	-0.00554525406080533	-0.0222552394016372	-0.010147768816831
0.052424069224187	0.0534920802777505	-0.0321010193870687	-0.0306746651663977	0.016791678172848	0.00165818372019335	0.0208870765506716	0.00530048988616346	0.00340986758141131	0.0294170833801727	-0.0391869023590568	-0.0317277005511761	-0.0118092340525072	-0.00552685159019847	-0.0222333053554064	-0.0101208503315866
0.0524487762837143	0.0534984142033356	-0.0320670810570814	-0.0307458694423281	0.0168183745376318	0.00166706574464628	0.0209004289240156	0.00530675675651511	0.00342686328910152	0.0293866039826398	-0.0391824683317504	-0.0317482110706819	-0.0117989215164091	-0.00554447873466954	-0.0222337216566469	-0.0101325319120326
0.0524677459298367	0.0535041739684849	-0.0320525370563611	-0.0308061143785553	0.0168277552853829	0.00166974096906077	0.020904177032164	0.00530849320766249	0.00344087084795485	0.0293525776426587	-0.039160995290249	-0.031755772945228	-0.0117928711785819	-0.00555396285923873	-0.0222176130338148	-0.0101356681411765
0.0524842959996219	0.0534989981426594	-0.0320281191725277	-0.0308973667722782	0.0168381362736984	0.00165676438442044	0.0209049691221081	0.00529663421024492	0.00345976785090778	0.0293419926946751	-0.039140131333784	-0.0317562549047178	-0.0117833842600446	-0.005551717905905	-0.0221969278913054	-0.0101276564377733
0.0525123558208175	0.0535016216786649	-0.0319868941738479	-0.0310177001825214	0.0168557801819778	0.0016577785948251	0.0209166227628735	0.00529802840030532	0.00350199867808803	0.0292882674829087	-0.0391146419632008	-0.031779581744025	-0.0117497812062241	-0.0055640253351957	-0.0221888281779084	-0.0101310008175374
0.0525336276966188	0.0535073814438142	-0.0319630294956898	-0.0311048119155838	0.0168654738541512	0.00165493293835913	0.0209259141036468	0.00529947427877477	0.00351980603349877	0.029266780471567	-0.0390978404362906	-0.031790384621517	-0.0117417639148848	-0.00557576698595488	-0.0221658575695285	-0.0101339358809812
0.0525448231266228	0.0535132348068934	-0.0319715483042953	-0.0311191198260033	0.0168499142460423	0.00164084854538423	0.0209201445596092	0.00528500990614413	0.00351222599816036	0.0292774618114485	-0.0390792242271273	-0.0317731095170211	-0.0117618162236293	-0.00558390581490467	-0.0221175358919842	-0.0101374031953398
0.0525568916716446	0.0535240293024813	-0.0319605526430074	-0.0311429258308322	0.0168534891281711	0.00164625627055839	0.0209196961277361	0.0052860590411495	0.00352183585129211	0.0292800308650769	-0.0390921896358955	-0.0317837503443659	-0.0117479818907955	-0.00557959332520883	-0.0221417889317023	-0.0101395056563027
0.0525813277162704	0.0535515498878419	-0.0319632739678948	-0.031122200175786	0.0168674198529029	0.00167035703901732	0.0209235462157185	0.00530484009442807	0.00348773267718943	0.0292857584995936	-0.0391140887575255	-0.0317917466809448	-0.0117818168439647	-0.00559380344674629	-0.0221490029572252	-0.0101565991528748
0.0525531323876241	0.0535347539488678	-0.0319966101977659	-0.0310853966315564	0.0168396045039123	0.00165492455645496	0.0209072867186113	0.00529132986188887	0.00348685118026747	0.0293262947851473	-0.0391118633619682	-0.0317707234683005	-0.0117755234309165	-0.00556846634742217	-0.022152231387315	-0.0101333631175295
0.0525331569130012	0.053533241015165	-0.0320150434020213	-0.0310113383172558	0.0168240993781804	0.00165329986402987	0.0208954249272257	0.00528957105899704	0.00346848503124535	0.0293614163606067	-0.0391291119237676	-0.0317537738610833	-0.0117813278995547	-0.00556074801066495	-0.0221698599287701	-0.0101374912053336
0.052518272048178	0.0535355669935723	-0.0320392936477713	-0.0309306024192992	0.0168087451267237	0.00165162488017975	0.020888519635173	0.00528438685126744	0.00345178967512126	0.0293754770048531	-0.0391364642507093	-0.0317418142808156	-0.0117986491045236	-0.00556032193053627	-0.0221674445433849	-0.0101397920380285
0.0524897135036842	0.0535364904000152	-0.0320742447911793	-0.030814098142278	0.0167960786725376	0.0016619807227827	0.0208818658002455	0.00529384862409217	0.00341721851136905	0.0294175499728382	-0.0391717059667952	-0.03173505706907	-0.0118148471343335	-0.00554679214022066	-0.0221999369949027	-0.0101380639687853
0.0524582897449481	0.0535275301444566	-0.0321055791429376	-0.0307081257278473	0.0167807705215538	0.00165854134810463	0.0208735760970206	0.00529586307506121	0.00338530301425493	0.0294483758224101	-0.0391864553241677	-0.0317118308126129	-0.0118353855935199	-0.00553916740139335	-0.0222033540178363	-0.0101383517474951
0.0524291360852583	0.0535093958947832	-0.0321200924100092	-0.030652834496985	0.0167726051499075	0.00165086771483632	0.0208684952661091	0.00528870353191537	0.00338936404682565	0.0294584494742393	-0.0391910667684456	-0.0317046852393073	-0.0118268095085692	-0.00552469045590645	-0.0222189178168974	-0.0101279204677547
0.0524236291742181	0.0535056100680661	-0.0321183126523569	-0.030632703957135	0.0167837949919754	0.0016556873097345	0.0208778969686207	0.00529725586813758	0.00339132261843355	0.0294386597984922	-0.039197221880075	-0.0317173000050843	-0.011821498175293	-0.00552726928842298	-0.0222331195565307	-0.0101264312827803
0.0524358457995469	0.0535118587776254	-0.0321033020589712	-0.0306413638611274	0.0168078133383767	0.00167078731009809	0.0208904265183719	0.00530569504865349	0.00338527786854241	0.0294117832227687	-0.0392033336851995	-0.0317328218946245	-0.0118251959920163	-0.00553756086976062	-0.0222403713006224	-0.0101355382216618
0.0524323449575716	0.0535010265634688	-0.0320808972291228	-0.0306879365146681	0.0168146166505953	0.00166337491284309	0.0208962463538344	0.00530045077061066	0.00340875558212466	0.0293981346888107	-0.0391897801461554	-0.0317399213674571	-0.0118048475226578	-0.00553643490063369	-0.022242955721075	-0.0101321770780894
0.0524524852763099	0.0535023690651201	-0.0320576947213942	-0.030755236220239	0.0168281632047192	0.00166415862088306	0.0209034003090442	0.00530360376356289	0.00342362088917147	0.0293685870796248	-0.0391719867605849	-0.031749933551989	-0.0118030803378618	-0.00555239264919075	-0.0222175850941342	-0.0101384788730417
0.0524653137806432	0.0535049828222374	-0.0320455367693945	-0.0308052831730584	0.0168279606420351	0.00165675879648432	0.0209028177667043	0.00529750034034256	0.00343627057954914	0.0293507042870765	-0.0391540844102603	-0.0317502031699065	-0.0118011147813338	-0.00555749024391058	-0.0221943406768847	-0.0101342557903237
0.052505510599078	0.0535114508582891	-0.0320015178026578	-0.0309304892635929	0.0168624130621449	0.00166356210870291	0.0209186958871717	0.00530609179211757	0.0034593906652201	0.0293139887528406	-0.0391466776009414	-0.0317742452650363	-0.011779671076497	-0.00557214460636909	-0.0221943769984695	-0.0101419811120011
0.0525206469210263	0.0535033190142595	-0.0319766808236159	-0.0310392933646492	0.0168627078257749	0.00164762950585836	0.0209175154356677	0.00529418250327498	0.00350210903982628	0.0292780513387086	-0.0391072449327701	-0.0317795160857756	-0.0117513919288089	-0.00556994994446039	-0.0221681989147602	-0.0101338855895562
0.0525508287609611	0.0535187039993648	-0.0319559314198412	-0.0311091802846408	0.0168725272265109	0.00165651013332726	0.0209263290079032	0.00529751989811896	0.00350886625157192	0.0292574947187298	-0.0390973361250563	-0.031791511987628	-0.0117559670515021	-0.00558590210508134	-0.0221485894499528	-0.0101443615727856
0.0525503495954394	0.0535141344646078	-0.0319580869661971	-0.0311460480901358	0.0168602686916612	0.00164950425842455	0.020920328961501	0.00529321858429534	0.0035157184582315	0.0292769756610066	-0.0390896792555963	-0.0317843245048016	-0.011748891327398	-0.00557393134894149	-0.0221428771822604	-0.0101366599998367
0.0525603240614026	0.0535243771515044	-0.0319577237503497	-0.0311452154876549	0.0168572344423514	0.00165118622719481	0.0209167359185798	0.005295951085055	0.00351116429029873	0.0292816527635339	-0.0390941216648068	-0.0317812790796195	-0.0117579158442218	-0.00558027365643068	-0.0221397423501006	-0.0101423541067367
0.0525550476527271	0.0535283096615445	-0.0319782440487437	-0.0311113092883002	0.0168431067428716	0.00164883789704297	0.0209089561145253	0.00529655318517127	0.00349777419838598	0.0293088087360631	-0.0390968499746144	-0.0317734350142998	-0.0117692048721558	-0.00557582705626811	-0.0221396096366179	-0.0101429142973321
0.0525342172238788	0.053526567622461	-0.0320013990590154	-0.031042129242227	0.0168269701803589	0.00164727467191513	0.0209013132149056	0.00529751570716687	0.00347739080442676	0.0293335758659036	-0.0391138582551608	-0.0317600672741314	-0.0117772053996867	-0.00556529798764563	-0.0221476325158933	-0.0101372355572564
0.0525581070477494	0.0535586828882912	-0.0320096063401826	-0.0309739159091015	0.0168454508820714	0.00167726652202207	0.0208981797797298	0.00531485646991211	0.00342865981056211	0.0293492625995591	-0.0391507875279531	-0.0317625525087181	-0.0118240811987616	-0.00558372001602889	-0.0221639311285533	-0.0101618713705982
0.052505851463181	0.0535312377400682	-0.0320503507763566	-0.0308936703525389	0.0168114790244673	0.00165795740878074	0.0208883925096264	0.00529957067067273	0.00344227481690345	0.0293784791235303	-0.0391435204170371	-0.0317463894035088	-0.0118059958435292	-0.00555631398335862	-0.0221794851487261	-0.0101395168321749
0.0524764882558868	0.0535300600825322	-0.0320857266029092	-0.0307674207149351	0.0167924870266005	0.00166156302455819	0.0208788552996642	0.00530270689981662	0.00339610309777892	0.0294290457544083	-0.039176996345311	-0.0317248576886782	-0.0118385553502805	-0.00554370061456569	-0.0221946102948022	-0.0101354418297639
0.0524592089604388	0.0535298351681036	-0.0321042128925577	-0.030681256137044	0.0167894457923705	0.00166692604624343	0.0208769540044014	0.00530918750872463	0.00337106774700495	0.0294494067966231	-0.0391981424925497	-0.0317150243181019	-0.0118512525381151	-0.00554408199120546	-0.0222137894885289	-0.0101442721658077
0.052430598727536	0.0535082210312153	-0.0321119689478837	-0.0306456945116156	0.0167829190829896	0.00165651013332726	0.0208730871526107	0.00530259374411031	0.00338226597097706	0.0294529607239915	-0.0391970472570714	-0.0317109115971221	-0.0118300630843715	-0.00553335315386691	-0.0222308438695483	-0.0101292741452782
0.0524232547824985	0.0535008100309444	-0.0321196034655992	-0.0306222154010493	0.0167814089432548	0.00165444119998111	0.0208758238443224	0.00530079303169763	0.00337619607537342	0.0294425992934524	-0.0391907342862468	-0.0317076831670324	-0.0118337636950628	-0.0055375007994474	-0.0222157243114083	-0.0101281020756784
0.0524274499255359	0.0534971820634225	-0.032097795147931	-0.0306475245606929	0.0167980987114428	0.00166064800001955	0.0208899655136425	0.00530986085502634	0.00339237175343892	0.0294141161860962	-0.0391955692479693	-0.0317260856376392	-0.0118152857873184	-0.00554347570013711	-0.0222334562296815	-0.0101305006972552
0.0524514556990809	0.0535078885490165	-0.0320706377784178	-0.0306995147182959	0.0168221938919656	0.00166699589544485	0.0208980791968798	0.00531193956726069	0.00339959136689798	0.0293871152787942	-0.039187209695543	-0.0317436317570367	-0.0118126259297283	-0.0055554338834207	-0.0222368760465832	-0.0101393296363151
0.0524734959160979	0.0535107062658019	-0.0320532243725031	-0.0307751963280375	0.0168358745565563	0.00167059592328619	0.0209071777538571	0.00531361734507886	0.00342075986588119	0.0293560701027298	-0.0391679410948385	-0.0317553650258917	-0.0118064330995301	-0.00556897764357658	-0.0222191273645016	-0.0101420328004101
0.0524616900040734	0.0534881715164389	-0.0320553072756895	-0.0308386347697538	0.0168194418334296	0.00163661708076204	0.0209029937866919	0.00528618756368012	0.0034494106113208	0.0293591504525126	-0.0391330765644403	-0.0317399018096807	-0.0117856278163943	-0.0055518603982759	-0.0221776690694891	-0.0101215851451856
0.0525194972031709	0.0535084054331071	-0.0319960248614579	-0.0309784840468745	0.0168672130992667	0.00166576934346787	0.0209278992179512	0.00531305994845151	0.00347932283333812	0.029291474958238	-0.0391338979910491	-0.031785963167067	-0.0117624211177136	-0.00557860984845279	-0.0221980482724963	-0.0101391927318803
0.0525314023010614	0.0534972882342086	-0.0319724968564507	-0.0310854008225084	0.0168668023859623	0.00165409335095803	0.0209294331064144	0.00530393205480957	0.00351541251872927	0.0292731381458805	-0.0390987247271806	-0.0317889666827281	-0.0117461574296543	-0.00557410317797699	-0.0221754590407561	-0.010130193360769
0.0525408305462695	0.0535026931654147	-0.0319709587770353	-0.0311190667406102	0.0168552646948713	0.00164673543608015	0.0209272384445057	0.00529357900617468	0.00351312844984274	0.0292690659374375	-0.0390848931883148	-0.0317813936323099	-0.0117596173707685	-0.00557806362769767	-0.0221306926875642	-0.0101238496562957
0.0525548758236916	0.0535114410794009	-0.0319624567322381	-0.0311451204927409	0.0168573294372653	0.00164618502437294	0.020926218646165	0.00529799068173655	0.00351273450034672	0.0292790208456243	-0.0390891092861127	-0.0317816311195947	-0.0117576420353522	-0.00558283851910693	-0.0221294773114595	-0.0101375205419982
0.0525916360614164	0.0535457426252356	-0.0319549772797498	-0.0311490627816692	0.0168783093434047	0.00168173826789716	0.0209363132527546	0.00532639136703507	0.0034910449263209	0.0292682836263816	-0.0391172138107972	-0.0318042818186321	-0.0117728272517416	-0.00559601207849528	-0.0221686012461604	-0.0101564832032005
0.0525503565803595	0.0535181647635299	-0.0319986931009523	-0.0311138322414556	0.0168305702082002	0.00164481737700908	0.0209075283968482	0.00529333732793776	0.00349654764640899	0.0293212838034372	-0.0390905886921988	-0.0317621669411262	-0.0117715490113555	-0.00556585538427298	-0.0221337283338581	-0.0101261923985115
0.0525218972217318	0.0535104478237567	-0.032021653930444	-0.0310268448399716	0.016810135125832	0.00164181665531595	0.0209009960995312	0.00528747558295435	0.00347577728787389	0.0293512519048157	-0.0391090344693106	-0.0317471298050439	-0.0117824622505858	-0.00555133233831315	-0.0221425852125985	-0.010118754855544
0.0525442280114267	0.0535426133810119	-0.03201487995489	-0.0309631186195455	0.0168358633806841	0.00167623973876115	0.020908105351252	0.00531559547446316	0.00343331037039284	0.0293515215227332	-0.0391536024507704	-0.0317643392512905	-0.0118121663219829	-0.00557477792126274	-0.0221761337840419	-0.010148458926941
0.0524940874606773	0.0535231170719108	-0.0320653334300618	-0.0308526618863835	0.0167920930771045	0.00165955974946138	0.020883512844415	0.00530010012761952	0.00342769449459844	0.0293942301184511	-0.0391512611055387	-0.0317369863040133	-0.0118147200087869	-0.00554852020946386	-0.0221784192499124	-0.0101264927500776
0.0524716281484518	0.0535290891786324	-0.032103193094217	-0.0307237998886466	0.0167752887562262	0.00165777580085704	0.0208703965613719	0.00529652803945875	0.00338431394956278	0.0294391613157584	-0.0391753744468539	-0.0317116575865933	-0.0118512162165304	-0.00554686198942209	-0.0221828407043625	-0.0101292378236935
0.0524535553660757	0.0535241368702515	-0.0321089724171427	-0.0306680448590869	0.0167828981282292	0.00167399059447534	0.0208791458723421	0.00531817430697969	0.00337904871675953	0.0294433285191153	-0.0392073500142813	-0.0317255505927563	-0.0118387565159805	-0.00553529635865049	-0.0222432700424814	-0.0101270375738487
0.0524367384723411	0.0535114550492412	-0.0321168486130951	-0.0306421252174229	0.0167797828538457	0.00166468388687776	0.0208796962840493	0.00531313678257308	0.00337798980286596	0.0294419343290549	-0.0391994235269038	-0.031720328666458	-0.0118380049385732	-0.00553105790910816	-0.0222385398545611	-0.0101190887347268
0.0524149189788006	0.0534912225295571	-0.0321181939087145	-0.030638597832751	0.0167758447558695	0.00165448730045405	0.0208766075523624	0.00530336487929402	0.00339450355106634	0.0294360963327999	-0.0391907552410072	-0.0317175835928421	-0.01181565738507	-0.00552010974527714	-0.0222389463769134	-0.0101072017976286
0.0524342965442594	0.0535004524030331	-0.0320948377327428	-0.0306704057620949	0.0168019054929203	0.00166747226699856	0.0208881173037728	0.00531167833124737	0.00339673732852784	0.0294090716767695	-0.0391899519751909	-0.0317318230510441	-0.0118192797646558	-0.00553765726165859	-0.0222373384482966	-0.0101284373518452
0.0524475287769769	0.0534986866152211	-0.0320746764592441	-0.0307264415854444	0.0168121649436253	0.00165933623201683	0.0208914924171856	0.00530309526137653	0.00341050600311232	0.0293878151677925	-0.0391700812743701	-0.0317355334406237	-0.0118153905611206	-0.00554928016877534	-0.0222140702823186	-0.0101251516454103
0.052454259446026	0.0534909780573521	-0.0320609049906915	-0.0307880178474507	0.0168142688015722	0.00165129239798097	0.0208913834524314	0.00529786774714204	0.00344173418408444	0.0293558773189339	-0.0391459385963903	-0.0317416550246364	-0.0117931030779306	-0.00554921031957392	-0.0221989577090988	-0.0101198738397507
0.0525013252349288	0.0535110652906973	-0.0320217964228149	-0.0308744366764351	0.0168493317037024	0.00166802686965786	0.0209099507671536	0.00531113769842835	0.00344181660614212	0.029327461266811	-0.0391511088342796	-0.031765198396468	-0.0118014919670215	-0.00557027264777096	-0.0221990317492523	-0.0101367787434791
0.0525031147714692	0.0534876644112366	-0.0319890497202038	-0.0310137984061299	0.0168550998507559	0.00165133151353377	0.0209151601205957	0.0053002761476071	0.00350938732661454	0.0292848825906077	-0.0391088402885306	-0.0317815584764252	-0.0117418337640862	-0.00556050353845997	-0.0221947611690773	-0.0101165713695075
0.0525440729461995	0.0535089977543351	-0.0319627989933251	-0.0310848224711207	0.0168722981211302	0.00166303125477209	0.0209281786147569	0.00530645500796497	0.00350014348329824	0.0292558798051929	-0.0390970958438034	-0.0317889918284406	-0.0117662767936321	-0.00558952867561921	-0.022155032340292	-0.0101345100414169
0.0525654481988189	0.053520672349861	-0.0319558406158794	-0.0311314412251343	0.0168756578677187	0.00167036961187358	0.0209310913264562	0.00531287694354378	0.00350392791303133	0.0292540762988122	-0.0390974017833056	-0.0317993560529478	-0.0117638781720553	-0.00559104160932203	-0.0221561876460836	-0.0101389734053878
0.0525561931796304	0.0535129372492954	-0.0319656097251904	-0.03115086628805	0.0168544446652466	0.0016526879850254	0.0209160919089427	0.00529950920337548	0.00351548236793069	0.0292771866055949	-0.0390851767760726	-0.0317792855834109	-0.0117564811416246	-0.00557537443344289	-0.0221441191010617	-0.0101276201161885
0.0525553214615967	0.0535189722202983	-0.0319727846351605	-0.0311309955872292	0.0168506895721781	0.00165691246472745	0.020914683749042	0.00530089501153171	0.00350137841717939	0.0292946880215034	-0.0390969337936561	-0.0317769162984987	-0.0117634101824057	-0.00557579911658754	-0.0221471812900521	-0.0101295200144672
0.0525320085921298	0.053513607801629	-0.0320087485919891	-0.0310625098422181	0.0168187936328403	0.00164515544714396	0.0208991269349011	0.00529177549979394	0.00348452520186009	0.0293293779288981	-0.0390976714012231	-0.0317528434697203	-0.0117794363831802	-0.00556558436937146	-0.022126215353753	-0.0101213616277411
0.0525335648323375	0.0535287986059545	-0.0320144343169849	-0.0309987710489358	0.0168269436376624	0.00166459308291591	0.0209021807419873	0.00530625104829681	0.00345648773240896	0.0293517436431937	-0.0391350966033455	-0.0317566292964374	-0.0117958062420256	-0.0055675597047877	-0.0221638640733199	-0.0101384020389202
0.0525308560803063	0.0535399032319967	-0.0320310235023229	-0.0309343798641121	0.0168248830862204	0.00167788817991473	0.0209015954056794	0.00531529931384913	0.00343165075336703	0.0293613954058463	-0.0391480424543372	-0.0317550912170221	-0.0118178492530107	-0.00557554346851033	-0.0221766534621004	-0.0101448882357643
0.0524678283518944	0.0535118112801684	-0.032088418591132	-0.0308125586658786	0.0167720701050246	0.0016470916670074	0.0208689884014712	0.00529071658590037	0.00342304952270383	0.0294316511296214	-0.0391510333971421	-0.0317185195721411	-0.0118123465329226	-0.00553684840790611	-0.0221776327479044	-0.0101158491287648
0.0524610404065001	0.0535247599251282	-0.0321042589930307	-0.030708504310519	0.0167815542295938	0.00166873514056028	0.020870649415481	0.00530900729778496	0.00338651140543954	0.0294450915129592	-0.0391903878342078	-0.0317197195814216	-0.0118363676732919	-0.00554292109747781	-0.022214774362269	-0.0101304154812295
0.0524294755523772	0.0535065614141895	-0.0321219210621024	-0.0306448730850068	0.0167729669687709	0.00165453759187908	0.0208678289047276	0.00529816251077205	0.00337642657773811	0.0294588112931027	-0.0391866369320914	-0.0317023341151874	-0.0118402834195237	-0.00553380577669213	-0.0222117387159751	-0.010123177706978
0.0524284655329246	0.0535064231127707	-0.0321215005699099	-0.030616110580845	0.0167772096092653	0.00166300471207555	0.0208638013997735	0.00530238279952202	0.00337990925892106	0.0294421550525314	-0.0391940842539471	-0.0317104743411212	-0.0118388347470861	-0.00553841442700201	-0.0222183143197971	-0.0101256182380758
0.0524149553003854	0.0534870790749287	-0.0321118096917045	-0.0306397908571113	0.0167854252723366	0.00165975393024134	0.0208712124000445	0.00530230596540045	0.00340097717505421	0.0294308799944377	-0.0391904059950001	-0.0317204082945476	-0.0118082002843261	-0.00552481199351693	-0.0222420169478079	-0.0101151450488144
0.0524303374915227	0.0534931182368837	-0.0320899231429306	-0.0306648876751825	0.0167972088326167	0.00166237327529469	0.0208809843033235	0.00530324892961966	0.00339912617121651	0.0294061408042778	-0.039181416402777	-0.0317255450048202	-0.0118200201661909	-0.00554170572137305	-0.0222242207682694	-0.0101248191632115
0.0524737138456063	0.0535153498407125	-0.0320536993470728	-0.0307451611714257	0.0168365171692094	0.00168518602447939	0.0208964880320714	0.00531944556244559	0.00341009249583989	0.0293604454567069	-0.0391820282817815	-0.0317582316371181	-0.0118189333126167	-0.00556346235063224	-0.0222331698479557	-0.0101425524784687
0.0524410761077495	0.0534738831637959	-0.0320562516368928	-0.0308167356481237	0.0168115684314452	0.00164754149586457	0.0208941369079515	0.00529398273455891	0.00346035737816779	0.0293623188122891	-0.039137530149523	-0.0317462329412976	-0.0117745245873361	-0.00553590684067093	-0.0222101740938633	-0.0101075091341149
0.0525087571899601	0.0535060026205781	-0.0320075471857246	-0.0309266838790994	0.0168625080570588	0.00167029557172007	0.0209198414140751	0.0053133393452572	0.00345190841876369	0.0293128991052984	-0.0391448615217044	-0.031773300903833	-0.011790863712533	-0.00557247429459981	-0.0221963383640454	-0.0101334818611719
0.0525290022825005	0.0534986880122051	-0.0319762826831678	-0.0310480817911722	0.016867084576736	0.00166385268138083	0.0209236132709519	0.00530881870494112	0.00350185897968518	0.029274537923877	-0.039109104318512	-0.0317881480500875	-0.011757386387275	-0.00557435742907017	-0.0221826646843749	-0.0101314310886182
0.0525475989338874	0.0535038289134298	-0.0319690854214532	-0.0311056151814002	0.0168585238586097	0.00165703539932196	0.0209158795673704	0.00530356604499412	0.00350811746813267	0.0292657536883061	-0.0390870878502235	-0.0317820013203622	-0.0117680705211247	-0.00558222524311844	-0.0221379835472087	-0.0101282347891611
0.052556810646571	0.053508793794667	-0.0319636958570714	-0.0311424927657834	0.01685638088511	0.00165706054503447	0.0209127531171147	0.00530079722264972	0.00351384230868129	0.0292754571393677	-0.0390886049748784	-0.031781350325805	-0.011755371936306	-0.00558036725436059	-0.0221431887096988	-0.0101268238352923
0.0525674095643949	0.0535231031020705	-0.03196058477364	-0.0311488811737455	0.0168539934394054	0.00166202682325563	0.020912131459222	0.00530502589330386	0.00350908557806439	0.0292814739495783	-0.0390922217665281	-0.0317840953994209	-0.0117635931873135	-0.00558320173495433	-0.0221474760536821	-0.0101341957200105
0.0525646030234817	0.0535302430874399	-0.0319808703787172	-0.031112281589184	0.0168408827442983	0.00166006964863177	0.0209046310519732	0.0053016605587793	0.0034885317520537	0.0293063165165563	-0.0390978893307316	-0.0317671877017245	-0.011784974027869	-0.00558278962466593	-0.0221373409345556	-0.0101336047957665
0.0525255461440141	0.0535111463157709	-0.0320149204674268	-0.0310566341273945	0.0168151698562705	0.00164711960668797	0.0208975818705656	0.00529505841226082	0.0034847906288255	0.0293419591670584	-0.0391054302505172	-0.0317521533596102	-0.0117723313224115	-0.00555615472717938	-0.022146737049131	-0.0101140106977833
0.0525298181211732	0.0535308633483485	-0.032028082850943	-0.0309797413325001	0.0168207829380969	0.00165921469440635	0.0209021444204026	0.00530619237496762	0.00344004523039403	0.0293651854235155	-0.0391354011458637	-0.031746249705106	-0.0118105053079731	-0.00556625492170512	-0.0221562784500454	-0.0101317328371683
0.0525032698366964	0.0535267338635604	-0.0320549664115866	-0.0308981742290466	0.0168016330810348	0.00165986848293167	0.0208919576128671	0.00530177231750158	0.00343770388516234	0.0293794290726696	-0.0391456103051436	-0.0317419972857234	-0.0118069904961575	-0.00555657102841986	-0.0221744895338404	-0.010123568862506
0.0524749892920243	0.0535290528570477	-0.0320882313952722	-0.0307678244433194	0.0167847742777794	0.00166493674098691	0.0208767528387013	0.00530661705811227	0.00339140783445928	0.0294311007179142	-0.039177243611484	-0.0317182429693035	-0.0118408589769434	-0.00554714418019583	-0.0221920859446628	-0.0101280000958443
0.0524552862292869	0.0535294663643201	-0.0321076438853316	-0.0306846200745845	0.0167840478460846	0.00167031233552841	0.0208697232150702	0.00530774582120726	0.00337020720484342	0.0294537095074307	-0.0392022440376573	-0.0317149237352519	-0.0118469945307964	-0.00553700766408535	-0.0222230095831167	-0.0101240550129479
0.0524279849704188	0.0535129609980239	-0.0321213999870598	-0.0306337125796035	0.0167743150583583	0.0016553045361107	0.02087246270075	0.00530040467013772	0.00337151617887809	0.0294607181763015	-0.0391950789065753	-0.0317040035111014	-0.011850558237053	-0.00553435758538337	-0.0222178561090357	-0.0101187003731668
0.0524319286563311	0.0535179775676701	-0.0321188197575593	-0.0306221693005764	0.0167902616310431	0.00167254750997394	0.0208858611745669	0.00531693238817839	0.00336855317575373	0.0294380409345676	-0.0392066696830594	-0.0317178294620311	-0.0118521354320211	-0.00554554603046728	-0.0222342078070888	-0.0101247255652816
0.0524369997083544	0.0535148455294783	-0.0321031316269197	-0.0306453955570335	0.0167998924389353	0.0016761880503521	0.0208889876248226	0.00532041646634536	0.00337905570167967	0.0294159993205666	-0.0392027385700033	-0.0317298798462605	-0.0118386154205937	-0.00554398420232347	-0.0222464370052739	-0.0101222026121262
0.0524517364928706	0.0535172217993107	-0.0320809740632444	-0.0306933107122255	0.0168133104705287	0.00167514450328284	0.0208853512753965	0.0053172271518084	0.0033960723641303	0.0293919111249639	-0.039187554750598	-0.0317381430067889	-0.0118297347931248	-0.00555186738319605	-0.0222409761947067	-0.0101254142784076
0.0524566846102994	0.053505160239209	-0.0320618325880864	-0.0307773672412178	0.0168176774426016	0.00166636864961608	0.0208878854044241	0.00530724430394105	0.00343374343544166	0.0293645386199103	-0.0391603666474362	-0.0317481258546562	-0.0117989704108501	-0.00554928855067952	-0.0222242263562055	-0.0101191250563115
0.0524691010043443	0.0535083230110494	-0.0320473598335516	-0.0308262616822137	0.0168200131998972	0.00165902610156251	0.0208903776239309	0.00529675015991928	0.00344215886722909	0.0293544021037998	-0.039146609148724	-0.0317460359665496	-0.0117997415460338	-0.00555786044467813	-0.0221952473195192	-0.0101210361304624
0.0525136452370757	0.0535187361299975	-0.0319925114466264	-0.0309622301377034	0.0168645350808841	0.00167694940664761	0.0209193873942658	0.00531798152318376	0.0034672794340288	0.0292959047945922	-0.0391395264396997	-0.0317820027173463	-0.0117772584850798	-0.00557762218074467	-0.0222083705874825	-0.0101348970059928
0.0525230092210185	0.0535078270817193	-0.031978453596348	-0.0310612944661134	0.0168593704309309	0.00165227168378492	0.0209249515816512	0.00530018813761331	0.00349629060134776	0.0292766138421433	-0.0390970818739631	-0.0317792101462734	-0.0117646311464466	-0.00557728830156187	-0.0221588181670091	-0.0101237448824936
0.0525445646845775	0.0535182737282841	-0.0319640283392702	-0.0311091188173436	0.0168624410018254	0.00165431407443452	0.0209309502310694	0.00530243169396301	0.00350009877980933	0.0292636805640078	-0.0390932736955015	-0.0317861755086393	-0.0117658074069986	-0.00558879106805218	-0.0221376873865947	-0.0101318725355712
0.0525606551466173	0.0535303632280663	-0.031956118615701	-0.0311328144604343	0.016865120417192	0.00166486130384937	0.0209319532656018	0.0053066086762081	0.00350139238701968	0.0292702268311652	-0.0391031559605188	-0.0317953648695785	-0.0117664136980669	-0.00558801155096431	-0.0221559515557827	-0.0101333505446733
0.0525851722163167	0.0535504099488747	-0.031955920243969	-0.0311425849667293	0.016873611286117	0.00167963301296627	0.0209330904106009	0.0053173794230675	0.00348567631669954	0.0292755661041219	-0.0391085678766451	-0.0317947418147018	-0.0117904669690689	-0.00559536806885816	-0.0221558202392841	-0.0101570685395084
0.0525348933641485	0.0535122010387124	-0.0319948667616983	-0.0311093577016124	0.0168244947246605	0.00164084295744812	0.0209145063320704	0.00529139691712223	0.00349762472109493	0.029325199549669	-0.0390846836407106	-0.0317570889041828	-0.0117764175006947	-0.00556417481248675	-0.0221316007271827	-0.0101229695563578
0.0525484119785919	0.0535400247696072	-0.0320011070893535	-0.0310237100078118	0.0168374098420036	0.00167349466514524	0.0209192407109428	0.00531785719160523	0.00345063716329779	0.0293301350942415	-0.0391311794601297	-0.0317665031795505	-0.0118103963432188	-0.00557886409954597	-0.0221609080551157	-0.0101445431807093
0.0525390647584575	0.0535410934623889	-0.0320222336788158	-0.0309657784771357	0.0168291131538586	0.00167335636372642	0.0209100499530196	0.00531984230590967	0.00342982349825781	0.0293577129559473	-0.0391457569884666	-0.0317535433587186	-0.0118255550169116	-0.00557421912765135	-0.0221680201008046	-0.0101449497030615
0.0524939701140189	0.0535258160450537	-0.0320646237621753	-0.0308627257593245	0.0167981448119157	0.00166744432731799	0.0208968735996632	0.00531793123175874	0.00342485023511651	0.0293897318298795	-0.039152205466742	-0.0317403893571066	-0.0118241356811387	-0.00555237029744629	-0.0221844598088515	-0.0101338520619395
0.0524826028549794	0.0535380969316479	-0.0320960405359913	-0.0307464198540354	0.0167965676169476	0.00168421791454767	0.0208915413116266	0.0053266134874956	0.00337139464126761	0.0294300418040206	-0.0391891878249273	-0.0317273261594565	-0.011862392088758	-0.0055547074517259	-0.0222016385214494	-0.0101433641261892
0.0524318406463373	0.0535080324383715	-0.0321214782181654	-0.0306760803112185	0.0167743262342305	0.0016594284329627	0.0208745972923454	0.00530459562222309	0.00338055745951026	0.0294599693928622	-0.0391897256637783	-0.03170560166083	-0.0118377842150967	-0.00552381873787269	-0.0222175096569967	-0.0101213490548848
0.052410125926599	0.0534918609512581	-0.0321186730742363	-0.0306475930129103	0.0167763714188482	0.00165525983262179	0.0208801069973537	0.00529993528350416	0.00339427025473359	0.0294564489931105	-0.0391947436304085	-0.0317102843512934	-0.0118171647308367	-0.00551792905320872	-0.0222411019232693	-0.010116889881866
0.0524230717775907	0.053502213999893	-0.0321226027903083	-0.0306110660715182	0.0167837069819816	0.00166027081433186	0.0208776748481601	0.00530210759366841	0.00336789938722841	0.0294406057972438	-0.0391929065964111	-0.031701674738726	-0.0118530127379909	-0.0055388460950668	-0.0222077936330788	-0.0101296485369979
0.052435260463239	0.0535036738482027	-0.0321001546539551	-0.0306447431654922	0.016804590496223	0.00167024667727907	0.020887829525063	0.00531380454093868	0.00338931934333674	0.0294092756364376	-0.0391985546028381	-0.031734614225133	-0.0118262283632133	-0.00553973317992487	-0.0222458740207105	-0.0101240983194528
0.0524406053241319	0.0534967699531341	-0.0320803035109107	-0.0307138966688689	0.0168061802640474	0.00165710664550741	0.0208835184323512	0.00530287733186809	0.00341650185856245	0.0293973873023554	-0.0391697627620116	-0.0317324656636972	-0.0118147591243397	-0.00554129500806869	-0.022224346496832	-0.0101241178772292
0.0524610082758675	0.0534973692592823	-0.0320587606202079	-0.0307891144799131	0.0168290195559287	0.00167042409425069	0.0208997416078736	0.00531391490267693	0.00343860354287667	0.0293543783550713	-0.039161385048793	-0.0317551121717825	-0.0117930821231702	-0.00555086574564764	-0.0222287092779528	-0.0101274301263607
0.0524845698084914	0.0535013059602745	-0.0320341038521056	-0.0308720143061297	0.0168440650739151	0.00166622476026115	0.0209072322362342	0.0053112578390548	0.00344528950843686	0.0293411936198108	-0.0391449537226503	-0.0317562940202706	-0.0117986002100826	-0.00556009422213963	-0.0222055724284735	-0.010129506044627
0.0524984306840218	0.0534875624314025	-0.0320026521536889	-0.0309957731212107	0.0168518686266981	0.001652324769178	0.0209160639692621	0.00530240934221856	0.00349388499485075	0.0292962917591681	-0.0391094116549983	-0.0317679364851637	-0.011760822967985	-0.00556263952703948	-0.0221779205266143	-0.0101216801400995
0.0525350721781042	0.0535037967827972	-0.0319702798427975	-0.0310793169570645	0.0168715227949944	0.00166098187920235	0.0209280738409548	0.00531010532723132	0.00350332441593103	0.0292629946448499	-0.0390991675711176	-0.0317870849452418	-0.0117648169453224	-0.00558353142318505	-0.0221572158263285	-0.0101344583530078
0.0525554471901592	0.0535148511174144	-0.03195862201108	-0.0311320097976339	0.0168748210742856	0.00166781173411747	0.0209285110969557	0.00531713634784655	0.00350794144814508	0.0292575757438035	-0.0390987526668611	-0.0317961918841233	-0.0117595740642636	-0.00558646928059689	-0.0221566221081164	-0.0101358539400523
0.0525612558497495	0.0535202127421156	-0.0319598541509931	-0.0311453565830417	0.0168697220825818	0.00166277979764697	0.02092204864884	0.00531109858287556	0.00350054022676232	0.0292723251011759	-0.039090105335725	-0.0317870975180981	-0.011771132710115	-0.00558660618503168	-0.0221439067594894	-0.0101359237892537
0.0525558872401282	0.0535248130105213	-0.0319753033973638	-0.0311256912388732	0.0168514118129208	0.00165519836532454	0.0209108462339158	0.00530204193541907	0.00349331642235117	0.0292974442709916	-0.039091383576111	-0.0317757470228668	-0.0117771048168367	-0.00558057540498083	-0.0221348808456815	-0.0101302729888586
0.0525337967316862	0.0535160441417747	-0.032001283109341	-0.0310864932640187	0.0168325176039359	0.00165197272920283	0.0209004903913129	0.00529707286322985	0.00349120837345223	0.0293275897893417	-0.039099973630902	-0.0317599289727126	-0.0117746754616112	-0.00556287980829237	-0.022141481595216	-0.0101239767818423
0.0525498005807162	0.0535475601014566	-0.0320080333361665	-0.0309965498443305	0.0168425982406852	0.00168348868888481	0.0209038655047256	0.0053204527879301	0.00343830179432652	0.0293360387487458	-0.0391424642971116	-0.0317644216733481	-0.0118183507702769	-0.00557944245093375	-0.0221704718077745	-0.010142372267529
0.0525217407595206	0.053532061960645	-0.032033679168961	-0.0309509830192903	0.0168197910794367	0.00166758821667292	0.0208874285906468	0.00530786037389759	0.00344269670608004	0.0293719049166924	-0.0391379129231468	-0.0317473980259774	-0.0118066691898309	-0.00556116710587348	-0.0221761575327703	-0.0101371056377418
0.0524929070091733	0.0535351017978909	-0.0320756780967925	-0.0308214546601718	0.0167959194163584	0.00167348907720912	0.020873592860829	0.00530902266460927	0.00340760446728521	0.029413367402657	-0.0391645338507931	-0.0317297177961132	-0.0118343182977221	-0.00554929832956771	-0.0221927872306451	-0.0101332164342065
0.0524749390005993	0.0535384573535272	-0.0320998375385806	-0.0307236853359563	0.0167922788759802	0.00168142674045881	0.0208693264716061	0.00531320523479047	0.00337964522893968	0.0294424721679058	-0.0391932754001946	-0.0317224283334527	-0.0118463183905266	-0.00554339467506346	-0.0222254850388151	-0.0101373263612183
0.0524316632293657	0.0535111630795792	-0.0321204933444254	-0.0306665123676076	0.0167734782649253	0.00166090504508078	0.0208605617938115	0.00529798090284835	0.00338458217049624	0.0294650446358376	-0.0391861703394258	-0.0317017110603107	-0.0118347206291223	-0.00552366087867748	-0.0222315004520417	-0.0101206100503337
0.0524181725546029	0.0535048920182755	-0.0321274573098072	-0.0306250848062438	0.0167691518053891	0.00165476809424377	0.0208634549477345	0.00529305094621193	0.00338052393189358	0.029455197295421	-0.0391831430750362	-0.0316978344296318	-0.0118403658415813	-0.00552666858529074	-0.0222159338590126	-0.0101227236871688
0.0524373182207129	0.0535173098093045	-0.0321096303966201	-0.0306324036055688	0.0167952712157692	0.00167668537666623	0.0208774150091308	0.00531615287109051	0.00337767548145955	0.0294249679580293	-0.0392000060692437	-0.0317194136419193	-0.0118410461728032	-0.00554167638470845	-0.0222454479405818	-0.0101331717307176
0.0524139396929967	0.0534879186623298	-0.0321018729443101	-0.0306746470056053	0.0167868013016047	0.00165567613386227	0.020875114176436	0.00530535837550263	0.00341442314632811	0.029415089883964	-0.0391721320469239	-0.0317200604455245	-0.0118086570981034	-0.0055280851270956	-0.0222373999155939	-0.0101114667898675
0.0524661030766193	0.053517976170686	-0.0320672780318294	-0.0307347564343818	0.0168282358478887	0.00168043627878264	0.0208945322544315	0.00532189307846344	0.00340375577628681	0.0293706490280508	-0.0391744398645389	-0.031745614077373	-0.0118341883782075	-0.00556590986665009	-0.0222226086487006	-0.010138786209528
0.052449891076969	0.0534915494238197	-0.0320581208015228	-0.0308118322341838	0.0168203386971758	0.00166183264247568	0.0208937653101999	0.0053039823462346	0.0034522967803236	0.029358192121469	-0.0391470436107568	-0.0317476774227831	-0.0117847980078814	-0.00554542030190472	-0.0222232861859544	-0.0101136698336804
0.0524988930857352	0.0535121423653832	-0.0320100128625349	-0.030901433392785	0.016859081255237	0.00167618944733613	0.0209120113185956	0.00531840620632841	0.00344754284367476	0.0293198882163928	-0.0391456955211694	-0.0317666023654166	-0.0118012419068804	-0.00557601285514389	-0.0222090634915606	-0.0101340923431924
0.0525294367445334	0.0535155286546682	-0.0319838501456499	-0.0310166678113243	0.0168673402248132	0.00167130559117264	0.0209170963404591	0.00531412584726522	0.00348032167691847	0.0292778557609446	-0.0391060994058668	-0.0317745484105704	-0.0117875961668904	-0.00559001622304514	-0.0221727083792041	-0.0101415242982238
0.0525331625009373	0.0535032729137865	-0.0319705801943636	-0.0311077581548999	0.0168625946700686	0.00166132972822543	0.0209170223003056	0.0053062063448079	0.00351770916047205	0.0292665164415856	-0.0390873085737	-0.0317846807357288	-0.0117509462909038	-0.0055774615275814	-0.0221669486140548	-0.0101221299689567
0.0525355736953704	0.0535046559279747	-0.0319743604331446	-0.0311370193823599	0.0168478173730156	0.00164798294281756	0.0209075870701774	0.00529587704490149	0.00352036622409418	0.0292808187640689	-0.0390748167425176	-0.0317721442010575	-0.0117555311924852	-0.0055725916412582	-0.0221348319512405	-0.0101193834983568
0.0525550546376472	0.0535211193847501	-0.0319672176538071	-0.0311480932747535	0.0168564353674871	0.00165901492569028	0.0209141263524146	0.0053049644260066	0.00351025345671218	0.0292827535869483	-0.0390893328035573	-0.0317793288899158	-0.0117629841022771	-0.00558127389699506	-0.022146196416312	-0.0101292951000387
0.0525491579680631	0.053521950590247	-0.0319751930356256	-0.0311288442318254	0.0168463812734343	0.00166033786956523	0.0209111801130986	0.00530528154138106	0.00350057934231512	0.0293046624874666	-0.039096190598153	-0.031773200320983	-0.0117671596875381	-0.00557489945887321	-0.0221535235975413	-0.0101305202550316
0.052547385195331	0.0535323818699875	-0.0320030949976259	-0.0310598290298675	0.0168346619744196	0.00166848927137127	0.0209061216339316	0.00530873907685149	0.0034684529006127	0.0293263366946681	-0.0391118214524474	-0.0317575610847844	-0.01179828030074	-0.00557823685371719	-0.0221486579021702	-0.0101350869958206
0.0525502895251262	0.0535478478801665	-0.0320143169703265	-0.0309912105713738	0.0168352193710469	0.00168332943270557	0.0209042650421578	0.00532286398236322	0.00343472272124561	0.0293543196817422	-0.0391441658236582	-0.031756757818968	-0.0118234497619807	-0.00558083105305804	-0.0221754590407561	-0.0101466665964325
0.0524824785234008	0.0535059649020094	-0.0320619890502976	-0.0309201278330538	0.0167824734450845	0.00164263109700454	0.0208788552996642	0.00529092753048867	0.00346016319738783	0.029391964210357	-0.0391207593562614	-0.031725483537523	-0.0117927119224026	-0.00553565398656178	-0.0221688834369342	-0.0101098490823625
0.0524834955277736	0.0535322170258721	-0.0320768864879771	-0.0307935834318201	0.0167988684496425	0.00168227191579603	0.0208863319581845	0.00532127002358675	0.00339367793350552	0.02942107735751	-0.0391834671753308	-0.0317304120971754	-0.0118387676918528	-0.00554744453176195	-0.0222114523342493	-0.0101371964417036
0.0524175047962373	0.0534925790010487	-0.032126024004194	-0.0306889856496734	0.0167587163346966	0.00164153865549429	0.0208624072097131	0.00529236083610187	0.00339320016496779	0.0294727462087865	-0.0391702656762619	-0.0316927354379279	-0.0118335904690433	-0.005517255706907	-0.0221955462741013	-0.0101066499889374
0.0524325419323196	0.05351463458489	-0.0321159042518919	-0.0306349670712611	0.0167835658865948	0.00166873514056028	0.0208706270637366	0.00531231535596434	0.00336581369007393	0.0294517523328069	-0.039205765834393	-0.0317105553661949	-0.0118502034031097	-0.00553675201600815	-0.0222213681268833	-0.0101244699172044
0.0524216272961053	0.0535040999283314	-0.0321183699287021	-0.0306372986376046	0.0167862634627537	0.00167310909755338	0.020871827073017	0.00532026559207029	0.00338464922572961	0.0294431399262714	-0.0392039846797567	-0.0317201288977419	-0.0118264281319294	-0.00552828768977973	-0.0222487783505056	-0.0101217052858121
0.0524268324585953	0.0535020407738734	-0.032101430100373	-0.0306606366527839	0.0168019739451377	0.00168128704205597	0.0208807873285755	0.00532542605107141	0.00338741804807401	0.0294212100709927	-0.0391985783515666	-0.0317284912441362	-0.0118250451177412	-0.00553483954487319	-0.0222542796736097	-0.0101236750332922
0.0524248655050833	0.0534939494423806	-0.0320923776438686	-0.0306827425280502	0.0167967659886796	0.00166003053307897	0.0208787309680856	0.00530631530956212	0.00339955504531324	0.0294063908644188	-0.0391727173832318	-0.031720377560899	-0.0118260285944973	-0.00554096392285394	-0.0222139571266123	-0.0101174388965891
0.0524509388149904	0.0534982074496993	-0.0320624151304263	-0.0307678914985527	0.0168230181125424	0.0016720445957237	0.0208876157865066	0.00531479779658291	0.00342857878548846	0.0293647607403708	-0.0391663359601898	-0.0317456685597501	-0.0118000670433124	-0.00555232978490947	-0.0222226854828221	-0.0101225686219416
0.0524663251970798	0.0534974782240365	-0.0320457323471585	-0.030833440783136	0.0168328389102625	0.00167142712878312	0.0208979506743491	0.00531236983834145	0.0034402547779983	0.0293475806307889	-0.0391517989443897	-0.0317531033087496	-0.0117954989055394	-0.00555417659779509	-0.0222098248478561	-0.0101226496470153
0.0525074663767178	0.0535074610719038	-0.032003540635531	-0.0309481359658403	0.0168632959560509	0.00167419036319141	0.0209117333187739	0.00531549070066102	0.00345913362015886	0.0293018182279847	-0.0391319142737286	-0.0317665674408159	-0.011796557819433	-0.00557845897417772	-0.0221840169649144	-0.0101313975610015
0.0525130962223525	0.0534921473329839	-0.0319817504786552	-0.0310622667669972	0.0168600521591368	0.00165241697012388	0.0209127587050508	0.00529948405766297	0.00351002574831554	0.0292793295790946	-0.0390934273637447	-0.0317754215255882	-0.011752281807635	-0.00556898462849673	-0.0221669430261186	-0.0101182351774854
0.0525457130054489	0.0535091178949616	-0.0319571803235627	-0.0311314845316392	0.0168779838461261	0.0016737237705259	0.0209259518222155	0.00531757220686343	0.00351349585664223	0.0292582127685204	-0.0390974897932994	-0.0317975888681518	-0.011750510431887	-0.00558411117155685	-0.0221697314062394	-0.0101336746449679
0.0525366884886251	0.0534995792880153	-0.0319646402182746	-0.0311571834498267	0.0168589457477862	0.00165549033498649	0.0209137757094235	0.00530488200394892	0.00351810590393613	0.0292828499788463	-0.039082642647045	-0.0317773325997391	-0.0117522706317628	-0.00556901815611341	-0.0221480222744372	-0.0101192074783692
0.0525518667200943	0.0535191608131422	-0.0319639682689569	-0.0311503424190393	0.0168608246913045	0.00166604175535342	0.0209167498884201	0.00531395820918181	0.00350221521061244	0.0292871876142547	-0.0390962981659231	-0.031780907481868	-0.0117705306099988	-0.00557862800924516	-0.0221453163163741	-0.010132013630958
0.0525445409358491	0.0535231897150802	-0.0319874320126989	-0.0311094554904944	0.0168457875552222	0.00166139818044283	0.0209079712407853	0.00530725827378133	0.00348440645821767	0.029309835519324	-0.0390973878134653	-0.0317634675332567	-0.0117874229408709	-0.00557625313639679	-0.0221360571062335	-0.0101269118452861
0.0525260001638234	0.0535227315043189	-0.0320124324388722	-0.0310358847236198	0.0168293701989198	0.00166116348712605	0.0208988182014308	0.00530463194380783	0.00346559746525853	0.0293380993001877	-0.0391155486058353	-0.0317549179910026	-0.0117902504365445	-0.00556343441095167	-0.0221516474479911	-0.0101222962100561
0.0525207698556208	0.0535320298300123	-0.0320294868198916	-0.0309784854438586	0.0168272244314521	0.00166715375464007	0.0208948842944067	0.00531189626075581	0.00344487739814846	0.0293623285911773	-0.03913669335609	-0.0317484136333661	-0.0118060531198744	-0.00556634013773086	-0.0221658631574646	-0.0101298287479375
0.0524850825016299	0.0535230528106454	-0.0320699797989404	-0.0308643267030211	0.0167924087954949	0.00166050131669656	0.0208819510162712	0.00531047413101484	0.00342818902694452	0.0293859404152263	-0.0391422952620441	-0.0317299427105418	-0.0118215568486222	-0.00555408299986518	-0.0221647818918266	-0.0101206337990622
0.0524490850171846	0.0535154420416584	-0.0320972824547926	-0.0307601340462427	0.0167785395380604	0.00166420053040391	0.0208717027414385	0.00530997121676459	0.00340522260951669	0.0294355277603004	-0.0391790750575453	-0.0317168110606743	-0.0118254125245407	-0.00553375408828308	-0.0222043333036403	-0.0101128889196085
0.0524371938891344	0.0535192865417047	-0.0321145156497676	-0.0306726269667002	0.0167793442008608	0.0016692073211619	0.0208648184041462	0.00531070882433162	0.00337992043479328	0.0294521574581751	-0.0391953024240199	-0.0317061045750802	-0.0118457526119951	-0.00553712920169583	-0.0222210524084929	-0.0101201532365564
0.052432558696128	0.0535206416162123	-0.032114680493883	-0.0306370513714315	0.0167888353103501	0.00167612798003888	0.0208645194495642	0.00531420966630693	0.00337546405574251	0.029441643756377	-0.0392002058379598	-0.0317107174163422	-0.0118474373747334	-0.0055411385458575	-0.022237310508616	-0.0101254589818965
0.0524088337163727	0.0534981236306576	-0.0321266708077992	-0.0306284110252155	0.0167804659790356	0.00165720862534149	0.0208633026764754	0.00530510272742542	0.00338734540490453	0.0294412763495775	-0.0391835859189732	-0.031703194657349	-0.0118370982959388	-0.00553167118509665	-0.0222244233309535	-0.0101066038884644
0.0524310443654411	0.0535135169976672	-0.0320992745540171	-0.0306560671180269	0.0168058282240722	0.00167973219883229	0.0208762597033393	0.00532662047241574	0.00338736077172884	0.0294081887828635	-0.0391971827645222	-0.0317299343286376	-0.0118361441558473	-0.00554540214111235	-0.0222439880922721	-0.0101205583619247
0.0524039777998898	0.0534796555018014	-0.0320960321540871	-0.0307105592740249	0.0167827626207784	0.00163887460695202	0.0208609948588604	0.00528831097940337	0.00343166332622329	0.0294150074619064	-0.0391522767129274	-0.0317147784489129	-0.011798770642134	-0.00552137261883887	-0.0222166505118192	-0.0100908067930707
0.0524646013187887	0.0535195366018458	-0.0320594367604776	-0.0307535137389319	0.0168234930871121	0.00167388302670515	0.020881742865651	0.00531554099208605	0.00340965244587093	0.0293532104764236	-0.0391554674244484	-0.0317409914572229	-0.0118307504005135	-0.00557355835420589	-0.02219440493815	-0.0101335377405331
0.0524559931032053	0.0534925105488313	-0.0320388983012913	-0.0308593967463847	0.016825993688523	0.00165454597378325	0.0208775826472142	0.00529709800894236	0.00346358441127353	0.0293540794004893	-0.0391360912559737	-0.0317457998762488	-0.0117752091095101	-0.00554524148794908	-0.0222134290666496	-0.0101073219382551
0.0525308658591945	0.0535327157491703	-0.0319822422170332	-0.0309704905042637	0.0168785370518013	0.0016927171653768	0.0209053379258916	0.00532878719464388	0.00345794618373467	0.0292747251197368	-0.0391310453496629	-0.0317843175198814	-0.011797342924457	-0.00559649962592121	-0.0221967826049665	-0.010142911503364
0.052537122950658	0.0535164869857117	-0.0319652339364867	-0.0310854916264703	0.016874691154771	0.00167673427110723	0.0209060294329857	0.00532085092837821	0.00350043545296019	0.0292633690365695	-0.0390997543044095	-0.0317924326001027	-0.0117633026146355	-0.00558288881053196	-0.0221823000715435	-0.0101243162489612
0.0525270716505732	0.0535016300605691	-0.0319755534575049	-0.0311255613193585	0.0168466019969108	0.00165112615688159	0.0208974756997795	0.0052957792560195	0.00352060371137902	0.0292764964954849	-0.0390691254295856	-0.0317752371236965	-0.0117513374464318	-0.00557005192429447	-0.0221400035861139	-0.0101099147406119
0.0525598169562002	0.0535284521539154	-0.0319586108352078	-0.0311513328807155	0.0168660480145869	0.00167356730831471	0.0209073328190843	0.00531095609050465	0.00350473397281575	0.0292726519954386	-0.0390933323688307	-0.0317878658593137	-0.0117629380018041	-0.0055828371221229	-0.0221589355136675	-0.0101277067291983
0.0525522005992771	0.0535312070064195	-0.0319771124916807	-0.0311364410309721	0.0168475240063696	0.00166322403856802	0.0208952461132701	0.00530061282075796	0.00349888340370457	0.029295992804586	-0.0390879176587364	-0.0317702470967468	-0.0117741529895846	-0.00557634952829475	-0.0221385674865326	-0.0101241025104049
0.0525246506772519	0.0535171128345564	-0.0320060035183732	-0.0310895372922167	0.0168273054565257	0.00164995688124977	0.0208935795113241	0.00530250014618041	0.00349343935694567	0.0293267585838447	-0.0390924899874616	-0.0317551498903513	-0.0117754396118748	-0.00556368866204485	-0.0221366131058768	-0.0101163813796796
0.0525176503902853	0.0535276810187317	-0.0320164459739859	-0.0310192228951124	0.016826876582429	0.00166334138522641	0.0208961904744733	0.00531494587688993	0.0034665236656694	0.0293468039076691	-0.0391272511410417	-0.0317586186016939	-0.0117855914948096	-0.00555633912907114	-0.022172558901913	-0.0101239851637465
0.0525246031797949	0.0535460331979136	-0.0320301908998419	-0.0309594976369438	0.0168355057527728	0.00168372757315368	0.0209117486855982	0.00533108523337069	0.00342944351860207	0.02934959927271	-0.0391518590147029	-0.0317633781262789	-0.0118186483278749	-0.00557086636598306	-0.0221868179178915	-0.010130488124399
0.0524782596316349	0.0535276293303227	-0.0320811389073597	-0.0308426063953467	0.0168038249489754	0.00167135867656572	0.0209040736553459	0.0053227843542736	0.00341021263646634	0.0293989882460521	-0.0391607857426448	-0.031738151388693	-0.011829944340729	-0.00555272513138952	-0.0221896873230859	-0.0101220922503879
0.0524190917700936	0.0534978540127401	-0.0321198325709799	-0.0307290846792262	0.016767768791201	0.00164419851308447	0.0208810038610999	0.0053013462373729	0.00339965981911538	0.0294530096184325	-0.0391695280686948	-0.031703196054333	-0.0118204476433036	-0.00552150253835351	-0.0221967309165574	-0.0101036101516915
0.0524331705751324	0.0535233098557067	-0.032113800393945	-0.0306565113589479	0.0167932693376564	0.00167542110612048	0.0208859855061454	0.00532148236515908	0.00336516828345278	0.0294416297865367	-0.0392063888892697	-0.0317192474008199	-0.0118462667021175	-0.00554043725987521	-0.0222315577283868	-0.0101252270825478
0.0524000299230254	0.0534968747269362	-0.0321341111447348	-0.0306185064084538	0.0167703657845099	0.00164820366629406	0.0208746825083712	0.00529752828002313	0.00337972625401333	0.0294510915593614	-0.0391835831250051	-0.0316970674854001	-0.0118380566269823	-0.00552847209167148	-0.0222084837431888	-0.0101102220770981
0.0524377261400492	0.0535244456037218	-0.0321077919656386	-0.0306209539244716	0.0168133593649697	0.00168585517982902	0.0208961513589205	0.005329725967911	0.00336087255756528	0.0294094390835689	-0.0392141714872922	-0.0317322826587895	-0.0118525293815171	-0.00555456775332305	-0.022240301451421	-0.0101349766340824
0.0524043158700247	0.0534860508946837	-0.0321042995055675	-0.0306724914592494	0.0167952153364081	0.00165718347962897	0.0208873727112857	0.00530746921836963	0.00340944848620277	0.0294120151221174	-0.0391809288553511	-0.031727449094051	-0.0118043781360243	-0.00552420849641663	-0.0222422628169969	-0.0101030527550641
0.0524486980526087	0.0535060026205781	-0.0320712496574223	-0.03073604585064	0.0168285557572312	0.0016752800107336	0.0209003283411656	0.005326191598319	0.0034075402060199	0.0293727794286942	-0.0391765786470865	-0.0317504574209997	-0.0118192727797357	-0.00555582224498061	-0.0222301789051508	-0.0101257705093349
0.0524445587889324	0.053489994580596	-0.0320567699179673	-0.0308080003069938	0.0168314125895694	0.00166696097084414	0.020903833374093	0.00532048771253081	0.00343965547185009	0.029349551775253	-0.0391530240993827	-0.0317573683009885	-0.0117888115429952	-0.00554782451141769	-0.0222250198431337	-0.0101096367407902
0.0524890764789673	0.053504426822594	-0.0320201200419808	-0.0309066455401952	0.0168585853259069	0.00167511237265019	0.0209173715463128	0.00532709684396944	0.00344351533872072	0.0293207557434745	-0.0391475325551668	-0.0317685735098807	-0.0117945405744959	-0.00556602581632445	-0.0222082183162234	-0.0101242841183286
0.0524948767566534	0.053485036684279	-0.0319965948309415	-0.0310170519819322	0.0168530085656653	0.0016539787982677	0.0209169803907848	0.00530781846437674	0.00349822123327508	0.0292844676863513	-0.0391032425735286	-0.0317764748515457	-0.0117522398981142	-0.00556163369853899	-0.0221819438406162	-0.010105206904436
0.0525266357915563	0.0534979755503506	-0.0319745811566211	-0.0310959117303385	0.0168684508271159	0.00165795461481268	0.020925583018432	0.00531181663266618	0.00350575097718846	0.0292617331682722	-0.0390891414167454	-0.031785328936318	-0.0117555283985172	-0.00557654510605873	-0.0221531128842369	-0.0101257509515585
0.0525432571075269	0.0535096124273077	-0.0319708567972013	-0.0311208870107993	0.0168695823841789	0.00165886265443118	0.0209250605464054	0.00531214352692884	0.00349785242949157	0.0292663963009591	-0.0390876075282821	-0.031782923329821	-0.0117672490945159	-0.00558556124097839	-0.0221362233473329	-0.0101314590282987
0.0525437418609848	0.0535113712301995	-0.0319757588141571	-0.0311286053475565	0.0168564996287524	0.00164792566647239	0.0209203820468941	0.00530165357385916	0.00349896303179419	0.0292792862725897	-0.0390806631206767	-0.0317763589018713	-0.0117641938904457	-0.00558340010668637	-0.0221215899396348	-0.0101292531905178
0.0525453036891286	0.0535182080700347	-0.0319815060064502	-0.0311073963360365	0.0168501042358701	0.00165489661677439	0.0209161100697351	0.00530726106774939	0.00349256763891191	0.0292936780020509	-0.039100022525343	-0.0317784180563293	-0.0117616038820569	-0.00557701030174021	-0.0221411281582568	-0.0101310441240423
0.0525637257175119	0.0535459731276003	-0.0319846981149552	-0.0310732833830456	0.0168701579415986	0.00169312229074505	0.0209231103567017	0.00533920590152811	0.00346011709691489	0.029293928062192	-0.0391370998784423	-0.0317914672841391	-0.0117815150954145	-0.00558811492778241	-0.0221854474765596	-0.0101477143344539
0.0525148312765159	0.0535188492857038	-0.0320288539861267	-0.0310010090173494	0.01682486213146	0.00165862237317829	0.0209041001980424	0.00531534541432207	0.00344732072321423	0.029357552302784	-0.0391241470425304	-0.0317487419246128	-0.011796658402283	-0.00555815241434007	-0.0221595529806081	-0.0101243679373703
0.0524830149652678	0.0535097199950778	-0.032056803445584	-0.0309152998562515	0.0168053392796623	0.00165389637621002	0.0208974743027954	0.00531046295514261	0.00343886198492193	0.0293737475386259	-0.0391341480511901	-0.0317395874882743	-0.011796757588149	-0.00554971323382417	-0.0221634966665204	-0.0101167110679103
0.0524669873675093	0.0535234425691894	-0.0320844315987148	-0.0307844764929386	0.0167982300279415	0.00167376568004676	0.0208861182196281	0.00532351497692048	0.00338646809893466	0.0294137334124724	-0.0391758801550722	-0.0317303576147983	-0.0118341534536068	-0.00554347849410516	-0.022192734145252	-0.0101267483981548
0.0524624122448161	0.0535389393130171	-0.0321046082390378	-0.0306899439807169	0.0168037802454865	0.00169091645296412	0.0208821018905463	0.00533534603465748	0.00335075699621522	0.0294311971098122	-0.0392087749379903	-0.0317289648217219	-0.0118585769253763	-0.0055473830644647	-0.0222188116461112	-0.0101383866720959
0.0524101804089761	0.0534983080325494	-0.0321243853419286	-0.0306528135422246	0.0167758000523806	0.00166333859125836	0.0208701478982148	0.00531362432999901	0.00337818677761397	0.0294531730655638	-0.0391957173282763	-0.0317132473544177	-0.0118189877949939	-0.00551195135855095	-0.0222379852519018	-0.0101076711842622
0.0524238498976946	0.0535084682973884	-0.0321206847312373	-0.0306362830302159	0.0167957280295465	0.00167991380675599	0.0208807999014318	0.00532736087395082	0.00336653173986455	0.0294333596410882	-0.0392044442875021	-0.0317257070549675	-0.0118304193152987	-0.00552845672484717	-0.0222417054203696	-0.0101283116232826
0.0523949686498903	0.0534805258228512	-0.0321190781996045	-0.0306530719842699	0.0167917242733209	0.00165883331776658	0.020879388947563	0.00531394703330958	0.00339489330961028	0.0294241032249156	-0.0391856269126388	-0.0317245922617128	-0.0117975650449175	-0.00551171806221819	-0.0222423117114379	-0.010104420402428
0.0524152682248078	0.053492890528487	-0.032095045883363	-0.0306700327673593	0.0168048712900127	0.00166476072099932	0.0208862327723185	0.00532003089875351	0.00338649324464717	0.0293970171015879	-0.039181219428029	-0.0317302877655968	-0.0118179456449086	-0.00553688193552279	-0.0222145466538723	-0.010121604702962
0.0524151369083091	0.0534764871420249	-0.0320812967665549	-0.0307488422243407	0.0168046058630473	0.00165137482003865	0.0208850509238304	0.00530807550943798	0.00342764560015745	0.0293764115871682	-0.0391577249506384	-0.0317370799019432	-0.0117801460510666	-0.00552954776937339	-0.022202943304532	-0.0101072073855647
0.0524893069813319	0.0535289760229261	-0.0320348652084011	-0.0308117330483178	0.0168638226190296	0.0017061435788743	0.0209139587143312	0.00535021553265637	0.00340360210804368	0.0293170746905595	-0.0391832660096307	-0.0317843021530571	-0.0118083246159046	-0.00557162911926259	-0.0222315912560035	-0.0101473888371752
0.0524719620276346	0.0534883405515063	-0.0320202471675273	-0.0309541136604981	0.0168492269299003	0.00165802027306202	0.0209131987550198	0.00531961599449706	0.00346679048961884	0.0293132525422576	-0.0391241456455464	-0.0317702876092836	-0.0117577873216912	-0.00554585755790563	-0.0221972813282646	-0.0101106872727796
0.0525139413976898	0.0535068282381389	-0.0319793406812061	-0.0310595440451257	0.0168757612445368	0.00167351282593761	0.0209390625173226	0.00533162167523761	0.0034821936355166	0.0292645061815686	-0.0391152692090296	-0.0317986044755405	-0.0117567339957337	-0.00557171573227236	-0.0221822134585337	-0.0101240061185069
0.0525144373270198	0.0534969529580418	-0.0319708204756165	-0.031127355046851	0.016870177499375	0.00166455396736311	0.0209367421268513	0.0053234227759746	0.00350522012325765	0.0292614705352748	-0.0390949249306232	-0.0317952251711756	-0.0117434975720641	-0.00556303906447161	-0.0221590752120704	-0.0101190398402858
