0.0525730519828858	0.0536346704375351	-0.0316702034825329	-0.0311228539643114	0.0168101267439278	0.0014770088615428	0.020972267430695	0.0051476793912267	0.00350766484530745	0.0292680279783044	-0.0391910737533657	-0.0319679510704221	-0.0119205373579904	-0.00554655744690388	-0.0220284655873138	-0.00994285500858486
0.0525933278090749	0.0536373330890933	-0.0316516934441559	-0.0312154097441327	0.0168131917268862	0.00147111079497466	0.0209739019020083	0.00514517878981576	0.003524923185995	0.0292473330569068	-0.0391623713195171	-0.0319708092997443	-0.0119187240727215	-0.00555077913263788	-0.0219939964033957	-0.00994251693844997
0.052607571458229	0.0536439100898993	-0.0316530066091426	-0.0312582971538063	0.0168008144483941	0.0014623992025732	0.0209703312108315	0.00513841179918191	0.00352875092223297	0.0292512502001226	-0.0391482394290852	-0.0319645005198718	-0.011922674743554	-0.00555066178597948	-0.0219637489052116	-0.00994231018481376
0.0526233028953735	0.0536540535909299	-0.0316384151109654	-0.0312891020486178	0.0168102426936022	0.0014739061600156	0.0209726963047917	0.00514529194552206	0.00353073603653741	0.0292546434743277	-0.0391640239516227	-0.0319753676586291	-0.0119157945972138	-0.00555202943334334	-0.021978840523671	-0.00995129977703688
0.0526194793500876	0.0536546780427907	-0.0316539956738348	-0.0312791345675748	0.0167922034388427	0.00146141013788106	0.020964804742015	0.00513297473734316	0.0035310252122313	0.0292789384235666	-0.0391552634647803	-0.031963969665941	-0.0119225238692789	-0.0055454147139686	-0.0219706611821844	-0.00994455094719541
0.0526063490972041	0.0536517625371233	-0.0316806710838582	-0.0312265730435041	0.016775183982424	0.0014596792746698	0.0209543343467217	0.00513157915029873	0.00351460925291291	0.0293036943775349	-0.03916300694725	-0.0319496296248889	-0.0119320331395606	-0.00553889778347585	-0.0219643454173917	-0.00994203497896015
0.0526057903035927	0.053670403891999	-0.0316970549125439	-0.0311379930802277	0.0167698419154992	0.00146996107711924	0.0209472264919849	0.00513017099039805	0.00347911468271788	0.0293281248342246	-0.0391936735406427	-0.0319439075783083	-0.0119577823491731	-0.00553713199566388	-0.0219829867722674	-0.00995010395870852
0.052570506677986	0.0536514146881002	-0.0317182569391438	-0.0310945762136073	0.01675456310118	0.00145783385876821	0.0209408883754478	0.00512293880408273	0.00348813221462157	0.0293593823518613	-0.0391988493664681	-0.0319322301888144	-0.0119334315205731	-0.00551796677177748	-0.0220066474907574	-0.0099437015809061
0.0525669122380808	0.0536752681903861	-0.0317523615102305	-0.0309812933817558	0.0167487334868292	0.00148052507034243	0.0209391044268435	0.00513659991089701	0.0034367497450709	0.029382051211691	-0.0392262931177071	-0.0319219665471574	-0.0119750015743079	-0.00552895963909741	-0.0220152263696762	-0.00996484214020874
0.0525271903942156	0.0536588368642434	-0.0317840367260917	-0.030887195331567	0.0167327491955756	0.00148110342173021	0.0209298927141598	0.00514093335535328	0.00341940199740553	0.0294242485112546	-0.0392521345282655	-0.0319103687857531	-0.0119750043682759	-0.00550542604615403	-0.022052578928629	-0.00994761173920175
0.0524816249661595	0.0536324492329299	-0.0318149617615297	-0.0308104296622192	0.0167030758578272	0.00145500636309461	0.0209107246963054	0.00512433578811118	0.00341538846229177	0.0294569588922809	-0.0392432958103175	-0.0318827993059515	-0.0119742569818207	-0.00548462914492239	-0.0220413932775132	-0.00992779831472615
0.0524833879600034	0.0536386602239204	-0.0318087284187947	-0.0307748931825034	0.0167172440698438	0.00146689469717678	0.0209156839896064	0.00513027855816824	0.00341060239501028	0.0294346937608354	-0.0392561732090918	-0.0318944697105252	-0.0119755561769672	-0.00549605368030711	-0.0220536001239538	-0.00993797115242137
0.0524882382885502	0.0536374085262309	-0.0317908693749749	-0.0307927745780676	0.0167417192300223	0.00148334558109588	0.0209306596583914	0.00514659533162061	0.00341712910439123	0.0294111350221795	-0.0392689137034313	-0.031914586280535	-0.0119651179123065	-0.00549878059313066	-0.0220850043249135	-0.00994018397512245
0.0524921763865264	0.0536345963973816	-0.0317761800879157	-0.0308246886781977	0.0167500159181673	0.00148274627494768	0.0209361400267351	0.00514248680159292	0.00343085726643887	0.0293965211722578	-0.0392569960326846	-0.0319190747902185	-0.0119644208172763	-0.00550326910281409	-0.0220805297850704	-0.00994038094987046
0.0525088885064588	0.0536357517031731	-0.0317570539795821	-0.0308854700562918	0.0167609612880303	0.001475005586446	0.020938345864516	0.005135617831125	0.00344794936602704	0.0293756600097609	-0.0392339807208157	-0.0319233286065851	-0.0119650536510412	-0.00551807294256365	-0.0220519935923211	-0.00994322660633643
0.052519895343619	0.053631179374448	-0.0317371287963842	-0.0309525155107695	0.016770716427501	0.00147573062115677	0.0209496656260986	0.00514231078160534	0.00347435655511696	0.0293438856080336	-0.0392218562964328	-0.0319409320023277	-0.0119405240084856	-0.00551837608809782	-0.0220550683541677	-0.00994133928091398
0.052546794271087	0.0536357489092051	-0.0317056477613029	-0.0310549661284645	0.0167862383170412	0.00147084536800925	0.0209581914196243	0.00513554798192358	0.00348589983414409	0.0293293891047703	-0.0392078543255155	-0.0319486782787655	-0.0119331158021827	-0.00552053442842179	-0.0220391664849718	-0.00993869199618006
0.0525504054748005	0.0536172542376523	-0.0316810259178014	-0.0311763905832339	0.0167861838346641	0.00144993670805534	0.0209633448937052	0.00511902026388291	0.00354514452980692	0.0292946894184875	-0.0391648146445828	-0.0319522643367665	-0.0118849352200252	-0.00552130416662147	-0.0220152598972928	-0.00992998459473069
0.0525876867875679	0.0536346872013434	-0.0316569321342626	-0.0312469117339744	0.0167978500482857	0.00145592557858534	0.0209701831305245	0.00512456209952379	0.00354717714156832	0.0292692740880578	-0.0391543554251618	-0.0319648944693678	-0.0118986605881048	-0.00553970104929221	-0.0219865840061407	-0.00993930666915258
0.0526022978435216	0.0536435538589721	-0.031656313270338	-0.0312768477047202	0.0167936632871524	0.00145882432044438	0.0209676727502254	0.00512281167853614	0.00354468911301364	0.0292762184956632	-0.0391507637792246	-0.031961369878664	-0.0119074741603403	-0.00554107149062413	-0.0219696260170193	-0.00994626504659832
0.0526549110560013	0.0536899532864932	-0.0316306339099269	-0.0312904627110616	0.0168303397058355	0.00149854057637341	0.0209811704099083	0.00515504010007263	0.00351225393784093	0.0292549368409737	-0.0391834224718419	-0.0319920616177692	-0.0119355730970887	-0.00556968451749498	-0.0219979037677233	-0.00997740382059262
0.0526046391887533	0.0536538971287187	-0.0316681652828354	-0.0312814354002697	0.0167750386960851	0.00145188969172712	0.0209547031505052	0.00511690523006382	0.00354057080409775	0.0293087793993985	-0.039151372864261	-0.0319536864665075	-0.0119070997686207	-0.00552920830225448	-0.02197457134048	-0.00994088386412071
0.0526092562209673	0.0536695559226937	-0.0316801332450072	-0.03122185542844	0.0167778228852538	0.00147338229100493	0.0209548051303393	0.00513120056762702	0.00350850862366064	0.0293217783357833	-0.0391841950040096	-0.0319512375535056	-0.0119270920070519	-0.0055369070812353	-0.0219887297736084	-0.00995615988447188
0.0525867033108119	0.0536668737133591	-0.0317053013092639	-0.0311381928489438	0.0167548899954426	0.00146446394496726	0.0209434280924115	0.00512545616930201	0.00348112773670289	0.0293599551153129	-0.0391931357017917	-0.0319286846433502	-0.0119532658998091	-0.00552823460438664	-0.021983700631106	-0.00995238243965893
0.0525788257178754	0.0536690097019386	-0.0317182974516806	-0.0310682193159424	0.0167513486409305	0.00147229962838288	0.0209430383338676	0.00512982733232705	0.00346692460008557	0.0293657344382387	-0.039212591498356	-0.0319288061809607	-0.0119577683793328	-0.0055291161013086	-0.0220056821747937	-0.00995652729127136
0.0525462648141402	0.0536626450427049	-0.0317651634718673	-0.0309430886625455	0.0167285107460333	0.00147226051283008	0.0209322480292318	0.00512949764409633	0.00343074271374854	0.0294167914105107	-0.0392344682682417	-0.0319079911189367	-0.0119806509777189	-0.0055140007341207	-0.0220217698428655	-0.00995182783699964
0.0525301981008289	0.0536683712802376	-0.0317833088974129	-0.030850525897804	0.0167350192946219	0.00148842501502335	0.0209327886620508	0.00513971658226449	0.00340421538403218	0.029432173601648	-0.0392726632085637	-0.0319121220007088	-0.0119925155630726	-0.00551039791231131	-0.0220626246407777	-0.0099467498000562
0.0524828137995677	0.0536317605198038	-0.0318085426199189	-0.0308007695176625	0.0167061198860252	0.00145737983895896	0.0209190884396837	0.00511743329002658	0.00342055590621303	0.0294582594844114	-0.0392522323171475	-0.0318846503097892	-0.0119745880670354	-0.0054900787796174	-0.0220497486389874	-0.00993280091453206
0.0525061699755394	0.0536524791899299	-0.0317876674875817	-0.0307869798883176	0.0167445858412487	0.00149673986396073	0.0209466690953575	0.00515241237311511	0.00340173434039764	0.0294188072584638	-0.039284755502314	-0.03192130856768	-0.01198482656298	-0.00551600820016959	-0.0220872562631674	-0.00995079546580261
0.0524807392782854	0.0536248356699748	-0.0317927357456369	-0.0308001841813545	0.016730263960989	0.00147613714350905	0.020939767994257	0.00513556474573192	0.00342415872802242	0.0294184328667441	-0.039256184384964	-0.031908696595871	-0.0119676548353022	-0.00550116105391515	-0.0220696375006005	-0.00993364608986927
0.0524948683747492	0.0536298676064453	-0.0317752315357604	-0.0308199179777405	0.0167405038539176	0.00147520116420998	0.0209454928348056	0.00513438289724385	0.00342628493771373	0.0293946757563562	-0.0392495431228927	-0.0319128959298606	-0.011977755029828	-0.00551700564676591	-0.0220479982179997	-0.00994092996459365
0.0525149597990465	0.0536291495566546	-0.0317450147712248	-0.0309072713890399	0.0167626739904492	0.0014841614197685	0.020948999264717	0.00513961041147833	0.00345656875748262	0.0293579043427592	-0.039237431271366	-0.0319335517357053	-0.0119512710066165	-0.00552340103964818	-0.0220560923434606	-0.00993999398529458
0.0525010821597078	0.053607761731179	-0.031742173305711	-0.0309648466887887	0.0167475670051655	0.00145644805061198	0.0209471468638953	0.00511864726914731	0.00348578528145376	0.0293558507762373	-0.0392026938665144	-0.0319256140724557	-0.0119283129710928	-0.00550956251586229	-0.0220242606653882	-0.00992282505158485
0.0525538434524946	0.053626123689249	-0.0316911778007362	-0.0310750743165701	0.0167888171495577	0.00147465354647083	0.0209640112550868	0.0051323824161151	0.00349399954754109	0.029309146806198	-0.0392046049406654	-0.031949832187573	-0.0119243231847075	-0.00553775924149266	-0.0220184827394465	-0.00994172345152181
0.0525870707176114	0.053632752378464	-0.0316583305152751	-0.0311920954776818	0.0168008996644198	0.00147784006703974	0.0209651414151658	0.00513223852676016	0.00353015489118157	0.0292689709425236	-0.0391734787395273	-0.0319731771876725	-0.0119025176610074	-0.00554286521811667	-0.022011831698487	-0.00994077210539843
0.0525869435920648	0.0536219187673233	-0.031658032957677	-0.0312785450403148	0.016778376090929	0.00145670230170516	0.0209596051674611	0.00512102493596374	0.00355984499273836	0.0292782986048816	-0.0391422240158587	-0.0319591333072344	-0.0118887867049917	-0.00553224115458026	-0.0219765313090719	-0.00992721996333837
0.0526209839018862	0.053651600486976	-0.0316439304039097	-0.0312910634141938	0.0167941997290194	0.00147252593979549	0.02096338121529	0.0051304336233954	0.00353700011292101	0.0292761067369409	-0.0391575810612835	-0.0319624427623979	-0.0119137550005323	-0.00555184503145159	-0.021971771784487	-0.00995384228796867
0.0526163151812631	0.0536528996821224	-0.0316583891886043	-0.0312788342160087	0.0167730577727327	0.00146678433543853	0.0209518058056302	0.00512440144636052	0.00353199611613108	0.0293016575748214	-0.0391592322964051	-0.0319537004363478	-0.011912366398408	-0.00554216393213438	-0.0219696232230512	-0.00994460822354057
0.0526212479318676	0.0536659237642197	-0.0316754058510549	-0.0312353000027299	0.0167782810960151	0.00148389878677115	0.020962840582471	0.00514506982506154	0.00350420591285299	0.0293149945813411	-0.0391839379589484	-0.0319570601829362	-0.0119363121016398	-0.00554778120491281	-0.0219859469814237	-0.00995471819695451
0.0525897180023453	0.0536587572361538	-0.0317036724258867	-0.0311653753641695	0.0167585528875652	0.00147418415983726	0.0209633630544976	0.00513676335802834	0.00348843396317172	0.0293530009288193	-0.0391994193359517	-0.0319395503851235	-0.011944618568673	-0.00552933263383301	-0.0219986120386257	-0.00994219283815537
0.0525764061415382	0.0536597951952869	-0.031722639278041	-0.0310922306774236	0.016744011680813	0.00147484213931467	0.0209476595570337	0.00513438150025982	0.00347167993371843	0.0293719426352611	-0.0392094678420684	-0.0319281188648187	-0.0119575728015688	-0.00553142391892361	-0.0219954953672582	-0.0099437700331235
0.052564274732235	0.0536750223211971	-0.0317527414898862	-0.0309708551170951	0.0167401727687028	0.00149860763160677	0.0209405125867441	0.00515157557968206	0.00343218998920202	0.0294002231799332	-0.0392466779086504	-0.0319304378583059	-0.0119836516994121	-0.00552790910710801	-0.0220345159251411	-0.00995578968370434
0.0525247638329582	0.0536604559687324	-0.0317888772757503	-0.0308706229100374	0.0167145646544772	0.00148518121810928	0.0209232640249448	0.00513716568942853	0.00341310858435733	0.0294447101363194	-0.0392577126854912	-0.0319034076143393	-0.0119894114645614	-0.00550449984574316	-0.0220441872455701	-0.00994449506783427
0.0524895277048084	0.0536380497418999	-0.0318036615577235	-0.0308113111591412	0.0167061059161849	0.0014739061600156	0.0209180462895985	0.00512969042789226	0.00341312115721359	0.0294592289913272	-0.0392629751243264	-0.0318920403552998	-0.0119786700543666	-0.00548939984537957	-0.0220588374170765	-0.00993078087562691
0.0524955989973961	0.0536432716681983	-0.0317981490587472	-0.0307821058110423	0.0167205367611988	0.00149262853996498	0.0209334159078796	0.00514653526130739	0.00340354622868255	0.0294382993766128	-0.0392751205034698	-0.0319058397635329	-0.0119891390526758	-0.00550471917223563	-0.0220755202003444	-0.00994323917919268
0.0524849204514826	0.0536260440611594	-0.0317900074358293	-0.0307916220662441	0.0167263314509489	0.00148925901448834	0.0209384729900626	0.00514815017484429	0.00341421359872384	0.0294284031417552	-0.0392722091887545	-0.0319099916000654	-0.0119765494326114	-0.00549890213074114	-0.022083360074712	-0.00993315295450723
0.052485727908251	0.0536216212097253	-0.0317802592812788	-0.030819938932501	0.0167338220793095	0.00147817534320657	0.0209349889118956	0.00513273026513818	0.00342691218354251	0.0294115303686595	-0.0392546379236445	-0.0319119781113539	-0.0119685223623839	-0.00549941342689555	-0.0220667722863582	-0.00992398594531249
0.0524997508339287	0.0536180533125166	-0.0317578097479415	-0.0308979828422347	0.0167439781531964	0.00147492037042026	0.0209362042880004	0.00513077169353028	0.00346109638271885	0.0293907739799647	-0.0392360105386091	-0.0319242855406446	-0.0119407084103773	-0.00550892688812934	-0.022055766846182	-0.00993405820015767
0.0525113849169177	0.0536172151220995	-0.0317345304060913	-0.0309710618707313	0.0167584509077312	0.00148025126147285	0.0209457373070106	0.00513190045662528	0.00348614151238102	0.0293606773560557	-0.0392246223248091	-0.0319401664550801	-0.0119183454900498	-0.00550889336051266	-0.0220657692518257	-0.00992836968119379
0.052542722062644	0.0536234289070581	-0.0317065236702888	-0.0310613629183308	0.0167736277422163	0.00147061765961261	0.0209467654872555	0.00512389853211028	0.00349204237291722	0.0293415219110575	-0.0391999683506749	-0.0319350926090887	-0.0119294319552996	-0.00552306436649732	-0.0220250220216837	-0.00993415878300772
0.0525616428143254	0.0536204896526622	-0.031668536880587	-0.0311793466014381	0.0167818867117926	0.00146682903892744	0.0209554714917209	0.00512245684459291	0.00353722642433362	0.0292983718683865	-0.0391749679245016	-0.0319560026660267	-0.0118935462295766	-0.00552725531858269	-0.0220158913340737	-0.00992882789195513
0.0526049828468243	0.05364561301343	-0.0316454028250757	-0.0312454407097925	0.0167994998864233	0.00148345873680219	0.0209627805121577	0.00513340919937601	0.00353521476733264	0.0292717509407402	-0.0391694470436212	-0.0319718053493566	-0.0119095724303511	-0.0055515069613167	-0.0219954394878971	-0.0099480950956756
0.0526275245811074	0.053659996360987	-0.0316362274339768	-0.0312947374821886	0.016807535338555	0.00149274588662337	0.0209675302578545	0.00514164581720779	0.00353457774261567	0.0292732820352354	-0.0391712240073054	-0.0319820759759338	-0.0119115058562465	-0.00555212163428922	-0.0220020220766392	-0.0099549235536067
0.052605216143157	0.0536420465132054	-0.031649639877634	-0.0313051771438333	0.0167822317668476	0.00146650354164881	0.0209585434595994	0.0051205220217135	0.0035502002150059	0.0292988733856527	-0.0391506617993905	-0.0319613126023188	-0.0119005996019363	-0.00553564979560969	-0.0219828233251361	-0.00993827290097152
0.0526448876955971	0.0536858754901142	-0.0316452840814333	-0.0312754297659313	0.0168070841127138	0.00150456576848814	0.0209698059448368	0.00515131993160485	0.00350198470824774	0.0292941096701157	-0.0391905848089558	-0.0319749499604046	-0.0119409919981351	-0.00556495572655865	-0.0219984052849895	-0.00996903169531008
0.0525795088430654	0.053642669568082	-0.0316961119483247	-0.0312160858844025	0.0167487460596855	0.00145753769815418	0.0209369041769986	0.00511224908229698	0.00352062606312347	0.0293485808713533	-0.0391643215092208	-0.0319308052651054	-0.0119187296606576	-0.00552018518241467	-0.021973639552133	-0.00992694336050074
0.0525906302329159	0.053670353600574	-0.0317049730180172	-0.0311357411419739	0.016755352397156	0.00147621397763061	0.0209397554214007	0.00512205171922466	0.00347796915581455	0.0293647314037062	-0.0392053020356956	-0.0319346818957844	-0.0119504789166723	-0.00552694518812838	-0.0220004937761121	-0.00993844193603896
0.0525630872958109	0.0536616308323003	-0.0317297443388098	-0.031059951964462	0.0167401252712459	0.00147862237809567	0.0209331560688503	0.00513089742209285	0.00347311323933163	0.0293819813624896	-0.0392121696091794	-0.0319282054778284	-0.0119476234813182	-0.00552350860741837	-0.0220142903903771	-0.00994712000082374
0.0525448440813832	0.0536698744350522	-0.0317671206464911	-0.0309292655055839	0.0167275370481654	0.00148503313780226	0.0209264687063061	0.0051390739696114	0.00341946486168681	0.0294277088406931	-0.0392481154052157	-0.0319091883342491	-0.0119896042483573	-0.00551866246982366	-0.0220245093285453	-0.0099535391424345
0.0525121546551174	0.053658620331719	-0.0317957197035217	-0.030838349785012	0.0167162158895988	0.00148180331072847	0.0209219201263094	0.0051336983750699	0.00340722728159753	0.0294529551360554	-0.0392654715347852	-0.0318974424925378	-0.0119901518660965	-0.00550416736354439	-0.022049777975652	-0.00994351438504629
0.0524865660986681	0.0536442299992418	-0.031802510442884	-0.0308051756052882	0.0167150354380948	0.00147315737657635	0.0209149952764804	0.00512751113280787	0.00341816147558826	0.0294601565887221	-0.0392690212712015	-0.0318953819410958	-0.011971081637124	-0.00549077447766358	-0.0220714326250771	-0.00993443538584535
0.0524925409993578	0.0536493555336422	-0.0318033751759976	-0.0307817886956678	0.0167277829173545	0.00148268620463445	0.0209207466597255	0.00513574355968756	0.00341269228311685	0.0294401587623547	-0.0392695283764039	-0.03190422624698	-0.0119847092163216	-0.00550475968477246	-0.0220703080529342	-0.00994301147079605
0.0524713333848218	0.053625778634194	-0.0317930668308517	-0.0307989059409685	0.016723786146049	0.00147191685475908	0.0209186721384432	0.00512515302376783	0.00343609875051364	0.0294305964066799	-0.0392540791300331	-0.0319049373118505	-0.0119558265715333	-0.00549270790355896	-0.0220761600190294	-0.00992765163140317
0.0525014328026989	0.0536426011158646	-0.031759748761773	-0.0308304079308102	0.0167518515551807	0.00148469367068334	0.0209307784020339	0.00513500176116845	0.00343141885401831	0.0293943781987581	-0.0392566803142941	-0.0319233411794414	-0.0119668320117095	-0.00551810786716436	-0.0220718768659981	-0.00994516142921584
0.0525166110341681	0.0536366569488236	-0.03174369881227	-0.030911006924332	0.016762470030781	0.00148225872752174	0.020938982889233	0.00513536078606376	0.00345956109727157	0.0293667751913399	-0.0392377022862676	-0.031934515654685	-0.0119453505883039	-0.00552145923184863	-0.0220588667537411	-0.00994607645375448
0.0525480333959202	0.0536500414528002	-0.0317146233836857	-0.0309829837324302	0.0167855998953402	0.00149857131002203	0.0209599669863244	0.00515377443254285	0.00346434017963292	0.0293341821569719	-0.0392362312620856	-0.0319613419389834	-0.0119425161077101	-0.00553460624854043	-0.0220673422558418	-0.0099548648802775
0.0525251549884862	0.0536041854520661	-0.0317024989593028	-0.0311045227398899	0.0167636155576844	0.00144292524521652	0.020950276108119	0.00511118178649924	0.00352986292151963	0.0293297886422025	-0.0391763858632905	-0.0319364770202609	-0.011891454944486	-0.00551146241414099	-0.0220139788629387	-0.00992020989748358
0.052588965027954	0.0536419557092435	-0.0316602807049788	-0.0311830933126024	0.0167992176956496	0.00147074897611129	0.0209707908185769	0.00513451281675849	0.00351964398335147	0.0292700605900658	-0.039179452243233	-0.0319678183569394	-0.011914772004905	-0.00554977749508947	-0.0219946040914481	-0.00994609740851491
0.0526208148668188	0.0536580028647784	-0.0316420654302317	-0.0312604540971463	0.0168100792464708	0.00148212461705501	0.0209789254565746	0.00514195455067808	0.00353198074930677	0.0292527365911289	-0.0391740221663144	-0.031987042254155	-0.0119064362012072	-0.00555905486602245	-0.0219957454273993	-0.00995179850033504
0.052608501849592	0.053643745245784	-0.031641883822308	-0.0313051324403444	0.0167981462088998	0.00147086213181759	0.0209774306836642	0.00513176494917452	0.00354930614522769	0.0292766781034086	-0.0391642293082749	-0.0319770705821598	-0.0118854451191956	-0.00554367407186914	-0.021997396662521	-0.00994160331089536
0.0526316470809754	0.0536688797824239	-0.0316474829342941	-0.0312835741828172	0.0168011972220179	0.00148142333107273	0.0209782912258257	0.0051355982733486	0.00352247287600909	0.0292802655583937	-0.0391699401789832	-0.0319705550486511	-0.0119260023595097	-0.0055650758671851	-0.021972999733448	-0.00996414504517854
0.0526034657221694	0.053653662435402	-0.0316735855808658	-0.031262648759055	0.0167727029387895	0.00146341201599384	0.0209629174165925	0.00512270550774998	0.0035312165990432	0.0293155855055851	-0.0391674549443966	-0.0319533400144684	-0.0119089661392827	-0.00553581324274102	-0.0219814668536445	-0.00994239260687144
0.0525998670913121	0.053667408758242	-0.0316986865898891	-0.0311745381824122	0.0167593365956052	0.00146935758001895	0.0209548260850997	0.00512402426067284	0.00349319628172472	0.0293400606657637	-0.039187012720795	-0.0319396383951173	-0.0119408844303649	-0.00553740021659735	-0.0219813327431777	-0.00994858404008556
0.0525832541572457	0.0536634692632817	-0.0317137572535881	-0.0311283203628147	0.0167557100250673	0.00147232477409539	0.020950372500017	0.00512750554487175	0.00348315476052818	0.0293693805665529	-0.0392080513002636	-0.0319353971516069	-0.0119374925531438	-0.00552605111835016	-0.0220113120204284	-0.00994478983146427
0.0525703558037109	0.0536755154565591	-0.0317374738514392	-0.0310287894417393	0.0167512829826812	0.00149293168549915	0.0209492758675546	0.00514471499111831	0.00345534779344175	0.0293785210330511	-0.039231834953348	-0.0319377007782699	-0.0119594880666719	-0.00553105930609218	-0.0220367497026026	-0.00995484951345319
0.0525223316837647	0.0536554086654375	-0.0317823240236728	-0.0309122153155166	0.0167177651448864	0.001474613033934	0.0209298396287667	0.00513120196461105	0.00343132944704049	0.0294462789493834	-0.0392437833577434	-0.0319038057547874	-0.0119741633838908	-0.00550644025655869	-0.022042953708673	-0.0099430827169815
0.052479146716493	0.0536334578553984	-0.0318108909500707	-0.0308215803887344	0.016695702576125	0.00145529972974059	0.0209170306822098	0.00511723072734245	0.00342594127964273	0.0294741054742462	-0.0392520325484315	-0.031886015163185	-0.0119684427342943	-0.00548583334515492	-0.0220528122249618	-0.00992030768636557
0.0524973089058469	0.0536534081843088	-0.0317953662665625	-0.0307934493213534	0.0167255323760846	0.00148204498896539	0.020932600069207	0.00514022089349877	0.00341010646568018	0.0294462901252556	-0.0392748634584085	-0.0319045768899711	-0.011981193007522	-0.00550922304874337	-0.0220802475942966	-0.00994859242198973
0.0524769995520412	0.0536350657840152	-0.0318031586434732	-0.0307863330847124	0.0167194387317525	0.00147076573991963	0.0209290321719983	0.00512958984504221	0.00342057546398943	0.0294433257251472	-0.0392632321693876	-0.0318999864004536	-0.0119711486923574	-0.00549363550095385	-0.0220762158983905	-0.00993108262417705
0.0524891798557854	0.0536377242446213	-0.0317844516303482	-0.0308064063482173	0.016738905704189	0.00148305780238602	0.0209368315338292	0.00513537754987211	0.00342567026474121	0.029417932746462	-0.0392621606826378	-0.0319127729952661	-0.0119719547521418	-0.00550420927306524	-0.0220797488709985	-0.00994297514921131
0.0524789441538089	0.0536178996442735	-0.0317761577361712	-0.0308554446785682	0.0167263230690447	0.00145185616411044	0.0209290098202538	0.00511137317331114	0.00345604768244	0.0294130167596658	-0.0392297045527046	-0.0319050825981894	-0.0119490651688355	-0.00549575891667711	-0.0220496843777221	-0.00992357243804007
0.0525259526663664	0.0536400753687412	-0.0317350947876388	-0.0309313260570259	0.016767475424555	0.00148838170851847	0.0209520796144998	0.00514510474966225	0.00346349360731168	0.0293546367971166	-0.039239737691997	-0.0319442400605071	-0.0119439661771317	-0.00552561805330134	-0.0220725250665873	-0.00994469204258228
0.052546306723661	0.0536417657194156	-0.0317144278059218	-0.0310124489195584	0.0167808557375796	0.00148392532946769	0.0209579273896429	0.00513955313513316	0.00347454933891288	0.0293415079412172	-0.0392221328992704	-0.0319472435761683	-0.0119459638642924	-0.00552897919687381	-0.0220527298029041	-0.00994246525004092
0.0525541857135815	0.0536249236799686	-0.031685918155869	-0.0311338747713119	0.0167791458291287	0.0014617412230958	0.0209573574201593	0.00512083354915184	0.00352809294275557	0.029304974014905	-0.039178424062988	-0.0319506522171977	-0.0119041996297776	-0.00552798454424555	-0.0220206885772274	-0.00992951241412907
0.0526007611610903	0.0536505108394338	-0.0316493115863873	-0.031224404924292	0.0168055600031388	0.0014798852516574	0.0209682371317729	0.00513218264739903	0.00353432349152249	0.0292644447142714	-0.0391726852525991	-0.0319743506542564	-0.0119082732352046	-0.00555286762376042	-0.0220077301533795	-0.00994628181040666
0.0526137712733473	0.0536551166957756	-0.0316535793725943	-0.0312602557254142	0.0167921950569385	0.00146933662525852	0.0209617565228649	0.00512241633205609	0.00353930932752005	0.0292736326782266	-0.0391560318059959	-0.0319644027309898	-0.0119158714313354	-0.00555411792446589	-0.0219746258228571	-0.0099486496983349
0.0526078452670986	0.053647871936604	-0.0316473013263704	-0.0312855383423613	0.0167881465972241	0.00146493053763277	0.0209617984323857	0.00511975368049785	0.00355282933894745	0.0292844481285749	-0.0391591861959322	-0.0319682276732597	-0.0118943718471374	-0.00553722279962573	-0.0219943652071792	-0.00994141052709943
0.0526341197427058	0.0536752192959451	-0.0316474466127094	-0.0312686292476808	0.0167968973051783	0.00148373953059191	0.0209678669310054	0.00514064138569133	0.00351951406383682	0.0292911648277837	-0.0391742847993117	-0.0319693564363547	-0.0119308834217052	-0.00555998805135346	-0.0219896154614825	-0.0099689590521406
0.0526003783874665	0.0536558948158794	-0.0316878264360519	-0.0312245865322157	0.0167612113481714	0.00146068230920223	0.0209540186283313	0.00512630134463922	0.00351800392410206	0.0293328829618255	-0.0391684859186096	-0.0319444691658877	-0.0119291972619828	-0.0055365536442761	-0.0219745853103203	-0.00994366945027345
0.0526139123687342	0.0536816104978753	-0.031694409024794	-0.0311474618379726	0.0167744100532723	0.00148946018018844	0.0209622328944186	0.00514636203528786	0.00347565854423148	0.0293431759401472	-0.0392130888246702	-0.0319538233709423	-0.0119582433539025	-0.00554610901503074	-0.0220117227337328	-0.00996196435311012
0.0525742198615336	0.053659061778672	-0.0317240879504786	-0.0310947522335949	0.0167477039096002	0.0014718735482542	0.0209479096171748	0.00512844012718679	0.00347852375847384	0.0293811780966733	-0.0392087483952938	-0.0319327414849688	-0.0119487396715569	-0.00552652469593581	-0.0220097292375242	-0.00994358702821577
0.0525759158001442	0.0536842270489606	-0.0317531480122385	-0.0309715969156142	0.0167481034470324	0.00149648002493143	0.0209463869045838	0.00514663165320535	0.00342979416159322	0.02939800616628	-0.0392472632449583	-0.0319310902498472	-0.0119893555852003	-0.00553336712370719	-0.0220374034911279	-0.00996232058403737
0.0525009382703529	0.0536392902637172	-0.0318022422219506	-0.0308784222718683	0.0166989645338314	0.00146043923398128	0.0209206949713165	0.0051166928884915	0.0034427483944891	0.029466437428914	-0.039243517930778	-0.0318933032288615	-0.0119614480352638	-0.00548617001830578	-0.0220527689184569	-0.00992833335960905
0.0525207111822917	0.0536679815216937	-0.0318015800515211	-0.0308036864203139	0.0167265158528406	0.00149156683210335	0.0209315495372176	0.00513925976848719	0.00339772359925194	0.0294531968142923	-0.0392810325398782	-0.0319045768899711	-0.0119981132780747	-0.00551072061562188	-0.022073050332582	-0.00995574498021543
0.0524735601773632	0.0536304864703699	-0.0318281003963173	-0.0307735674446604	0.0166918371213182	0.0014491096935105	0.0209120029366914	0.0051019211793746	0.0034279766853722	0.0294726987113295	-0.0392477172647676	-0.031878503580064	-0.0119731128519014	-0.0054843790847813	-0.0220493910110761	-0.00992482134176151
0.0524897651920933	0.0536393601129186	-0.0318006077506373	-0.0307847209651436	0.0167285833892028	0.00147499301358974	0.0209338852945131	0.00512514464186366	0.00342647911849369	0.0294374053068346	-0.0392720136109905	-0.0319074043856447	-0.0119660944041424	-0.00549922064309962	-0.0220870313487388	-0.00993852296111261
0.0524803662835498	0.0536226968874272	-0.0317930863886281	-0.0308015183011017	0.0167203691231154	0.00145770393925356	0.0209303648947614	0.00510948724487272	0.00344298588177393	0.0294271346802574	-0.0392419840423148	-0.0319004418172469	-0.0119610093822788	-0.00549941063292749	-0.0220607568731316	-0.00993290149738211
0.0525299829652885	0.0536513923363557	-0.0317503316924371	-0.0308696506091536	0.0167639284821067	0.0014895956876392	0.020946543366795	0.005133555882699	0.00344079121986523	0.0293786495555818	-0.0392567627363518	-0.0319345547702378	-0.0119681884832011	-0.00552681806258179	-0.0220726298403895	-0.00995550330197851
0.0525405693102562	0.0536481205997611	-0.0317348726671782	-0.0309513322652974	0.0167742242543965	0.00148938614003493	0.0209558780140731	0.00513204993391632	0.00346928131214157	0.029348913353552	-0.0392351569813677	-0.0319486000476599	-0.0119468733008949	-0.00552606648517448	-0.0220703806961037	-0.00994514047445541
0.0525614095179927	0.0536416246240288	-0.0317050917616596	-0.0310577852422339	0.0167907729271976	0.00148103496951282	0.020963038954203	0.00513141011523129	0.00348696992390989	0.0293342142876046	-0.0392159037474875	-0.0319500668808898	-0.0119332527066174	-0.00552945556842751	-0.022052088587235	-0.00994683082512985
0.0525532511312665	0.0536154060277827	-0.0316874785870288	-0.0311697451302105	0.0167732044560557	0.00144529453012878	0.0209564675413331	0.0051025987166284	0.00354577736357181	0.0293101414588262	-0.0391613207875277	-0.0319452389040874	-0.0118918572758862	-0.00551979961482282	-0.0220039652814228	-0.00992273564460703
0.0526235515585305	0.0536625947512799	-0.0316435308664776	-0.0312382713877584	0.0168187391504632	0.00148723059367902	0.0209825562180646	0.00513697989055275	0.00352696138569252	0.0292585578235755	-0.0391809637799518	-0.0319808857455415	-0.011920418614348	-0.00556458831975917	-0.0220053245468825	-0.00996318811111905
0.0526160497542977	0.0536509355225784	-0.031657246455669	-0.0312786079045961	0.0167953005524338	0.00146124389678167	0.0209668960271056	0.00511300485065637	0.003546572247484	0.0292827507929803	-0.0391537086215566	-0.03196578993613	-0.0119064180404148	-0.00554419514691176	-0.0219813103914333	-0.00994547714760627
0.052634030335728	0.0536670832609634	-0.0316489218278434	-0.0312909362886472	0.0168016582267473	0.00147135666416367	0.020970795009529	0.00512191062383778	0.00353860245360165	0.0292836099381578	-0.0391645170869848	-0.0319701610991551	-0.0119113927005402	-0.00555337193499469	-0.0219914036010389	-0.00995834197352433
0.0525988291321789	0.0536480647203999	-0.0316813961185689	-0.0312616527094427	0.0167628807440854	0.00144167634149508	0.0209481107828749	0.0050954266006263	0.00354318735518305	0.0293279362413807	-0.039149605679465	-0.0319380835518937	-0.011905690211736	-0.00552739641396957	-0.021966076280603	-0.00993621095254552
0.0526095146630126	0.0536695014403166	-0.0316843228001085	-0.0312075153873879	0.0167767625743762	0.00147290312548317	0.020960338584076	0.00512084193105601	0.00351051050177342	0.0293264624232307	-0.0391897480155227	-0.0319487439370148	-0.0119264759370954	-0.00554123074680337	-0.0219981943404012	-0.00995060407899071
0.0525995918854585	0.0536731238199024	-0.0317053320429125	-0.031132948570901	0.0167674656456668	0.00147496088295709	0.0209542826583126	0.00512164799084043	0.00347915240128665	0.0293589185531638	-0.0392055045983797	-0.03193564441778	-0.0119522237497239	-0.00553816716082897	-0.022008295931911	-0.00995102736515133
0.0525686444982761	0.0536613318777182	-0.0317384251975626	-0.0310632013493122	0.0167400051306194	0.00146589585359643	0.0209432506754399	0.00511211357484622	0.00347867044179683	0.0293804083584736	-0.0392086240637152	-0.0319238105660749	-0.0119479894911336	-0.00551884547473138	-0.0220138740891366	-0.00993555017910006
0.0525379429802827	0.0536611628426508	-0.0317719430353574	-0.0309451073044666	0.016725307461656	0.00147075596103143	0.0209341632943348	0.00511699603402567	0.00344571139761345	0.0294286755536408	-0.0392407560933538	-0.031911149699825	-0.0119626201048637	-0.00550415059973605	-0.0220451344007414	-0.00993985428689173
0.0525170231444565	0.0536614771640572	-0.0317994119323089	-0.0308463782522235	0.0167187374457702	0.00147442304410613	0.0209229888190912	0.00512135602117849	0.00341770605879498	0.0294568401486385	-0.0392622123710468	-0.0318958150061446	-0.011981193007522	-0.00550213754575104	-0.0220618744603544	-0.00994152927074185
0.0525074873314783	0.053661910229106	-0.0318013481521724	-0.0307986488959073	0.016723931432388	0.00148410973135945	0.0209244947678739	0.0051280922781637	0.00340644916149368	0.0294553509636642	-0.0392751456491823	-0.0319003440283649	-0.0119869066721984	-0.0055001622103348	-0.0220834131601051	-0.00994585712726201
0.0524755285278593	0.053634712347056	-0.0318196276881847	-0.0307719567220755	0.0167015168236514	0.00145979522434416	0.0209100820836523	0.00510625881478296	0.00342511705906594	0.0294653240326433	-0.039252990879475	-0.031881251447648	-0.0119727314752616	-0.00548880333319942	-0.0220625100880873	-0.0099284632791237
0.0525049071019777	0.0536540326361695	-0.0317967981751917	-0.030774138811128	0.0167305824733475	0.00148094835650305	0.0209233674017629	0.00512151108640565	0.0034155812460877	0.0294271556350178	-0.0392684722564783	-0.0319024325194874	-0.0119862682504974	-0.00551244309692897	-0.0220707047963983	-0.00994682803116179
0.0525191116355791	0.0536524568381854	-0.0317697860920174	-0.0308251119643583	0.0167480727133838	0.00148612278534446	0.0209305311358608	0.00512599261116893	0.00343854766351553	0.0294002776623103	-0.0392604144526022	-0.0319222473409471	-0.0119660287458931	-0.00551576233098058	-0.0220933135859148	-0.0099484485326348
0.0525082417028536	0.0536260077395746	-0.0317671332193474	-0.030897851525736	0.0167342523503902	0.00145330343956392	0.020923617461904	0.00510372328877131	0.00347703038254742	0.0293945933342985	-0.0392157179486117	-0.0319087315204718	-0.0119419852537793	-0.00550890733035294	-0.0220494440964692	-0.00993099880513535
0.052543557459093	0.0536450961293395	-0.0317356396114098	-0.0309578436078541	0.0167611191472255	0.0014746717072632	0.0209392189795338	0.0051211800011909	0.00348306535355036	0.0293550754501015	-0.0392216635126368	-0.031935352448118	-0.0119385654368777	-0.00552681107766164	-0.0220607987826525	-0.00994630975008723
0.0525606202220166	0.0536360744064837	-0.0316962698075199	-0.0310855977972564	0.0167778242822378	0.00146287836809497	0.0209448376492962	0.00511530987430333	0.00352163049463993	0.0293265630060807	-0.0391957271071645	-0.0319463634762303	-0.0119081139790254	-0.00552890375973627	-0.0220452559383519	-0.00993950643786865
0.0525987020066323	0.0536510668390771	-0.031669520357343	-0.0311813359066946	0.0167922579212198	0.00146211282084737	0.0209615511662127	0.00511798649570185	0.00353219728183118	0.0292891405979264	-0.0391750573314795	-0.0319606294771289	-0.0119145345176201	-0.0055449579001913	-0.0220142820084729	-0.00994469763051839
0.0526248395778048	0.0536652462269659	-0.0316493059984512	-0.0312591115954949	0.0168073760823758	0.00147425819999077	0.0209801338477592	0.00513223293882405	0.00354499086156379	0.0292678701191092	-0.0391713609117402	-0.0319813635140793	-0.0119033279117439	-0.00555782412309338	-0.0220189451411599	-0.00995570865863069
0.0526250658892174	0.0536617397970545	-0.0316528571318516	-0.0312912953135425	0.0167928949459368	0.00146245927288643	0.0209686031415883	0.00511909290705239	0.00354745234742193	0.0292890847185653	-0.0391603610595001	-0.0319677485077379	-0.0119008440741413	-0.00554713719527569	-0.0219999880678938	-0.00994616166978022
0.0526261024513665	0.0536678278534505	-0.031658526093039	-0.0312874647833365	0.0167867789498602	0.00146045599778962	0.0209636941397124	0.00511662024532202	0.00354191749670118	0.0293017665395756	-0.0391616714305188	-0.0319587547245627	-0.0119089046719855	-0.00555074979597328	-0.0219889826277176	-0.00995010954664463
0.0526154602270377	0.0536683391496049	-0.0316770361314161	-0.0312430770128163	0.0167684700771833	0.00145412766014071	0.0209575669677635	0.00511203534374062	0.00352635788859223	0.0293234449377292	-0.0391682232856123	-0.0319459276172134	-0.0119205527248147	-0.00554842800851798	-0.0219745014912786	-0.0099480559801228
0.0526117819680908	0.0536804635739879	-0.0316997357248945	-0.031162600953889	0.0167594050478226	0.00146269815715529	0.0209497089326035	0.00511834831456522	0.00349684101305497	0.0293372680946908	-0.0391869666203221	-0.0319377147481101	-0.0119435205392266	-0.0055482617674186	-0.0219832535962169	-0.00995446115189328
0.0526023551198667	0.0536835537026589	-0.0317103919190636	-0.0311183836154203	0.0167574213305022	0.00146947632366137	0.0209424725553361	0.00512315952755922	0.00348540250782996	0.0293661521364632	-0.0392128667042096	-0.031937709160174	-0.0119405421692779	-0.00553665562411018	-0.0220241069971451	-0.0099493370144769
0.0525579841131549	0.0536667871003493	-0.0317546735187976	-0.0310183847046953	0.0167212087105165	0.00145351438415222	0.0209260859326823	0.00510956687296234	0.00347896241145878	0.0293987158341665	-0.0392084215010311	-0.0319096158113618	-0.0119450823673704	-0.00552098984521507	-0.0220160855148537	-0.00993957209611799
0.0525368365689321	0.0536720593180727	-0.0317900591242384	-0.0308931283227358	0.0167140086548339	0.00146086531410996	0.0209183494351327	0.00511463792498564	0.00343108218086745	0.0294443329506317	-0.0392442317896166	-0.031892005430699	-0.011978590426277	-0.00551368361874624	-0.0220346179049752	-0.00994585573027798
0.0525173234960226	0.0536722828355173	-0.0318061970837351	-0.0308082363972946	0.0167128463641222	0.0014669449886018	0.0209169189234875	0.0051214105035556	0.00341047387247966	0.0294582580874274	-0.0392660247404605	-0.0318874009713413	-0.0119906380165384	-0.00551010733963339	-0.0220618870332106	-0.00994596748900026
0.0524974136796491	0.0536576256790907	-0.0318027716788973	-0.0307853649747807	0.0167183281294499	0.00147354434115223	0.0209240770696493	0.00512660169620534	0.00342118594600987	0.0294528098497164	-0.0392775973561522	-0.0319003817469337	-0.0119757908702839	-0.0054981882719026	-0.0220980465678032	-0.00993344492416917
0.0525019678475818	0.0536600340795558	-0.0318064206011797	-0.0307697243415981	0.0167308171666643	0.00147644447999531	0.0209278936300151	0.00513162525077167	0.00340712111081137	0.0294409131337301	-0.0392725738015859	-0.0318962299104011	-0.011989095746171	-0.0055143541710799	-0.0220813330508868	-0.00994708507622303
0.0524852599186015	0.0536383417115619	-0.0317994356810374	-0.0308010726631966	0.0167283696506464	0.00146295520221653	0.0209257366866752	0.00511936531893794	0.00343936350218815	0.0294281838152628	-0.0392550835615496	-0.0319009126008645	-0.0119564063199051	-0.0055007754863233	-0.0220857028169278	-0.00992818667628606
0.0525035212938215	0.0536450919383874	-0.0317723006632687	-0.0308453961724515	0.0167411995519638	0.00146080943474882	0.0209279718611207	0.00511701838577013	0.00344937708370412	0.0294019428672722	-0.0392470369335457	-0.0319095627259687	-0.0119559145815271	-0.00551376184985183	-0.0220674637934522	-0.00993549569672295
0.0525069536835794	0.0536343756739051	-0.031757982973961	-0.0309157915946295	0.016745235438822	0.0014520601237786	0.0209275821025767	0.00511066071145662	0.00348383369476601	0.0293746639601486	-0.0392187047004646	-0.0319188708305503	-0.0119255930431894	-0.00551712439040833	-0.0220525649587887	-0.00992873289704119
0.0525692284376	0.0536704765351685	-0.0317141260573716	-0.0309915612143649	0.0167936968147691	0.00149131258101017	0.0209484390741216	0.00514025721508351	0.00346910668913802	0.0293319078669736	-0.0392374997235834	-0.0319542061445661	-0.0119440527901414	-0.00554660354737682	-0.0220720528859857	-0.00995432285047446
0.052572864787026	0.05364639672147	-0.0316912448559695	-0.0311236670090159	0.0167853302774227	0.00146343297075426	0.0209427547461098	0.00511707147116321	0.00352471084442268	0.0293070680939636	-0.0391819849752766	-0.0319468147020715	-0.0119074476176438	-0.00554008382291601	-0.0220362076727996	-0.00993217925663939
0.0525954149032134	0.053650372538015	-0.0316686947397822	-0.031208695838892	0.0167852827799657	0.00145245547025865	0.0209509103388679	0.00511226305213726	0.00354480226871994	0.0292821207531835	-0.0391586972515222	-0.0319530089292537	-0.0119031141731875	-0.00554945199781084	-0.0219954185331367	-0.00993654064077623
0.0526231604030026	0.053666673944643	-0.0316536450308436	-0.0312622883371756	0.0167990584394703	0.00146915920828691	0.0209600368355259	0.00512610576687524	0.0035474020559969	0.0292676885111855	-0.039167228632984	-0.0319694304765082	-0.0119007155516107	-0.00555802808276154	-0.0220031229000536	-0.00994482615304901
0.0526292442684465	0.0536705226356414	-0.0316500198572898	-0.0312894191639923	0.016792759438486	0.00146339664916952	0.0209590575497219	0.00511973971065756	0.00354537223820355	0.0292853058767683	-0.0391623964652296	-0.0319606420499852	-0.0119086462299402	-0.00555489464758571	-0.0219958990956425	-0.00994348085742961
0.0526181661851008	0.0536662841860991	-0.0316665070627936	-0.0312605770317408	0.0167741264655145	0.00145455374026939	0.0209517345594447	0.00511505422622612	0.0035364399223256	0.0293060343257826	-0.039161829289714	-0.0319517153220433	-0.0119170197522068	-0.00554592321615496	-0.0219834631438211	-0.00993535879228816
0.0526590028222207	0.0537083054656751	-0.0316701727488843	-0.0312236743016451	0.0167977522594037	0.00149062945582026	0.0209617704927052	0.00514323977598426	0.00349115528805915	0.0293058555118269	-0.039194082856963	-0.0319615724413481	-0.0119625055521733	-0.00557319234439043	-0.0219981482399283	-0.00997436258636267
0.0526038121742084	0.0536751983411847	-0.0317104771350893	-0.0311645804802573	0.016755056236542	0.00145960104356421	0.0209356594642293	0.00511534060795195	0.00350496447518044	0.0293575956092889	-0.0391887002775014	-0.0319304853557629	-0.0119373640306132	-0.00553021413075496	-0.0220091494891524	-0.00993625705301846
0.0525854264674099	0.0536737552566833	-0.0317231854987962	-0.0311038633634285	0.0167509085909615	0.00146285182539842	0.0209343728419391	0.0051220782619212	0.00348671287884866	0.029377632551209	-0.0392091646965342	-0.0319199479052362	-0.0119472784262631	-0.00553053962803359	-0.0220177004283906	-0.00994205872768864
0.0525536800053632	0.0536735918095519	-0.0317676501034379	-0.0309633449309581	0.0167197656260151	0.00146402948293441	0.0209209548103457	0.00512102074501166	0.00345036195744419	0.0294097226713267	-0.0392262037107293	-0.0319010453143472	-0.0119775496731758	-0.00552256704018319	-0.0220161874946877	-0.00993857884047375
0.052524853239936	0.053671140102582	-0.0317962086479317	-0.0308615928052774	0.0167103625265196	0.00147465354647083	0.0209134963126178	0.00512813558466859	0.00342683255545289	0.0294474817526319	-0.0392585844035249	-0.0318912035618667	-0.0119849187639259	-0.00550930547080105	-0.0220546702137196	-0.00994047175383231
0.0525000889040636	0.0536617537668948	-0.0318224929024271	-0.0307729220380392	0.0166908508505941	0.001460327475259	0.0209006231047956	0.00511271427797845	0.00340495159461517	0.0294710642400162	-0.0392588065239854	-0.0318652070860812	-0.0120079620154753	-0.00550510194585943	-0.0220365862554713	-0.00993329544687813
0.0524974863228186	0.0536580112466826	-0.0318067670532187	-0.0307691767238589	0.0167195407115866	0.00148436817340471	0.0209161924917927	0.00513311164177795	0.00341960456008965	0.0294443664782484	-0.0392808551229066	-0.0318979621705964	-0.0119765005381704	-0.00550558111138119	-0.0220999632298903	-0.00993587567637869
0.0524940273903641	0.0536527865264161	-0.0318017993780135	-0.0307606327695409	0.0167245977937696	0.00148164684851728	0.0209206460768755	0.00513419011344792	0.0034096412699987	0.029432369179412	-0.0392717747267216	-0.0318942238413362	-0.0119920517643752	-0.00551049290722524	-0.0220820762463899	-0.00993685356519861
0.0525170650539774	0.0536638436550014	-0.0317764147812325	-0.0307948379234776	0.0167502059079952	0.0014958108695818	0.0209310997083604	0.00514426376527712	0.00341452931711427	0.0294021202842439	-0.0392769673163554	-0.0319166049224561	-0.0119900470922943	-0.00552525204348589	-0.0220929908826042	-0.00994582359964533
0.0525013308228649	0.0536374923452726	-0.0317681879422889	-0.0308641269343051	0.0167401490199744	0.00146749260634096	0.0209278153989095	0.00512224869397267	0.00345800485706387	0.0293997076928267	-0.0392412701834762	-0.0319109708858694	-0.0119570768722387	-0.00551416418125203	-0.0220709059620984	-0.00992753847569686
0.0525200699666226	0.0536418369656011	-0.0317526003944994	-0.0309274410444428	0.0167514673845729	0.00146857387197898	0.0209396255018861	0.00512505104393375	0.00347113371296331	0.0293650932225696	-0.0392201394030618	-0.0319169974749681	-0.0119511899815428	-0.00552776801172114	-0.0220475400072384	-0.0099391753526539
0.052559657700021	0.0536506016433956	-0.0317107327831665	-0.031025830629567	0.0167842825394014	0.00148330646554309	0.0209537769500943	0.00513625206187392	0.00348148536461417	0.0293333341876667	-0.0392234223155287	-0.0319399275708112	-0.0119436546496933	-0.00553856111032499	-0.0220573496290862	-0.00994321822443226
0.0525901147458094	0.0536527390289592	-0.0316801192751669	-0.0311388494314372	0.0167980204803372	0.00147688313298024	0.020957836585681	0.00513130394444513	0.00351715036686067	0.0292877282470737	-0.0391889643074828	-0.0319506871417984	-0.0119309672407469	-0.00555383573369214	-0.0220239645047742	-0.0099443888970481
0.0525948421397617	0.0536413061116703	-0.0316677922880998	-0.0312252053961403	0.0167861181764147	0.00145557074464211	0.0209507399068165	0.0051127855241639	0.00355621004029632	0.0292790669460972	-0.0391585547591513	-0.0319510559455819	-0.0118995295121705	-0.00554488386003779	-0.0220001040175681	-0.0099295138111131
0.052629516680332	0.0536690739632039	-0.0316515802884496	-0.0312610953128153	0.016800564388253	0.0014787564885624	0.0209581229674069	0.00513288672734937	0.003542694219821	0.0292668475268003	-0.0391700589226257	-0.031964415303846	-0.0119205331670383	-0.00556313825033763	-0.0219985100587916	-0.00994913165782471
0.0526385607549323	0.0536770675058147	-0.0316516333738426	-0.0312730395262587	0.0167926881923006	0.0014750153653342	0.0209552759139569	0.00513283364195629	0.00353678497738063	0.0292792443630689	-0.0391668263015838	-0.0319598639298813	-0.0119325891392039	-0.00556238667293032	-0.0219897342051249	-0.00995139756591887
0.0526318817742922	0.0536797539061015	-0.031673891520368	-0.0312488283960615	0.0167744086562882	0.00146563182361505	0.0209432101629031	0.0051211702223027	0.00352787082229505	0.0293099598509025	-0.0391673138490097	-0.0319490191428684	-0.0119352001023531	-0.00555201127255097	-0.0219794705634678	-0.00994815237202077
0.0526212479318676	0.0536785301480925	-0.0316917226245073	-0.031209483737884	0.0167702344680112	0.00147413107444418	0.0209457862014516	0.00512908832777599	0.00351692405544806	0.0293279809448696	-0.039188140086906	-0.0319457725519863	-0.0119333840231161	-0.00554230502752126	-0.022006577641556	-0.00994653745848387
0.0525902740019887	0.053669371520802	-0.0317238364933534	-0.0311261508466185	0.0167431720934119	0.00145925040057306	0.020933632440404	0.00511952736908524	0.00349194039308314	0.0293747463822062	-0.0391938565455504	-0.0319172908416141	-0.0119544114267124	-0.00553224115458026	-0.0219940997802138	-0.00994002751291126
0.0525952849836987	0.0536890005433858	-0.0317312977850494	-0.0310514247739523	0.0167564979240594	0.001489585908751	0.0209422197012269	0.00514885704876268	0.00346369197904372	0.0293614959886963	-0.0392299280701492	-0.0319317705810691	-0.011969114683612	-0.0055466761905463	-0.022030484229235	-0.00995593776401136
0.0525498648419815	0.0536759233758954	-0.0317793330808679	-0.0309367840736251	0.016721180770836	0.00147898978489516	0.0209213641266661	0.00513667395105051	0.00344218820389369	0.029417932746462	-0.0392460897783744	-0.0319062462858851	-0.0119760451213771	-0.00551357465399202	-0.0220485458357389	-0.00993749897181976
0.0525156834367732	0.0536665077035436	-0.0318075912737955	-0.0308462874482617	0.0167049031129364	0.00147538556610174	0.0209079698438012	0.00513038752292246	0.00342365301980412	0.0294542263915213	-0.0392608922211399	-0.0318890633823351	-0.0119824433082275	-0.00550206909353365	-0.0220656728599278	-0.00992469701018298
0.0524925423963419	0.0536562412679185	-0.0318253455438132	-0.0307769816736259	0.0166969165552457	0.00146601320025482	0.0209014808529891	0.0051225350756985	0.00341372186034582	0.0294681892468857	-0.039261435647927	-0.0318732900356698	-0.0119943637729423	-0.00550308190695428	-0.0220534981441198	-0.00992964373062774
0.0525208522776785	0.0536801702073419	-0.0318018189357899	-0.0307678942925208	0.0167375422477773	0.00150943286084328	0.0209215876441106	0.00515815397747206	0.003403273816797	0.0294239900692093	-0.0392978340667884	-0.0319091073091754	-0.0119964969675537	-0.00552510815413096	-0.022105006342233	-0.00995173703303779
0.0524809823535064	0.0536407696698033	-0.0318116928189031	-0.0307845854576928	0.0167146820011356	0.00147414504428447	0.0209061258248837	0.0051274929720155	0.003434840067904	0.029437227889863	-0.0392578188562773	-0.0318871299564397	-0.0119720385711835	-0.00549660409201433	-0.0220837665970643	-0.00992262947382086
0.0525007357076687	0.0536515152709502	-0.0317837810780145	-0.0308106308279193	0.0167358211634542	0.00148178375295207	0.0209188607312871	0.00513517638417201	0.00343454390728997	0.0294058851562005	-0.0392582491273581	-0.0319048381259844	-0.0119776767987224	-0.00551952021801713	-0.0220730209959174	-0.00993660490204154
0.0525227102664364	0.0536507134021179	-0.0317630135134475	-0.0308916084041129	0.0167526324692526	0.00148413348008793	0.0209288324032822	0.00513640852408511	0.0034613687946044	0.0293739920108309	-0.0392397614407255	-0.0319208838845353	-0.0119592785190676	-0.0055270052584416	-0.0220691289984142	-0.00994011133195297
0.0525274837608616	0.0536436404719818	-0.0317449854345602	-0.0309642166489919	0.0167585682543896	0.00147668057029612	0.0209376292117094	0.00513360477713999	0.00348438131250517	0.0293546256212444	-0.0392234097426724	-0.031931130762384	-0.0119403563704021	-0.00551579446161323	-0.022066076588312	-0.00993064397119212
0.0525676009512068	0.0536522640543895	-0.0317039741744368	-0.0310734091116082	0.0167847379561946	0.00147553644037681	0.0209493149831074	0.00513194655709822	0.00349713996763706	0.0293206691304647	-0.0392043031921152	-0.0319383322150507	-0.0119405393753099	-0.00554103377205536	-0.0220392810376622	-0.00993833716223683
0.0525702887484776	0.0536341200258279	-0.0316766994582652	-0.0311928735977857	0.0167827318871298	0.00145882292346036	0.0209541261961015	0.00512050805187321	0.00354998507946552	0.0292944337704103	-0.03917184287123	-0.0319507765487762	-0.0118933269030841	-0.00553170750668138	-0.0220246574088523	-0.00992313238807111
0.0526022405671764	0.0536514314519085	-0.0316578904653061	-0.0312479371202513	0.0167930695689404	0.0014664783959363	0.0209638827325562	0.00512724710282649	0.00354619645878035	0.0292720261465938	-0.0391673166429778	-0.0319610471753534	-0.0119094089832197	-0.00555223758396358	-0.0219947395988988	-0.00993199485474764
0.0526022419641604	0.0536512987384258	-0.0316643934259586	-0.0312676723136213	0.0167753907360602	0.00145085592354607	0.0209508977660117	0.00511558088920485	0.0035488353616101	0.0292924793897545	-0.0391495903126407	-0.0319419573886046	-0.0119145931909493	-0.00554953162590046	-0.0219616352683765	-0.00993820724272218
0.0526325551205939	0.0536804496041476	-0.0316549791505908	-0.031262057834811	0.0167899012091638	0.00147522351595444	0.0209570933901779	0.00513476287689959	0.00352910296220815	0.0292836993451356	-0.0391699932643763	-0.0319603263315947	-0.011935487881063	-0.0055662688915454	-0.0219786407549549	-0.00995503391534494
0.0526314179755948	0.0536866885348187	-0.0316668898364174	-0.0312431454650337	0.0167832431832842	0.001482222405937	0.0209545033817891	0.00513912426103643	0.00352105912817229	0.0293006224096563	-0.0391822839298587	-0.0319563002236247	-0.0119391284214411	-0.00555833122829571	-0.0219975698885405	-0.00995523228707699
0.0526129973441955	0.0536846740838497	-0.0316997273429903	-0.0311770541506474	0.0167581840837817	0.00147381535605375	0.0209428329772154	0.0051312536530201	0.00350000099092734	0.0293310626916364	-0.0391851700988615	-0.0319348229911712	-0.0119538833667497	-0.00554588410060216	-0.0219925658917506	-0.00994571323790708
0.052581651816565	0.0536689077221045	-0.0317193382047818	-0.0311202220464017	0.0167415907074917	0.00146044063096531	0.0209321404614616	0.00512183518670025	0.0034936223618534	0.0293725838509302	-0.0391986342309277	-0.0319186934135787	-0.0119498684346519	-0.00552693820320823	-0.0220018278958592	-0.00993725030866269
0.0525779330450813	0.0536857078520307	-0.0317461239765434	-0.0310154007468105	0.0167359273342404	0.0014775536853139	0.0209290698905671	0.0051322650694567	0.00346060045338874	0.0293770011144282	-0.03921985441832	-0.0319177183187268	-0.0119785094012033	-0.00553859184397362	-0.022008787670289	-0.00995107206864024
0.0525339084904085	0.0536704946959608	-0.0317851417404582	-0.0309059135205643	0.0167111029280547	0.00147273409041573	0.0209132979408858	0.00512831719259229	0.00343843590479325	0.0294361745639055	-0.0392447235279946	-0.031897258090646	-0.0119852735978691	-0.00551097905766714	-0.0220386635707216	-0.00993651270109567
0.0525223288897966	0.0536737343019228	-0.0318034045126622	-0.0308128869571253	0.0167113921037486	0.00148048874875769	0.0209110837212007	0.00513665299629009	0.00340850552198357	0.0294513276496622	-0.0392676578147897	-0.0318889669904372	-0.0120059280067298	-0.00551527198958659	-0.0220566581219921	-0.00994473954003925
0.0525206678757868	0.0536749566629477	-0.0317955660352786	-0.0307841719504204	0.0167281265754255	0.00149568095006716	0.0209199727305737	0.00514858184290908	0.00340333528409425	0.0294394742401808	-0.0392841380353735	-0.031902362670286	-0.0120037221689489	-0.00551997284084235	-0.022091556180007	-0.00994930628082827
0.0524891351522964	0.0536499953523273	-0.0318094185289047	-0.0307752480164466	0.0167176268434676	0.00147887802617288	0.0209140998097181	0.00513352235508232	0.00342173635771708	0.0294420279269848	-0.0392672568803736	-0.0318930587566565	-0.0119888079674611	-0.005505080991099	-0.022078743042498	-0.00992940764032694
0.0525035506304861	0.0536588005426586	-0.0317980875914499	-0.0307798985762773	0.0167323105425907	0.00148403988215803	0.0209235084971498	0.00513975709480132	0.00341717520486417	0.0294179537012224	-0.0392631902598667	-0.03189656937752	-0.0119998287744616	-0.00552472957145924	-0.0220698484451888	-0.0099449434997074
0.0524946364754005	0.0536353130501882	-0.0317755751938313	-0.030844043891912	0.0167353769225331	0.00146607327056805	0.0209234679846129	0.00512735606758071	0.00345929008237005	0.0294033174995562	-0.0392481656966407	-0.0319107138408081	-0.0119543834870319	-0.00550641930179826	-0.0220789190624856	-0.00992661087830196
0.0525295345334154	0.0536491334131817	-0.0317524788568889	-0.0309118744514137	0.0167596355501873	0.00147971481960592	0.0209369754231841	0.00514057293347394	0.00346416974758145	0.0293593362513883	-0.039235909955759	-0.031924699047917	-0.0119645688975834	-0.00553343557592459	-0.0220516205975855	-0.00994448528894607
0.0525272309067525	0.0536360115422024	-0.0317349788379644	-0.0309831779132101	0.0167600588363479	0.0014664588381599	0.0209399915117015	0.00513777756843299	0.00348819647588688	0.0293534116421237	-0.0392170911839117	-0.0319261086048017	-0.0119463536228363	-0.00552878781006191	-0.0220402002531529	-0.00993243909566869
0.0525703683765672	0.0536485047703689	-0.0316904108565045	-0.031100548320329	0.0167864995530545	0.00147264887438999	0.0209526635538237	0.00514041367729469	0.00351204439023666	0.0293040352416379	-0.0391970207143749	-0.0319486629119412	-0.0119356708859707	-0.00555109624801233	-0.0220205991702496	-0.00994316932999126
0.0525929771660837	0.0536494770712527	-0.0316667962384875	-0.0311950850235027	0.0167913387057291	0.001466267451348	0.0209578379826651	0.00513081360305114	0.00353711187164329	0.0292746091700624	-0.0391687569335111	-0.0319568101227951	-0.0119254226111379	-0.00555539895881998	-0.0219915977818188	-0.00994056535176222
0.0526066061422653	0.0536553946955973	-0.0316575705559636	-0.0312437950626069	0.0167934565335162	0.00146344554361052	0.0209582570778736	0.00513123269825968	0.00354635990591167	0.0292695520878794	-0.0391591065678425	-0.0319639012137236	-0.0119247799984849	-0.00555996430262498	-0.0219729620148792	-0.00994222496878803
0.052625929225347	0.0536710744443327	-0.0316489763102205	-0.0312671861631794	0.0167969992850124	0.00147177156842012	0.0209566365764006	0.00513466369103356	0.00353687159039039	0.0292766711184884	-0.0391674772961411	-0.0319615878081724	-0.0119323684157274	-0.00556694922276726	-0.021975945972764	-0.00995012631045298
0.0526361355906589	0.0536846559230573	-0.0316539914828827	-0.0312622771613034	0.0167948451356405	0.00147846870985254	0.0209547059444733	0.00513852216092016	0.00352805662117083	0.0292863410419334	-0.0391759346374493	-0.0319627584807883	-0.0119393281901572	-0.00556870104073895	-0.0219818105117155	-0.00995692962267156
0.0525946507529498	0.0536600690041565	-0.0316942022711578	-0.0312172830997149	0.0167550366787656	0.00144936673857173	0.0209347905401636	0.0051154998641312	0.00353143173458358	0.0293289881703541	-0.0391625906460095	-0.0319301919891169	-0.0119302757336528	-0.00554152131948129	-0.0219633479707954	-0.00993042045374757
0.0526229257096858	0.0536973517139079	-0.0316901119019225	-0.0311453998895466	0.016785345644247	0.00149228208792592	0.0209541247991174	0.0051511061930485	0.0034778098996353	0.0293236013999404	-0.0392158548530465	-0.0319475592945587	-0.0119680948852712	-0.0055689245581835	-0.0220021729509143	-0.00996642911406507
0.0526058894894587	0.053691267848464	-0.0317197768577667	-0.0310886306495822	0.0167658507321299	0.00147940329216758	0.0209367309509791	0.00513791447286778	0.00346452877247676	0.0293599187937282	-0.0392152331951539	-0.0319288327236572	-0.0119799007972957	-0.00555540594374012	-0.0219974609237863	-0.00995626326128999
0.0525576097214353	0.0536734758598776	-0.0317632286489879	-0.030987489005922	0.0167327254468471	0.00147265306534208	0.0209230740351169	0.00512995725184169	0.00346502051085478	0.029396285081957	-0.0392234586371134	-0.0319158240083842	-0.0119669814890005	-0.00552936616144969	-0.0220233889473544	-0.00994106407506038
0.0525181072040626	0.0536616448021406	-0.0317985513901474	-0.0308713563266523	0.0167113725459722	0.00146699108907474	0.0209120476401803	0.005126977484909	0.0034343245807975	0.0294439320162156	-0.0392475608025564	-0.0318886736237912	-0.0119856521805408	-0.00551263168977281	-0.0220346835632245	-0.00993628778666708
0.0525376244679242	0.0536904156882066	-0.0317955297136938	-0.0307991560011096	0.0167430491588174	0.00150519441130095	0.0209249711394276	0.00515668714424218	0.0033905640561061	0.0294299887186275	-0.0392909860510809	-0.0319074225464371	-0.0120179015568377	-0.00553442044966465	-0.0220733255384356	-0.00995975292739307
0.052492649964112	0.0536539795507764	-0.0318081835950236	-0.0307881170333167	0.0167219239663391	0.00147850363445325	0.0209126525342646	0.00513350559127397	0.00342531822476604	0.0294438663579662	-0.039265999594748	-0.031897009427489	-0.0119857178387902	-0.00550527656886298	-0.0220804585388849	-0.00993163722683635
0.0524815718807664	0.0536444437377982	-0.0318076611229969	-0.0307783856425745	0.0167241004674554	0.00147685798726773	0.0209173994859933	0.00513384924934497	0.00342729356018228	0.0294363869054779	-0.0392643371837541	-0.0318945200019503	-0.0119859106225861	-0.00550564816661455	-0.0220754210144783	-0.0099300195193314
0.0524902094330143	0.0536468228015986	-0.0317948437945359	-0.0307889705905581	0.0167339003104151	0.00147485610915495	0.0209209408405055	0.00513508837417822	0.00342801859489305	0.0294139331811885	-0.0392562137216286	-0.031898779406253	-0.0119937463060017	-0.00551954117277756	-0.0220581109853817	-0.00993356366781159
0.0525111502236009	0.0536488093128871	-0.031766772797468	-0.0308499042399113	0.0167518012637557	0.00147552386752055	0.0209250060640283	0.00513369977205393	0.00344983110351337	0.0293887176194748	-0.0392466499689698	-0.0319155907120515	-0.0119777005474508	-0.00552808233312754	-0.0220576890962051	-0.00994214953165049
0.0525352747407883	0.053656170021733	-0.0317449281582151	-0.0309196123459473	0.0167698237547068	0.00148784666363557	0.0209371276944432	0.00513873589947652	0.00346928410610963	0.0293448257782848	-0.0392341707106436	-0.031938494265198	-0.0119616226582673	-0.00553636784540032	-0.022064409986366	-0.00993948268914016
0.0525365739359348	0.0536376655712921	-0.0317235570965477	-0.0310243721782413	0.0167693348102969	0.00146328489044725	0.0209292850261074	0.00512418770780417	0.00350270275803837	0.0293498130112664	-0.0392033225093272	-0.0319264885844575	-0.0119373458698208	-0.00552708907748331	-0.0220404237705974	-0.00993024862471207
0.0525798692649447	0.0536521047982102	-0.0316813793547606	-0.0311346780371282	0.0167921782931302	0.00147383491383015	0.020940997340202	0.00512997680961809	0.00352974836882929	0.0292905808884598	-0.039181909538139	-0.031951991924881	-0.0119293886487947	-0.00555031253997237	-0.0220201954418654	-0.0099394351916832
