0.0525692200556958	0.0536090455595011	-0.0316341151941258	-0.0308493007428111	0.0167011969143089	0.00139507993922591	0.0209278000320852	0.00504777966636773	0.00344093510922016	0.0294612713819768	-0.0393241658187408	-0.0319697266371222	-0.012045895719784	-0.00550079085314761	-0.0220008709617997	-0.00982746273085031
0.0525760387347387	0.0536072588169287	-0.0316203898260462	-0.0308808600089979	0.0167085296834743	0.001391549760586	0.0209301260104926	0.00504494239180594	0.00344951957607503	0.0294478393805432	-0.039312049776262	-0.0319711334000389	-0.0120420274710092	-0.00550680207542206	-0.0219871008902312	-0.00983544090663683
0.0525995318151452	0.0536119764319928	-0.0315934545769935	-0.030951557179726	0.0167290499818683	0.00139398749771565	0.0209388669395586	0.00504704485276876	0.00347057631633595	0.0294157436724894	-0.039301788928573	-0.03199308141611	-0.0120320795477426	-0.00551621076285371	-0.0219799469350215	-0.00983865816085436
0.0525958409833421	0.0535998142890411	-0.0315781464260097	-0.03101635768087	0.0167309917896678	0.00138645216586616	0.0209445861921711	0.00503950952091927	0.0034973285604809	0.0293906845729869	-0.0392771824518958	-0.0319987168496808	-0.0120084118443324	-0.0055114973387417	-0.0219709196242296	-0.00982397585871528
0.0526407973263618	0.0536171662276585	-0.0315370122312918	-0.0311106303540624	0.0167589384551571	0.0013938128747121	0.0209518798457837	0.00504584204952026	0.00349963777507994	0.0293636459471161	-0.0392731074494848	-0.0320088352049989	-0.0120150880310044	-0.00553241158663173	-0.0219534335751454	-0.00984120206877018
0.0526861587947498	0.0536292683002971	-0.0314971045885509	-0.0312255979486523	0.0167848762576134	0.00140452913919439	0.0209653677265784	0.00505497134014623	0.00352888363571568	0.0293050271002981	-0.0392496730424074	-0.0320363627752796	-0.0119998790658866	-0.00555339009578706	-0.021945265409531	-0.00985180936849825
0.0526809927478126	0.0536103335787754	-0.0314888819405594	-0.0313126607872737	0.0167704118849828	0.00138101231005935	0.020957050083673	0.00503525430756858	0.00356895751955599	0.0293041302365518	-0.0392168634755151	-0.0320333257320018	-0.0119697740600734	-0.00553926658725936	-0.0219149145345288	-0.00983245555176801
0.0527009067551382	0.0536247267052205	-0.0314825354421181	-0.0313387690217816	0.0167738303049004	0.00138677766314478	0.0209593285646234	0.00503961150075334	0.00355719910498847	0.0293050899645793	-0.0392170883899436	-0.0320360093383204	-0.011982225378719	-0.00554693463259156	-0.021898822675505	-0.00984508568436929
0.0527271407182086	0.0536482114037229	-0.0314729535286669	-0.0313524552743084	0.0167825628520623	0.00140199221619871	0.0209671670420071	0.00505102625724986	0.0035453009920181	0.0293052394418704	-0.0392317804709709	-0.0320437723785666	-0.0119966268870684	-0.00556102321651855	-0.0219107207884754	-0.00985930837876301
0.0526987051083094	0.0536305940381401	-0.0314991986676095	-0.0313322087847839	0.0167537696142518	0.0013795915773024	0.0209535506386817	0.00503539819692352	0.0035513541238134	0.0293418027048472	-0.0392211452315623	-0.0320219389151858	-0.0119868633656935	-0.00554191666596135	-0.0219020525025788	-0.00983944186889433
0.0526955255726606	0.0536429266131433	-0.0315209301511562	-0.031261962839897	0.0167442645349222	0.00139286292557274	0.0209512428210667	0.00504158404220152	0.003518737340717	0.0293527718234386	-0.0392435249156982	-0.03201792118912	-0.012009913602163	-0.00554317395158696	-0.0219009181515477	-0.00984157087255369
0.0526930249712497	0.0536537700031722	-0.0315356348050397	-0.0311955083096633	0.0167401769596549	0.00139861011786581	0.0209411873300299	0.00504596777808282	0.00349254389018343	0.0293830612311436	-0.0392639739679067	-0.0320068095781576	-0.0120326648840505	-0.00554198651516277	-0.0219170980205653	-0.00985466620083645
0.0526575555467672	0.0536405405644227	-0.0315695172556659	-0.031118123776391	0.0167148552271551	0.00138873344078462	0.0209277120220914	0.00503711928124657	0.00349429012021901	0.0294066004120231	-0.039264775836739	-0.0319917864119156	-0.0120261577324459	-0.00552305179364107	-0.0219308191976928	-0.00984317461021836
0.0526431749931782	0.0536566924937597	-0.0315984040914064	-0.0309974327382365	0.0167122540428941	0.00140998156785745	0.0209302070355662	0.00505704865539654	0.00344045873766646	0.0294464228387383	-0.0393113429023436	-0.0319878385350512	-0.0120602078211555	-0.00552426716974582	-0.0219618965043898	-0.0098548506027282
0.0526115137471573	0.0536453713351931	-0.031625483229814	-0.0309084392676877	0.0167024080994616	0.00140959041232949	0.0209248537927692	0.00505960793013667	0.00342321436681919	0.0294725632038788	-0.0393258380086229	-0.0319749527543727	-0.0120673715552535	-0.00551299071466812	-0.0219861816747405	-0.00984786568258592
0.0526026261347683	0.0536447091647636	-0.0316245584263871	-0.0308723775219771	0.0167150005134941	0.00142256280601773	0.0209332664305885	0.00507081453601295	0.00341969117309942	0.0294634967775341	-0.0393434875048384	-0.0319842650499064	-0.012065776199493	-0.00551483752755374	-0.0220190527089301	-0.00984781259719284
0.0525573247366935	0.0536103601214719	-0.0316443788357829	-0.0308498413756301	0.0166868876069054	0.00138959957088227	0.0209199727305737	0.00504395332711379	0.00344193674676856	0.0294764663772543	-0.0393137540967767	-0.0319630476564822	-0.0120436200328016	-0.00549547532891933	-0.0219923144346254	-0.00982406945664519
0.0525594481524167	0.053611544763928	-0.0316416966264482	-0.0308385760964246	0.0166866864412053	0.00138262582661221	0.0209212244282632	0.0050347444083982	0.00344055093861233	0.029459859031124	-0.0393069591664623	-0.0319574820721128	-0.0120528736550061	-0.00550428191623472	-0.0219671463703688	-0.00982766808750249
0.0525780364218994	0.0536169231524376	-0.0316001754671544	-0.0308912004847766	0.0167194680684171	0.00140112468911704	0.0209378904477227	0.00505257271856937	0.00345967564996191	0.0294214056487567	-0.0393185234002499	-0.0319960695649468	-0.0120279598418426	-0.00551258279533181	-0.0220065608777476	-0.00983402436483197
0.0526026359136565	0.0536184109404279	-0.0315775876323983	-0.0309677426366797	0.0167384572723159	0.00140504881725297	0.0209440721020486	0.005055647480416	0.00347343454565818	0.0293898799101865	-0.0392984836643617	-0.0320034107160164	-0.0120288860422535	-0.00552877523720565	-0.0219799050255007	-0.00984279602754665
0.0526339297528779	0.0536378807068325	-0.0315580508107604	-0.0310242017461898	0.016755401291597	0.00141752248764306	0.0209506225601581	0.0050627120286479	0.00347866625084475	0.0293612710742678	-0.039294570712098	-0.0320204189965628	-0.0120272082644353	-0.00554019558163829	-0.0219834128523961	-0.00984994718878832
0.0526357947265559	0.0536160528313879	-0.0315277544181352	-0.031160537608479	0.0167559698640966	0.00138896673711738	0.0209520181472025	0.00504340990032672	0.00352941448964649	0.0293440476581809	-0.0392506174036106	-0.0320146424676052	-0.0119894240374177	-0.00553178154683489	-0.0219541446400159	-0.00983677223241594
0.0526797200953627	0.0536343631010488	-0.031495049625045	-0.031247481703458	0.0167786163721819	0.00139842571597406	0.0209652322191277	0.00505184069893845	0.00353619125916853	0.0292981637177663	-0.039239146767753	-0.0320334807972289	-0.0119982711372699	-0.00555710188235067	-0.0219215069021591	-0.00985051436430387
0.0527033123616353	0.0536437843613368	-0.03147791701292	-0.0313241146593231	0.0167844166498681	0.00140152143258112	0.0209678809008456	0.00505802095628034	0.00355576021143916	0.0292827074864754	-0.0392318712749328	-0.0320491158424754	-0.0119831948856348	-0.00556013054372436	-0.0219220768716427	-0.00984898326980868
0.0527286410790552	0.0536589430350295	-0.0314692626968637	-0.0313600744251996	0.016792266303124	0.00141326028937224	0.0209669686702751	0.00506810578398178	0.00354689075984248	0.0292868914536406	-0.0392357786392604	-0.0320553477882263	-0.0119912373226866	-0.00556495432957462	-0.0219272582854042	-0.00985805388710545
0.0527048560289867	0.0536450821594992	-0.0314912372556314	-0.0313627817802467	0.0167600546453958	0.00138618953286881	0.020953465422656	0.00504389605076862	0.00356472465794976	0.0293152530233864	-0.0392141449445957	-0.0320341611284508	-0.0119771138141589	-0.00554575697505557	-0.0219070774541292	-0.00984124816924312
0.0526853946444863	0.0536416916792621	-0.0315144984366892	-0.0313217146407622	0.0167368158160825	0.00137667467465099	0.0209442634888605	0.00503395650940615	0.00355585800032115	0.029346999485433	-0.0392215363870903	-0.032013948166543	-0.0119814654194075	-0.0055346635248856	-0.0218957604865146	-0.00983806723661032
0.0526954557234592	0.0536676001450539	-0.0315317288376962	-0.0312335342149179	0.0167389420257738	0.00139283777986023	0.0209472390648412	0.00505020902159321	0.00350619521810951	0.0293588040004735	-0.0392487133143798	-0.0320095867824062	-0.012027194294595	-0.00555162570495912	-0.0218999598205042	-0.00985494000970602
0.0526766481274841	0.0536600131247953	-0.0315470942650252	-0.0311852865775271	0.0167357582991729	0.00139526434111766	0.020946938713275	0.00505046746363848	0.00349968108158482	0.0293863539224987	-0.0392688620150223	-0.0320084119188383	-0.0120198503495574	-0.00553862676857433	-0.0219340783614312	-0.00984891481759129
0.0526599122588232	0.0536652937244229	-0.0315787834507267	-0.0310808759912403	0.0167183295264339	0.0014042106268359	0.020938495341807	0.00505304350218695	0.00347525621283128	0.0294025421734204	-0.0392828933226041	-0.0319996220953312	-0.0120422859130545	-0.00553712361375971	-0.0219440416515221	-0.00985145732852308
0.0526145270417067	0.0536484516849758	-0.0316283260923119	-0.0309508894213604	0.0166820638210552	0.00138390406699825	0.0209142548749453	0.00503720729124037	0.00344719359766765	0.0294669040215795	-0.0392954214753713	-0.0319625293754076	-0.0120581891792344	-0.0055125478707311	-0.021950713647242	-0.00983588933850996
0.0525932397990811	0.0536455599280369	-0.0316433101430011	-0.0308752371482834	0.0166811837211172	0.00138809781305168	0.0209129947953516	0.00503999287739311	0.00343661284063611	0.0294844194073283	-0.039320933197699	-0.0319545805362857	-0.0120592033896391	-0.00550582837755422	-0.021980315738805	-0.00984269265072854
0.0525804434253804	0.0536426877288744	-0.0316425613595618	-0.030829270785811	0.0166881686412595	0.00139155115757002	0.0209210525992277	0.00504431793994521	0.00342450937101357	0.0294740146702843	-0.0393261076265404	-0.0319580338808041	-0.0120675741179376	-0.0055129697599077	-0.0219879935630254	-0.00984223443996721
0.0526000710509802	0.0536600801800287	-0.031626465309586	-0.0308301397098767	0.0167225260664554	0.00142163939957492	0.0209388250300378	0.00506973466735896	0.00341487856312139	0.029442233283637	-0.0393485906874944	-0.0319859931191496	-0.0120693371117815	-0.00552747324809113	-0.0220235523944858	-0.00985843666072925
0.0525864993511438	0.053637612485899	-0.0316227591109585	-0.0308604528663102	0.0167133129567877	0.00140178685954653	0.0209327858680827	0.00505515713902201	0.00344221055563814	0.0294383622408941	-0.0393209010670663	-0.031983605673445	-0.0120507893548357	-0.00551627921507111	-0.0220108607945872	-0.00984207937474005
0.0525893687563382	0.0536273837688427	-0.0316030811939336	-0.0309151168513437	0.0167184175364277	0.00139515677334747	0.0209332636366205	0.00504700713419999	0.00346693996690988	0.0294188351981443	-0.0393038830076317	-0.0319881793991541	-0.0120327431151561	-0.0055177907517899	-0.0219978436974101	-0.00983773475441155
0.0526232274582359	0.0536408129763082	-0.0315759056636281	-0.0309853725751188	0.0167410556626088	0.00141135759712548	0.0209429377510175	0.0050619115567996	0.00347721757840724	0.0293742839804928	-0.0392958629223243	-0.0320082331048826	-0.0120289698612952	-0.00553699509122909	-0.021991410585959	-0.00985005475655851
0.0526211305852092	0.0536250368356749	-0.0315695535772507	-0.0310677792659735	0.0167380423680594	0.00138601490986525	0.0209383598343563	0.00503884874747381	0.00350786601100755	0.0293788926308027	-0.0392654380071685	-0.0320006293208157	-0.0120053175247094	-0.0055226410803367	-0.0219712898249972	-0.00983154332119743
0.0526677339723985	0.0536412642021494	-0.0315194186144374	-0.0311965923692694	0.0167728216824319	0.00139850953501577	0.0209644443201356	0.00505433850638133	0.00353388344155352	0.0293178276649508	-0.0392530551407403	-0.0320318100043309	-0.0119888666407903	-0.00554568572887012	-0.0219701275342855	-0.00984526729229299
0.0526716692764067	0.053627005186171	-0.0315003735311775	-0.031291317665287	0.0167645752857119	0.00137913196955704	0.0209650939177089	0.00504399104568256	0.00356685366160913	0.0293026745791941	-0.0392195037753288	-0.0320331273602697	-0.0119669158307512	-0.0055419292388176	-0.0219348103810621	-0.00983301713934745
0.052692551393664	0.0536408241521805	-0.0314965681466839	-0.0313125685863279	0.0167586353096229	0.00138197622903898	0.0209575446160191	0.00504560595921945	0.00355970669131955	0.0292955723123935	-0.0392124350361449	-0.0320282937955313	-0.0119877197169029	-0.0055562734708218	-0.0218970750484854	-0.0098414828625599
0.0527255188197516	0.0536650296944415	-0.0314814150609273	-0.0313381627307132	0.0167754200727248	0.00139728577700684	0.0209579679021797	0.00505166188498281	0.00354486373601719	0.0292976719793882	-0.0392256910175909	-0.0320399628031209	-0.0120005063117154	-0.00556537202779913	-0.0219040948932284	-0.00986021502139748
0.052704332159976	0.0536545718720045	-0.0315005677119574	-0.0313297780325744	0.0167509924100032	0.00138139648066717	0.0209554896525132	0.00503968414392282	0.0035520414399554	0.0293246756806583	-0.039217842761319	-0.0320267724799243	-0.0119908699158871	-0.00555034886155711	-0.0219015440003924	-0.00984546007608892
0.0527118074215123	0.0536679032905881	-0.0315141254419536	-0.0312819802240408	0.0167525891627478	0.0013992429516307	0.020956952294791	0.00505431196368479	0.00352104934928409	0.029336688346319	-0.039243224564132	-0.032023275828901	-0.0120168775675449	-0.00555755869612798	-0.0219039705616499	-0.00985953189620756
0.0527090330112318	0.0536792551828033	-0.0315222642709034	-0.0312227061917134	0.0167565873310372	0.00141781445730501	0.0209579776810679	0.00506970952164644	0.00350043824692824	0.0293524882356808	-0.039276307939894	-0.0320326663555403	-0.0120265586668621	-0.00554947015860321	-0.0219515155160744	-0.00986181456811006
0.0526559853367192	0.0536459888021337	-0.0315646948667997	-0.0311622740596263	0.016711608636273	0.0013800330242554	0.0209316403411794	0.00503803011483313	0.00350682386092232	0.0294049407949973	-0.0392535608489586	-0.0319902050259954	-0.0120192789830898	-0.00552285621587708	-0.0219272261547716	-0.00983495475619492
0.0526210188264869	0.0536445499085843	-0.0316004213363434	-0.0310353915882577	0.016693249472171	0.00138541141276495	0.0209228477237043	0.0050443025731209	0.00347637240307002	0.0294352860820634	-0.0392824253329546	-0.0319804456955726	-0.0120315584726999	-0.0055131415889432	-0.0219454065049179	-0.00983424788227652
0.0526155091214787	0.0536606766922089	-0.0316305179602525	-0.0309100541812246	0.0166947135114328	0.0013958161498089	0.0209188802890635	0.00504768886240588	0.00342401344168346	0.0294648239123611	-0.039315338276665	-0.0319661517549934	-0.0120754684746824	-0.00552347927075377	-0.0219535760675163	-0.0098475359943552
0.052585235080598	0.0536450430439464	-0.0316378591113221	-0.0308626112066342	0.0166976094593238	0.00139960616747811	0.0209194516555311	0.00505214943240874	0.00342780345935267	0.029474537142311	-0.0393302566691049	-0.0319663403478373	-0.0120593179423294	-0.00550849102911246	-0.0219985799079931	-0.00983797922661653
0.0525901664342185	0.0536495944179111	-0.0316271163041432	-0.0308346799079692	0.0167144766444834	0.00141578044855958	0.0209281157504756	0.00506456862042172	0.00341905554536647	0.0294551050944752	-0.0393398539493804	-0.0319802068113037	-0.0120707927691391	-0.0055222680856011	-0.0220082889469908	-0.00985365618138387
0.0525830683583699	0.0536403729263393	-0.0316357119468703	-0.0308252376929209	0.0167073785686348	0.00140340736101954	0.0209269408869077	0.00505422954162712	0.00342127814695575	0.0294516280012283	-0.0393251590743851	-0.0319732456398899	-0.0120741804554081	-0.00552134188519024	-0.0219884084672819	-0.00984501862913592
0.0525610882116661	0.0536158223290232	-0.0316245668082913	-0.0308592207263971	0.0167022069337615	0.00138632224635151	0.0209293688451491	0.00504011720897165	0.00345544558232374	0.0294401978779075	-0.039310527063671	-0.0319795125102416	-0.0120348721188154	-0.00550284302268541	-0.0219987880586133	-0.00982023892643916
0.052598686639808	0.0536324101173771	-0.0315885553540057	-0.030929268299552	0.0167350444403344	0.00140219477888284	0.0209525503981174	0.00505860489560424	0.00345871173098227	0.0294025156307239	-0.0393084902609575	-0.0319963405798484	-0.0120405243161946	-0.0055365243076115	-0.0219859330115835	-0.00985508250207693
0.0526230039407914	0.0536426458193536	-0.0315670767245682	-0.0309897535170321	0.0167493928632906	0.00140842951860184	0.02095945569017	0.00506394556554503	0.00346850039806967	0.0293641139367657	-0.0392936277478788	-0.0320116082182954	-0.0120402574922451	-0.0055481933152012	-0.0219749597020399	-0.0098540110153271
0.0526341895919072	0.0536299151039022	-0.0315432399860907	-0.0310908183265708	0.0167548341160815	0.00139111669553717	0.0209576773295018	0.00505298063790567	0.00349736627904967	0.0293595416080405	-0.0392692992710232	-0.0320118443085962	-0.0120175383409903	-0.00554109803332067	-0.021958811963655	-0.00984497113167896
0.0526684170975884	0.0536372758127482	-0.0315035139512734	-0.0312100355465753	0.0167746000431001	0.00139427527642551	0.0209698436634056	0.00505372523039284	0.00353494654639918	0.0293086536708359	-0.0392454206230248	-0.0320355748762876	-0.0119939949691588	-0.00555749722883072	-0.0219450139524059	-0.00985068619333937
0.052708256288112	0.0536530198227489	-0.0314772422696343	-0.03130383743615	0.0167924004135907	0.00140320200436735	0.020978256301225	0.00506119909494509	0.00355274691688977	0.0292765425959578	-0.0392363150811273	-0.0320544090149592	-0.0119850458894725	-0.00556837414647629	-0.0219414516431334	-0.00985894795688367
0.0526883338988821	0.0536333209509636	-0.0314939013041736	-0.0313376849621755	0.0167579717422094	0.00137185787372087	0.0209620443015747	0.00503244776665542	0.00357368351652426	0.0293044529398624	-0.0392022133040086	-0.0320273033338551	-0.0119770956533665	-0.0055484433753423	-0.0218997502728999	-0.00983772078457127
0.0527141040632551	0.0536551125048235	-0.0314797093434285	-0.0313453753592521	0.0167726554413325	0.00139221891593562	0.0209700448291057	0.00505050657919127	0.00355792413969924	0.0292983718683865	-0.0392223759744914	-0.0320408945914679	-0.011994889038937	-0.00556312986843346	-0.0219079771118435	-0.00985658705387557
0.0527045584713886	0.0536562286950622	-0.0314965416039874	-0.0313265565874048	0.0167544597243619	0.00138835066716083	0.0209653719175305	0.00504543133621589	0.00354808797515487	0.0293239408670593	-0.0392231820342758	-0.032030144799369	-0.0120000760406346	-0.00555387764321299	-0.0219066821076491	-0.00984936883740054
0.0527066162288626	0.0536694399730194	-0.031511247654855	-0.031280175320676	0.0167637370952948	0.00140721693646514	0.0209670720470932	0.00505989431186251	0.00351898740085809	0.0293375321246722	-0.0392508968004163	-0.0320303892715739	-0.0120190736264376	-0.00555702784219716	-0.0219239139056401	-0.00985777169633171
0.0526835254798562	0.0536697515004577	-0.0315448660754998	-0.0311846453618581	0.0167328232357291	0.00138589197527074	0.0209474905219663	0.00503964223440197	0.0034900628465489	0.0293828600654435	-0.0392531110201014	-0.0319973100867641	-0.0120474393871354	-0.00554862498326599	-0.0219066821076491	-0.00984936883740054
0.0526660422247401	0.0536651204984034	-0.031559555362559	-0.0311329946713739	0.0167315002918542	0.00139717541526859	0.0209501461886044	0.00504788583715389	0.00349450665274342	0.0293905225228396	-0.039275869286909	-0.0320032151382524	-0.0120297856999678	-0.00553850383397983	-0.0219480146740991	-0.00985496096446645
0.0526158988800226	0.0536483259564133	-0.031612179750911	-0.0309955845283669	0.0166934268891426	0.00137915152733344	0.0209311835274021	0.00503113599865269	0.00345685793317651	0.0294560494556784	-0.0392852206979955	-0.0319677736534505	-0.0120599242333977	-0.0055162051749176	-0.0219362660384197	-0.0098388760903628
0.0526094308439709	0.0536632261880608	-0.0316256215312328	-0.0308951665224333	0.0166994758299858	0.00140330538118546	0.0209297446338528	0.0050520935530476	0.00342553475729045	0.0294658758413346	-0.0393274738769202	-0.0319733699714684	-0.0120760929265431	-0.00551894046964532	-0.0219809555574901	-0.00985106617299511
0.0525848034125332	0.0536487911520947	-0.0316402577328989	-0.0308450497204125	0.0166952778929803	0.00139562057204492	0.020923959722991	0.00504686743579715	0.00342357199473047	0.0294791346167486	-0.0393263073952564	-0.0319623687222444	-0.0120736747471898	-0.0055114037408118	-0.0219949212068225	-0.00984404353428406
0.0525644311944462	0.0536306988119422	-0.0316462801310456	-0.0308295026851598	0.0166928988291799	0.00138767592387509	0.0209261404150594	0.00504612004934192	0.00343826966369386	0.0294713017273011	-0.0393205057205863	-0.0319640548819667	-0.0120581500636816	-0.00550421625798539	-0.0219999824799576	-0.00983484439445667
0.0525785002205968	0.0536353577536771	-0.0316291265641602	-0.0308387465284761	0.0167134498612225	0.00139899568545767	0.0209374825283864	0.00505556226439026	0.00343463610823585	0.0294408907819856	-0.0393253909737338	-0.0319766738386957	-0.0120584085057269	-0.00551723754611463	-0.0220057394511389	-0.00984355179590604
0.0525808331839243	0.053627006583155	-0.031609627461091	-0.0308789042313581	0.0167188673652848	0.00139270087542544	0.020936529785279	0.00504799340492408	0.00345234707174862	0.0294262587712716	-0.0393093787427996	-0.0319826557243056	-0.0120451455393607	-0.00551789971654412	-0.0219994502290428	-0.00983947539651101
0.0526174635021345	0.0536408157702763	-0.0315783168580612	-0.030953518545302	0.0167460652473349	0.00140713591139149	0.0209510765799673	0.00506014856295569	0.00346465869199141	0.0293872284345005	-0.0393041749772936	-0.0320053692876243	-0.0120434509977342	-0.00554025565195151	-0.021993374745503	-0.0098561316370823
0.0526207226658729	0.05363441898041	-0.0315683298192417	-0.0310142524259391	0.0167428424051812	0.00139313952841038	0.0209483901796806	0.00504905790675377	0.00348816853620631	0.0293767859788878	-0.0392796146010893	-0.0320022665860971	-0.0120303123629466	-0.00553764468880233	-0.0219732400147009	-0.00984786568258592
0.0526405346933645	0.053627006583155	-0.031535352614266	-0.0311295566936799	0.0167542948802465	0.00138034036074166	0.0209543888290988	0.00503873978271959	0.00352248684584937	0.0293458818982103	-0.0392535217334058	-0.0320103942391746	-0.0120041747917741	-0.00553823980399845	-0.0219561996035218	-0.00983623439356499
0.0526791990203201	0.0536400558109648	-0.0314931567116865	-0.0312561835169713	0.0167859407594431	0.00139439541705196	0.0209741212285008	0.00505245956286306	0.00355343982096789	0.0292969273869011	-0.0392422382934079	-0.0320396121601298	-0.0119809555202371	-0.00555576776260349	-0.0219596906666089	-0.00984893437536769
0.0526954221958425	0.0536443431549481	-0.0314840860943897	-0.0313237793831562	0.0167823155858893	0.00139056907779802	0.0209737594096374	0.00504890144454258	0.00356000704288566	0.0292880495534002	-0.0392203377747938	-0.0320369788452362	-0.0119847595077466	-0.00556055522686901	-0.0219255860955222	-0.00984728453723008
0.0526897867622717	0.0536404958609338	-0.031494214228596	-0.0313376849621755	0.0167608104137552	0.00136937683008633	0.0209586468364175	0.00503164310385502	0.00356168062975176	0.0293096161928315	-0.0392046719958987	-0.0320154569092938	-0.0119904172930619	-0.00555210906143297	-0.0218901166710397	-0.00983738550840444
0.0527186568342038	0.0536686283252988	-0.0314847231191067	-0.0313310995794653	0.0167750400930691	0.00139484943686121	0.0209623711958374	0.0050522653820831	0.00354408142496126	0.0292992142497557	-0.0392258474798021	-0.0320342854600293	-0.0120057142681735	-0.00557053528076831	-0.0219032231751946	-0.00985967857953055
0.052695054789043	0.0536585490855335	-0.0315072522805336	-0.0313071147606808	0.016744106675727	0.00137477896732437	0.0209439547553903	0.00503565943293684	0.00354978251678139	0.0293350231413571	-0.0392197887600707	-0.0320132734232573	-0.0119981579815636	-0.00554733277303967	-0.02190201478401	-0.00984197460093792
0.0526823659831126	0.0536638310821451	-0.031525976057467	-0.0312482556326098	0.0167405597332787	0.00138752644658404	0.0209429335600655	0.00504579175809523	0.00352927060029156	0.0293525538939302	-0.0392456203917408	-0.0320119476854143	-0.0120037165810128	-0.00553885447697097	-0.0219278911191691	-0.00984257111311807
0.0526740176065585	0.0536695866563423	-0.0315487413091947	-0.0311712203453446	0.0167306020311239	0.00138465424742153	0.0209364627300456	0.00504544530605618	0.00349275902572382	0.0293879478812752	-0.0392593331869642	-0.0319943233349113	-0.0120383282573018	-0.00553960326041022	-0.0219192074664482	-0.00985071832397203
0.0526581450740272	0.0536751494467437	-0.0315750074028978	-0.0310753565073438	0.0167175234666495	0.00139893421816041	0.0209381363169117	0.00505708777094933	0.00347760174901506	0.0293966175641558	-0.0392800336962978	-0.0319982600359035	-0.0120459753478736	-0.00554101421427896	-0.0219491168944975	-0.00985443150751967
0.0526113824306586	0.053659947466546	-0.0316235134823338	-0.0309498542561953	0.0166886198671007	0.00137861368848248	0.0209237613512589	0.0050422210669185	0.00344454072499761	0.0294589090819846	-0.0392974484991966	-0.0319598625328973	-0.0120673464095409	-0.00551853115332498	-0.0219495890750991	-0.00984185026935938
0.052608455749119	0.053673449317181	-0.0316290776697192	-0.0308707276838395	0.0167022111247136	0.00140177149272221	0.0209308929547242	0.00505766751932115	0.00341662479315696	0.0294611903569031	-0.0393359815096535	-0.0319681759848506	-0.012077559759773	-0.00552364830582122	-0.02199616871356	-0.00985092368062421
0.0525753598005008	0.0536502998948455	-0.0316412300337827	-0.030842915128817	0.0166927856734736	0.00139013321878114	0.0209236356226964	0.00504833147505897	0.00343116041197305	0.0294697357082052	-0.0393262068124064	-0.0319609046829825	-0.0120583526263657	-0.00550739160268207	-0.0220089469264682	-0.00983549399202991
0.0525739278918717	0.0536494267798277	-0.0316402256022663	-0.030825146888959	0.0167014567533382	0.00139442335673253	0.0209287974786815	0.00505400742116659	0.00342239713116254	0.029454311607547	-0.0393265658373017	-0.0319633424201122	-0.0120663782996092	-0.0055158419590702	-0.0220008569919595	-0.00984039042104965
0.0525630565621622	0.0536372143454509	-0.0316341096061897	-0.0308358170529684	0.0167030576970348	0.00138375319272318	0.0209318959892566	0.00504785230953721	0.0034421253396124	0.0294370029754344	-0.0393144595737111	-0.0319674635229961	-0.0120519921580842	-0.00551457629154042	-0.0219959479900835	-0.00983159221563843
0.0526046559525616	0.0536653356339438	-0.0315981205036486	-0.0308796236781327	0.0167335706221843	0.00140440899856794	0.020944236946164	0.00505896392049955	0.00343417091255437	0.0293983819549837	-0.0393152167390545	-0.031989991287439	-0.0120698707596804	-0.00554544125666514	-0.0219959228443709	-0.00984953787246798
0.0526172078540573	0.0536584638695078	-0.0315769855322821	-0.0309729072866329	0.0167462119306579	0.00140864605112625	0.0209485634057001	0.0050627315864243	0.00347086269806179	0.0293680855623586	-0.0392963169421335	-0.0320044849967343	-0.0120394374626204	-0.00554522751810879	-0.0219943680011473	-0.00985104521823469
0.0526165889901327	0.0536439198687875	-0.0315636569076665	-0.0310541265410634	0.016744453127766	0.0013937444224947	0.0209466704923416	0.00504921576594898	0.00349668594782781	0.0293676008089007	-0.0392750087447475	-0.0320034945350581	-0.0120155364628776	-0.00552941784985874	-0.0219857332428674	-0.0098319051400608
0.0526347916920235	0.0536319700674081	-0.0315302773712906	-0.0311741023233953	0.0167509435155622	0.00137752543792432	0.0209487575864801	0.00503708715061392	0.00354229188842081	0.0293317346409541	-0.0392367788798247	-0.0320076659293671	-0.011986739034115	-0.00553544443895751	-0.0219524878169582	-0.00983160618547871
0.052679735462187	0.0536532656919379	-0.0314999516420009	-0.0312558035373156	0.0167697580964575	0.00138491827740291	0.0209584303038931	0.0050448376180038	0.00354561671040853	0.0292955862822337	-0.0392246027670327	-0.0320239435872666	-0.0119989263227792	-0.0055610651260394	-0.0219215585905681	-0.00984629686952196
0.0527081864389105	0.0536699820028224	-0.0314824977235493	-0.0313142114395453	0.0167829204799736	0.00140120990514277	0.0209641719082501	0.00505820116722002	0.00354999485835372	0.0292782385345684	-0.0392252090581011	-0.0320433253436774	-0.0119964927766016	-0.00556982980383394	-0.0219278198729837	-0.00985351927694908
0.052712528265271	0.0536730274280044	-0.0314877224438158	-0.0313293826860944	0.0167689115241362	0.00139012902782905	0.0209540521559479	0.00504843904282916	0.00354734058869965	0.0292966172564467	-0.0392170897869277	-0.0320278076450893	-0.0120047349823695	-0.00556530916351785	-0.0219124809883512	-0.00984651759299846
0.0527004108258081	0.0536666320351222	-0.0315002645664232	-0.0313256974422273	0.0167493062502809	0.00137680459416563	0.0209443263531418	0.00503605338243286	0.00355299278607878	0.0293206872912571	-0.0392098506156922	-0.0320130359359724	-0.0120010720902469	-0.00555279498059094	-0.0219022913868477	-0.00984220650028664
0.052690833103309	0.0536636257254929	-0.0315206605332387	-0.0312844920013239	0.0167372027806583	0.0013792968136724	0.0209380566888221	0.00503977494788467	0.00353890001119971	0.0293429161011179	-0.0392225352306706	-0.0320070568443307	-0.0120072076440999	-0.00554674883371578	-0.0219044483301876	-0.00983745675458989
0.052702562181212	0.0536888105535579	-0.0315331160428364	-0.0312021314109422	0.0167472331259827	0.00140394519987049	0.0209536302667713	0.00506337280209336	0.0034940344721418	0.0293513371208414	-0.0392627069033929	-0.0320102810834683	-0.0120449206249321	-0.0055647028724495	-0.0219316783428703	-0.00985538844157916
0.0526759663992782	0.0536742176583967	-0.0315591306794143	-0.0311545417530288	0.0167291533586864	0.00139259330765525	0.0209371374733314	0.00505164093022238	0.00349309849284273	0.0293819394529688	-0.0392655204292262	-0.0319921063212581	-0.0120362453541154	-0.00554563404046107	-0.0219415103164626	-0.00984105817941525
0.0526345011193456	0.0536654753323466	-0.0315984948953682	-0.0310392989525853	0.0167029543202167	0.00139279167938729	0.0209266964147027	0.0050540521246555	0.00347306853584272	0.0294201134385304	-0.039282152921069	-0.0319805756150872	-0.0120463064330884	-0.00552822482549844	-0.0219589698228502	-0.00983562949948067
0.0526081358397765	0.0536719000618935	-0.0316327726924744	-0.0308844139363663	0.0166965938519351	0.00140665953983778	0.020922146437722	0.00506255556643672	0.00341938942454927	0.0294610939650052	-0.0393256172851464	-0.0319664171819588	-0.0120808524511281	-0.00552437054656393	-0.0219908783350442	-0.00984315225847391
0.0525875834107498	0.053657002624214	-0.0316391094120275	-0.0308486399693656	0.0166948392399954	0.00140280386391924	0.0209214647095161	0.00505892340796273	0.00342429563245721	0.0294651955101127	-0.039329428257576	-0.0319627179682515	-0.0120704700658286	-0.00551409991998672	-0.0220124589443158	-0.00983518386157559
0.0525750105544937	0.053648117805793	-0.0316390982361553	-0.0308308144531625	0.016699924261859	0.00140404438573651	0.020923174617967	0.00506255556643672	0.00342810660488684	0.0294534720201459	-0.0393269807415582	-0.031967557120926	-0.0120683131224886	-0.00551596629064873	-0.0220127830446104	-0.00983289280776892
0.0525788396877157	0.0536450402499783	-0.0316382195332014	-0.0308335120293214	0.0167006017991128	0.00139504361764117	0.0209240756726653	0.00505433710939731	0.00343341095324289	0.0294415208217824	-0.0393139203378761	-0.0319675948394948	-0.0120686190619909	-0.00551966969530817	-0.021999655585695	-0.00983167882864819
0.052579684863053	0.0536388222740677	-0.0316155367035313	-0.030876297459161	0.0167127122536555	0.00139316188015483	0.0209252784759138	0.00505066723235455	0.00346060883529292	0.0294206624532536	-0.0393075542816584	-0.0319830887893544	-0.0120475008544327	-0.00551797515368166	-0.0220125790849422	-0.00982106594098401
0.0526226169762155	0.0536556475497064	-0.0315824170061847	-0.0309609267516049	0.0167426132998005	0.00141468102212918	0.0209443389259981	0.00507225342956226	0.00346858282012735	0.0293759086729179	-0.039302329561392	-0.0320032780025337	-0.0120476852563244	-0.00554433344833058	-0.0220091201524878	-0.00984655251759917
0.0526169605878843	0.0536364013007464	-0.0315781492199778	-0.0310291903761554	0.016730609016044	0.00139038327892223	0.0209361567905434	0.00504998969510075	0.00350072323167005	0.0293744991160332	-0.0392658976149139	-0.031995880972103	-0.0120236808797635	-0.00552987326665202	-0.0219850934241823	-0.00982795726319638
0.0526631071612963	0.0536471427109412	-0.0315317120738878	-0.0311511289210473	0.0167658479381618	0.00139862129373804	0.020949982741473	0.00505731128839389	0.00352465217109349	0.0293255837202768	-0.0392562737919419	-0.0320196059518583	-0.0120093855422003	-0.00555136307196177	-0.0219755366564437	-0.00983724301603353
0.0526784879554496	0.0536362602053595	-0.0315104080674539	-0.0312553970149633	0.016758541711693	0.00138029565725275	0.0209488902999628	0.00504122082635413	0.0035596354451341	0.0293033688802563	-0.0392194800266004	-0.0320215477596578	-0.0119859581200431	-0.0055508685396157	-0.0219343619491889	-0.0098286795039391
0.0526889751145512	0.0536401983033357	-0.0314972386990176	-0.0313098193217599	0.0167572271497222	0.00137591890629159	0.0209520013833942	0.00504075563067265	0.00357421297347104	0.0292943876699373	-0.0392089705157543	-0.0320245834059517	-0.0119827352778894	-0.005556921671411	-0.0219106872608587	-0.00983272097873342
0.0527196850144488	0.0536693212293769	-0.0314807892120825	-0.0313276350590748	0.0167753753692359	0.00139896215784099	0.0209600242626696	0.00505932853333098	0.00355074224480894	0.0292879936740391	-0.0392258698315465	-0.0320362971170303	-0.0120049990123509	-0.00557502798140383	-0.0219165001114011	-0.00985431416086128
0.0527233968010124	0.0536786209520544	-0.0314935730129269	-0.0313133956008727	0.0167616080916355	0.00139646015944602	0.0209539012816729	0.00505126095056664	0.00353932190037631	0.0293019202078188	-0.0392209510507823	-0.032024404591996	-0.0120224543277865	-0.00557516069488653	-0.0219003831066648	-0.00985616795866704
0.0527220193747603	0.0536870559416182	-0.0315113119161203	-0.0312856487040995	0.0167563861653371	0.00140232469839748	0.0209462877187178	0.00505415270750555	0.00352781913388599	0.0293226039533441	-0.0392350019161405	-0.0320210881519125	-0.0120257316523172	-0.00556875971406814	-0.0219160880011127	-0.00985501963779565
0.0526781862068994	0.0536640993030786	-0.0315347602930379	-0.0312330340946357	0.0167345471140202	0.00139367317630925	0.0209423747664541	0.00504952449941927	0.00352708012933494	0.0293598852661115	-0.0392448604324294	-0.0320060468248781	-0.012014378363118	-0.00553961443628245	-0.0219405869100197	-0.00983608910722603
0.0526732422804227	0.0536750251151651	-0.031548019068452	-0.0311467158485014	0.0167367110422803	0.00140274379360602	0.0209387719446447	0.0050531636428134	0.00348778157163043	0.0293802435143582	-0.0392674398852813	-0.031995143364536	-0.0120557779848013	-0.00555403550240821	-0.0219335055979795	-0.00984704565296122
0.0526323832915584	0.0536637598359597	-0.0315933260544629	-0.0310480105449868	0.0167029152046639	0.00138660583410928	0.0209245562351711	0.00503809856705052	0.00348156778667185	0.0294161404159534	-0.0392675963474925	-0.0319757644020932	-0.012052425223133	-0.00553002972886321	-0.0219390041271155	-0.00983987074299106
0.0526074177899859	0.0536593802910304	-0.0316209514136256	-0.0309385303036607	0.0166946464561995	0.00139299983000753	0.0209168462803181	0.00504473843213778	0.003450500258863	0.0294587218861248	-0.0393044529771153	-0.0319632907317031	-0.0120622809454538	-0.00552218286957537	-0.0219748549282378	-0.00983870705529536
0.0525886004151226	0.0536602548030323	-0.0316404169890782	-0.0308501487121163	0.0166881672442755	0.00139432137689845	0.0209086012805821	0.00504621644123988	0.00342598318916359	0.0294770307588018	-0.0393193364449544	-0.0319507933125846	-0.0120813218377616	-0.00552036958430643	-0.0219855139163749	-0.00984127471193966
0.0525819829017798	0.0536591581705699	-0.0316352104296041	-0.0308240879750655	0.0167040355858547	0.00140945211091067	0.020924156697739	0.00506615280030999	0.00342394778343413	0.0294597067598649	-0.0393327041851227	-0.0319672008899988	-0.012080898551601	-0.00552692004241586	-0.0220162936654739	-0.00984527707118119
0.0525671497253656	0.0536484153633911	-0.0316454838501494	-0.0308164129448131	0.0166985901421118	0.00140326905960072	0.0209283448558563	0.00505733224315432	0.0034290076595852	0.0294545965922888	-0.0393222798903024	-0.03196225277257	-0.0120780067946621	-0.00551989321275273	-0.0220056235014645	-0.00983675267463955
0.052586461632575	0.0536480130319909	-0.0316142361114009	-0.0308667714250709	0.0167223723982122	0.00140861112652554	0.0209328599082363	0.00506057324610034	0.00344190461613591	0.0294275733332423	-0.0393215422827354	-0.0319787260082336	-0.0120654451142782	-0.0055221060354538	-0.0220219849784058	-0.00983755733743994
0.0525813458770628	0.0536316543490177	-0.0315945414305677	-0.0309515711495663	0.0167248562358148	0.00139173835342984	0.0209310969143923	0.00504738851083976	0.00349202002117276	0.0294020951385313	-0.0392879224651065	-0.0319868816009917	-0.0120282937210254	-0.00552355610487534	-0.0220019550214058	-0.00982747390672254
0.0526062554992742	0.0536404930669657	-0.031571487003146	-0.0310057419992378	0.0167447590672683	0.00140310281850133	0.020947378763244	0.00506036230151204	0.00349401910531748	0.0293652692425572	-0.0392817883082376	-0.0320003722757545	-0.0120334024916175	-0.00553834318081655	-0.0219909258325012	-0.00983957877332911
0.0526203119525685	0.0536269451158577	-0.0315420078461776	-0.0311104850677234	0.0167499195262694	0.00138041300391114	0.0209474877279982	0.00504448976898072	0.00352486171869775	0.0293519671606382	-0.0392512139157908	-0.0319994362964554	-0.0120154791865324	-0.00553816716082897	-0.0219574904167641	-0.0098321160846491
0.0526753307715453	0.0536557676903329	-0.0315008471087631	-0.0312119061081894	0.0167805302403009	0.00139767972650286	0.0209606864330991	0.00505252522111239	0.00353879803136564	0.0292933720625486	-0.039240719771769	-0.0320273424494079	-0.012016786763583	-0.00556406165678044	-0.0219459680924974	-0.00984705822581747
0.0526965802956021	0.0536596499089479	-0.0314862584045539	-0.0312997554488189	0.0167859100257945	0.00139993026777271	0.0209652392040478	0.00505410521004858	0.00356143336357872	0.0292789258507104	-0.0392229794715916	-0.032038592361789	-0.0119997840709727	-0.00556798019698026	-0.0219375931732468	-0.00984883099854958
0.0526840158212502	0.0536506840654533	-0.0314954477654931	-0.0313282567169674	0.016764874240294	0.00137766513632716	0.0209508865901395	0.00503561752341598	0.0035708630057708	0.0293036217343654	-0.0392048997042954	-0.0320200655596036	-0.0119931260450931	-0.00555142034830694	-0.0219139478215811	-0.00983106415567567
0.0527135382847236	0.0536865991278409	-0.0314781517062368	-0.0313299819922426	0.0167878699943864	0.00140779109690083	0.0209636675970158	0.00505928382984207	0.00354618248894006	0.0292932016304972	-0.0392315471746382	-0.0320336149076956	-0.012018946500891	-0.00557876072272786	-0.0219247032016162	-0.00986242784409855
0.0526964350092632	0.0536766037071173	-0.0315090236562817	-0.0312927705286766	0.0167556122361853	0.00138632923127165	0.0209452232168881	0.00504318638288216	0.0035399645130294	0.0293258309864498	-0.0392211354526741	-0.0320038912785222	-0.0120288078111479	-0.00556204580882738	-0.0219009027847234	-0.00985060796223378
0.0526771272930059	0.0536676895520317	-0.0315294489597617	-0.0312439501278341	0.0167413336624305	0.00139111669553717	0.0209426569572278	0.0050505666495045	0.00353737590162467	0.0293481869218572	-0.0392398173200866	-0.0320053399509597	-0.012013939710133	-0.00554384729788867	-0.0219384048209673	-0.00984130544558829
0.052682536415164	0.0536792230521706	-0.0315460339541476	-0.0311639979379175	0.0167352986914275	0.00139668227990654	0.020937560759492	0.0050499631524042	0.00349202421212485	0.0293778700384939	-0.0392577434191398	-0.0319896713780965	-0.0120547539955084	-0.00555334678928218	-0.0219339568238207	-0.00985165430327109
0.0526801880850122	0.0536919621495261	-0.0315700411246766	-0.0310680209442104	0.016729821117052	0.00141147773775193	0.0209325302200055	0.00506241167708178	0.00346698886135088	0.0293813778653893	-0.0392787331041674	-0.0319891586849581	-0.0120772859509034	-0.0055619536078815	-0.0219484645029562	-0.00986309979341624
0.0526061311676957	0.053655478514639	-0.0316204498963594	-0.0309657225977746	0.0166898059065409	0.00138603586462568	0.0209164537278061	0.00504385414124777	0.00346184237219004	0.0294538589847218	-0.0392920826835433	-0.0319594141010242	-0.0120583819630303	-0.00551137719811525	-0.0219731017132821	-0.00983293052633769
0.0525897235902814	0.053663926077059	-0.0316423560029097	-0.0308545240660935	0.0166858482507882	0.00138860491825401	0.020908942144685	0.00504421037217502	0.00342131726250854	0.0294731247914582	-0.0393108371941253	-0.0319435457594449	-0.0120893852295739	-0.00551969344403666	-0.0219723878544435	-0.00984296785658215
0.0525822427408091	0.0536637989515125	-0.0316360458260531	-0.0308244539848809	0.0167051224394289	0.00140676151967186	0.0209203261675329	0.00505516971187827	0.00342528050619727	0.0294574632035152	-0.0393380322822073	-0.0319661363881691	-0.0120749613694801	-0.00551664662187059	-0.0220229405154813	-0.00983694825240353
0.0525538280856702	0.0536379994504749	-0.0316430922134927	-0.030828482886819	0.0166981207554782	0.00139435071356305	0.0209173925010732	0.00504930796689486	0.0034458608749045	0.0294618385574923	-0.039315976698366	-0.0319536026474658	-0.0120597007159532	-0.00550777856725795	-0.0220143183300577	-0.00983574684613906
0.052556810646571	0.053634567060717	-0.0316363098560345	-0.0308310435585432	0.0166989575489113	0.00138754321039238	0.0209200174340627	0.00504603203934813	0.00344663061310418	0.0294441234030275	-0.0393063780211065	-0.0319539281447444	-0.0120653906319011	-0.00551751414895226	-0.0219933649666148	-0.00983075262823732
0.0525601326745907	0.0536276072862872	-0.0316152852464062	-0.0308810751445383	0.0167045147513765	0.00137935409001757	0.0209231829998711	0.00503871463700708	0.00347592536818091	0.029425004279614	-0.0392925506731928	-0.031967213462855	-0.0120402309495486	-0.00551450504535497	-0.0219981789735769	-0.00982539659147222
0.052606343509268	0.0536526510189654	-0.0315770763362439	-0.0309605928724221	0.0167481104319525	0.00141412083153377	0.0209482490842937	0.00506655233774213	0.00347796915581455	0.0293711463543649	-0.0393004534118418	-0.0320032123442843	-0.0120440656707067	-0.00554196556040234	-0.0220079592587601	-0.00984981726927367
0.0525864378838465	0.0536234694195949	-0.0315795923044792	-0.0310195916988959	0.0167146372976467	0.00136846599649977	0.0209306456885512	0.00503178280225787	0.00350989722578492	0.0293849024560931	-0.039250487484096	-0.0319738323731819	-0.0120257945165985	-0.00552063221730378	-0.02195817214497	-0.0098221360307498
0.0526559699698949	0.0536541765255244	-0.0315183080121348	-0.0311442068651863	0.0167715406480778	0.00139843549486226	0.0209584023642126	0.00505629847497326	0.0035286685001753	0.0293104446043604	-0.039257800695485	-0.0320183165356	-0.0120171932859353	-0.00556151774886462	-0.0219676311238266	-0.00984896231504826
0.0526791068193742	0.0536529499735475	-0.0314966910812784	-0.0312559851452393	0.0167764384740816	0.00139081634397106	0.020962987265794	0.00505379787356232	0.00355824265205772	0.029283178270093	-0.0392243820435562	-0.0320294225586262	-0.012002058360971	-0.00556549356540961	-0.021941186216168	-0.00984229870123252
0.0526790202063644	0.0536431403516996	-0.0314920167727192	-0.0313113699740314	0.0167653771545443	0.00137789982964394	0.0209604196091496	0.00504050137957947	0.00358059719048109	0.0292836057472057	-0.0392020275051329	-0.0320245694361114	-0.011986297587162	-0.00556010400102782	-0.021919099898678	-0.0098350762938054
0.0527132868275984	0.0536702991181969	-0.0314777773145172	-0.0313210468823966	0.0167782531563345	0.00139473209020282	0.0209641090439688	0.00505563490755974	0.00355176483711777	0.0292783097807538	-0.0392158394862222	-0.0320275631728844	-0.0120196226411608	-0.00558372839793305	-0.021904368702098	-0.00985644316452064
0.0527183355278773	0.0536796393534111	-0.0314820269399317	-0.0313074598157358	0.0167767974989769	0.00140442995332836	0.020960977005777	0.00506211411948372	0.00354282134536759	0.0292870018153789	-0.0392256323442617	-0.0320317904465545	-0.0120286331881443	-0.00558520640703516	-0.0219110099641693	-0.00986035751376838
0.0526908177364847	0.0536639009313465	-0.0315086059580572	-0.0312865413768937	0.0167519395651745	0.00138802097893011	0.0209487254558474	0.00505225420621087	0.0035475347694796	0.0293216442253166	-0.0392226176527283	-0.0320124589815687	-0.012014084996472	-0.00556207514549198	-0.0219120856418712	-0.00984636811570741
0.0526568640396731	0.0536573728249816	-0.0315407268118235	-0.031202902546126	0.0167206233742086	0.00137407209340597	0.0209305520906212	0.00503899822476485	0.00353110484032092	0.0293630159073193	-0.0392291457590933	-0.031985817099162	-0.012022870629027	-0.00554685500450194	-0.0219136293092226	-0.00983065623633936
0.0526548928952089	0.0536672481050787	-0.031552488020359	-0.0311394501345694	0.0167182498983443	0.0013844614636256	0.0209234400449324	0.00504509606004906	0.00350629021302345	0.0293818318851986	-0.039254318014302	-0.0319822897144901	-0.0120427902242887	-0.00554513811113097	-0.0219248093724024	-0.00984022697391832
0.0526388261818977	0.053669174546054	-0.031590973533359	-0.0310232392241942	0.016701155004788	0.00139508273319396	0.020916157567192	0.00505111287025962	0.00347725948792809	0.0293997845269483	-0.0392735586753259	-0.0319795586107145	-0.0120625673271796	-0.00553147700431669	-0.021945704062516	-0.00984147448065573
0.052614441825681	0.0536585141609328	-0.0316193365000887	-0.0309249572068402	0.0166943391197132	0.00139403359818859	0.0209111298216736	0.00505158365387721	0.00345059525377694	0.0294457411105324	-0.0393033745054453	-0.0319646933036677	-0.0120681985697983	-0.00552213257815034	-0.0219723906484116	-0.00984529523197356
0.0526006577842722	0.0536534920033505	-0.0316364062479325	-0.0308514129826621	0.016692513261588	0.00139480054242021	0.0209077840449255	0.00505087538297479	0.00343433016873362	0.0294592485491036	-0.0393194384247885	-0.0319576678709886	-0.0120778251867384	-0.00552038215716269	-0.0219909356113894	-0.00983963325570622
0.0525765681916855	0.0536477308412171	-0.0316350148518401	-0.0308324754671723	0.0167055946200305	0.00140383623511627	0.020921558307446	0.00506715304087437	0.00343818025671604	0.0294465359944446	-0.0393275465200897	-0.0319698886872695	-0.0120639168137511	-0.00552395284833942	-0.0220175956545884	-0.00983676664447983
0.0525358684590004	0.0536203080447385	-0.0316496748022347	-0.0308286952283913	0.0166834691869878	0.00137433472640332	0.0209172248629898	0.00504822390728878	0.00345235405666876	0.0294587428408853	-0.039302085089187	-0.0319480929424576	-0.0120482007434309	-0.00550910849605304	-0.0219909272294852	-0.00981374155372281
0.0525469856578989	0.0536249208860005	-0.0316220843676727	-0.0308514409223427	0.0167041305807687	0.00138891644569236	0.0209320748032123	0.00505826822245338	0.00346040906657685	0.0294283752020747	-0.0393060329660515	-0.0319678435026519	-0.012045308986492	-0.00552105829743246	-0.0220061180338106	-0.00982419378822372
0.0525698151708919	0.0536339593726646	-0.0316018476570365	-0.0308953090148042	0.0167183099686575	0.00138908128980771	0.0209398615921869	0.0050570025549236	0.00346638536425058	0.0294031037609999	-0.039291674764207	-0.0319761276179406	-0.0120560741454153	-0.00553855133143679	-0.0219835120382621	-0.00983442250528008
0.0526088077890942	0.0536566352174145	-0.0315645984749017	-0.0309842801336086	0.0167601859618945	0.00142255302712953	0.020961665718903	0.00508423815554239	0.00347889116527333	0.0293526894013809	-0.039296290399437	-0.0320151649396318	-0.0120452223734823	-0.00555939433314137	-0.0220065008074344	-0.00985421497499525
0.0526094923112681	0.0536374713905122	-0.0315579236852138	-0.0310733378654227	0.0167506110333635	0.00139214627276615	0.0209539236334173	0.00506196743616074	0.00350445317902603	0.0293594088945578	-0.0392598430861346	-0.0319987447893613	-0.0120323337988357	-0.00554449410149385	-0.02197054523251	-0.00983225159209986
0.0526381835692446	0.0536342667091509	-0.0315207611160888	-0.0311991642168658	0.016768752267957	0.00139142263503941	0.0209673262981863	0.00506108733622281	0.0035456837656419	0.0293084161835511	-0.0392364044881051	-0.0320176627470747	-0.0119986581018458	-0.00555435960270281	-0.0219573660851855	-0.00983076240712552
0.0526648044968908	0.0536422462819214	-0.0314955036448543	-0.0312940473720786	0.0167803304715849	0.00139397073390731	0.0209719307575441	0.00506200375774548	0.00356173231816081	0.0292879866891189	-0.0392180984093962	-0.0320314090699147	-0.0119908349912864	-0.00555762295739328	-0.0219424798233783	-0.00983500923857203
0.0526573655569393	0.0536299570134231	-0.0315005062446602	-0.0313195688732945	0.016754071362802	0.00136838217745807	0.0209587250675231	0.00503672812571861	0.00357537107323063	0.029305268778535	-0.0391922108983649	-0.0320072426432064	-0.0119891991229891	-0.00555160614718272	-0.0218987109167827	-0.0098268243091493
0.0527011037298863	0.0536686660438676	-0.0314811985284029	-0.031325339814316	0.0167780952971393	0.0013960270943972	0.020973003641278	0.00506171318506755	0.00354785188485406	0.0292870255641074	-0.0392183442785852	-0.032026022299501	-0.0120181935264997	-0.00557776187914752	-0.0219087286892508	-0.00985789742489427
0.0526851026748243	0.0536610915964653	-0.0314982054119653	-0.0313206655057568	0.0167621836490552	0.00138961493770658	0.0209607129757956	0.00505344583358715	0.00355413551901406	0.029316510309012	-0.0392177156357724	-0.0320152906681944	-0.0120122451685065	-0.0055566813901581	-0.0219184489041208	-0.0098435448109859
0.0526755081885169	0.0536648858050866	-0.0315265083083818	-0.0312618413022865	0.0167408992003976	0.00138404376540109	0.0209460222917524	0.00504686883278117	0.00353142055871136	0.0293447573260674	-0.039219464659776	-0.0319949114651873	-0.0120321214572634	-0.00555532352168244	-0.0219018247941822	-0.0098424104599548
0.0526740874557599	0.0536788207207704	-0.0315354839307647	-0.0311911776591751	0.0167404619443967	0.00139835866074069	0.0209435733787505	0.00505807683564148	0.00350579288670932	0.0293652860063655	-0.0392549494510829	-0.031996421604922	-0.0120471767541381	-0.00555149159449239	-0.0219354096872103	-0.00985234720734921
0.0526415950042421	0.0536636955746943	-0.0315628801845467	-0.0311265964845236	0.0167203300075626	0.00138763680832229	0.0209307281106088	0.00504905371580168	0.0035000778250489	0.0293913327735761	-0.0392548530591849	-0.0319802990122496	-0.0120426770685824	-0.0055384535425548	-0.021937995504647	-0.00984069496356785
0.0526275399479318	0.0536767755361528	-0.0316033773545477	-0.030985821006992	0.0167027433756284	0.00139678286275659	0.0209203163886447	0.0050529918137779	0.00344722014036419	0.0294294466888245	-0.0392831908802022	-0.0319621228530553	-0.0120859905583847	-0.00554041630511478	-0.0219407405782629	-0.00985215721752134
0.052580028521124	0.0536529569584676	-0.0316391988190053	-0.0308924940919869	0.0166799529781882	0.0013853695032441	0.0209064443372422	0.00504204784089897	0.00344494864433392	0.0294678330159584	-0.0392973535042827	-0.0319458200494433	-0.0120676760977717	-0.005514457547898	-0.0219728963566299	-0.00982968533243958
0.0525850674425146	0.0536653272520396	-0.0316346292842483	-0.0308430422543636	0.0167063825190225	0.00141041323592225	0.020920915694793	0.0050665998351991	0.00342354545203393	0.0294563316464521	-0.0393297537548546	-0.0319607859393401	-0.0120800715370562	-0.0055268529871825	-0.0220136338078837	-0.00984581351304812
0.0525543729094413	0.0536385666259905	-0.0316461013170899	-0.0308286086153816	0.0166954245763033	0.00139400146755594	0.0209325106622291	0.00506201213964965	0.00343793438752703	0.0294522133375363	-0.0393139566594609	-0.0319560306057072	-0.0120663755056412	-0.00551849902269233	-0.0220045422358265	-0.00983292214443352
0.0525529605585886	0.0536323710018243	-0.0316397129091278	-0.0308266905563105	0.0167040034552221	0.00139352788997029	0.0209331546718663	0.00506182913474192	0.00344226643499928	0.029432807832397	-0.0393097363707109	-0.0319580464536603	-0.0120653515163483	-0.00552447112941398	-0.0219967456679637	-0.00983216637607412
0.0525496594853293	0.0536178717045929	-0.0316175106419636	-0.0308727281649683	0.0167114535710458	0.00139243963941212	0.0209373414329995	0.00505774575042674	0.00347285060633428	0.0294141734624414	-0.0392985758653076	-0.0319718081433246	-0.0120380977549371	-0.00551787037987952	-0.0220114908343841	-0.00982545386781739
0.0525704005071998	0.0536192561157651	-0.0316008152858395	-0.0309301735452024	0.0167158107642306	0.00138287169580122	0.0209392175825498	0.00504965302194989	0.00348529913101186	0.0293946589925479	-0.039274347971302	-0.0319726142031091	-0.0120457658002693	-0.00553298155611534	-0.0219698509314479	-0.00983061851777059
0.0525894176507792	0.0536196319044688	-0.031580859368993	-0.0309896110246612	0.0167266471693393	0.00138297926357141	0.0209494728423027	0.00504781598795247	0.00350807136765973	0.0293637199872696	-0.0392650985400496	-0.0319888010570468	-0.0120263016218009	-0.0055356456046576	-0.0219702127503112	-0.00983122620582297
0.0526403558794088	0.0536408870164617	-0.031534078564832	-0.031102511082889	0.0167646884414182	0.00139913817782857	0.020967554006583	0.00506361727429834	0.00351528958413477	0.0293261676596007	-0.0392659269515785	-0.0320155127886549	-0.0120233972920057	-0.00555750700771892	-0.0219713540862625	-0.00984741026579264
0.0526687831074039	0.0536462695959234	-0.0315026785548244	-0.0312177385165082	0.01677724593085	0.00139506596938562	0.0209702990801989	0.00505818160944362	0.00354997530057732	0.0292872490815519	-0.0392297660200019	-0.03202852569488	-0.0120074199856722	-0.00556783770460936	-0.0219514875763938	-0.00984761562244483
0.0526648212606992	0.0536381279730055	-0.0314945704595233	-0.0312901861082239	0.0167643880898521	0.00137691076495179	0.0209671418962946	0.00504250744864433	0.00357956342230003	0.0292851200778926	-0.039204290619259	-0.0320291794834053	-0.0119864596373093	-0.00555402991447209	-0.0219294319925525	-0.00983043271889481
0.0526891064310499	0.0536608038177554	-0.0314933522894504	-0.0313127501942516	0.0167703671814939	0.00138394038858299	0.0209697682262681	0.00504922414785315	0.00355941332467357	0.0292899368788227	-0.0392024689520858	-0.0320213451969737	-0.0120161315780737	-0.00557523054408795	-0.0218941274121854	-0.00985715422939113
0.0526944401160705	0.0536715913284232	-0.031482140095638	-0.0313349538583998	0.0167793665526052	0.00139962293128644	0.020975951277578	0.00506501844927888	0.00356278005618215	0.0292862181073389	-0.0392191517353537	-0.0320389220500197	-0.0120080933319739	-0.00557224379223511	-0.0219263223061052	-0.0098531616490378
0.0526832851986033	0.0536664043267255	-0.0315019004347206	-0.0313119776620838	0.0167620649054128	0.00139309482492147	0.0209693337642352	0.00506626874998435	0.00354420435955576	0.0293139999287128	-0.0392202707195605	-0.0320210867549284	-0.0120184882901297	-0.00556182927630297	-0.0219165783425067	-0.0098465245779186
0.0526510581740508	0.0536518351802927	-0.0315362508749963	-0.0312359998917282	0.0167330788838063	0.00137910682384453	0.0209600396294939	0.00505397948148602	0.0035225273583862	0.0293484928613595	-0.0392210935431532	-0.0319946404502857	-0.0120310010760726	-0.00554787759681077	-0.0218959881949113	-0.00983726676476202
0.0526505692296409	0.0536658301662898	-0.0315519166538914	-0.0311557096316766	0.0167326793463742	0.00139120191156291	0.0209551026879373	0.00506435348488134	0.00348520273911389	0.0293714061933942	-0.039254953642035	-0.0319898990864931	-0.0120587367969736	-0.00555205457905586	-0.0219064460173483	-0.00984662935172073
0.0526506292999541	0.0536753897279966	-0.0315622724964943	-0.0310951657408673	0.0167416801144695	0.00142020749094576	0.020957934374563	0.00508377016589286	0.00347587507675589	0.0293647383886264	-0.0392819838860016	-0.0320099332344452	-0.012052574700424	-0.00555094397675323	-0.0219648357587857	-0.00985251484543262
0.0526037982043681	0.0536563418507685	-0.0316124340020041	-0.0309776668112179	0.0167063154637892	0.00140440061666377	0.0209389982560573	0.00507035492826759	0.00344482431275538	0.0294330858322186	-0.039292068713703	-0.0319733699714684	-0.0120754447259539	-0.00552616008310438	-0.0219626494787812	-0.00983832567865559
0.0525535263371201	0.0536326685594223	-0.0316473725725558	-0.0308771985138593	0.0166745508409501	0.00137920740669458	0.0209201529415134	0.00504920738404481	0.00343905476871786	0.029474389062004	-0.0392960054146952	-0.0319443378493891	-0.0120719382960425	-0.00550501812681772	-0.0219588524761918	-0.00982203405091573
0.0525598672476253	0.0536468772839758	-0.0316428198016071	-0.0308244330301205	0.0166943251498729	0.00139869114293947	0.0209228952211613	0.00506439958535428	0.00342219456847841	0.0294596522774878	-0.0393224768650504	-0.0319550289681588	-0.0120858927695027	-0.00551604452175433	-0.0219846086707245	-0.00983759784997676
0.0525704982960818	0.0536589835475664	-0.0316350721281853	-0.0308083258042724	0.0167160203118348	0.00142389552878088	0.0209358061475523	0.00508560300893819	0.00341293256436975	0.0294318606772257	-0.039336298625028	-0.0319810994840979	-0.0120914667357763	-0.00552832401136446	-0.0220147472041544	-0.00984026608947111
0.0525486508628608	0.0536309893846201	-0.0316369147501188	-0.0308432266562553	0.0167041864601298	0.00139860592691373	0.0209267439121597	0.00506274974721667	0.00344660686437569	0.0294336837413828	-0.0393022890488552	-0.0319651724691895	-0.0120633356683952	-0.00551409572903463	-0.0219972332153896	-0.00982994936242096
0.0525525149206835	0.0536248398609269	-0.0316097378228292	-0.0308881564565785	0.0167166782913123	0.00139596562709995	0.0209335584002505	0.00506028826135853	0.00346774882066236	0.0294098986913143	-0.0392969497758984	-0.0319760382109628	-0.0120445853487653	-0.00552118402599502	-0.0219974818785467	-0.0098273593540322
0.0525733327766756	0.0536280221905437	-0.0315850978185353	-0.0309460837963025	0.016733897516447	0.00140176311081804	0.0209405852299136	0.00506588457937653	0.00347924599921656	0.0293745913169791	-0.0392820327804426	-0.0319906031664435	-0.0120443534494166	-0.00553898998442173	-0.0219739371097311	-0.00983622461467679
0.0525900672483524	0.0536313232638029	-0.0315638482944784	-0.0310208350146812	0.0167473686334334	0.00140204669857582	0.0209437521927061	0.00506288246069938	0.00349446055227048	0.0293603462708409	-0.039273367288514	-0.0320003778636906	-0.0120318658091862	-0.00553537598674011	-0.0219716195132279	-0.00983495755016298
0.0526220651675242	0.0536306429325811	-0.0315278717647936	-0.0311457686933301	0.016764726159987	0.00139466084401737	0.0209538677540562	0.00505882701606477	0.00352853718367662	0.0293200362966998	-0.0392449680001996	-0.0320115858665509	-0.0120104626168862	-0.00554906503323496	-0.021950417486628	-0.00983322389298366
0.0526470991213142	0.0536373931594066	-0.0315024801830924	-0.0312469550404793	0.0167730633606688	0.00139253742829411	0.0209649989227949	0.00506077161783238	0.00355301234385518	0.0292859498864055	-0.0392196881772206	-0.0320253321893909	-0.0120002031661812	-0.00555695519902768	-0.0219280657421727	-0.00983514614300682
0.0526732171347102	0.053652290597086	-0.0314876945041352	-0.031312769752028	0.0167797800598776	0.00139713071177968	0.0209737496307492	0.00506730950308555	0.00355791855176312	0.0292735781958494	-0.0392127703123117	-0.0320352228363124	-0.012003678862444	-0.00556762815700509	-0.0219111119440033	-0.00984409801666117
0.0526602237862615	0.0536360338939469	-0.0314915012856127	-0.0313513781996224	0.0167613552375263	0.00137682834289412	0.0209643549131578	0.00504767768653365	0.00357974922117581	0.0292993204205418	-0.0392020484598933	-0.0320208352978033	-0.0119779589894961	-0.00554568572887012	-0.0219099789899563	-0.0098261565507837
0.0526893439183347	0.0536620694852852	-0.031490142020153	-0.0313357808729447	0.0167701129304007	0.001394593788784	0.0209683740362077	0.00506177744633287	0.00355497929736725	0.0292939518109205	-0.039215977787641	-0.0320262933144025	-0.0120065957650954	-0.00556614176599881	-0.0219066080674956	-0.00984766311990179
0.0526853247952848	0.0536660075832614	-0.0315145682858906	-0.03129156493146	0.0167506487519322	0.00138945707851136	0.0209571129479543	0.00505480789301489	0.0035356939328544	0.0293231920836201	-0.0392207121665135	-0.0320087206523085	-0.0120236459551628	-0.00555952145868796	-0.0218956962252493	-0.00984781539116089
0.0526679980023799	0.0536658916335871	-0.0315415286806558	-0.0312105664005061	0.0167316679299376	0.00138256855026704	0.0209437424138179	0.00505095920201649	0.00351722720098224	0.02935244632616	-0.0392350214739169	-0.0319964984390436	-0.012035049535787	-0.00554761216984536	-0.0219037470442053	-0.00984247751518816
0.0526473799151039	0.0536614785610412	-0.0315568717562403	-0.0311538921554556	0.0167228962672229	0.00138566566385813	0.0209346578266809	0.00504659083295951	0.00350785204116726	0.0293801750621408	-0.039252845593136	-0.0319865169881603	-0.0120341428931526	-0.00553738484977303	-0.0219265556024379	-0.00983848633181886
0.0526299762880774	0.0536744733064739	-0.0315904133427636	-0.0310348830860714	0.016711169983288	0.00139687226973441	0.0209342191736959	0.00505732805220223	0.00346691202722931	0.0293939968221184	-0.039271009179474	-0.0319771432253293	-0.0120686456046874	-0.00554332203189397	-0.021930928162447	-0.00984860329015294
0.0525871433607809	0.053661323495814	-0.0316248420141449	-0.0309322285087083	0.0166964555505163	0.00139818403773713	0.0209266796508944	0.00506230550629562	0.00344696728625504	0.029444393020945	-0.0393021074409315	-0.0319654825996438	-0.0120707313018419	-0.00552381594390463	-0.0219666532350067	-0.00983759086505662
0.0525766967142161	0.053660979837743	-0.0316316006228746	-0.0308735859131617	0.0167087853315515	0.00141909688864313	0.020927744152724	0.00507771982806561	0.00343053037217621	0.0294489890983986	-0.0393274179975591	-0.0319713024351063	-0.0120739806866921	-0.00552076213681843	-0.0220110074779102	-0.00984088495339572
0.0525538923469356	0.0536461326914886	-0.0316414633301155	-0.0308368899367022	0.0167029235865681	0.00140702135870115	0.0209207424687734	0.00506582311207928	0.00343334110404147	0.029451710423286	-0.0393169629690901	-0.0319616297176933	-0.0120741874403283	-0.00551524684387408	-0.0220034805279649	-0.00983172632610516
0.0525266148367959	0.0536177822976151	-0.0316577214302387	-0.0308222802777326	0.016679110596819	0.00138097319450655	0.0209117486855982	0.00504708396832156	0.00345101295200145	0.0294607992013752	-0.0392981511821629	-0.0319452989744006	-0.0120568061650462	-0.00549802203080321	-0.0219834393950927	-0.00981340627755598
0.0525778869446083	0.0536486919662287	-0.0316131324940184	-0.0308599234093634	0.0167319249749988	0.00142703734586088	0.0209399984966217	0.00508574969226118	0.00344137655617315	0.0294051629154578	-0.0393323074416587	-0.0319903405334461	-0.0120619051567501	-0.00552819967978593	-0.0220299561692722	-0.00984206400791574
