0.0524800170375427	0.0535847073037573	-0.0319139562407382	-0.0307553759186418	0.0167356213947381	0.00151817378990934	0.0209286968958315	0.00516926419145038	0.00341849675175509	0.0294468349490267	-0.0392356724684742	-0.0318543664900203	-0.0119508980118809	-0.00548840519275131	-0.022098969974246	-0.00998416801725841
0.0525034304898596	0.0535961178693018	-0.031887435895942	-0.0307818515599491	0.0167579396115767	0.00153418881481156	0.0209409568276652	0.00518027242559462	0.00341940199740553	0.0294151960547502	-0.0392395057926483	-0.0318736225178686	-0.0119518032575313	-0.00550795179327748	-0.0221067372054442	-0.00999859606830431
0.0525065150305945	0.0535845396656739	-0.0318676993055879	-0.0308482362409814	0.016760800634867	0.00152594102110756	0.0209478858684463	0.00517707612613751	0.00344644760819645	0.0293986781155977	-0.0392208420860281	-0.0318787410673489	-0.0119349947457009	-0.00550967287760054	-0.0220936837866823	-0.00999401396069097
0.0525340887013482	0.0535956624525085	-0.0318443277627918	-0.0309150092835735	0.0167818252444953	0.0015373767323645	0.0209615120506599	0.00519110463975127	0.00345774920898666	0.0293554638116615	-0.0392111721625831	-0.0318985754465849	-0.0119316280141923	-0.00552597568121263	-0.022086941941761	-0.0100011525490764
0.0525319066122957	0.0535731849794906	-0.0318334117295935	-0.0310073136062698	0.0167724235419838	0.00150667381738708	0.0209534291010713	0.00516545321902075	0.00349065935872905	0.0293587579000006	-0.0391754680447838	-0.0318850219075408	-0.0119056469052311	-0.00551219862472399	-0.0220528471495625	-0.00998058056227333
0.052564319435724	0.0535769428665272	-0.0317879901908922	-0.0311253503747702	0.0168014612519993	0.00151776307660497	0.0209741296104049	0.00517488844914895	0.0035268719787147	0.0292984780391727	-0.0391605789890085	-0.0319180102883888	-0.0118791349423391	-0.0055272162030299	-0.0220488880968259	-0.00998768562304206
0.0526206178920708	0.0536105766539963	-0.0317490143364983	-0.0312088620799913	0.0168368608272804	0.00154773117798343	0.020990776072088	0.00519832984114645	0.00351598109122886	0.0292594239536731	-0.0391632220827904	-0.0319448379696712	-0.0119027886759089	-0.00556280576813886	-0.0220356167485555	-0.0100131498479128
0.0526246593668651	0.0536085831577877	-0.0317611331729452	-0.0312414774661037	0.0168172765081854	0.00152857154203314	0.0209831499362767	0.00518124891743051	0.00352364354862494	0.0292763176815292	-0.0391402933839313	-0.0319276313173927	-0.0119079561198301	-0.005553779854331	-0.0220045743664592	-0.0100066049777395
0.0526187068179198	0.0535999036960189	-0.0317614083787988	-0.031261668076267	0.0168055348574263	0.00151488528950635	0.0209752304338193	0.00516935080446014	0.00353568415396621	0.0292913310688831	-0.039135762964727	-0.0319188987702309	-0.0118933227121321	-0.00553925820535519	-0.0220030167292674	-0.00999729128522173
0.0526150690715097	0.0536041561154015	-0.0317739644712465	-0.0312412106421543	0.016797471465614	0.00151688018269899	0.0209713021147313	0.00517358087209831	0.00352641376795337	0.0293112297093844	-0.0391466426763407	-0.0319149816270151	-0.0118961781474862	-0.00553840325112978	-0.0220030558448202	-0.0100016666391989
0.0526134401881325	0.0536113785228286	-0.0317946593926441	-0.0311914752167732	0.0167908581432233	0.00152848353203935	0.0209680639057534	0.00518230084640394	0.00350404246572166	0.0293261634686486	-0.0391620849377912	-0.0319095250073999	-0.0119149284671162	-0.00553860162286182	-0.0220092668358108	-0.0100041895923542
0.0525749029867235	0.0535977188129984	-0.0318269604573501	-0.0311090000737012	0.0167590264651509	0.00150568195872688	0.0209500679574988	0.00516350023534897	0.00349145563962527	0.0293745298496818	-0.0391648146445828	-0.0318819233969657	-0.0119217485431431	-0.00551705733517496	-0.0220069450483555	-0.00998843440648131
0.0525992649911958	0.053633636669354	-0.0318248607903553	-0.0310411639262633	0.0167843495946347	0.00154662895758497	0.0209615330054203	0.00519085737357823	0.00345238339333336	0.0293639784293149	-0.0392087372194215	-0.0318999402999807	-0.0119522824230531	-0.00554162329931537	-0.0220469560679145	-0.0100170683881126
0.0525463961306389	0.0536143624807134	-0.0318759862148447	-0.030926864090039	0.0167459870162293	0.00153066282712374	0.0209415882644461	0.00518023331004182	0.0034318798587477	0.029428098599237	-0.0392180648817795	-0.0318758074008891	-0.0119554857074303	-0.00550566632740692	-0.0220630563088425	-0.00999827755594582
0.0525196704291905	0.0536075298318302	-0.0319004543901032	-0.0308226309207238	0.016738707332457	0.00153426844290119	0.0209343979876516	0.00518044146066206	0.00340774695965611	0.0294582357356829	-0.0392414378215596	-0.0318616964652177	-0.011974567112275	-0.00550217247035175	-0.022077220329907	-0.0100008186698936
0.0525128349863392	0.0536098809559501	-0.0319038700160527	-0.0307720670838138	0.0167509379276261	0.00154714723865953	0.0209413759228737	0.0051928732215313	0.00339400482776819	0.029455736531256	-0.0392620642907398	-0.0318671237481682	-0.0119773121858909	-0.00550592337246816	-0.0221083297672367	-0.0100081011476339
0.0524784538124149	0.0535807747937172	-0.0319209062362798	-0.0307555756873579	0.0167339687626325	0.00152172911426176	0.0209294359003825	0.00517252894312488	0.00342050980574009	0.0294600015234949	-0.0392411248971373	-0.0318563543982928	-0.0119510977805969	-0.00548549806898809	-0.0220988568185397	-0.00998798876857624
0.0524851020594063	0.0535816339388947	-0.0319048032013837	-0.0307577563794263	0.0167494012451948	0.00152965141068714	0.0209414709177877	0.00518033948082798	0.00341531162817021	0.0294354690869712	-0.039245674874118	-0.0318656205933536	-0.0119532337691765	-0.00549787115652814	-0.0220996517024519	-0.00999376809150196
0.05247075363645	0.0535632398501921	-0.0318949446850949	-0.0307941436224155	0.0167411548484748	0.00151025149348396	0.020941047631627	0.00516313003458143	0.00344316329874555	0.0294290108298076	-0.0392239699332678	-0.0318636522428575	-0.011928712508525	-0.00548584452102715	-0.0220903743315189	-0.00998010977865574
0.0525088843155067	0.0535833550232178	-0.031865933517776	-0.0308592109475089	0.0167725353007061	0.00152645511123003	0.0209548372609719	0.00517969128023878	0.00344698405006338	0.0293904526736382	-0.0392208644377726	-0.0318862065499969	-0.0119370511061908	-0.00551678073233733	-0.0220749753765733	-0.0100021723474172
0.0525234171403548	0.053583314510681	-0.0318425494021236	-0.0309299947312468	0.0167897056313998	0.00153341069470771	0.0209623739898055	0.00518514929683796	0.00346904941279285	0.0293579350764078	-0.0392127242118387	-0.0319053801557875	-0.0119148069295057	-0.00551907877106414	-0.0220845824357369	-0.00999523911568393
0.0525530401866782	0.0535833214956011	-0.0318055949836189	-0.0310515365326746	0.0168106114973857	0.00152948377260372	0.0209744062132426	0.00518437397070217	0.00349429151720303	0.029332170499971	-0.0391930476917979	-0.0319162137669282	-0.0119005395316231	-0.00552548673680267	-0.0220720137704329	-0.00999726613950922
0.0525869477830169	0.0535912563648828	-0.0317720450151914	-0.0311625799991286	0.0168260342010598	0.00153136131913797	0.0209838386494027	0.00518844198819303	0.00352055481693802	0.02928666234826	-0.0391654432873956	-0.0319343857351703	-0.0118879331477503	-0.00554113295792138	-0.0220500867091223	-0.0100014906192113
0.0525995918854585	0.0535893941851728	-0.0317585068429717	-0.0312371300518072	0.0168252896085727	0.00152643695043766	0.0209881679029069	0.00518434463403757	0.00354117849215013	0.0292759488777457	-0.0391479265046628	-0.0319368067084917	-0.0118745067342528	-0.00554279397193122	-0.0220314076356778	-0.0100012740866869
0.0526190351091665	0.0536037412111451	-0.0317557156688828	-0.0312613174332759	0.0168272090646278	0.00152804348207038	0.0209884556816167	0.00518503474414763	0.00352986571548768	0.0292826516071143	-0.0391508573771545	-0.0319338143687027	-0.0118931285313521	-0.00555044106250299	-0.0220112268044027	-0.0100075353691024
0.0526051993793487	0.0535946440511518	-0.0317670480033217	-0.0312691628955797	0.0168070030876402	0.00150808337427179	0.0209787997280121	0.00517133312479652	0.0035467636342959	0.0292997059881337	-0.0391403297055161	-0.031925387761043	-0.0118748448043877	-0.00553767821641901	-0.0220043648188549	-0.00999271616252853
0.0526155328702072	0.0536130241700142	-0.0317699020416918	-0.0312405456777567	0.01680866410165	0.00152822928094617	0.0209864957130248	0.00518332064474471	0.00351719926130167	0.0293104418103924	-0.0391628756307513	-0.0319289347034913	-0.0118941944301658	-0.00554388501645744	-0.0220157125201181	-0.0100068578318486
0.0525810357466085	0.0535978613053693	-0.0318106800054824	-0.0311672850413364	0.0167707918646385	0.00150792551507658	0.0209696788192903	0.00517019178884527	0.00350547856530291	0.0293524994115531	-0.0391582572015532	-0.0318977176983914	-0.0119037693586969	-0.00552525204348589	-0.0219990241489141	-0.00999347751882404
0.0525928081310163	0.0536205860445602	-0.0318222875457749	-0.0310904914323081	0.0167765516297879	0.00152622460886533	0.0209624522209111	0.00517993016450765	0.00347026758286566	0.0293698820838192	-0.039191970617112	-0.0318996916368236	-0.0119327218526866	-0.00553238923488727	-0.022022925148657	-0.0100062249980837
0.0525546676730713	0.0536039032612924	-0.0318483357099695	-0.0310199130052224	0.0167548173522731	0.00152297522401514	0.0209546654319364	0.00517690429710201	0.00347557891614186	0.0293935441992932	-0.0391971199002409	-0.031892100425613	-0.011915362929149	-0.00551628200903917	-0.0220484815744736	-0.00999946080141792
0.0525520441370659	0.0536266713069882	-0.031882430502168	-0.0308770713883127	0.0167499586418222	0.00153796486264048	0.0209473480295954	0.00518778121474757	0.0034025473851022	0.0294353335795204	-0.0392352156546969	-0.0318702488014399	-0.0119829406345416	-0.00552827092597138	-0.0220485793633556	-0.0100148918869963
0.0525025545808738	0.0535960689748608	-0.0319020357760234	-0.0308155621815398	0.0167339519988241	0.00152674149295586	0.0209395668285569	0.00517921770265313	0.00341832492271959	0.0294704453760916	-0.0392493447511607	-0.0318652671563944	-0.0119443866693242	-0.00549277914974441	-0.022106428471974	-0.00999106772137496
0.0524941936314635	0.0535928265749307	-0.0319082956614549	-0.0307578737260847	0.0167353364099963	0.00152931054658419	0.020939721893784	0.00518057976208088	0.00339856458363707	0.0294676947145396	-0.0392526765580686	-0.0318542938468509	-0.011967544473564	-0.00550449286082302	-0.0220935329124073	-0.00999951807776309
0.0524827006438614	0.0535842393141078	-0.0319133736983983	-0.0307419634749846	0.0167391767190905	0.00152847934108726	0.0209426234296111	0.00518173786184047	0.00340922217479016	0.0294547712152924	-0.0392481433448962	-0.0318606459332283	-0.0119572221585777	-0.00550322300234115	-0.0221000191092514	-0.0099983599780035
0.0524708109127952	0.0535622018910589	-0.0319026881675647	-0.030771734601615	0.0167490128836349	0.00152249047055727	0.0209505373441323	0.0051764865988775	0.00343624683082066	0.0294385228940574	-0.0392413917210867	-0.0318709486904381	-0.011925034249578	-0.00549293980290768	-0.0221164909479309	-0.00998508164481302
0.0524936250589639	0.0535724767085882	-0.0318793822830179	-0.0308141651975113	0.0167664626111344	0.00152386929379335	0.0209605439407282	0.00517612198604607	0.00344209600294781	0.0294087210337783	-0.0392300887233125	-0.0318838302801645	-0.0119292210107113	-0.00551140932874791	-0.0221039362524672	-0.00999188356004757
0.052493090014081	0.0535551778553638	-0.0318633770370039	-0.0309027884672926	0.0167678274645302	0.00151282892901646	0.0209666920674374	0.00517361998765111	0.00348351518240752	0.0293844931397728	-0.0392050086690496	-0.0318929036914293	-0.0118918027935091	-0.00550300367584869	-0.0220952623786345	-0.00998309792749261
0.0525290483829735	0.0535741488984703	-0.0318314643338578	-0.0309610427012793	0.0167944204524959	0.00153157645467835	0.0209850596134436	0.00518995352491182	0.00347427832401136	0.0293559220224228	-0.0392080093907427	-0.0319094942737513	-0.011910650902021	-0.00552504808381774	-0.0220869978211222	-0.0100017001668155
0.0525606774983618	0.0535767654495556	-0.0317929955846662	-0.0310853617069556	0.0168158124689236	0.00152780040684943	0.0209889278622184	0.00518570809044934	0.00350510277659926	0.0293113540409629	-0.0391815882318125	-0.0319249155804414	-0.0118930810338951	-0.00553691546313947	-0.0220624989122151	-0.00999479208079482
0.0526035146166104	0.0535940545238918	-0.0317592332746665	-0.031181552439219	0.0168362978427169	0.00153771340551536	0.0209984161777396	0.00519170953383559	0.00351932966194506	0.0292728308093942	-0.0391635839016538	-0.0319429199106002	-0.0118954838464241	-0.00555930073521146	-0.0220367161749859	-0.010015076288888
0.0526126159675558	0.0535916894299316	-0.0317535070371338	-0.0312571194962704	0.0168330833824674	0.00153568358772201	0.0209959840285461	0.00519028321314254	0.00354718412648846	0.0292697057561226	-0.0391498780913506	-0.0319533763360532	-0.011866958829547	-0.00554943942495459	-0.0220417858300252	-0.0100041644466417
0.0525808848723334	0.0535638028347555	-0.0317673790885364	-0.0312778088297318	0.0167943338394861	0.00149358128307239	0.0209770828346411	0.00515379119635119	0.00356797963073607	0.0293085838216345	-0.039124075796345	-0.0319177839769762	-0.0118523547585135	-0.00552184899039257	-0.0220014101976347	-0.00997737867488011
0.0526105288734172	0.0535977383707748	-0.0317638866284653	-0.0312445885495351	0.0168016707996036	0.00151316699915135	0.0209803741290121	0.00517038177867314	0.00353088132287637	0.029305907200236	-0.0391448796824967	-0.0319204382466302	-0.0118907494675516	-0.00554873255103619	-0.021990228737471	-0.0100071456105585
0.0526243282816503	0.0536175280465219	-0.0317796585781465	-0.0312020447979325	0.0168054789780651	0.00152830751205176	0.0209776555980927	0.00518431529737297	0.00350462640504556	0.0293174043787902	-0.0391649431671134	-0.0319224862252159	-0.0119120646498578	-0.00555578732037989	-0.0220063583150635	-0.010016301443881
0.0526092478390632	0.0536171997552752	-0.0317927273637327	-0.0311515005187989	0.0167969475966033	0.00153989270059975	0.0209770814376571	0.00519444762253137	0.00349759259046228	0.0293414841924887	-0.0391912441854172	-0.0319269272374424	-0.0119050392171787	-0.00553785423640659	-0.0220577603423906	-0.0100108406333137
0.0525855899145412	0.0536105738600283	-0.0318203862505122	-0.0310869361079557	0.0167765306750274	0.001526158950616	0.020962252452195	0.00518247966035958	0.00347697450318629	0.0293785783093963	-0.0391893093625378	-0.0318964939403825	-0.0119251655660767	-0.00553044323613563	-0.0220408274989817	-0.010009576362768
0.0525275633889512	0.0535877960354443	-0.0318718413632323	-0.0309632653028685	0.016729478855965	0.00150347053300983	0.0209456213573362	0.00516209347243231	0.00347042404507685	0.029421469910022	-0.0391907189194225	-0.0318693603195978	-0.0119215906839479	-0.00550599182468555	-0.0220358668086966	-0.00998928237578659
0.0525669206199849	0.0536444311649419	-0.0318654976587591	-0.030855779954735	0.0167788496685147	0.00157546131094829	0.0209675442276948	0.00521729809028483	0.00339104880956397	0.0294181576608905	-0.0392746539108043	-0.0319015063190766	-0.0119763790005599	-0.00554079768175455	-0.0221108387505518	-0.0100342582765828
0.0524964246149569	0.0535986785410259	-0.0319138877885208	-0.0307816378213927	0.0167291407858301	0.00152738410560895	0.0209330792347287	0.00517349006813646	0.0034079034218673	0.0294721385207341	-0.0392425777605269	-0.0318598636221723	-0.0119590102981341	-0.00549622690632664	-0.0220944311731376	-0.00999060392267751
0.0524716043997233	0.0535799603520287	-0.0319193066895672	-0.0307467565271862	0.0167188939079814	0.00150996231779007	0.0209260063045926	0.00516156680945358	0.00341792957623954	0.0294760179453812	-0.0392369548998123	-0.0318442271799418	-0.0119464136931495	-0.00549111813573458	-0.0220883836292784	-0.00998878085852037
0.0524948404350687	0.0535961332361261	-0.0318991104914678	-0.0307485767973753	0.0167558539144223	0.0015414461468394	0.020947722421315	0.00518902732450096	0.00340710155303497	0.0294411394451427	-0.0392633620889022	-0.0318738977237222	-0.0119517431872181	-0.0055072211706306	-0.0221247373446509	-0.0100046156724829
0.0524916343567234	0.0535871604077113	-0.0318979132761554	-0.0307661326956609	0.0167482892459082	0.00152389024855378	0.0209400012905897	0.00517372895240533	0.00342146394583153	0.0294324795411503	-0.0392353651319879	-0.0318652350257617	-0.0119482660939713	-0.00550749917045226	-0.022102060102917	-0.00999617649196702
0.052507668939402	0.0535856265192481	-0.0318649137194352	-0.0308438860327168	0.0167716328490237	0.00152903953168268	0.0209491738877206	0.00517776064831145	0.00345258595601749	0.0294017766261729	-0.0392312887325929	-0.0318916240540593	-0.0119170099733186	-0.00550851896879303	-0.0221214306834556	-0.0099965927932075
0.0525172452649171	0.053581255356223	-0.0318501517892065	-0.0309114679290614	0.0167732966570016	0.00152326020875695	0.020951552951521	0.00516748862475021	0.00347825553754038	0.0293743161111255	-0.0392025793138241	-0.0318927318623938	-0.0119042820518353	-0.00551461121614113	-0.0220974374827668	-0.00999340906660665
0.0525349031430367	0.0535828423300794	-0.031828627059296	-0.030982434717707	0.0167831761280508	0.00151067617662861	0.0209542798643446	0.00515968786593531	0.00348493870913252	0.0293627602592421	-0.0391808534182135	-0.0318890661763032	-0.0119108311129607	-0.0055254294604575	-0.0220617864503606	-0.0099942360811515
0.0525889957616026	0.0536064471692082	-0.0317735733157186	-0.0311151356275541	0.0168267857784672	0.00153799140533702	0.0209808351337415	0.00518411971960899	0.00351708191464328	0.0292917501640916	-0.0391792426956287	-0.0319378362857206	-0.0118858404656756	-0.00555014909284104	-0.022081588698964	-0.0100106408645977
0.0525975173641762	0.053596617989584	-0.0317622353933436	-0.0312071074680516	0.016818677683166	0.00151861803083039	0.0209849981461463	0.00517024487423836	0.00354437898255932	0.0292841338071685	-0.0391432060956307	-0.0319358860960169	-0.0118735637700336	-0.00554828831011514	-0.0220403664942523	-0.0100045332504252
0.0525996491618036	0.0535925807057417	-0.0317552532671694	-0.0312517355198247	0.0168133663498898	0.0015171064941116	0.02097948564717	0.0051709685119651	0.00356170996641636	0.0292872490815519	-0.039140180228225	-0.0319381128885583	-0.0118601443414562	-0.00554439072467574	-0.0220327585192333	-0.00999954042950755
0.0526323036634688	0.0536215248178273	-0.0317536006350637	-0.0312424609428598	0.0168180588192414	0.00152474939373128	0.0209768914478292	0.00518075717905249	0.0035283150632161	0.0292883652717907	-0.0391444284566556	-0.031932995736062	-0.0119018540935938	-0.00556524629923657	-0.0220102964130397	-0.010020083079646
0.0526261862704082	0.0536170167503675	-0.0317626684583924	-0.0312514840626996	0.0168094156790573	0.00152399641933994	0.0209729645257252	0.00517953481802759	0.00353992260350854	0.0293079300331092	-0.0391499647043603	-0.0319318935156636	-0.0118821999252975	-0.0055497495554089	-0.0220338034632866	-0.0100152034144346
0.0525962656664867	0.0536018259460421	-0.0317949583472262	-0.0311980773632917	0.0167818196565592	0.00151202426621607	0.0209654403697479	0.00517004370853826	0.00352444122650519	0.0293423153979856	-0.0391497551567561	-0.031907812304981	-0.0118919592557203	-0.00553389378668592	-0.0220191099852753	-0.00999861003814459
0.0525893505955458	0.0536147592241775	-0.0318090930316261	-0.0311223356832368	0.0167836888211893	0.00152529282051835	0.0209661025401774	0.00518080886746155	0.00348929590231727	0.0293670727489379	-0.0391827100099874	-0.0319055408089508	-0.0119142299751019	-0.0055337457063789	-0.0220385867366	-0.0100101295684432
0.0525794459787841	0.053616499866277	-0.0318298829479376	-0.0310531821798601	0.0167733595212829	0.00152730168355127	0.020960288292651	0.00517673805600262	0.00346948946276181	0.0293820679754994	-0.0391939110279275	-0.0318957311871029	-0.0119288508099438	-0.00553359203813577	-0.0220401318009355	-0.0100099088449668
0.0525424999421835	0.0536128132254259	-0.0318677677578053	-0.0309404832873325	0.0167522161680122	0.00153139344977062	0.0209529583174537	0.00518013691814386	0.00344624504551232	0.0294247612043931	-0.0392210222969678	-0.0318832128132239	-0.0119343926455847	-0.00551347407114197	-0.0220801847300154	-0.0100024866688236
0.0525101765257331	0.0536034674022755	-0.0318956431771091	-0.0308422054609305	0.0167431832692842	0.00153264235349206	0.0209579623142436	0.00518449271434459	0.00341747555643028	0.0294573025503519	-0.0392435556493468	-0.0318704974645969	-0.0119495722740379	-0.00550574316152849	-0.0220984936026923	-0.0100009918959131
0.0524790447366589	0.0535875571511754	-0.031915912018378	-0.0307693345830541	0.0167311622217193	0.00151670975064751	0.0209506127812699	0.00517229285282407	0.00340654974434373	0.0294735341077786	-0.0392414280426714	-0.0318502425931683	-0.0119574135453896	-0.00550151449087435	-0.0220885875889465	-0.00999303048393494
0.0524966201927209	0.0536049984967707	-0.0319075007775427	-0.0307359787954067	0.0167529621574834	0.00153960492188989	0.0209564088680039	0.00519610444558912	0.0033931903860796	0.0294424721679058	-0.0392567320027032	-0.0318691675358018	-0.0119746397554445	-0.00552455215448763	-0.0221026174995443	-0.0100111731155125
0.0524721911330153	0.0535784907248307	-0.0319068958834584	-0.0307580832736889	0.0167450063334413	0.00152440713264431	0.0209508670323631	0.00518495232208995	0.00342186907119978	0.0294420712334897	-0.0392444147945243	-0.0318669756678612	-0.0119411777970109	-0.00550146140548127	-0.0221126520358207	-0.00998819412522842
0.0524633426361791	0.0535619308761574	-0.031895538403307	-0.0307790911195089	0.0167370072028944	0.00150943425782731	0.0209475394164073	0.00517035942692869	0.00344357540903394	0.0294292664778848	-0.0392233790090238	-0.0318645812372364	-0.011923807697601	-0.00549790468414482	-0.022097003020734	-0.00998115053175694
0.0524870773948225	0.053569862951471	-0.0318677579789171	-0.030852832318435	0.0167605631475822	0.00151032553363747	0.0209563432097546	0.00516919434224896	0.00346049288561855	0.0293999605469359	-0.0392105519016745	-0.0318790456098671	-0.0119126793228304	-0.00551270433294229	-0.0220817172214946	-0.00999653132591025
0.0525379681259952	0.0535990054352886	-0.0318316864543183	-0.0309203164258977	0.0168017532216612	0.00154811814255931	0.0209815741382926	0.00520099668365677	0.00345693476729807	0.0293453063407905	-0.0392206590811204	-0.0319185676850161	-0.0119168409382511	-0.00553910593409609	-0.0221082305813707	-0.0100162497554719
0.0525119018010082	0.0535518167117914	-0.0318176090462636	-0.0310456244962662	0.0167849628706232	0.00149847072717198	0.0209702376129016	0.00516096051838523	0.00351774967300888	0.0293552710278655	-0.0391660356086237	-0.0318948343233567	-0.0118671795530235	-0.00550696831652145	-0.0220744389347063	-0.00997868066399463
0.0525936505123854	0.0536010436349861	-0.0317600002188981	-0.0311402310486413	0.0168396436194651	0.00154409901950944	0.0210022760446103	0.00519816220306303	0.00350030134249345	0.0292780094291877	-0.0391726209913338	-0.0319396411890854	-0.0118975471918341	-0.00556418040042286	-0.0220607289334511	-0.0100222358320339
0.0525801011642934	0.0535766536908333	-0.0317604067412504	-0.0312227131766335	0.0168115432857327	0.00151047780489657	0.0209898666354855	0.00517410753507704	0.0035456935445301	0.0292855154243726	-0.0391304027370099	-0.0319304364613219	-0.0118643813940145	-0.00554431389055418	-0.022026020865264	-0.00999528381917284
0.0525955783503447	0.0535863641268151	-0.031755233709393	-0.0312492125666693	0.0168110613262428	0.00151428738034217	0.0209877082951615	0.00517749242737799	0.0035404506634713	0.0292902414213409	-0.0391336786645566	-0.0319285491358994	-0.0118697583855401	-0.00554600284424458	-0.0220197525979284	-0.0100009960868652
0.0526195757419855	0.0536059805765427	-0.0317513528877619	-0.0312527972276863	0.0168132210635508	0.00152029161769648	0.0209847494829892	0.00517703701058471	0.00353161334250728	0.0292931164144714	-0.0391425606890095	-0.0319289822009483	-0.0118829542966729	-0.00555618126987592	-0.0220163858664198	-0.0100143708119536
0.0526059970572289	0.0536043153715808	-0.0317680161132534	-0.0312331835719268	0.0167964684310816	0.00151453604349924	0.0209732718622114	0.00517009679393134	0.00353372558235831	0.0293201732011346	-0.0391441811904825	-0.0319183539464598	-0.0118823396237003	-0.00554418955897564	-0.0220215379435167	-0.0100067823947111
0.0525896369772717	0.0536051214313652	-0.0317943227194932	-0.0311662610520436	0.0167821200081253	0.00151683967016216	0.020969272296938	0.00516895825194815	0.00350826834240774	0.0293435768745633	-0.0391523828837136	-0.031902706328357	-0.0119020524653259	-0.00553893550204462	-0.0220212459738548	-0.0100058869279488
0.0526113167724093	0.053636479531852	-0.0317985709479238	-0.031096815579005	0.0167982342188936	0.00154694607295943	0.0209740318215229	0.00519345436688714	0.0034623117588236	0.0293572770969304	-0.0391961489963411	-0.0319095473591444	-0.0119432034238521	-0.00555389021606925	-0.0220538138625102	-0.0100280612554325
0.0525506862685902	0.0536006818161227	-0.0318460139225142	-0.0310200052061683	0.0167482654971797	0.00150967314209618	0.0209508181379221	0.00516639618323996	0.00347839244197517	0.0293979223472383	-0.0391782354701442	-0.0318796085944305	-0.0119207524935308	-0.00552062104143155	-0.0220420917695274	-0.00999550733661739
0.0525648181590221	0.0536365843056541	-0.0318614086865078	-0.0308864032416228	0.0167704887191044	0.00155212469275292	0.0209618431358746	0.00519946000122547	0.00340159743596285	0.0294203467348631	-0.0392431393481063	-0.031883805134452	-0.0119801578423569	-0.00554379421249559	-0.0220789218564536	-0.0100296328624645
0.0524962779316339	0.0535939050466007	-0.031899170561781	-0.0308065055340833	0.0167336432653538	0.00151892257334859	0.0209407556619651	0.00517209168712398	0.00341960316310563	0.0294655098315191	-0.0392360412722577	-0.0318537965205367	-0.0119488975307521	-0.00550334733391969	-0.022100098737341	-0.00999285166997929
0.0524981233475355	0.0536046017533066	-0.0319033824686268	-0.0307418517162623	0.016741210727836	0.00152673590501975	0.0209402764964433	0.00517474176582596	0.00339265953214878	0.0294553970641371	-0.0392448799902058	-0.0318532028023246	-0.0119743435948305	-0.0055179528019372	-0.0220923748126477	-0.0100057584054182
0.0524657384637879	0.0535749661341269	-0.0319148237678199	-0.0307382949949259	0.0167288753588647	0.00151355116975917	0.0209342666711529	0.00516651911783446	0.00342420063754328	0.0294576573842952	-0.0392361823676446	-0.0318504507437886	-0.0119368345736664	-0.00549477124896899	-0.0221088676060876	-0.00998554963446255
0.0524795979423342	0.0535817177579365	-0.0318938340827923	-0.0307526434178821	0.0167519661078711	0.00152814825587252	0.0209452427746645	0.00517919395392465	0.00342221272927078	0.0294263439872973	-0.0392397572497734	-0.0318660285126899	-0.0119400294761395	-0.00550943259634764	-0.0221163763952406	-0.00999632177830598
0.0525020921791604	0.0535905550789005	-0.0318657519098523	-0.030796377399877	0.0167740580132971	0.001540003062338	0.0209574999125302	0.00519104876039013	0.00342608796296572	0.0293956410723199	-0.039238854798091	-0.0318874331019739	-0.0119431279867146	-0.00552741736872999	-0.0221135740452795	-0.0100044494313835
0.0525145337189178	0.0535863669207832	-0.0318496893874931	-0.030874236907719	0.0167801963611181	0.00153494318618693	0.0209581620829597	0.00518587712551679	0.00345354987499712	0.029367715361591	-0.0392127116389825	-0.0318924482746361	-0.0119262160980661	-0.00553147141638058	-0.0220936446711295	-0.0100009262376638
0.0525208508806945	0.0535792506841422	-0.0318334927546671	-0.0309463073137471	0.016782937243782	0.0015260164582451	0.0209548232911317	0.00518115252553255	0.00348304579577396	0.0293582074882933	-0.0391986384218798	-0.0318976646129983	-0.011903336293648	-0.00552157797549105	-0.0220930048524445	-0.00999226214271929
0.052557696334445	0.0535836190531992	-0.031789695908391	-0.0310725625392869	0.0168152229416636	0.001525422740033	0.0209744579016516	0.00518395627247766	0.00351088349650902	0.0293142290340935	-0.0391781097415816	-0.0319178161076088	-0.0118842157732506	-0.00554143889742361	-0.0220802098757279	-0.0100014389308022
0.0525764606239153	0.0535842113744272	-0.0317711551363653	-0.0311592761319013	0.0168120825215676	0.00151336397389936	0.0209737314699568	0.00516934940747612	0.0035351239633708	0.0292850711834516	-0.0391433416030814	-0.0319214706178273	-0.0118780131641642	-0.00554759680302105	-0.0220348246586114	-0.00999371640309291
0.0526018200749838	0.0535949080811331	-0.0317548704935456	-0.0312183392196404	0.0168171018851819	0.00151319773279997	0.0209741240224688	0.00517365351526779	0.00354812289975558	0.0292750478230474	-0.039139395123201	-0.0319300187630974	-0.01187299380055	-0.0055558320238688	-0.0220212445768708	-0.0100052820338645
0.0526034796920097	0.0535936396196353	-0.0317554013474764	-0.0312511683443091	0.0168079879613802	0.00150265329735318	0.0209691228196469	0.00516440548099941	0.00355541515638413	0.029295795829838	-0.0391336898404288	-0.0319217653814573	-0.0118640698665762	-0.00554525406080533	-0.0220184226691333	-0.0100027283470605
0.0526218905445207	0.0536108211262013	-0.031747920498004	-0.0312505494803845	0.0168192909591545	0.0015241710423435	0.020979241174965	0.00518147522884312	0.00354032074395665	0.0292937548361724	-0.0391488513080896	-0.0319359657241065	-0.0118782255057365	-0.00555753215343143	-0.0220345229100612	-0.0100173980763433
0.0526158150609809	0.0536165473637339	-0.0317763030225102	-0.0312067135185556	0.0168026207487429	0.00151796144833701	0.0209711093309354	0.00518038418431689	0.00351694501020849	0.0293189047396367	-0.0391517304921723	-0.0319154426317445	-0.0119037917104413	-0.00555647743048995	-0.0220152738671331	-0.0100145552138454
0.05257276560116	0.0535986436164252	-0.0318075060577698	-0.0311358361368878	0.0167709930303386	0.00149768841611605	0.0209576535807733	0.0051658779021654	0.00351374871075138	0.0293561874493882	-0.0391588383469091	-0.0318957730966238	-0.0118922582103024	-0.00552742016269805	-0.0220250192277156	-0.00999090706821168
0.0525808122291639	0.0536172626195565	-0.0318132057526059	-0.031064221147653	0.0167809395566213	0.00151670975064751	0.0209602463831301	0.00517528798658108	0.00347440964051004	0.029372526574585	-0.0391893931815795	-0.0318933367564782	-0.0119244000188291	-0.00554355812219478	-0.022037849129033	-0.010012230632422
0.0525599063631781	0.0536219942044609	-0.0318466509472312	-0.0309698590674828	0.0167650628331378	0.00153141021357896	0.0209540926684848	0.00518357349885386	0.00345763884724842	0.0293881434590391	-0.0392078627074197	-0.0318936119623318	-0.0119324312800087	-0.00553223277267608	-0.0220660193119668	-0.0100131540388649
0.0525004926324478	0.0535914812793113	-0.0318964087243567	-0.0308578796217298	0.0167210941578262	0.00150141137855189	0.0209257031590585	0.00515692742549508	0.00344196748041719	0.0294612755729289	-0.0392112853182894	-0.0318490900813449	-0.0119369044228678	-0.00549767976971624	-0.0220624234750776	-0.00998868167265435
0.0525040996452093	0.0536124555975146	-0.0319056763164015	-0.0307653350177807	0.0167316525631133	0.00152287743513315	0.020927544384008	0.0051775664675315	0.00340082630077914	0.0294638320537009	-0.0392452962914462	-0.0318516297983086	-0.0119704013059022	-0.00551224472519693	-0.0220862867562517	-0.0100039842357021
0.0524858606217337	0.0536004303589976	-0.031906682144902	-0.0307414857064468	0.0167352958974595	0.0015218045513993	0.0209331323201218	0.00517812526114288	0.00340847059738286	0.0294569253646642	-0.0392472408932139	-0.0318578882867561	-0.0119578172737738	-0.00550328167567035	-0.0221135335327427	-0.0099921154593963
0.0524860492145776	0.0535971544314509	-0.0319009726711777	-0.0307374749653011	0.0167471744526535	0.00152818457745726	0.0209375900961566	0.00518638283373509	0.00340765336172621	0.0294417359573228	-0.0392472087625812	-0.0318626841329258	-0.0119583439367526	-0.00550917275731835	-0.0221168094602894	-0.0099992582387338
0.0524804584844957	0.0535878533117894	-0.0318907607179297	-0.0307659315299608	0.0167484233563749	0.0015224820886531	0.0209405600842011	0.00517875809490777	0.0034261801639116	0.0294272939364366	-0.0392324817569532	-0.0318658608746065	-0.0119424546404129	-0.00550850499895275	-0.0221141523966673	-0.00999186260528715
0.0524887174540719	0.0535806895776915	-0.0318680625214353	-0.0308208609419597	0.0167610856196088	0.00151303847662073	0.0209498695857667	0.00517215315442123	0.00344713492433845	0.0294087084609221	-0.0392163996768176	-0.0318763550186282	-0.0119309099644017	-0.00551428292489444	-0.0220983832409541	-0.00999614296435034
0.0524999492056607	0.0535796502215743	-0.0318491194180095	-0.0308882849791092	0.0167707527490858	0.00151126151293653	0.0209594026047769	0.00517314780704949	0.00347336469645675	0.0293755719997671	-0.0391978589047919	-0.0318880561568506	-0.0119157666575332	-0.00552247483923731	-0.0220857880329535	-0.00999575180882237
0.0525278316098847	0.0535882654220778	-0.031820722923663	-0.030961030128423	0.0167885098130715	0.00151151716101374	0.0209604405639101	0.00517286701325977	0.00347985648123699	0.02935568872609	-0.0391878578961322	-0.0318920473402199	-0.0119165168379565	-0.0055333727116433	-0.0220718754690141	-0.0100015534834926
0.0525641392247843	0.0535926994493841	-0.0317834541837518	-0.0310840680997453	0.0168071819015958	0.00151056441790633	0.0209667521377506	0.00517390357540888	0.0035213049973613	0.0293028575841019	-0.0391563559062905	-0.0319149047928935	-0.0118891275690946	-0.00554782590840172	-0.0220576066741475	-0.0100060601539684
0.0525848076034853	0.0535930277406308	-0.0317578907730151	-0.0311873401440489	0.0168111311754443	0.00150628824979523	0.020968488588898	0.005170767346265	0.00355039998372197	0.0292802529855374	-0.0391349499200225	-0.0319272946442419	-0.0118669616235151	-0.0055482128729776	-0.0220452084408949	-0.00999730525506201
0.0526090047638422	0.0536038138543145	-0.0317484681157432	-0.0312325898537147	0.0168147200274134	0.00151349808436609	0.0209700210803772	0.00517538437847905	0.00354902674842199	0.0292755940438025	-0.039132523358765	-0.0319300760394425	-0.0118740122019067	-0.00555394469844636	-0.022031762469621	-0.0100076862433775
0.0526163710606243	0.053607223892328	-0.0317457286300634	-0.0312506151386339	0.0168057471989986	0.00150921912228693	0.0209689831212441	0.00517155245128899	0.00354673709159935	0.0292861566400417	-0.0391285545271402	-0.0319215251002044	-0.0118820686087988	-0.00555424505001248	-0.0220228315507271	-0.0100064219728317
0.0526134681278131	0.0536130381398544	-0.0317528560425766	-0.0312296687601112	0.016802821914443	0.00151478750062436	0.0209697011710347	0.00517698671915969	0.00353328413540532	0.0293016938964062	-0.0391405546199446	-0.0319228187074147	-0.0118888830968896	-0.00555307996533274	-0.0220307636260407	-0.0100071567864307
0.0526313215836968	0.0536355184068404	-0.0317713465231772	-0.0311818416149129	0.0168083148556429	0.00153364678500852	0.0209750823535123	0.00519423667794307	0.00349364890454994	0.0293123053870863	-0.0391634260424585	-0.0319199185685716	-0.0119284512725116	-0.0055686200156653	-0.022026902362186	-0.010023568554797
0.0525670030420426	0.053597798441088	-0.0318127545267647	-0.031121951512629	0.016758592003118	0.00149539037738924	0.0209534556437678	0.00516049532270376	0.00351089187841318	0.0293772246318727	-0.0391539614756657	-0.0318879681468568	-0.0118985795630311	-0.00552415261705549	-0.0220329722577896	-0.00998851124060288
0.0525995904884744	0.053637806666679	-0.031809134941147	-0.0310565517053368	0.0167876925774148	0.00153591269310268	0.020965837113212	0.00519449092903625	0.00346328126573935	0.0293622252143592	-0.0391978393470155	-0.0319029675643703	-0.011937450643623	-0.00555613936035506	-0.0220606227626649	-0.0100261306235052
0.0525537805882133	0.0536253232174007	-0.0318580517338874	-0.0309450500281215	0.0167511810028471	0.00152667024677041	0.0209422671986839	0.00518538259317071	0.00344766857223732	0.0294131983675895	-0.0392081323253372	-0.0318814316585877	-0.0119428485899089	-0.00552691445447975	-0.0220755872555777	-0.0100074557410128
0.0525126128658787	0.0536098376494453	-0.0318970736887543	-0.0308339353154821	0.0167244525074306	0.00151849369925185	0.0209301343923967	0.00517886007474185	0.00342353287917768	0.0294596047800308	-0.0392221873816475	-0.031853711304511	-0.0119573059776194	-0.00551305218196537	-0.0220807463175948	-0.00999951668077906
0.0524822550059563	0.053595684804253	-0.0319105559816129	-0.0307576753543526	0.0167175639791863	0.00151198515066327	0.0209281408961881	0.00517534665991028	0.00341398449334317	0.02947124584794	-0.0392336580175052	-0.0318412879255459	-0.0119614675930402	-0.00550952479729352	-0.0220880371772393	-0.00999399999085069
0.0525028535354559	0.0536146740081518	-0.031901133324341	-0.030725588028203	0.0167423646366435	0.00153823867151006	0.0209411845360618	0.00519829212257768	0.00339370168223401	0.0294397648128587	-0.039253583200703	-0.0318635153384227	-0.0119810798518157	-0.00552940527700249	-0.022106040110414	-0.0100107288745915
0.0524746875434741	0.0535852563184805	-0.0319070593305897	-0.0307458415026476	0.0167317894675481	0.00151695701682055	0.0209358173234245	0.00517861979348895	0.00342704769099327	0.0294419301381028	-0.0392351905089844	-0.0318571031817321	-0.0119460127587334	-0.0055031224194911	-0.0221101332736174	-0.00998764231653718
0.0525101569679567	0.0536104439405136	-0.0318707181880734	-0.0307855633465127	0.0167754396305012	0.00154659263600023	0.020961027297202	0.00520246631085471	0.00342071935334436	0.0293999954715366	-0.0392510406897713	-0.0318883313627042	-0.0119543751051277	-0.0055317130946175	-0.0221346782829974	-0.0100104215381052
0.0524917307486213	0.0535794336890499	-0.0318743922560683	-0.0308429263046892	0.0167506208122517	0.00150480884370909	0.0209436292581116	0.00516830446342283	0.00345984887598143	0.0294032504443229	-0.0391997071146616	-0.0318664573867866	-0.0119332610885216	-0.00552161848802787	-0.022077712068285	-0.00998555242843061
0.0525238488084196	0.0535928433387391	-0.0318366639084117	-0.0309219634700672	0.0167820459679718	0.00153428939766161	0.0209627386026369	0.00519139241846113	0.0034792040896957	0.0293558857008381	-0.0392053858547373	-0.0318997405312646	-0.0119116036451285	-0.00553127583861659	-0.0221141468087312	-0.0100014682674668
0.0525135181115291	0.0535598926764599	-0.0318282191399597	-0.0310155097115647	0.0167634674773774	0.00148853118580951	0.0209483845917445	0.00515638539569204	0.00351473917242756	0.0293646433937124	-0.0391602395218896	-0.0318727885184036	-0.0118886972980138	-0.00551324217179324	-0.0220578022519114	-0.00997306339121621
0.0525800396969962	0.0535947641917782	-0.0317748403802324	-0.0311217000555039	0.0168099618998124	0.00151861942781441	0.0209683251417667	0.00517822584399293	0.00352893532412473	0.0292902372303888	-0.0391571968906756	-0.0319171539371793	-0.0118873086958896	-0.00555219846841079	-0.0220582017893436	-0.0100005085394393
0.0526086164022823	0.0536020620363429	-0.0317521868872269	-0.0312017081247816	0.0168211042444234	0.00152345858048899	0.0209756229863313	0.00518170154025573	0.00354070351758045	0.0292679637170391	-0.0391392372640058	-0.0319276480812011	-0.0118870740025728	-0.0055647713246669	-0.0220425890958415	-0.0100060182444475
0.0526277299377596	0.0536166605194402	-0.0317503065467246	-0.0312333554009623	0.0168228728262034	0.00152256730467883	0.0209757375390217	0.00518264310749091	0.00353505132020131	0.0292743144064324	-0.0391381615863039	-0.0319277123424664	-0.0119028068367013	-0.00557002119064584	-0.0220231626359418	-0.0100120504214824
0.0526282286610578	0.0536200426177731	-0.031750768948438	-0.0312529955994184	0.0168152355145199	0.00151832745815247	0.0209688154831607	0.00517431289172922	0.00354433427907041	0.0292824574263343	-0.0391346900809932	-0.0319279512267353	-0.0118874218515959	-0.00556310751668901	-0.0220258602121008	-0.0100089588958274
0.0526056506051899	0.0536097356696112	-0.031771089478116	-0.031227204480285	0.0167913163539846	0.00150574063205607	0.020960877819911	0.00516662109766854	0.00354091166820069	0.0293139035368149	-0.0391337541016941	-0.0319093350175721	-0.011885904726941	-0.00554990042968398	-0.0220161847007197	-0.0100013844484251
0.0526117554253942	0.0536301679580114	-0.031791560882069	-0.0311584700721169	0.0167907156508524	0.00152742461814578	0.0209599865441008	0.00518573463314588	0.00350012252853781	0.0293236963948544	-0.0391606404563058	-0.0319058677032134	-0.0119194519014003	-0.00555877127826468	-0.0220214792701875	-0.0100133621894851
0.0525882721238759	0.0536226214502897	-0.0318123396225082	-0.0311004589133512	0.016780486933796	0.00152488490118204	0.0209533564579018	0.00518375370979353	0.00348906679693661	0.0293625297568774	-0.039181218031045	-0.0318981703212166	-0.0119183035805289	-0.00554197673627457	-0.0220479800572074	-0.0100045248685211
0.0525675534537498	0.053622444033318	-0.0318380427316478	-0.0310124810501911	0.0167619587346266	0.00152598153364438	0.0209474569943496	0.00518335277537737	0.00346709642912107	0.0293759198487901	-0.039188190378331	-0.0318857413543154	-0.0119347307157195	-0.005541997691035	-0.0220469728317228	-0.0100036070500144
0.0525629378185198	0.0536438681803785	-0.0318721626695588	-0.0308866966082688	0.0167568290092741	0.00154673512837113	0.0209448977196095	0.00519737849502307	0.00340836722056475	0.0294157171297928	-0.0392320556768245	-0.0318796058004625	-0.0119810323543587	-0.00554071246572882	-0.0220710568363734	-0.010013408289958
0.0524939519532266	0.0536016597049427	-0.0319085373396918	-0.0308155817393162	0.016725058798499	0.00152164808918811	0.0209300701311314	0.00517899697917664	0.00342872127785936	0.0294629826874116	-0.0392320864104732	-0.0318560554437107	-0.0119431321776667	-0.00549852075410137	-0.022105397497761	-0.00998377825871447
0.0525116349770588	0.053624304816044	-0.0319067240544229	-0.0307472049590593	0.0167459828252772	0.00154165569444367	0.0209336268524679	0.00519265668900689	0.00338558520502868	0.0294514966847297	-0.0392549270993384	-0.0318570137747543	-0.011988458721454	-0.00552482596335721	-0.0221002761543126	-0.0100075130173579
0.0524700341896754	0.053589208386297	-0.031921458044971	-0.0307433870017096	0.0167273819829383	0.00151739986075757	0.0209272747660905	0.00517729684961401	0.00342650705817426	0.0294556499182463	-0.0392356193830811	-0.0318507594772589	-0.0119482744758754	-0.00549691282548461	-0.0221127302669263	-0.00998161153648633
0.0524975030866269	0.0536051884865986	-0.0318902117032065	-0.0307590793233012	0.0167655797172284	0.00154658984203217	0.020950273314151	0.00520384932504288	0.00342038128320947	0.0294154600847316	-0.0392539268587741	-0.0318801981216905	-0.0119573730328528	-0.00552270813557007	-0.0221402243095904	-0.0100011036546354
0.0524862587621819	0.0535904125865296	-0.0318846475158212	-0.0307933906480242	0.0167559223666397	0.00152166624998048	0.0209434546351081	0.0051813173696479	0.00343730015677812	0.0294136481964467	-0.0392213617640867	-0.0318647544632559	-0.0119541557786352	-0.0055187085702966	-0.0220998137525992	-0.00999314783059333
0.052498831618438	0.0535849922884992	-0.0318708676653645	-0.0308613287752961	0.016762862583293	0.00151488249553829	0.0209428399621355	0.00517491359486146	0.00346332876319632	0.0293838421452155	-0.039198060070492	-0.031871828790376	-0.0119351679717205	-0.00552312303982652	-0.0220732487043141	-0.00999286843378764
0.0525278623435333	0.053598533254687	-0.0318449661844929	-0.0309178828797201	0.016783578459451	0.00152556243843584	0.0209546598440003	0.00518206196213507	0.00347155001420379	0.0293505115032806	-0.0391972148951548	-0.0318910331298152	-0.0119352392179059	-0.00553356549543923	-0.022076091566812	-0.00999832645038682
0.0525599818003156	0.0535983320889869	-0.0317982733903257	-0.0310494228958396	0.0168068019219401	0.00152339431922368	0.0209634440795713	0.00517707752312154	0.00350688812218763	0.029314547546452	-0.0391761595518779	-0.0319091156910796	-0.0119056455082471	-0.00553890756236405	-0.0220765162499566	-0.00999642655210812
0.0525871461547489	0.0536022059256978	-0.0317649623061672	-0.0311570395604717	0.0168201752500445	0.0015254129611448	0.0209710283058617	0.00518104076681027	0.00353555004349948	0.0292806692867779	-0.0391505151160675	-0.0319250454999561	-0.0118939709127213	-0.00554996469094928	-0.0220595889944838	-0.0100021416137685
0.0526357793597316	0.0536322201275492	-0.0317460122178212	-0.0312141748102516	0.0168387230069903	0.00154369249715716	0.020980121274903	0.00519386647717553	0.00352133014307381	0.0292565252118141	-0.0391481947255963	-0.0319367173015138	-0.0119210430662087	-0.00557489107696904	-0.0220392978014705	-0.0100219270985636
0.0525999662771781	0.0535986198676967	-0.0317665367071672	-0.0312511725352612	0.0168014347093027	0.00150057039416675	0.0209619437187247	0.00515874629870013	0.00355811552651113	0.029297512723209	-0.0391183607346846	-0.0319085373396918	-0.0118828271711263	-0.0055433136499898	-0.0220134200693274	-0.00999274130824105
0.052620922434589	0.0536214982751308	-0.0317642889598655	-0.0312356255000085	0.0168052023752275	0.00151540217359688	0.0209655325706938	0.0051718569938072	0.00353588811363436	0.0292970335576872	-0.0391326532782797	-0.0319120116389706	-0.011905836895059	-0.00556028840291958	-0.0220092724237469	-0.010013359395517
0.0526211347761613	0.0536248845644158	-0.0317729726125863	-0.0312249525420311	0.016807828705201	0.00152924907928694	0.020966035484944	0.005186083879153	0.00353044546385949	0.0293114169052442	-0.039155150309074	-0.031919689463191	-0.011899209602828	-0.00555055421820929	-0.0220446887628363	-0.0100098613475098
0.0525766254680306	0.0536031069803962	-0.0318105975834248	-0.0311490082992921	0.0167696002372623	0.00150539278303299	0.0209490858777268	0.00516609443468981	0.00351908379275605	0.0293558004848123	-0.0391497481718359	-0.0318865264593394	-0.011902256424994	-0.00552648837435107	-0.022028669546982	-0.00999149519848766
0.05258444857859	0.0536218377422497	-0.0318197617986514	-0.0310734817547776	0.0167729082954417	0.00152412354488653	0.0209487506015599	0.00517925961217399	0.00347880594924759	0.0293723631274537	-0.039184214561786	-0.031883754843027	-0.0119367228149441	-0.00553844655763466	-0.0220377667069753	-0.010008348413807
0.0525719204258228	0.0536301861188038	-0.0318532111842288	-0.0309735806329346	0.016757608526362	0.00153812691278778	0.0209406927976838	0.0051859316078939	0.00345711358125372	0.0293859865156992	-0.0391991119994655	-0.0318822908037652	-0.0119550400695253	-0.0055372507393063	-0.0220553463539894	-0.0100117347030919
0.0525379262164743	0.0536215387876676	-0.0318893288093005	-0.0308609473986563	0.0167396852212769	0.00153383817182042	0.0209219424780539	0.00518119583203743	0.0034283943835967	0.0294413322289386	-0.039223047923809	-0.0318632666752656	-0.0119677330664078	-0.00551731018928411	-0.0220797963684555	-0.010004422888687
0.0525015711041178	0.0536023051115638	-0.0319041144882577	-0.0307949315214075	0.0167409033913497	0.00153244118779196	0.0209260887266503	0.00518364334805528	0.00342485163210054	0.0294585095445525	-0.0392443603121472	-0.0318580028394464	-0.0119548696374738	-0.0055009375364706	-0.0221170008471013	-0.0099960968638774
0.0524873987011491	0.0535973639790552	-0.0319106425946227	-0.0307397688130759	0.0167419078228662	0.00152937760181756	0.0209305129750684	0.00518111620394781	0.00340842170294186	0.029456272973123	-0.0392409418922295	-0.0318494658700485	-0.011978005089969	-0.00551229361963792	-0.0220991879037545	-0.010002066176631
0.0524842387232767	0.0535907841842811	-0.0319121485434054	-0.0307276849012297	0.0167481802811539	0.00153039740015833	0.0209424851281923	0.00518448293545639	0.00340702751288146	0.0294387631753103	-0.0392458006026805	-0.0318574091212343	-0.0119732972537932	-0.0055110503038526	-0.0221042254281611	-0.00999474318635383
0.0524904441263311	0.0535870207093085	-0.0318929791285669	-0.0307615561759837	0.016761046504056	0.00153944147475856	0.0209511715748813	0.00519620921939125	0.00342599576201984	0.0294151960547502	-0.0392432161822279	-0.0318725049306458	-0.0119568547517782	-0.00551736187769316	-0.0221212658393402	-0.0100007865392609
0.0524967193785869	0.05358218714457	-0.0318795066145964	-0.0308079416336646	0.0167595433492414	0.00152314146511453	0.0209390066379615	0.00518104914871444	0.0034465090754937	0.0294024052689857	-0.0392177631332294	-0.0318700071232029	-0.0119514735693006	-0.00552150253835351	-0.0220901130955056	-0.00999225376081512
0.0525121798008299	0.0535805261305602	-0.0318515068637141	-0.0308886607678128	0.0167771048354631	0.00153279043379908	0.0209532824177483	0.00518701007956386	0.00347701222175505	0.0293590358998222	-0.0392047390511321	-0.0318922540938561	-0.0119233397079515	-0.00552736568032094	-0.0220973396938848	-0.00999373596086931
0.0525419914399971	0.053590824696818	-0.0318277078438053	-0.0309533299524581	0.0167941983320353	0.00153249427318505	0.020960831719438	0.00518649040150528	0.0034717763256164	0.0293454180995128	-0.0391954463133748	-0.0318963053475386	-0.0119373598396611	-0.0055400000038743	-0.022076781676922	-0.00999709431047372
0.0525543882762657	0.0535750136315839	-0.0317970719840612	-0.0310807879812465	0.0168004484385787	0.00151480566141673	0.0209659195352697	0.00517304862118347	0.00352509920598259	0.0293050871706113	-0.0391558921075931	-0.031904717985358	-0.0118924635669546	-0.00554036601368976	-0.0220555559015937	-0.00998695500039518
0.0526114536768441	0.0536063298225498	-0.0317516294905996	-0.0311908689257048	0.0168434545918947	0.00155083807046271	0.0209890326360205	0.0052029566522487	0.00353413070772656	0.0292568982065497	-0.0391650549258357	-0.0319472519580724	-0.01189145634147	-0.00556741022749665	-0.0220727876995847	-0.0100086347955328
0.0526024249690682	0.0535927190071605	-0.0317672072595009	-0.0312277255553276	0.0168070002936721	0.00151458493794023	0.0209682022071722	0.00517276084247361	0.00354964421536257	0.0292792960514779	-0.0391215570341417	-0.031918170941552	-0.0118938242293983	-0.00555489185361765	-0.022010849618715	-0.00999240603207422
0.0526306566192992	0.0536139769131216	-0.0317520960832651	-0.0312535851266784	0.016827855868233	0.00153003139034288	0.0209809664502402	0.00518624034136419	0.00353911794070815	0.0292743577129373	-0.0391444885269688	-0.0319305077075073	-0.0118980473121163	-0.0055657534044389	-0.0220290872452065	-0.0100096378300652
0.0526235697193229	0.0536113156585474	-0.0317679895705568	-0.031244779936347	0.0168165444885545	0.0015222515862884	0.0209860165475031	0.00518351203155661	0.00353285805527664	0.0292943387754963	-0.0391434840954523	-0.0319205402264643	-0.0119068776481602	-0.0055641678275666	-0.0220150070431837	-0.0100075605148149
0.052616507965059	0.0536154074247667	-0.0317904963802393	-0.0311977281172845	0.0168018607894314	0.00152819854729754	0.0209788430345169	0.0051854803820527	0.00351189351596159	0.0293144343907457	-0.0391555079369852	-0.0319126486636876	-0.011922477768806	-0.0055560527473453	-0.0220171290619229	-0.0100005853735608
0.0525897431480578	0.0536069039829855	-0.0318148919123282	-0.0311265699418271	0.0167811085916887	0.00151846575957128	0.0209715689386808	0.0051841742019861	0.00349909853924495	0.0293493827401856	-0.0391681017480018	-0.0318954699510896	-0.0119238733558504	-0.00554189152024883	-0.0220304157770176	-0.00999923169603726
0.0525958144406455	0.0536223406564999	-0.0318199517884793	-0.0310719506602825	0.0167896832796554	0.00154118910177816	0.0209704653212983	0.00520414827962497	0.00347459264541777	0.0293555434397511	-0.0391974579703758	-0.0319035473127422	-0.0119395726623622	-0.00555139939354651	-0.0220592355575246	-0.0100106618193581
0.0525504417963853	0.0536077463643547	-0.0318710241275757	-0.0309469583083043	0.0167524913738658	0.00152954523990097	0.0209508418866505	0.0051927949904257	0.00345315871946916	0.0294021035204355	-0.0392032903786946	-0.0318785566654571	-0.0119540998992741	-0.00553049911549677	-0.0220603070442745	-0.0099943883524106
0.0524997410550405	0.0535880474925694	-0.0319074868077024	-0.0308361453442151	0.0167272939729445	0.00151782594088625	0.0209377144277351	0.0051824167960783	0.00343135878370509	0.0294500633791165	-0.0392202176341674	-0.0318481429261736	-0.0119605665383418	-0.00550909312922873	-0.0220688523955765	-0.00998395707267011
0.052510613781734	0.0536104090159129	-0.0319054430200688	-0.0307550210846986	0.016749409627099	0.00154738472594437	0.020945413206716	0.00520645470025595	0.00339169421618512	0.0294363491869091	-0.0392545848382514	-0.0318572526590231	-0.0119958501639486	-0.0055338043797081	-0.0220885792070424	-0.0100071931080154
0.0524765706779445	0.0535824902901042	-0.0319160614956691	-0.0307367834582071	0.0167359748316973	0.00152827258745105	0.0209387509898843	0.00518897423910787	0.00341496098517906	0.0294424274644169	-0.0392382471100386	-0.0318520460995491	-0.0119671742727964	-0.00551140932874791	-0.0221009187669657	-0.00998578153381128
0.0524893265391083	0.0535907981541214	-0.0319039091316055	-0.0307363434082381	0.0167551903470087	0.00154431415504982	0.020948310551591	0.00520025488513766	0.00340894138100045	0.0294213427844754	-0.0392489382288084	-0.0318677440090768	-0.0119698411153067	-0.00552142989518403	-0.0221177342637163	-0.00999253874555692
0.0525019203501249	0.0535899809184648	-0.0318811899803507	-0.0307726552140898	0.0167698405185152	0.00154879428282908	0.0209531259555371	0.00520659020770671	0.00342191517167272	0.0293978161764522	-0.0392443910457958	-0.0318804300210393	-0.0119627905369151	-0.00552866208149935	-0.0221234241796642	-0.0099964405219484
0.0524868189527773	0.0535609990878104	-0.0318699163192411	-0.0308456476295766	0.0167596118014588	0.0015180690161072	0.0209525978955743	0.00518250340908806	0.00346450362676425	0.0293934212646987	-0.0392054682767949	-0.0318741631506876	-0.0119325178930185	-0.00551910950471276	-0.0220930621287897	-0.00997864015145781
0.0525229323868969	0.0535831426816455	-0.0318474598009836	-0.0308933755889089	0.0167852422674289	0.00154048083087573	0.0209716122451856	0.00519796383133099	0.00346156856332046	0.0293458721193221	-0.0392059222966042	-0.0318988017579975	-0.011942560811199	-0.00554381516725602	-0.0220841060641832	-0.0099927734388737
0.0525454447845155	0.0535788776894066	-0.0318161855195386	-0.0310061135969893	0.0168031502056897	0.00152984559146709	0.0209761091367732	0.00519383294955885	0.00348826073715219	0.0293344098653686	-0.0391904059950001	-0.0319038714130368	-0.0119226859194262	-0.00554293925827018	-0.0220747811957933	-0.00999294806187726
0.0525731637416081	0.053577964061852	-0.0317739155768055	-0.0311311688132487	0.0168213473196444	0.00153523515584888	0.020986505491913	0.00519571329006115	0.0035326987990974	0.0292804555482215	-0.0391638940321081	-0.0319303107327593	-0.0118904072064647	-0.00555098309230603	-0.022072654986102	-0.00998974896845209
0.0526147184285186	0.0536022855537874	-0.0317587135966079	-0.0311924545025771	0.0168265580700705	0.00153756253124029	0.0209841390009688	0.00519117867990478	0.00352677838078479	0.0292587100948346	-0.039141159514029	-0.0319298609039022	-0.0119186123139992	-0.00557632717655029	-0.0220209526072088	-0.0100038501252353
0.0526143803583837	0.0535973653760392	-0.031756950602764	-0.0312387701110566	0.0168185757033319	0.0015285743360012	0.0209783024016979	0.00518384451375538	0.00354615454925949	0.0292691232137827	-0.0391344791364049	-0.0319274273577246	-0.011899504366458	-0.00556569054015762	-0.0220207542354768	-0.0099927441022091
0.0526171882962809	0.0535987204505468	-0.0317508793101763	-0.0312565481298027	0.0168145887109147	0.00152456499183953	0.0209808644704061	0.00518343380045102	0.00354708494062244	0.0292781449366385	-0.0391382202596331	-0.0319265416698506	-0.0118930977977035	-0.00556140738712637	-0.022024003620327	-0.00999389242308049
0.0526442143492954	0.053628920451274	-0.0317605548215574	-0.0312216319109955	0.0168200900340188	0.00154636073665151	0.0209824542382305	0.00519724997249245	0.00350810629226044	0.0292857920272102	-0.0391555400676179	-0.0319234990386366	-0.0119391843008023	-0.00557870484336672	-0.0220163565297552	-0.0100177165887018
0.0526117652042824	0.053611737547724	-0.0317938086293708	-0.031180275595817	0.0167946816885092	0.00153069775172445	0.0209707922155609	0.00518654907483447	0.00351338689188801	0.029319749914974	-0.0391561379767821	-0.0319061261452587	-0.0119290533726279	-0.00555167599638414	-0.0220277726832357	-0.00999450989002107
0.0526153861868842	0.0536309823997	-0.0318057668126544	-0.0310959424639872	0.0167934746943086	0.00154252182454131	0.0209640643404799	0.00518867249055773	0.00346904103088868	0.0293450967931863	-0.0391846811544515	-0.0318954420114091	-0.0119641456114227	-0.00556086256335528	-0.0220366686775289	-0.0100057304657376
0.0525757188253962	0.0536121915675332	-0.0318386839473169	-0.0310250580973992	0.0167643573562035	0.00152683788485383	0.0209469945926362	0.00517399437937073	0.00347206550131029	0.0293752115778877	-0.0391834448235863	-0.0318769501338244	-0.0119528509955527	-0.00554105193284773	-0.0220356782158528	-0.00999365353881163
0.0525736219523694	0.0535748906969894	-0.0317771007003904	-0.0311468709137286	0.0168083944837325	0.00152234937517039	0.0209732397315788	0.00517920652678091	0.00353380521044793	0.0292852723491517	-0.0391463814403273	-0.0319106523735109	-0.0118961627806619	-0.00554721682336531	-0.0220438547633713	-0.00998254053086526
0.0526236479504285	0.0536082869971737	-0.0317489347084087	-0.0312062790565227	0.0168326042169457	0.0015459332595388	0.0209883523047986	0.00519908002156973	0.0035229003531218	0.0292530662793596	-0.0391524583208511	-0.0319302744111746	-0.0119179529375378	-0.00557667362858935	-0.0220344195332431	-0.010006878786609
0.0526274617168262	0.0536051493710458	-0.0317611918462744	-0.0312467887993799	0.0168080983231185	0.0015268364878698	0.0209679144284623	0.00517716693009936	0.00353590068649062	0.0292848644298153	-0.0391313666559895	-0.0319142118888154	-0.0119108311129607	-0.00555891237365155	-0.0220140207724596	-0.00999606892419683
0.0526314850308281	0.0536153641182618	-0.0317650586980651	-0.0312339141945737	0.0168064889975177	0.00153305027282837	0.0209684732220737	0.00518273251446873	0.00352664706428612	0.0292989460288222	-0.0391476610776974	-0.031916402359772	-0.0119143626885846	-0.00555904648411828	-0.0220247719615426	-0.010001969784733
0.0526064748257667	0.0536051060645409	-0.0318021835486214	-0.0311730713491823	0.0167789530453328	0.00152299338480751	0.0209512414240827	0.00517538018752696	0.00351328211808587	0.0293314692139887	-0.0391458938929014	-0.0318932669072767	-0.0119252242394059	-0.00554422588056038	-0.022012320642897	-0.00998871380328701
0.0525772624927476	0.0535992066009887	-0.031824109212948	-0.0310802208057309	0.0167585249478847	0.00151313766248675	0.0209451854983193	0.00516773728790728	0.00349211641307073	0.0293662275736007	-0.0391654949758047	-0.0318775298821962	-0.0119335600431037	-0.00553067932643644	-0.0220213717024173	-0.00998643252836854
0.0526018969091054	0.0536344133924739	-0.0318270344975036	-0.0310200918191781	0.0167863556636996	0.00155053492492854	0.0209560288883482	0.00519749025374535	0.0034540541862314	0.0293558144546526	-0.039208563993402	-0.0318979118791714	-0.0119629497930944	-0.00555130719260063	-0.0220629655048806	-0.0100057639933543
0.0525537610304369	0.0536152006711305	-0.0318793725041297	-0.0309130618878379	0.0167466016892018	0.0015381618373885	0.0209402359839065	0.00518737469239529	0.00343524379628823	0.0294132011615576	-0.0392093141738253	-0.031867213155146	-0.0119734900375891	-0.0055273586954008	-0.0220631345399481	-0.00999683586842845
0.0525037140776174	0.0535971390646266	-0.031916500148654	-0.0308046573242137	0.0167205605099273	0.00152776687923275	0.0209235601855588	0.00517744912087311	0.00342044554447479	0.029454751657516	-0.039229230975119	-0.0318472544443315	-0.0119703398386049	-0.00550174499323905	-0.0220868511377992	-0.00996880817786553
0.0524994197487139	0.0536039312009729	-0.0319151171344658	-0.0307538769547793	0.0167339017073991	0.00154137629763798	0.0209288100515378	0.00518819751598805	0.00339802395081806	0.0294570734449713	-0.0392519654931981	-0.0318444409184982	-0.0119853853565914	-0.00551086729894487	-0.0221044224029091	-0.0099846583586524
0.0524853605014516	0.0535888661252101	-0.0319159441490107	-0.0307374260708602	0.0167354886812554	0.00153996813773729	0.0209325427928618	0.00518956097239983	0.00340537767474385	0.0294513961018796	-0.0392411248971373	-0.0318419822266081	-0.0119799315309443	-0.00551591879319177	-0.0221014049174076	-0.00999482840237956
0.0524947007366658	0.0535937807150222	-0.0319022229718832	-0.0307375406235505	0.0167505286113058	0.00154892839329581	0.0209395584466527	0.00519572725990143	0.00340175389817404	0.0294276334035556	-0.0392491072638759	-0.0318568712823834	-0.011981633057491	-0.00552112954361791	-0.0221144611301376	-0.00998964559163399
0.0524971119310989	0.0535862677349171	-0.0318833385417865	-0.0307850408744861	0.0167611205442095	0.00154762919814935	0.0209412990887522	0.0051949645066219	0.00343288708423222	0.0294054129755989	-0.0392384035722498	-0.031873101442826	-0.0119542773162457	-0.00551570086368333	-0.0221333734999148	-0.00998345695238793
0.0524858648126858	0.053562548343098	-0.0318735303169227	-0.0308482110952689	0.016751862731053	0.00152026647198397	0.0209351705198193	0.00517504491136013	0.00346971856814248	0.0293957751827866	-0.0391991580999384	-0.0318642990464627	-0.0119335614400877	-0.00551114529876653	-0.0220931221991029	-0.00997322404437948
0.0525124647855717	0.0535759831384996	-0.0318522947627061	-0.0308967353354973	0.0167688067503341	0.0015283144969719	0.0209455654779751	0.00518036602352452	0.00347318448551708	0.0293618466316875	-0.039195848644775	-0.0318788709868635	-0.0119362199006939	-0.00552889118688002	-0.022079821514168	-0.0099778494584977
0.0525511961677606	0.0535848972935852	-0.0318129822351613	-0.0310153602342737	0.0167994468010303	0.00153823448055797	0.0209581453191513	0.00519211885015593	0.00349054760000677	0.0293324498967767	-0.0391869344896894	-0.0318962871867463	-0.0119216507542611	-0.00554366988091706	-0.0220784622487083	-0.00999168937926762
0.0525715572099754	0.0535815654866773	-0.0317888213963892	-0.0311211077342758	0.0167987077964792	0.00152361504270018	0.0209618766634913	0.00517953342104356	0.00352601842147331	0.0292894213917162	-0.0391454734007088	-0.0319014965401884	-0.0119055365434929	-0.00554733696399176	-0.0220405550870961	-0.00998196776741359
0.0525963480885444	0.0535884079144487	-0.0317717418696573	-0.0311950221592214	0.0168064889975177	0.00152113679303369	0.0209655227918056	0.00517799394464421	0.00354513195695066	0.0292748955517883	-0.039133110092057	-0.0319143012957932	-0.0118953413540532	-0.00555327973404881	-0.0220271188947104	-0.00998601063919194
0.0526348810990013	0.0536178884684013	-0.0317545324234107	-0.0312388106235934	0.0168299569322117	0.00154918683534108	0.0209799606217397	0.00519922670489272	0.00353254652783829	0.0292597843755525	-0.0391490929863266	-0.0319353580360541	-0.0119101843093555	-0.00556798857888443	-0.0220423865331574	-0.0100050780741963
0.0525982633536474	0.0535890938336067	-0.031772709979589	-0.031253322493681	0.0167899864251895	0.00151104917136421	0.0209641970539626	0.00517157200906539	0.00355851366695925	0.0292949827851335	-0.0391200636582152	-0.0319063734114317	-0.0118865417516579	-0.00554141794266319	-0.0220178499056816	-0.00997937915600886
0.0526280079375813	0.0536243145949322	-0.0317784823175946	-0.0312046012787046	0.0167980721687463	0.00153026608365966	0.0209677900968838	0.00518723499399245	0.003512061154045	0.0293013474443671	-0.0391465560633309	-0.0319077424557796	-0.0119328825058499	-0.00556811151347894	-0.022007707801635	-0.0100030105378342
