0.0526200465256031	0.0535957448745662	-0.0318437536023562	-0.0311650652337152	0.0168085732976882	0.00157554652697402	0.0209526984784244	0.00522630165234824	0.0035002105385316	0.0293070205965067	-0.0391618935509793	-0.0318834503005088	-0.0118831093619	-0.00556476294276273	-0.0220465816761949	-0.0100375258222253
0.0525914390866684	0.0535838788922285	-0.0318657672766766	-0.0311026787209724	0.0167891077222356	0.00156873203888321	0.0209431347257656	0.00522094002764702	0.00349053502715051	0.0293409980420468	-0.0391729772222611	-0.0318717575441906	-0.0118788820882299	-0.00554366010202886	-0.0220643932225577	-0.0100286493857085
0.0525596171874842	0.0535685078769634	-0.0318990420392504	-0.0310288439241164	0.0167562799945509	0.00154531439561419	0.0209236286377762	0.00519709770123335	0.00348236127360001	0.0293772595564734	-0.0391656388651596	-0.0318422462565894	-0.0118849100743127	-0.00553073380881355	-0.0220419674379489	-0.0100166842175048
0.0525560087777387	0.0535892405169297	-0.0319229905364502	-0.0309045333003441	0.0167587512592973	0.00157561358220739	0.0209212272222313	0.00521986434994511	0.00343836326162377	0.0293941029929045	-0.0392120732172815	-0.0318484251169473	-0.0119107137663023	-0.00553320227959183	-0.0220867254092366	-0.0100345083367238
0.0524974374283776	0.0535609334295611	-0.0319689331501941	-0.0307981711273695	0.0167205647008794	0.0015463900733161	0.0209026207919563	0.0051968546260124	0.00342977041286473	0.0294528335984449	-0.0392145193363153	-0.0318112415930619	-0.0119110811731018	-0.00550498180523298	-0.0220898644323485	-0.0100086124437883
0.0525108149474341	0.0535843021783891	-0.0319675585179101	-0.0307200182528816	0.0167437769874963	0.00157666551118082	0.0209071470202085	0.00521796584865044	0.00339272239643006	0.0294432558759458	-0.0392487957364375	-0.0318211545917278	-0.0119429435848228	-0.00552692004241586	-0.0221154683556221	-0.0100337916839172
0.0524679303317285	0.0535488383418427	-0.031980760016979	-0.0307135278650853	0.0167271556715257	0.00155262341605108	0.0209043837858002	0.00520380322456994	0.00342851592120718	0.0294506403335202	-0.0392313529938582	-0.031816452343488	-0.0119028585251103	-0.00550219063114413	-0.0221283569302686	-0.0100083917203119
0.0524983692167245	0.0535713423575571	-0.0319556184954188	-0.0307104028118137	0.0167596732687561	0.0015825705626691	0.020920674016556	0.00523477855143291	0.0034035001282096	0.029416706194485	-0.0392501102984083	-0.0318407081771741	-0.0119262649925071	-0.00552984392998743	-0.0221426885894166	-0.0100319770016643
0.0524736398054528	0.0535436401642728	-0.0319538834412555	-0.0307485209180142	0.0167437504447997	0.00155551656997401	0.0209096015211465	0.00520917742212742	0.0034364158658881	0.029415826094547	-0.0392211731712429	-0.0318327146345633	-0.0118997418537428	-0.00550609240753561	-0.0221252402589012	-0.010000201202953
0.0525267712990071	0.0535746881343053	-0.031912374854818	-0.0308155524026516	0.0167895282144282	0.00158931380457446	0.0209298983020959	0.00523843725260344	0.0034318798587477	0.0293687994211971	-0.0392274079109619	-0.0318621281332824	-0.011915118456944	-0.00554735233081607	-0.0221268705392624	-0.0100425116582229
0.0525306591055583	0.0535656119290724	-0.0319056930802099	-0.0308799938789003	0.0167840282883082	0.00157594606440616	0.0209269241230993	0.005226388265358	0.00346136041270022	0.029346312169291	-0.0391954686651193	-0.0318619060128219	-0.0118956961879964	-0.00554000000387431	-0.0221097728517381	-0.0100286996771335
0.0525380687088452	0.0535489710553254	-0.0318754399940896	-0.0309864217101242	0.0167927119410291	0.00155613124294653	0.0209329702699745	0.00521296604281259	0.00349612855120045	0.0293376061648257	-0.0391750726983038	-0.0318618724852052	-0.011868527642611	-0.00553652430761151	-0.0220968200158262	-0.0100148751231879
0.0525811880178676	0.0535636589454006	-0.0318374839380364	-0.0310938190482639	0.0168216378923223	0.00156742166786452	0.0209477252152831	0.00522282595608544	0.00351745490937887	0.029278220373776	-0.0391550427413038	-0.0318853613746597	-0.0118657532323305	-0.00556166722615567	-0.0220705092186343	-0.0100304961985941
0.0526130294748282	0.0535751826666513	-0.0318143149579245	-0.0311763514676811	0.0168315969914612	0.00157525735128013	0.0209537057039089	0.00522925347960037	0.00352922449981862	0.0292539813038982	-0.0391426473020193	-0.0319004138775663	-0.0118600633163826	-0.00557177999353767	-0.0220568620816603	-0.0100387984746752
0.0525928877591059	0.0535551527096513	-0.0318218949932629	-0.031217190898769	0.0168057108774139	0.001546286696498	0.020941632967935	0.00520432849056464	0.00355725079339752	0.0292802194579207	-0.0391195160404761	-0.031884345767271	-0.0118319029123369	-0.00554797817966082	-0.0220413751167208	-0.0100192658439894
0.0526335441852861	0.0535891706677283	-0.0318064066313394	-0.0312175499236643	0.0168251778498504	0.00156995579689214	0.020950862841411	0.00522368370427891	0.00352734276233229	0.0292720596742105	-0.039140818649926	-0.0318952995190381	-0.0118657448504263	-0.00557529340836923	-0.0220425388044165	-0.0100481456948096
0.0526087309549726	0.0535758238823204	-0.0318368301495111	-0.0311923623016312	0.0167929214886333	0.0015451872700676	0.0209342303495682	0.00520083742747753	0.00352879283175383	0.0293126252964288	-0.0391305619931891	-0.0318706036353831	-0.0118618360891147	-0.0055540843968492	-0.0220224473801193	-0.0100304235554246
0.0526109870841786	0.0535886523866537	-0.0318529024507585	-0.0311356796746766	0.0167939035684053	0.00156474364948197	0.0209334466415282	0.00521540936787836	0.00350371277749095	0.029322302204794	-0.0391580113323642	-0.0318695768521222	-0.0118748014978828	-0.00555712563107915	-0.0220469686407708	-0.0100380916007568
0.0526269839482884	0.0536190884776817	-0.0318616936712496	-0.0310567179464362	0.0168060782842133	0.00159453153992075	0.0209361665694316	0.00523420020004513	0.00345328025707963	0.0293342757549019	-0.039195211620058	-0.0318745906278003	-0.0119208530763809	-0.00557076718011703	-0.0220739541812485	-0.010050816728272
0.0525589592080068	0.0535665087928186	-0.0319029633734183	-0.0310043338393371	0.0167590194802307	0.00155254658192951	0.0209144322919169	0.00520493338464896	0.00348590542208021	0.0293764004112959	-0.0391682637981491	-0.0318395514743986	-0.0118803153938431	-0.00553271054121382	-0.022064753644437	-0.0100258135081307
0.0525345022086206	0.0535741265467258	-0.031941390213089	-0.030856369481995	0.0167434137716489	0.00155748212650205	0.0209086389991509	0.00520736553384251	0.00343033479441223	0.0294247430436007	-0.0392061765476974	-0.0318210260691972	-0.011924151355672	-0.00553213358681006	-0.0220649590010892	-0.0100344007689537
0.0525155870448753	0.053573450406456	-0.0319583831268112	-0.0307688232868997	0.0167430729075459	0.00156483026249174	0.0209047442076795	0.00521348432388715	0.00341407948825711	0.0294418365401729	-0.0392378322057822	-0.0318200928838662	-0.0119238440191858	-0.00552205853799683	-0.0221079693453573	-0.0100320817754664
0.0524902108299984	0.0535567019649389	-0.0319701247775703	-0.0307215339805524	0.0167339687626325	0.00155518967571136	0.0208995739697902	0.00520943167322059	0.00341346900623667	0.0294507479012904	-0.0392332123796001	-0.0318090581070254	-0.0119223981407163	-0.00551252132803456	-0.0221176322838822	-0.0100228127864376
0.0524874392136859	0.0535580207178617	-0.0319699459636147	-0.0306978187796854	0.0167424177220366	0.00156375039383774	0.0209068382867382	0.00521537723724571	0.00341181497714698	0.0294351016801717	-0.0392373474523243	-0.0318182446739965	-0.0119251921087732	-0.00552141732232778	-0.0221240025310519	-0.0100267913969507
0.0525008670241674	0.0535646983015178	-0.0319602732462017	-0.0307026970479127	0.016754124448195	0.00156707521582546	0.0209113030476931	0.00521470109697593	0.00340666848798615	0.0294126102373135	-0.0392314298279798	-0.0318232570526906	-0.0119349207055474	-0.00553174941620224	-0.0221149333107392	-0.0100327872524008
0.0524859444407755	0.0535420196627998	-0.0319390977622983	-0.0307569139980571	0.016756233894078	0.00155204087371122	0.0209126525342646	0.00520158900488484	0.00344778172794363	0.0294016886161791	-0.0392160657976348	-0.0318305800429678	-0.0118924887126671	-0.00551801706320251	-0.0221308393708872	-0.0100159480069218
0.0525120959817882	0.0535479428750805	-0.031915270802709	-0.0308293336500923	0.0167772668856104	0.00155800878948078	0.0209208779762242	0.00521104379278943	0.00346139394031691	0.0293662834529619	-0.0392008442596607	-0.0318448181041858	-0.0118920863812669	-0.005537776005301	-0.0221083982194541	-0.0100263862715824
0.0525439304538286	0.0535622759312124	-0.0318890466185268	-0.0308924046850091	0.016798551334268	0.00157345943283551	0.0209311877183542	0.00522459453786546	0.00346669689168893	0.0293363377033279	-0.0391979329449455	-0.0318628056705362	-0.0118953664997657	-0.00555118146403807	-0.0221113207100416	-0.0100369754105181
0.0525717807274199	0.0535636170358797	-0.0318511157081861	-0.0310076502794207	0.0168156504187763	0.00156892202871108	0.0209391896428692	0.00522095120351925	0.00349707291240369	0.0292999267116102	-0.0391743742062896	-0.031877177842221	-0.0118759204820896	-0.00556115034206514	-0.0220972838145237	-0.0100324380063937
0.0525989115542366	0.0535641269350501	-0.0318244989714919	-0.0311341206405009	0.0168271573762187	0.00156522979992387	0.0209440357804639	0.00521580611134244	0.00353213860850198	0.0292725192819559	-0.0391421024782482	-0.0318863462483998	-0.0118520753617079	-0.00556435083247434	-0.0220780431534997	-0.0100383877613709
0.0526189526871088	0.0535727686782502	-0.0318130856119794	-0.0311957974853572	0.0168264784419809	0.00156358974067447	0.0209447203026379	0.00521532834280471	0.00354120503484667	0.029260597420257	-0.0391292139036016	-0.0318903555925614	-0.0118533130895571	-0.00557028242665916	-0.0220548951281482	-0.0100366974106964
0.0526104240996151	0.053564463608201	-0.0318271350803536	-0.0312169101049793	0.0168016107292903	0.00153865497275054	0.0209248817324497	0.00519334400514889	0.00354973082837234	0.0292860881878243	-0.0391087746302813	-0.0318652448046499	-0.0118486541478222	-0.00555712982203124	-0.0220219165261884	-0.0100234330473462
0.0526226071973273	0.0535809158891041	-0.0318285865467592	-0.0311970827106634	0.0167935207947815	0.00154131622732475	0.0209215527195099	0.00519477591377806	0.00353625412344982	0.029293242143034	-0.0391138917827775	-0.0318626506053091	-0.0118665788498913	-0.00556635969550725	-0.022014136722134	-0.0100348980952678
0.052618420436194	0.053585915694942	-0.0318374671742281	-0.0311717428173712	0.0167919268360051	0.00155219454195434	0.0209239820747354	0.00520288261209519	0.00352907222855952	0.0293117200507784	-0.0391368987127422	-0.0318684690437876	-0.0118623166516205	-0.00555662131984488	-0.0220451008731247	-0.0100374978825447
0.0526074778602991	0.0535917816308775	-0.0318619996107518	-0.031101973244038	0.0167784585129867	0.00155638409705568	0.0209158781703863	0.00520649102184069	0.00350290811469055	0.0293349756439001	-0.0391519316578724	-0.0318567469508048	-0.0118804788409744	-0.0055516494536876	-0.0220547246960967	-0.0100348505978108
0.0526281811636008	0.0536205315621831	-0.0318628657408495	-0.0310499774984989	0.0168014193424784	0.00159116899936426	0.0209294289154624	0.00523843725260344	0.00346339581842969	0.0293434748947292	-0.0391959143030243	-0.0318736616334214	-0.011909865796997	-0.00556577016824724	-0.0220985508790375	-0.0100594319287755
0.0525601382625268	0.053581501225412	-0.0319199562871404	-0.0309580713162507	0.0167471451159889	0.00155743602602911	0.0209074976631996	0.00521085100899351	0.00347412046481615	0.0293888447450214	-0.0391760701449001	-0.0318382606611563	-0.0118969283279095	-0.00553103974831578	-0.022083847622138	-0.0100233604041768
0.0525438270770105	0.05359210154022	-0.0319502149611968	-0.030828336203496	0.016738120599165	0.00156580116639151	0.0209003730446545	0.00521295766090842	0.00341898429918102	0.0294339561532684	-0.0392135037289266	-0.031818809055544	-0.0119400616067721	-0.0055265191079997	-0.0220920674761614	-0.0100366094007026
0.05250187704362	0.0535722573820957	-0.0319759823316017	-0.0307452282266591	0.0167222326998094	0.00155898807528473	0.0208898272122237	0.00520509403781224	0.00341780384767697	0.0294604248096555	-0.039229034000371	-0.031810020629021	-0.0119233606627119	-0.00550206210861351	-0.022125725012359	-0.0100170921368411
0.0524975408051957	0.0535696869314834	-0.0319727413286556	-0.0307046151069838	0.0167281782638345	0.00155601529327217	0.0208877932034782	0.00520580929363481	0.00340937724001732	0.0294548368735417	-0.0392272235090701	-0.0318022869254395	-0.0119348718111064	-0.00551377442270809	-0.0221187289163445	-0.0100349958841498
0.0525355709014023	0.0535980610740854	-0.0319522126483575	-0.0307052982321737	0.0167754172787568	0.00160345547389453	0.020914043930357	0.00524488992183088	0.00338681175700566	0.0294082879687295	-0.0392600037392978	-0.0318410127196923	-0.0119505976603148	-0.0055397150191325	-0.022160136919932	-0.0100575613671614
0.0524806792079722	0.0535441081539223	-0.0319696204663361	-0.0307331890183018	0.016738071704724	0.00154876494616448	0.0208937527373436	0.00520070471399483	0.00343958841661672	0.0294282075639913	-0.0392055506988526	-0.031811392467337	-0.0119071863816305	-0.00550573617660835	-0.0221267168710192	-0.010014485364644
0.0525246450893158	0.0535720925379804	-0.0319240005559028	-0.0307807088270138	0.0167810317575671	0.00157424593484353	0.020919099615556	0.00522285529275003	0.00343455927411428	0.0293817382872687	-0.0392220015827717	-0.0318448306770421	-0.0119169987974464	-0.00553729683977924	-0.022138093908947	-0.0100463366004928
0.0525224546183592	0.0535538311627604	-0.0319164680180214	-0.0308546931011609	0.0167733874609634	0.00155996317013659	0.020914584563176	0.00520899721118774	0.00347278075713285	0.0293618452347034	-0.039185881163732	-0.0318461717817094	-0.0118888803029216	-0.00553349704322184	-0.022111584740023	-0.0100306680276296
0.0525352775347564	0.0535502702504719	-0.0318919104357851	-0.0309306289619957	0.0167839752029151	0.00155459176654717	0.0209236523865047	0.00520425165644308	0.00349036459509904	0.0293491424589327	-0.0391750028491024	-0.0318539348219555	-0.0118736210463787	-0.00553260995836377	-0.0221054673469624	-0.0100283504311264
0.0525835866394444	0.0535651411454548	-0.0318409414735069	-0.0310597256530494	0.0168238129964546	0.00157256955400938	0.020946592261236	0.00522314586542795	0.00351963001351118	0.0292871233529894	-0.0391645128960327	-0.0318866060874291	-0.0118579454885954	-0.00555897803190089	-0.0221077625917211	-0.0100451296062922
0.0525930553971893	0.0535595001239479	-0.0318275164569934	-0.0311457211958732	0.016815243896424	0.00155472448002988	0.0209504954346115	0.00521301214328553	0.00353781595159363	0.0292690324098208	-0.0391246234140841	-0.0318818311960198	-0.0118522988791524	-0.00556200389930652	-0.0220602511649133	-0.0100386336305599
0.0526393905634452	0.0535926477609751	-0.0318123396225082	-0.0311898211876835	0.016840277850214	0.00157810440473013	0.0209605984231053	0.00523493920459618	0.00352413668398698	0.0292482005839885	-0.0391390626410023	-0.0319017913038184	-0.0118739577195296	-0.00558672492867409	-0.0220546185253106	-0.0100599795465147
0.0526177540748124	0.0535716147694427	-0.0318181734278111	-0.0312252487026451	0.0168161379662023	0.00155005296543872	0.0209468521002653	0.00521379445434146	0.00355254575118968	0.0292795153779704	-0.0391189907744814	-0.0318900566379793	-0.0118423076493809	-0.0055608639603393	-0.0220546855805439	-0.0100379407264818
0.0526308200664306	0.0535895087378632	-0.0318257380963252	-0.031196670600375	0.0168069192685985	0.0015541559075303	0.0209412320335188	0.00521235416380813	0.00352544565802165	0.0292893403666425	-0.039123783826683	-0.0318773482742725	-0.0118767838182192	-0.00557041793410992	-0.0220234252689392	-0.0100556083834897
0.0526163207691992	0.0535896721849945	-0.031850765065195	-0.0311651253040284	0.0167900506864549	0.00155241945638292	0.0209357628410474	0.00521182470686134	0.00352265867488488	0.0293127049245185	-0.0391365396878469	-0.0318703228415934	-0.0118683949291283	-0.00555653051588303	-0.0220407185342274	-0.0100430173664412
0.0526247781105075	0.0536125016979875	-0.0318543553141481	-0.0311063094824623	0.0168068228767005	0.00158412261192472	0.0209438849061888	0.00523887869955643	0.00348757481799421	0.0293237997716725	-0.0391787537512188	-0.0318841054860181	-0.0118874525852445	-0.00556126070380339	-0.0220933261587711	-0.0100568000108659
0.0525761141718762	0.0535820991345762	-0.0318913963456626	-0.0310518648239213	0.0167741851388437	0.00155063550777858	0.0209275192382955	0.00520827497044503	0.00349154923755517	0.0293677838138084	-0.0391628882036076	-0.03184718459513	-0.0118818911918272	-0.00553806378401086	-0.0220710680122457	-0.0100338042567735
0.052554849280995	0.053588617462053	-0.0319225407075931	-0.0309213837216954	0.0167670241987138	0.00156611688478194	0.0209343057867057	0.00522033653054673	0.00344732910511841	0.0293929211444165	-0.03920051457143	-0.0318429908490766	-0.0119125885188685	-0.00554062026478294	-0.0220845544960564	-0.0100463072638282
0.0525453358197613	0.0536000699371183	-0.0319552105760825	-0.0308005418092658	0.0167571531095687	0.0015778375807807	0.0209226465580042	0.00522966558988876	0.00339894596027684	0.0294250936865918	-0.0392292058294065	-0.0318310913391222	-0.0119508463234718	-0.00554237767069074	-0.0220937326811233	-0.0100537420128276
0.0525008237176625	0.0535701758758933	-0.0319781532447819	-0.0307404030438248	0.0167352162693699	0.00155744301094925	0.0209083093109202	0.00521266848521453	0.00341384479494033	0.0294526883121059	-0.0392274498204827	-0.0318142255509467	-0.0119304042561834	-0.00551637001903296	-0.0221097463090415	-0.010034417532762
0.0524973508153678	0.0535698545695668	-0.0319715455103273	-0.030711890599804	0.0167484401201832	0.00156896812918402	0.0209179121791318	0.00522090789701437	0.00341314350895804	0.0294332786160146	-0.0392394610891594	-0.0318259462469454	-0.0119243553153402	-0.00552205574402878	-0.0221345651272911	-0.0100400362025245
0.0524834592061888	0.0535529454748864	-0.031969813250132	-0.0307140922466328	0.0167482724820998	0.00156189380206392	0.0209217678550503	0.00521604639259534	0.00342189421691229	0.0294260925301722	-0.0392280728753594	-0.031823275213483	-0.0119146881858633	-0.0055180212541546	-0.0221307765066059	-0.010033632427738
0.0525026593546759	0.0535601874400899	-0.0319457404213536	-0.0307339852991981	0.0167709147992331	0.00157293556382484	0.0209302168144544	0.00522550118049993	0.00342517992334722	0.0293965658757467	-0.0392327890934395	-0.0318415589404474	-0.0119172362847312	-0.00553386864097341	-0.0221358727043417	-0.0100431095673871
0.0525290413980533	0.0535659611750795	-0.0319203865582212	-0.0308139752076835	0.0167935193977975	0.00157799404299188	0.0209366611017777	0.00523058201141143	0.00344539288525496	0.0293703095609319	-0.0392185887507902	-0.0318583381156132	-0.011907752160162	-0.00554541750793666	-0.0221307024664524	-0.010054300806439
0.052540907380391	0.0535613092182647	-0.0319004068926462	-0.0308890575112769	0.0168064135603802	0.00158286392931508	0.020945219025936	0.00523788823788026	0.003469351161343	0.0293329346502345	-0.0392016265707167	-0.0318718190114878	-0.0118880407155205	-0.00555098588627409	-0.0221283583272527	-0.01004659224857
0.0525371997847795	0.0535399884480224	-0.031881941557758	-0.0309835802446103	0.0167950393164205	0.00154911558915562	0.0209406844157796	0.00521439934842579	0.00349821005740285	0.0293373407378603	-0.0391647881018863	-0.0318562817551234	-0.0118681448689872	-0.00553868963285561	-0.0220885917798986	-0.0100299597567272
0.0525800913854052	0.0535566838041465	-0.0318436767682346	-0.0310933063551255	0.0168188648790258	0.00155870309054292	0.0209517694840454	0.00522043292244469	0.00352831646020012	0.0292783977907476	-0.0391458799230611	-0.0318821441204422	-0.0118507789605294	-0.00555990283532773	-0.0220756291650986	-0.0100419416887393
0.0526041153197426	0.0535596300434625	-0.031818758764119	-0.0311889983640907	0.0168292095457565	0.00156100112926973	0.0209567497321069	0.00522112163557072	0.00355137926952592	0.0292576735326855	-0.0391302378928945	-0.0318973251458794	-0.0118349134129183	-0.00556399739551514	-0.0220680337629359	-0.0100386154697675
0.0526036487270771	0.0535545366396948	-0.0318216393451857	-0.0312181198931479	0.0168145942988508	0.00154473185327433	0.0209481471044597	0.00520529939446442	0.00355681353739662	0.0292722720157828	-0.0391113255231172	-0.0318818325930038	-0.0118394033195857	-0.00556050772941205	-0.0220330281371508	-0.0100341870303973
0.0526240754275412	0.0535723481860576	-0.0318127908483494	-0.0312202908063282	0.0168210511590303	0.00155603904200066	0.020949194842481	0.0052174783012245	0.00354272914442171	0.0292707716549363	-0.0391240911631693	-0.0318884962068196	-0.0118533312503494	-0.00557463682587586	-0.0220318909921516	-0.0100481596646499
0.052615623674169	0.0535731724066344	-0.0318254000261903	-0.0311886658818919	0.0168056256613881	0.00155391283230934	0.0209444087751995	0.00521524033281092	0.00352855534446899	0.0292922041839009	-0.0391324311578192	-0.031876049079126	-0.0118639064194449	-0.00556733059940703	-0.0220261270360502	-0.0100488330109516
0.0526270049030489	0.0535951036588971	-0.0318445512802364	-0.0311364256641478	0.0168098096285533	0.00157512882874952	0.0209462905126858	0.0052291473088142	0.00349697652050573	0.0293031830813805	-0.0391551139874892	-0.0318767154405076	-0.0118900761212499	-0.00557564125739232	-0.0220449653656739	-0.0100591553259379
0.0526180348686021	0.0535995223193791	-0.0318577457943852	-0.0310780945960396	0.0168069192685985	0.00158187207065488	0.0209463729347435	0.00523631523386421	0.00347410370100781	0.0293310710735406	-0.0391807807750441	-0.0318729226288703	-0.0119011025161865	-0.00556545584684084	-0.0220791705196107	-0.0100589387934135
0.0525595012378098	0.0535662685115657	-0.0319008343697589	-0.0310104749811262	0.0167605002833009	0.0015461148674625	0.0209238926677576	0.0052060789115523	0.0034862239344387	0.0293718685951076	-0.0391602115822091	-0.0318360143108385	-0.0118872611984326	-0.00553608006669045	-0.0220581542918866	-0.0100314182080529
0.0525628721602705	0.0535955227541057	-0.0319220280144546	-0.0308768157402355	0.0167723201651657	0.00158263342695038	0.020928872915819	0.00523401440116935	0.00342021504211009	0.0293966748405009	-0.0392153575267324	-0.031838052510536	-0.0119406860586329	-0.00555088111247195	-0.0220918425617328	-0.0100574621812954
0.052510908545364	0.0535699341976564	-0.0319632404402781	-0.0307857058388836	0.0167399590301465	0.00155760366411253	0.0209032620076253	0.00521070572265455	0.00342468958195324	0.0294452270204099	-0.0392188178561709	-0.0318120755925269	-0.0119223981407163	-0.0055162540693586	-0.0221096527111116	-0.0100341451208764
0.0525072735929219	0.0535722448092395	-0.0319631202996517	-0.0307323438429646	0.0167477011156322	0.00156990550546712	0.020904767956408	0.00521804547674006	0.00341030344042819	0.0294421285098348	-0.039236646166342	-0.0318158223036912	-0.0119280671019038	-0.00552047016715648	-0.0221356841114979	-0.0100402164134641
0.0525025783296023	0.0535691812232651	-0.0319696037025277	-0.0307040926349572	0.0167479902913261	0.00157412858818514	0.0209019055361337	0.00522052512339057	0.00340779864806516	0.0294301465778228	-0.0392305902405787	-0.0318169636396424	-0.011938730280993	-0.0055258806862987	-0.0221265436449997	-0.0100418494877934
0.0524837763215633	0.0535457747558683	-0.0319698761144133	-0.0307163455818707	0.0167415935014598	0.00155655592609118	0.0209008061097033	0.0052113120137229	0.00342909566957899	0.0294237721397009	-0.0392164457772906	-0.0318127433508925	-0.011915019271078	-0.00551305497593343	-0.022123463295217	-0.0100257380709932
0.0525117732784776	0.0535635346138221	-0.0319367382562743	-0.0307520510966541	0.0167772124032333	0.0015778920631578	0.020916599014145	0.00523048003157735	0.00342673895752298	0.0293840209591712	-0.0392249715708162	-0.0318390611330046	-0.0119205946343356	-0.00553776343244475	-0.0221343360219104	-0.0100427351756674
0.052504186258219	0.053540211965467	-0.0319265332879464	-0.0308323036381368	0.0167669878771291	0.00155300479269085	0.0209119400724101	0.00520641977565524	0.00347326551059073	0.0293728576597998	-0.039187944509142	-0.0318327900717008	-0.0118851768982621	-0.00552784903679479	-0.022110161213298	-0.0100261152566809
0.0525358349313837	0.053555186237268	-0.031903735905586	-0.0308780590560209	0.0167842420268645	0.00155921718066539	0.0209185324400404	0.00521088872756227	0.00347554399154115	0.0293417649862784	-0.0391784911182214	-0.0318471859921141	-0.0118927108331276	-0.00554501657352049	-0.0220960363077863	-0.0100399747352272
0.0525539663870891	0.0535482390356945	-0.031866672522327	-0.0310044092764746	0.0168035357732815	0.00155504159540434	0.0209329088026773	0.00520982003478051	0.00350967929627648	0.0293146118077173	-0.0391593314822711	-0.0318603246269017	-0.0118603636679487	-0.00554499003082395	-0.022097395573246	-0.0100343155529279
0.0525984351826829	0.0535656845722419	-0.0318248635843234	-0.0311144133868114	0.0168324701064789	0.00156768150689381	0.0209493261589797	0.00522038123403564	0.00352587313513436	0.0292624987155198	-0.039144791672503	-0.0318872696548426	-0.0118613583205769	-0.00556717413719584	-0.0220804417750766	-0.0100420380806372
0.0526100497078955	0.0535642233269481	-0.0318159759719343	-0.0311876684352956	0.0168308747507184	0.00155958179349682	0.0209547045474892	0.00521818238117485	0.00354953525060836	0.0292514932753436	-0.0391210177983067	-0.0318867415948798	-0.0118532530192438	-0.00557393274592552	-0.0220516164066334	-0.0100484390614556
0.0526090382914589	0.0535624966546889	-0.0318177920511713	-0.0312148760962339	0.0168164746393531	0.00154681335947673	0.0209473675873718	0.00520673270007762	0.00355035667721709	0.0292715372021839	-0.0391124850198609	-0.0318751466274436	-0.0118504869908675	-0.00556271775814507	-0.0220359757734508	-0.0100413367946549
0.0526434879176006	0.0535952475482521	-0.0318074823090413	-0.0312184020839217	0.016833109925164	0.00157592091869365	0.0209563809283234	0.0052274583551238	0.0035274070235976	0.0292617527260486	-0.0391350993973135	-0.0318913013507487	-0.0118717826153973	-0.00558653912979831	-0.0220480848310095	-0.0100620736255734
0.0526093763615938	0.0535718648295837	-0.0318427338040154	-0.0311853019443514	0.0167946621307328	0.00154487155167717	0.0209326629334882	0.00520425445041113	0.00353100286048685	0.0293064534209911	-0.0391163267259391	-0.0318591846879345	-0.0118679632610635	-0.0055614185629986	-0.0220239030374769	-0.0100383165151854
0.0526209070677646	0.0535934314690151	-0.0318528619382217	-0.0311188753537983	0.0168004037350897	0.00157059561557717	0.0209354317558326	0.00522436822645285	0.00349872414752533	0.0293092669468244	-0.0391540369128033	-0.0318674352756066	-0.0118883955494637	-0.00556799276983652	-0.0220530748579591	-0.0100504563063927
0.0525552991098522	0.0535527457061703	-0.0318922289481436	-0.0310570783683155	0.0167545994227647	0.0015240089921962	0.02091045926934	0.00518754931539885	0.00351259899289596	0.0293771212550546	-0.0391375022098425	-0.0318271406682897	-0.0118724419918587	-0.00553158736605494	-0.0220380600736213	-0.0100183424375465
0.0525832304085172	0.0535959655980427	-0.0318948077806601	-0.0309470938157551	0.0167774568754383	0.00157520845683914	0.0209242866172536	0.00522455542231267	0.00345756061614282	0.0293558563641735	-0.0391891878249273	-0.0318511995272278	-0.0119159692202174	-0.00556570450999791	-0.0220712160925527	-0.0100589415873816
0.052530839316498	0.0535720059249706	-0.0319432649656552	-0.0308465319204667	0.0167433271586391	0.0015591389495598	0.0209000363715036	0.00520944704004491	0.0034430333792309	0.0294274727503923	-0.0392027092333387	-0.0318208444612735	-0.0119163701546335	-0.00552667696719491	-0.0220956451522583	-0.0100332580360184
0.0525215437847726	0.0535789154079754	-0.0319624176166853	-0.0307465721252945	0.0167444922433188	0.00156911062155492	0.0208930430694572	0.00521774233120588	0.00340834626580432	0.0294407301288223	-0.0392232476925251	-0.0318104704578782	-0.0119506772884044	-0.00553232916457405	-0.0221066170648178	-0.0100415924427321
0.0525124508157314	0.0535744268982919	-0.0319619663908442	-0.0307104698670471	0.0167495255767734	0.00157050062066324	0.0208960423941663	0.00521890881286964	0.00341121148004668	0.0294342076103935	-0.0392350899261343	-0.0318180882117853	-0.0119386925624243	-0.00553082740674346	-0.0221341949265236	-0.0100379449174339
0.0524767285371397	0.0535400010208787	-0.0319727664743682	-0.0307153914417793	0.0167366020775261	0.00154982106608999	0.0208937583252797	0.00520162672345361	0.00343702355394048	0.0294403054456777	-0.0392157151546437	-0.0318068941787653	-0.0119092595059287	-0.00550783165265104	-0.0221277618150725	-0.0100202465267773
0.0524907179352007	0.0535448932589463	-0.0319526974018153	-0.0307250054858631	0.0167586828070799	0.00156112825481632	0.0209090664762636	0.00521438677556953	0.00343234924538126	0.0294090549129611	-0.0392201882975028	-0.0318225655455966	-0.0119134867795988	-0.00552853216198471	-0.0221290386584745	-0.0100287653353829
0.052492990828215	0.0535368396460223	-0.0319368346481722	-0.0307639939131133	0.0167582511390151	0.00154460333074371	0.0209070701860869	0.00519779479626355	0.00345026835951428	0.0293972909104575	-0.0391957648257333	-0.0318208514461936	-0.0119045083632479	-0.00553350123417392	-0.0221031623233154	-0.0100264924423686
0.0525381525278869	0.0535550227901367	-0.0319008148119825	-0.0308449631074027	0.0167945391961383	0.00157315768428537	0.0209235545976227	0.00522167763521405	0.00346138835238079	0.029342383850203	-0.0392001569435187	-0.0318541667213043	-0.0118959811727382	-0.00555302548295563	-0.022118260926695	-0.0100425074672708
0.0525369203879738	0.0535389714436497	-0.0318826009342195	-0.0309320482977686	0.0167975762394161	0.00156112965180035	0.0209238200245881	0.00521369526847544	0.00349435438148431	0.0293358319951096	-0.039178322083154	-0.0318580587188075	-0.0118674407890368	-0.0055397736924617	-0.0221175037613516	-0.0100265511156978
0.0525721313704111	0.0535444322542169	-0.0318465852889818	-0.0310437329798917	0.0168111954367096	0.00155581692154013	0.0209277609165324	0.00520865075914869	0.00351944002368331	0.0292902414213409	-0.0391432675629279	-0.0318654054578132	-0.0118624270133587	-0.00556079969907399	-0.0220757884212778	-0.0100316626802579
0.0526091696079576	0.0535575317734518	-0.0318160067055829	-0.0311428392178225	0.0168286982496021	0.00156091451625997	0.0209397875520334	0.00521665408064772	0.00353835099647653	0.0292537424196294	-0.0391309280030046	-0.0318837324912825	-0.0118566365145608	-0.00557610924704185	-0.0220590679194412	-0.0100395290973221
0.052605263640614	0.0535456015298488	-0.0318182139403479	-0.031196522520068	0.0168129458576972	0.00154489390342163	0.0209362392126011	0.00521066940106981	0.00355677442184382	0.0292609229175357	-0.0391081906909574	-0.0318784965951439	-0.0118476678770981	-0.00556463721420017	-0.0220326872730478	-0.0100268947737688
0.0526619295037603	0.0535926784946237	-0.0317942486793397	-0.031216701954359	0.0168482434531442	0.00158678526348296	0.0209506826304713	0.00523944028713587	0.0035203229175893	0.0292449456112022	-0.0391384507619978	-0.0319005535759692	-0.0118855051895088	-0.00559646190735244	-0.0220530455212945	-0.0100600605715883
0.0526443330929378	0.0535824134559826	-0.0318099004883946	-0.0312255141296106	0.016825304975397	0.00157549204459692	0.0209434127255872	0.00522649303916014	0.00353542710890497	0.0292678505613328	-0.0391307897015857	-0.0318892268294664	-0.0118680317132809	-0.00557346755024404	-0.0220645175541362	-0.010039279037181
0.0526104324815193	0.0535599345859807	-0.0318478467655595	-0.0311857880947933	0.0167882080645213	0.00154306664831241	0.0209315062307127	0.0052053329220811	0.00353297540193503	0.0293143938782089	-0.0391142200740242	-0.0318534794051623	-0.0118714668970069	-0.00555423806509233	-0.022028814833321	-0.0100299960783119
0.0526118294655477	0.0535821410440971	-0.0318598608282043	-0.0311039248307258	0.016794768301519	0.00156435668490609	0.0209455095986139	0.00522282316211738	0.00349306636221008	0.029321177632651	-0.0391560513637723	-0.0318577150607365	-0.0118966014336469	-0.00556323464223559	-0.0220582856083853	-0.0100399984839557
0.0525814827814976	0.0535699439765446	-0.0318837702098513	-0.031042718769487	0.0167714177134833	0.00154511881785021	0.0209258470484134	0.00520438995786189	0.00348592078890452	0.0293622894756245	-0.0391588159951646	-0.0318374797470844	-0.0118958121376708	-0.0055467991251408	-0.0220548588065635	-0.0100261557692177
0.052554453934515	0.0535718606386317	-0.0319231148680287	-0.0309193427280298	0.0167505132444815	0.00155626675039729	0.0209128327452043	0.00520679835832695	0.00345967425297788	0.0293924363909586	-0.0391763453507537	-0.0318288799134052	-0.0119127379961596	-0.0055404121141627	-0.0220745339296203	-0.0100294694153332
0.052523773371282	0.0535663257879109	-0.0319576622830525	-0.0308022335569243	0.0167379599460018	0.00155225181829951	0.0209011958682473	0.00520173289423977	0.00342566327982107	0.0294392493257522	-0.0392049248500079	-0.0318064974353012	-0.0119345672685882	-0.00553052426120928	-0.0220859025856438	-0.0100258400508273
0.0525276905144978	0.0535813964516099	-0.0319622388027297	-0.0307220075581381	0.0167534776445899	0.00157279865939005	0.0209020731742171	0.00521700472363886	0.00339080014640691	0.0294382490851878	-0.0392339318263747	-0.0318096881468222	-0.0119620096228432	-0.00554144867631181	-0.0221118250212759	-0.0100403407450427
0.0525045215343859	0.0535624966546889	-0.0319662970413324	-0.0307073573866317	0.0167468266036304	0.00156612526668611	0.0208993113367929	0.00521426523795905	0.00341126177147171	0.0294322909483064	-0.0392280882421837	-0.0318157580424259	-0.0119338813494302	-0.0055242951094264	-0.0221372291758334	-0.0100241930066577
0.0524917670702061	0.0535524020480993	-0.0319612595169258	-0.0307100535658066	0.0167557309798278	0.00156763121546879	0.0209084392304348	0.00521796165769835	0.00341370649352151	0.0294215034376387	-0.0392249729678003	-0.0318168672477445	-0.0119283520866456	-0.00552337030599956	-0.0221419370120093	-0.0100223294299638
0.0525183516762676	0.053566380270288	-0.0319387652800995	-0.0307324416318466	0.0167820697167003	0.00158409048129207	0.020921411624123	0.00523167165895362	0.00340392481135425	0.0293886100517047	-0.0392283396993088	-0.0318326168456813	-0.0119432746700376	-0.00554812765695187	-0.0221343960922237	-0.0100385484145341
0.0525177258274228	0.0535500187933467	-0.0319271647247272	-0.0308026708129252	0.0167787840102653	0.00156904775727364	0.0209212551619119	0.0052197805309034	0.00344489555894083	0.0293781270835551	-0.039203752780408	-0.0318377130434171	-0.0119145973819014	-0.0055379576132247	-0.0221294787084435	-0.0100262996585726
0.0525314651653427	0.0535500341601711	-0.031908843279194	-0.0308736222347465	0.0167864436736934	0.00156792318513074	0.0209230586682926	0.00521695722618189	0.00346701680103144	0.0293454418482413	-0.0391824138493733	-0.0318441349789959	-0.0118981758346469	-0.00554250200226927	-0.0221139959344561	-0.0100246526144031
0.0525503202587748	0.0535477445033484	-0.0318831038484697	-0.0309608485204993	0.0167987720577445	0.00156009029568318	0.0209241217731383	0.00520849848788959	0.00348339085082898	0.0293341444384032	-0.0391658609856201	-0.0318453294003403	-0.0118906754273981	-0.00554492576955865	-0.0220942691229903	-0.0100220695909345
0.0525577983142791	0.0535319990963637	-0.031858325542757	-0.0310681913762619	0.0167946495578765	0.00153383956880445	0.0209274424041739	0.00519109905181516	0.00353597472664412	0.0292972989846526	-0.0391256823279777	-0.0318524246822208	-0.0118561294093584	-0.00554596372869178	-0.0220532187473141	-0.010010165890028
0.0526206053192145	0.0535709791417097	-0.0318191219799664	-0.0311512295038974	0.0168351271701011	0.00156703051233655	0.0209447412573983	0.00521595279466543	0.00353005011737944	0.0292500459998901	-0.0391341326843658	-0.0318861995650768	-0.011868625431493	-0.00557618468417939	-0.0220603727025238	-0.0100386657611925
0.0526240097692919	0.0535707179056964	-0.0318204337479691	-0.0312032573800692	0.0168239135793046	0.00155876735180823	0.0209387132713155	0.00520979069811591	0.00354163530592743	0.0292617652989048	-0.0391200441004388	-0.0318845385510669	-0.0118600130249575	-0.00556551591715406	-0.0220457700284743	-0.0100297404302347
0.0526370673790058	0.0535780087653409	-0.0318124946877354	-0.0312236156283159	0.0168261082412134	0.00156391244398504	0.0209400585669349	0.00521596397053766	0.00353790675555548	0.0292653904724587	-0.0391244879066334	-0.0318833720694032	-0.0118644121276632	-0.00557094320010462	-0.0220491633026795	-0.0100359276724968
0.0526436681285403	0.0535892363259776	-0.0318212495866417	-0.0312057719513204	0.016823634182499	0.00157393301042116	0.0209388809093989	0.00522589512999596	0.00351900416466643	0.0292795684633635	-0.0391372214160527	-0.0318843262094946	-0.0118791125905946	-0.00557516069488653	-0.022051793823605	-0.0100391840422671
0.0525758613177671	0.0535453905852605	-0.0318735219350185	-0.0311497053943223	0.0167619070462176	0.00152282295275604	0.0209132965439017	0.00518622916549196	0.00353568694793426	0.029338160767485	-0.0391089604291571	-0.031832305318243	-0.0118603510950924	-0.00553440508284033	-0.0220159332435946	-0.0100041728285459
0.0526297695344412	0.053608597127628	-0.0318541695152723	-0.0310575309911407	0.0168095120709553	0.00158991869865879	0.0209362028910164	0.00523452709430779	0.00345939625315621	0.0293269360008163	-0.0391854969931241	-0.0318643395589995	-0.0119245494961202	-0.00558005153597016	-0.0220689334206502	-0.0100597881597028
0.0525806278272722	0.0535786555689461	-0.0318926717920806	-0.0310002336912136	0.0167756589569937	0.00156462630282358	0.0209260426261774	0.00521933768696638	0.00347000075891623	0.0293553995503961	-0.0391710479873178	-0.0318429391606676	-0.0119085582199464	-0.00555216913174619	-0.0220701082842181	-0.0100326210113014
0.0525584032083634	0.0535877680957637	-0.0319276369053289	-0.030879049517697	0.0167608104137552	0.0015808913878669	0.0209174525713864	0.00523084185044072	0.00342441856705172	0.0293992466880973	-0.0392057448796326	-0.0318324631774382	-0.0119418916558494	-0.00554542588984083	-0.0220873037606244	-0.0100403169963142
0.0525053206092501	0.0535600547266072	-0.0319695212804701	-0.030769523175898	0.01672442456775	0.00155311096347701	0.0208923990598201	0.00520847054820902	0.00341384898589241	0.0294490938722007	-0.0392089160333772	-0.0317960940952413	-0.0119436322979489	-0.00551817631938175	-0.0220799472427305	-0.0100209128881589
0.0525099166867038	0.0535734573913762	-0.03196087953727	-0.0307288737346379	0.0167524899768817	0.00158376917496552	0.020906338166456	0.0052318420910051	0.00340219534512702	0.0294317852400881	-0.0392492916657676	-0.0318187224425343	-0.0119373151361722	-0.00552560548044509	-0.0221403723898974	-0.010030733685879
0.052487053646094	0.0535548635339574	-0.0319762100399983	-0.0307069662311037	0.0167430156312007	0.00156877394840407	0.0209012000591993	0.00521669040223246	0.00341399986016748	0.0294336879323349	-0.0392286582116673	-0.0318098683577619	-0.0119296680456004	-0.00551856188697361	-0.022130043089991	-0.0100193091504942
0.0524733645995992	0.0535384252228946	-0.031967703804249	-0.0307220187340103	0.0167470962215479	0.00156456204155827	0.0209029113646342	0.00521332786167596	0.00343216204952145	0.0294240445515865	-0.0392209566387184	-0.0318172095088314	-0.0119099412341346	-0.00551036857564671	-0.0221360878398821	-0.0100116075775454
0.0525143004225851	0.053565838240485	-0.031937116838946	-0.0307514462025697	0.0167842769514652	0.00158877875969157	0.0209199978762863	0.00523361067278512	0.00341634679333529	0.0293823012718321	-0.0392291499500453	-0.0318389479772983	-0.0119350101125252	-0.00554089127968446	-0.022136770965072	-0.0100361176623246
0.0525040074442634	0.0535381556049771	-0.0319285896484363	-0.0308448653185207	0.0167778061214454	0.00156520884516344	0.020912521217766	0.00521296883678065	0.00346899632739977	0.0293727906045664	-0.0391946053289897	-0.0318371933653585	-0.0118864732994405	-0.00552136703090275	-0.0221272379460618	-0.0100121230646519
0.0525104014401616	0.0535346924815705	-0.0319086281436537	-0.0308922496197819	0.0167816073149869	0.00156246097757947	0.0209241231701223	0.00521216557096428	0.00347668672447642	0.0293504179053507	-0.0391758955218965	-0.0318404776748094	-0.0118849296320891	-0.00553316735499113	-0.0221005485661982	-0.0100166590717923
0.052560491699486	0.0535548090515803	-0.0318653551663882	-0.0309883174174508	0.0168173924578598	0.00157251926258436	0.0209396799842632	0.00522682831532697	0.00347539032329801	0.02930797194263	-0.0391705534549717	-0.0318598789889966	-0.0118973348502618	-0.00556115173904917	-0.0220775933246426	-0.0100348980952678
0.0525723660637279	0.0535458292382454	-0.031842617854341	-0.0311081171797952	0.0168158557754285	0.00155786210615779	0.020937808025665	0.00521655210081364	0.00353031414736082	0.0292755004458726	-0.0391368637881415	-0.0318745361454232	-0.0118546150786716	-0.00555332304055369	-0.0220636849516553	-0.0100183298646903
0.0525997734933822	0.0535569422461918	-0.031819300793922	-0.0311882886962043	0.0168261641205745	0.0015708079571495	0.0209452329957763	0.00522831330934921	0.00354363997800827	0.0292531528923694	-0.0391342667948326	-0.0318922121843353	-0.0118443961405034	-0.00556004672468266	-0.0220657594729375	-0.0100197561853833
0.0525963676463208	0.0535495354368729	-0.0318321390771436	-0.0312113417266419	0.016804541601782	0.00154945365929051	0.0209325958782549	0.00521261400283742	0.00354620204671646	0.0292801454177672	-0.0391090847607356	-0.0318680359787388	-0.0118526746678561	-0.00555428835651736	-0.022024841810744	-0.0100190493114649
0.0526488229996053	0.0535971851650995	-0.031806438761972	-0.031217827923486	0.0168409260508032	0.00159755042240625	0.0209504060276337	0.00524814908556927	0.00351322903269279	0.0292539002788246	-0.0391491209260071	-0.0319000255160064	-0.0118808644085663	-0.00558580850715143	-0.0220571666241785	-0.0100529163952668
0.052603792616432	0.053565543476855	-0.0318497927643112	-0.0311891646051901	0.0167861726587919	0.00155412936483375	0.0209237487784027	0.00521147825482228	0.00352975535374943	0.0293072622747436	-0.0391199658693333	-0.031856900619048	-0.0118715129974798	-0.00554815978758452	-0.0220241894192027	-0.0100221967164811
0.052603641742157	0.0535807706027652	-0.0318641369963154	-0.0311237578129778	0.016791676775864	0.00157536911000241	0.0209355784391556	0.00523479671222528	0.00349600980755804	0.0293182202174628	-0.0391569300667262	-0.0318634217404928	-0.0118907969650086	-0.00555226692062818	-0.0220527270089361	-0.0100320258961053
0.0525970200378621	0.0535880740352659	-0.0318753855117125	-0.031066431176386	0.016792609961195	0.00158307487390338	0.0209410490286111	0.00524100490924774	0.00346598582681844	0.029344835557173	-0.0391827966229971	-0.0318585322963932	-0.0119110979369101	-0.00555305481962023	-0.0220696305156804	-0.010036725350377
0.052576104392988	0.0535885043063467	-0.0319088181334815	-0.0309795667094966	0.0167758740925341	0.00158567326419631	0.0209318456978316	0.00524031759310574	0.00345202157446999	0.0293605320697167	-0.0391881778054747	-0.0318501001007974	-0.0119239893055247	-0.00554679074323663	-0.0220764422098031	-0.0100369879833744
0.0525186450429136	0.0535620468258318	-0.0319581638003187	-0.0308631965429421	0.0167342621292784	0.00156180858603818	0.0209078469092067	0.00522018565627166	0.00343361072195896	0.0294314164363046	-0.0391987208439375	-0.0318135927171818	-0.0119236917479267	-0.00550994808345414	-0.0220872981726883	-0.0100152103993547
0.05250904496867	0.0535676012343289	-0.0319686132408516	-0.0307759241567164	0.0167416717325654	0.00157974586096356	0.0209099367973133	0.00523260205031658	0.00340684450797373	0.0294431399262714	-0.0392329748923153	-0.0318146991285323	-0.0119389691652619	-0.00551398257332833	-0.0221196299710429	-0.0100257939503543
0.0524794973594841	0.0535482236688702	-0.0319861356115205	-0.0307196857706828	0.0167264515915753	0.00156036829550484	0.0209045737756281	0.00521771718549337	0.00340675649797994	0.0294539372158274	-0.0392232281347487	-0.0317970398534286	-0.011942164067735	-0.00550401229831723	-0.0221102184896432	-0.0100150413642873
0.052502417676439	0.0535668971543786	-0.031976000492394	-0.0307045215090539	0.0167533058155544	0.00158686489157258	0.0209127642929869	0.00523507191807889	0.00339373520985069	0.0294208440611773	-0.0392455253968269	-0.0318226898771751	-0.0119468928586713	-0.00552078867951497	-0.0221315546267098	-0.0100239275796923
0.0524934127173916	0.0535512313754834	-0.0319665876140103	-0.0307329724857774	0.0167524592432331	0.00157352369410082	0.0209112024648431	0.00522492702006424	0.00342018011750938	0.0294121296748077	-0.0392229920444479	-0.0318221506413401	-0.0119255441487484	-0.00551741077213416	-0.0221316188879751	-0.010019789713
0.0525068796434259	0.0535509072751888	-0.0319393520133915	-0.0307827162930627	0.016770664739092	0.00157516654731828	0.0209174050739294	0.00522504995465874	0.00343885500000178	0.0293855199230337	-0.0392150683510385	-0.0318339188347958	-0.0119119878157363	-0.00552812843360048	-0.0221329488167702	-0.0100263275982532
0.0525072386683212	0.0535353295062875	-0.03193083460177	-0.0308530558358796	0.0167681403889525	0.00155639247895985	0.0209155512761237	0.0052138307759262	0.0034731216212358	0.0293616943604284	-0.0391822545931941	-0.0318320845947665	-0.0118869971684512	-0.00552868583022784	-0.022098771602514	-0.0100186148494321
0.0525443984434782	0.0535533114847018	-0.0318976087336372	-0.0309267607132209	0.0168000922076514	0.00157862128882066	0.0209323933155707	0.00523250565841861	0.00347425038433079	0.0293298766521962	-0.039190401804048	-0.0318601472099301	-0.0118846167076667	-0.00554192923881761	-0.022112663211693	-0.0100313218161549
0.0525746920421352	0.0535494292660867	-0.0318520712452616	-0.0310698272445592	0.0168240602626276	0.00157831534931843	0.0209409610186173	0.00523376434102825	0.0035141328813592	0.0292884211511518	-0.0391626339525144	-0.0318790721525636	-0.0118541666467985	-0.00555025945457929	-0.0221050789854025	-0.0100306666306456
0.0525985916448941	0.0535521617668464	-0.0318351900902617	-0.0311509808407403	0.0168243564232417	0.00156240649520236	0.0209409889582978	0.00521626851305586	0.00352877886191354	0.0292679301894224	-0.0391232669425925	-0.0318733445180469	-0.0118632805706001	-0.00556686121277347	-0.0220485681874833	-0.0100299904903758
0.0526053223139432	0.0535499070346245	-0.0318213292147314	-0.0312042646055537	0.016821967580553	0.00155653078037867	0.0209437186650894	0.00521484079537878	0.00354950172299167	0.0292594840239863	-0.0391149492996871	-0.0318829529741946	-0.0118468268927129	-0.00556218690421425	-0.0220398705649222	-0.0100288924609294
0.0526400541308587	0.0535791850258929	-0.0318107372818276	-0.0312143033327822	0.0168396450164491	0.00157096721332874	0.0209496614351465	0.00522563389398263	0.00352053106820954	0.0292586765672179	-0.0391294360240622	-0.0318846321489969	-0.0118819889807092	-0.00558096516352477	-0.0220290774663183	-0.0100532139528649
0.052643113525881	0.0535822444209152	-0.0318178702822769	-0.0312243867634996	0.0168323108502997	0.00157083030889395	0.0209466635074214	0.00522860388202713	0.00352730085281144	0.0292711683984004	-0.0391324116000428	-0.0318867136551993	-0.0118718217309501	-0.00557388245450049	-0.0220460228825835	-0.0100491263775976
0.0526380885743306	0.0535857801874912	-0.0318378932543568	-0.0311904749762088	0.0168216532591466	0.00158109395055103	0.0209428455500717	0.00523540300329363	0.00351132354647797	0.0292946866245194	-0.0391441644266742	-0.0318802498100996	-0.0118807582377801	-0.00556893852802379	-0.022059742662727	-0.010048652800012
0.0526045413998713	0.0535727072109529	-0.0318668583212028	-0.0311328046815461	0.0167954821603575	0.00156661281411204	0.020935941655003	0.00522367113142265	0.0035027432705752	0.0293311227619496	-0.0391497942723089	-0.0318570459053869	-0.0118805319263675	-0.00554848388787912	-0.0220618632844822	-0.0100354401250708
0.0525705667482992	0.0535580221148458	-0.0318979048942512	-0.0310533442300074	0.0167651061396427	0.00153970131378785	0.0209164285820935	0.00520185582883427	0.00348783465702351	0.0293750662915488	-0.0391470003042519	-0.0318245688206934	-0.0118962452027196	-0.00553768799530721	-0.022033677734724	-0.0100241524941209
0.0525680186494313	0.0535810444116347	-0.0319229164962967	-0.0309292920482805	0.0167655531745318	0.00156864682285748	0.0209188425704947	0.00522208415756633	0.00345039548506087	0.0293795142886954	-0.0391862946710044	-0.0318330177800975	-0.0119235813861884	-0.00554716513495626	-0.0220688593804967	-0.0100429726629523
0.0525218329604665	0.0535612337811272	-0.0319602285427128	-0.0308297220116522	0.0167463013376357	0.00156032498899996	0.0209096043151145	0.00521651158827681	0.00343563634880022	0.0294300445979887	-0.0392076028683904	-0.0318138693200194	-0.0119210179204962	-0.00551929949454063	-0.0221021704646552	-0.0100275792959427
0.0525141774879906	0.0535681739977806	-0.0319748130559698	-0.030740706189359	0.0167500899583208	0.00157039444987708	0.0209093472700533	0.0052224459764297	0.00340160581786702	0.0294403375763103	-0.0392292505328954	-0.0318070855655772	-0.0119491028874043	-0.00553055359787388	-0.022107657817919	-0.0100374028876308
0.0524823248551577	0.0535432280539844	-0.0319815199762905	-0.0307202110366775	0.016737973915842	0.00155474683177434	0.0209030203293884	0.00521144752117366	0.00342438084848295	0.0294447171212396	-0.0392219876129314	-0.0318030636485593	-0.0119225504119754	-0.00551258419231584	-0.0221187903836418	-0.0100211322146514
0.0525001056678719	0.0535558456137294	-0.0319694835619013	-0.0307121979362903	0.0167640695774936	0.00157791441490226	0.0209172025112453	0.00523077060425527	0.00340561655901271	0.0294198061020441	-0.0392359686290882	-0.0318201962606843	-0.0119379172362885	-0.00552987326665202	-0.0221306032805864	-0.0100350908790637
0.0525094263453098	0.0535579690294527	-0.0319524962361152	-0.0307487877419636	0.0167842532027368	0.00158571517371716	0.0209234833514373	0.00523774434852533	0.00342110631792024	0.0293932522296312	-0.039232325294742	-0.0318343896184134	-0.0119250649832267	-0.00553400833937626	-0.0221470988679944	-0.0100387789168988
0.0524916762662442	0.0535302053688711	-0.0319384397828209	-0.0308162257489533	0.0167718675423405	0.00155395055087811	0.0209199042783563	0.0052151215891685	0.00346178369886084	0.0293896731565503	-0.0391969899807262	-0.0318260328599552	-0.0118946023495021	-0.00552176237738281	-0.0221226041500395	-0.0100175252018899
0.0525371690511309	0.0535580626273826	-0.0319085932190529	-0.0308716957937712	0.0168054691991769	0.00158504881233559	0.0209375914931406	0.00523674271097692	0.00345707446570092	0.0293354771611663	-0.0391985923214069	-0.0318585029597286	-0.0119005409286071	-0.00555280196551108	-0.0221215466331299	-0.0100403616998031
0.0525466587636362	0.0535444406361211	-0.0318887770006093	-0.0309751047425097	0.0168085886645125	0.00156322373085901	0.0209357265194626	0.00522070673131427	0.00348730659706075	0.029335757954956	-0.0391709976958928	-0.0318493708751346	-0.011882468146231	-0.00554136765123817	-0.0220973047692841	-0.010037018717023
0.0525841105084551	0.0535568807788945	-0.0318480395493555	-0.0310819558598943	0.0168335457841809	0.00156755019039514	0.0209518099965823	0.0052250331908504	0.00351161551613993	0.0292750408381272	-0.0391461970384356	-0.0318736322967568	-0.0118744983523486	-0.00557005471826252	-0.0220695313298144	-0.0100416776587579
0.0526208665552278	0.0535693181276999	-0.031812669310739	-0.031192006070704	0.0168569354877693	0.00158474846076947	0.020964806138999	0.00523818579547832	0.00353715098719608	0.0292421264974328	-0.0391439967885908	-0.0319027021374049	-0.0118535673406502	-0.00557782334644477	-0.0220824185074769	-0.0100489545485621
0.0525971178267441	0.0535475363527282	-0.0318348534171109	-0.0312190405056227	0.0168088010060848	0.00153951970586415	0.0209407444860929	0.00520107072381028	0.00355891041042333	0.0292750170893988	-0.0391009808563865	-0.0318647376994476	-0.0118485046705311	-0.00555914846395236	-0.022016983775584	-0.0100244682125113
0.0526287888516532	0.0535735076828012	-0.0318212426017216	-0.0312330787981246	0.0168260998593092	0.00155972428586772	0.020946152211267	0.00521602264386685	0.00354216755684227	0.0292679748929113	-0.0391226857972367	-0.0318764067070373	-0.0118603077885875	-0.00557477373031065	-0.022030731495408	-0.0100412110660924
0.0526142588207732	0.053568343032848	-0.031837806641347	-0.0312200938315801	0.0168072559417493	0.00155420200800323	0.0209372101165009	0.00521342844452601	0.00354017685460173	0.0292947732375292	-0.0391199826331416	-0.0318667297986722	-0.0118574258105368	-0.00555941947885388	-0.0220349350203496	-0.0100332552420503
0.0526094210650827	0.053578503297687	-0.0318604140338795	-0.0311608491359173	0.016793298674321	0.0015607636419849	0.0209329535061662	0.0052161232267169	0.00350963459278757	0.0293176739967077	-0.039133649327892	-0.0318522332954089	-0.0118833636129932	-0.00556146326648751	-0.0220304520986023	-0.0100359472302732
0.0525876434810631	0.0535767305249549	-0.0318872207604016	-0.0310775288175081	0.0167762373083815	0.00155224064242728	0.0209178590937387	0.00521090828533867	0.00348774525004569	0.0293552402942169	-0.0391508448042983	-0.0318356105824543	-0.0118972510312201	-0.00554586873377785	-0.02203917626386	-0.0100311038866465
0.0525997064381488	0.0535961025024775	-0.0318897981959341	-0.0310242268919023	0.016797419777205	0.00158719178583524	0.0209272398414898	0.00523906449843222	0.00346125144794601	0.0293471643295484	-0.0391877098158252	-0.0318514649541932	-0.0119147370803043	-0.00555973380026028	-0.0220768459381874	-0.0100506239444761
0.0525489428325227	0.0535774360018892	-0.0319386619032814	-0.030906637158291	0.0167625929653755	0.00157532021556142	0.0209142953874821	0.00523128329739371	0.00344160147060173	0.0294042478909192	-0.0391977261913092	-0.0318288924862614	-0.0119210877696976	-0.00553367446019345	-0.0220935231335191	-0.0100355169591924
0.0525213076944718	0.0535711691315376	-0.0319736731170026	-0.0307977254894645	0.0167479441908531	0.00156815927543155	0.0209029770228835	0.00522691632532076	0.00340822193422579	0.0294387058989651	-0.0392157053757555	-0.0318012294085299	-0.0119434478960571	-0.00552635146991628	-0.022095386710213	-0.0100318820067503
0.0525222366888507	0.0535801894574093	-0.0319757392563807	-0.0307353739013224	0.0167602278714154	0.0015862767612966	0.0209067893922972	0.00523924470937189	0.00339008489058433	0.0294381820299544	-0.0392424701927567	-0.0318100457747335	-0.0119554605617178	-0.00553704538265412	-0.0221252584196935	-0.0100418383119212
0.0524824603626085	0.0535456210876252	-0.0319895205038214	-0.0307200308257378	0.0167403893012272	0.00156465005155206	0.0209027982089279	0.00522273654910762	0.00341917428900889	0.0294421033641223	-0.0392225673613033	-0.0318016317399301	-0.0119259017766597	-0.00551472856279953	-0.0221261203588391	-0.0100194320850887
0.0525079972306487	0.0535631113276614	-0.0319615919991245	-0.0307306590802263	0.0167733469484266	0.00159539487605034	0.0209208472425756	0.00524872045203691	0.00340517092110764	0.0294070223011997	-0.0392429186246298	-0.0318301413899829	-0.0119344736706583	-0.00553371636971431	-0.0221493549972004	-0.0100387551681704
0.0525105774601492	0.0535584942954474	-0.031953513240488	-0.0307516375893816	0.0167736249482483	0.0015834688233994	0.0209174595563065	0.00523672734415261	0.00341246736868827	0.0293947833241264	-0.0392184560373075	-0.0318250577651033	-0.0119422199470961	-0.00554177557057448	-0.022119192715042	-0.0100357502555251
0.0525058333023886	0.0535373886607455	-0.031940800685829	-0.0308325788439904	0.0167699536742215	0.00156363723813143	0.0209139894479799	0.00522020381706402	0.00346420606916619	0.029378907997627	-0.0391917065871306	-0.0318307183443866	-0.0118965832728545	-0.00552933123684898	-0.022111486951141	-0.0100209142851429
0.052517048290169	0.053535058491386	-0.0319221649188894	-0.0308988350024921	0.0167825991736471	0.00156562095545184	0.0209229469095703	0.00522216518263998	0.00348766981290815	0.0293490404790986	-0.0391814750761062	-0.0318465713191416	-0.0118718901831675	-0.00553197433063082	-0.0221119842774551	-0.0100172541869884
0.0525419970279332	0.0535326486939369	-0.031888566056021	-0.0310032581616352	0.016797176701984	0.00155362225963143	0.0209277567255803	0.00521405569035479	0.00350620360001368	0.02933163266112	-0.0391567051522976	-0.0318487799508905	-0.0118617383002327	-0.00553764748277039	-0.0220921317374267	-0.0100162665192803
0.0525876602448714	0.0535501710646058	-0.0318417181966267	-0.0311196003885091	0.0168305911629607	0.00157114463030036	0.0209511129015521	0.00523236037207965	0.00352973858994109	0.0292713039058511	-0.0391477211480106	-0.0318841194558584	-0.0118528437029235	-0.0055599112172319	-0.0220877074890086	-0.0100304612739934
0.0526209280225251	0.0535656021501842	-0.0318237837156694	-0.0311878095306825	0.0168418648240703	0.00157942315765299	0.0209620289347504	0.00524296348085564	0.00352956815788962	0.029249698150867	-0.0391373192049347	-0.0318929623647585	-0.0118669839752595	-0.0055772701407695	-0.0220620393044697	-0.0100439086422513
0.0525018421190193	0.053556755050332	-0.0319769560294695	-0.0307367471366223	0.0167423590487074	0.001571961865957	0.020890038156812	0.00522204643899756	0.00341553374863073	0.0294464647482592	-0.0392290689249717	-0.0318031935680739	-0.0119290282269154	-0.00551193180077456	-0.0221342535998528	-0.0100258218900349
0.0525255209983016	0.0535754494906008	-0.0319741983829973	-0.0307075026729706	0.0167640933262221	0.00159655716676201	0.0208960591579746	0.00524089734147755	0.00339102226686743	0.0294204780513618	-0.0392374424472383	-0.0318141598926973	-0.0119588147203701	-0.00553796320116082	-0.0221315630086139	-0.0100484334735195
0.0524799080727885	0.0535292107162429	-0.0319783488225459	-0.0307440184384904	0.0167415250492424	0.00155874500006378	0.0208883994945466	0.00521557979992983	0.00344491930766931	0.0294275258357854	-0.0392086911189486	-0.0318040499192834	-0.0118988380050764	-0.00550109818963387	-0.0221404743697315	-0.0100102944125586
0.0525021955559785	0.0535394729609159	-0.0319401021938148	-0.030789702610189	0.016772239140092	0.00157497516050639	0.0209129445039266	0.00522709374229237	0.00344729138654964	0.0293960350218159	-0.0392155503105283	-0.0318303104250503	-0.0118993045977419	-0.00552201662847598	-0.0221489652386564	-0.0100262954676206
0.0525211819659092	0.0535411591206383	-0.0319250496909082	-0.0308533058960206	0.0167835812534191	0.00157203450912648	0.0209129542828148	0.00522142617808892	0.00345668889810906	0.0293648641171889	-0.039189076066205	-0.031837117928221	-0.0119024911183108	-0.00553646842825037	-0.0221114939360611	-0.0100188872613176
0.0525208355138702	0.0535147281828199	-0.0319011892037021	-0.0309752458378966	0.0167844194438361	0.00154135673986158	0.0209256612495376	0.00520706518227639	0.00348969124879732	0.029363690650605	-0.0391558725498167	-0.0318219522696081	-0.0118726403635908	-0.00552572841503959	-0.0220768822597721	-0.0100179373121783
0.0526100860294802	0.0535685735352127	-0.0318361679790816	-0.0310816401415038	0.0168487477643785	0.00159589499633252	0.020961714613344	0.0052521710025872	0.00349438511513294	0.0292572516435089	-0.0391680095470559	-0.0318884710611071	-0.0118896947446102	-0.00558435704074586	-0.0220872087657105	-0.0100532754201621
0.0525856066783496	0.0535322477595207	-0.0318322159112651	-0.0311862281447623	0.0168174064277001	0.0015555012031497	0.02094619831174	0.0052203155757863	0.00355307660512049	0.0292688256561846	-0.0391143919030597	-0.0318726055134959	-0.0118398768971714	-0.00555273351329369	-0.0220569263429256	-0.0100241999915779
0.0526384727449385	0.0535751225963381	-0.0318130562753148	-0.0312165552710361	0.0168424445724421	0.00158579200783873	0.0209610887644993	0.00524394556062764	0.00352520817073681	0.0292513284312282	-0.0391377899885523	-0.0318929637617426	-0.011873780302558	-0.00558375354364557	-0.0220562068961509	-0.0100492968096491
0.0526356256914885	0.053570845031243	-0.0318163727153984	-0.0312407705921853	0.0168295615857317	0.00157433953277344	0.020952385554002	0.00523452709430779	0.00353579451570445	0.0292677038780098	-0.0391259519458952	-0.0318809692568742	-0.0118677313617148	-0.00557397186147832	-0.0220504708797301	-0.0100445442699843
0.0526166225177494	0.053563531819854	-0.0318378122292831	-0.0312078730152992	0.0168054622142568	0.00155889028640274	0.0209390597233545	0.00521834024037006	0.00352678257173688	0.0292986345013838	-0.0391182894884991	-0.0318577052818484	-0.0118781738173275	-0.00556483418894818	-0.0220252175994477	-0.0100374182544551
0.0526213960121746	0.053578698875451	-0.0318536470432457	-0.0311429956800336	0.0168021667289337	0.00157644897865641	0.0209398099037778	0.00523460253144533	0.00349586033026699	0.0293083700830782	-0.0391461495409786	-0.0318584303165591	-0.0118976743173807	-0.00557011897952783	-0.0220400018814208	-0.0100483356846375
0.0525871559336371	0.0535643071459898	-0.0318867918863048	-0.0310758929492108	0.0167709888393866	0.00155166368802353	0.0209217971917149	0.00521292413329174	0.00349056576079914	0.0293616147323388	-0.0391487171976229	-0.0318297949379438	-0.0118993479042468	-0.005541997691035	-0.0220428154072542	-0.0100356594515633
0.052582781976644	0.053574283008937	-0.0318948315293886	-0.0310137928181938	0.0167766284639094	0.00157254720226493	0.0209276379819379	0.00522994079574237	0.00347235607398821	0.0293612417376032	-0.0391772757421167	-0.0318383486711501	-0.0119053088350962	-0.00555090905215252	-0.0220733856087489	-0.0100435649841803
0.0525509810322203	0.0535730145474392	-0.0319442009449543	-0.0308802355571372	0.016748672019532	0.00156928943551057	0.0209153948139125	0.00522645951154345	0.00342819461488063	0.0294147126982764	-0.0391949950875336	-0.0318127726875571	-0.0119429212330784	-0.00553838648732144	-0.0220724412475456	-0.0100407654281873
0.0525197123387113	0.0535655504617751	-0.0319603151557225	-0.03079829266498	0.0167488298787272	0.00157762803317643	0.0209166926120749	0.00523537925456515	0.00341871887221561	0.0294360600112152	-0.0392279401618767	-0.0318162581627081	-0.0119363484232245	-0.00552247064828523	-0.0221249217465427	-0.0100320244991212
0.0524986709652747	0.0535583224664119	-0.0319772661599238	-0.030728384790228	0.0167434123746648	0.00157247875004753	0.0209123703434909	0.00522971588131379	0.00339875038251285	0.0294449029201153	-0.0392293343519371	-0.0318000838816266	-0.0119533888344036	-0.00552504948080176	-0.0221142236428527	-0.0100308929420582
0.0524901367898448	0.0535521128724054	-0.0319784242596834	-0.030703056072808	0.0167420531092051	0.0015753439642899	0.0209093123454526	0.00523108352867764	0.00340550480029044	0.0294304231806604	-0.0392292407540072	-0.0318038571354875	-0.0119441086695026	-0.0055249335311274	-0.0221221096176934	-0.0100302405505169
0.0525260057517595	0.053574771953347	-0.0319518089199732	-0.0307219712365533	0.0167794643414872	0.00160815073721417	0.0209245953507239	0.00525778827536562	0.00339792197098398	0.0293914808538831	-0.0392512404584873	-0.0318357810145058	-0.0119468411702622	-0.00554773789840793	-0.0221543017176451	-0.0100504968189295
0.052512038705443	0.0535503442906254	-0.0319408090677332	-0.0307754785188113	0.0167767625743762	0.00158843929257265	0.0209215136039571	0.0052399767290028	0.00343263702409112	0.0293863874501154	-0.0392260248967737	-0.0318359346827489	-0.0119163058933682	-0.00553168655192096	-0.0221501191474639	-0.0100317409113635
