0.0524475511287214	0.0535238323277333	-0.0320261955255205	-0.0307204960214193	0.0167862369200572	0.0016238416618218	0.020918023937854	0.00527383682788453	0.00341216003220201	0.0293886421823373	-0.0392043017951312	-0.0317878141709047	-0.0118319979072509	-0.00554324519777241	-0.0221692997381746	-0.010090774662438
0.0524582017349543	0.0535162662622352	-0.0320072524220946	-0.0307989394685852	0.0167946523518446	0.00161837666030248	0.0209191079974601	0.00526788008798719	0.00344004383341	0.0293682462155218	-0.0391818271160814	-0.0317959166782697	-0.0118111325538018	-0.00554879960626956	-0.0221535529342059	-0.0100853543644076
0.0524525481405912	0.0535010908247341	-0.0319930129638926	-0.0308599359822197	0.0167931561819501	0.00161037613277151	0.0209224174526235	0.00526233825234631	0.00346883427725247	0.029344934743039	-0.0391591163467308	-0.0318010561825104	-0.011784532580916	-0.00553670591553521	-0.0221448567086287	-0.0100764793248748
0.0525006309338666	0.0535197363705619	-0.0319540720340993	-0.0309593076471159	0.0168273361901744	0.00162048331221739	0.020940750074029	0.0052743900335598	0.00346792204668188	0.0293097796399629	-0.0391558935045771	-0.0318158711981322	-0.0117998840384047	-0.00556410496328533	-0.022120176191798	-0.0100917190236412
0.052514103447837	0.0535092925179651	-0.0319226957728202	-0.031080124413833	0.0168351313610531	0.0016054126485184	0.0209491487420081	0.00526363325654068	0.00351664326165834	0.0292739218539204	-0.0391224385310636	-0.031833534664188	-0.0117624057508893	-0.00556084719653097	-0.0221065472156164	-0.0100786935445599
0.0525607724932757	0.0535369849323612	-0.0319004795358157	-0.0311417048667914	0.0168476469409641	0.00161781646970707	0.0209567022346499	0.00527098558348245	0.00351527840826254	0.0292452208170558	-0.0391087830121855	-0.0318436390496658	-0.0117851612237288	-0.00559451032066469	-0.0220743621005848	-0.0101027677703223
0.0525785393361496	0.0535469510164202	-0.0318952743733256	-0.0311935413561513	0.0168538132284657	0.00162514504792035	0.0209602533680503	0.00527813534774009	0.00352318813183166	0.0292502024621013	-0.0391150889980899	-0.0318526719483938	-0.0117755304158366	-0.00558861225409654	-0.0220934532843177	-0.0101020553084678
0.052559511016698	0.0535326836185376	-0.0319057866781398	-0.0312049030272547	0.01682633594961	0.0016021381179557	0.0209457624527231	0.00525798944106572	0.0035386932575635	0.0292801691664957	-0.0390974828083793	-0.0318354457383389	-0.0117617687261723	-0.00557073784345244	-0.0220797139463978	-0.0100874442525142
0.0525715292702948	0.0535550730815617	-0.0319168354248208	-0.0311617487936316	0.0168258148745674	0.0016164138977425	0.0209414192293786	0.00526761605800581	0.00351320528396431	0.0292902204665804	-0.0391236636860566	-0.0318364362000151	-0.0117829651648361	-0.00557894791858768	-0.0220852865156873	-0.0100954084584604
0.0525601103228462	0.0535571098842752	-0.0319398772793862	-0.0311132203624511	0.0168184192411207	0.00162180346212428	0.0209394327180901	0.00527358676774344	0.00349472318526782	0.0293134467230376	-0.0391388824300626	-0.0318252575338194	-0.011793221821573	-0.00556600346458	-0.0221011087567936	-0.0101010606558395
0.052534228399751	0.0535495563916333	-0.0319696931095056	-0.0310471695606017	0.0167928278907034	0.00160468342285554	0.0209225585480104	0.0052566678941748	0.00347717846285444	0.0293612808531559	-0.0391427031813804	-0.0317988363748892	-0.0118061844363731	-0.00555084758485527	-0.0220950276853177	-0.0100885199302161
0.0525039543588703	0.0535430199033642	-0.0319947368421837	-0.030966578948984	0.0167722321551719	0.00160456188524507	0.0209142562719293	0.00525817803390956	0.00347294420426418	0.0293768278884086	-0.0391506925330392	-0.0317882514269056	-0.0118012544797366	-0.00554721402939726	-0.0221057886532889	-0.0100914577876279
0.0524818037801151	0.0535495689644896	-0.0320264986710547	-0.030838056418366	0.0167651019486906	0.00161777176621816	0.020912669298073	0.00526810220844772	0.00342084228793886	0.0294205926040521	-0.0391885116846575	-0.0317757791534995	-0.0118394312592663	-0.0055410896514165	-0.02213077790359	-0.0100963081161747
0.0524728924189976	0.0535579578535805	-0.0320431660874982	-0.0307420710427548	0.016769981613902	0.00163239679201207	0.0209108210882033	0.00527921801036215	0.00338957918236603	0.0294350835193793	-0.0392191712931301	-0.0317754145406681	-0.011861507797868	-0.00554564242236524	-0.0221572353841049	-0.0101037219104137
0.0524310262046488	0.0535230653835017	-0.0320631722957697	-0.0306922951048368	0.0167460638503508	0.00160302520281377	0.0208968498509347	0.00525574728170005	0.00340140185819886	0.0294552880993829	-0.0392029453236396	-0.031752438344352	-0.0118461982499001	-0.00552662248481781	-0.0221453009495498	-0.0100834949786657
0.0524591600659978	0.0535451419221034	-0.0320489859229608	-0.0306711126360133	0.0167795621303692	0.00163891511948885	0.0209120197004997	0.00528405995700478	0.00338141241373567	0.0294169478727219	-0.0392293720705059	-0.0317793344778519	-0.011862343194317	-0.00555374213576224	-0.0221659162428577	-0.0101064125016525
0.052457349574697	0.0535379446603888	-0.032037854754222	-0.0307083506422759	0.0167900450985187	0.00164139616312339	0.0209160877179906	0.00528931261695178	0.00340181955642337	0.0293989994219243	-0.0392213924977353	-0.0317948242367595	-0.0118359457841153	-0.00554670133625881	-0.0221906819757142	-0.010097203582937
0.052421611929281	0.0534979154800374	-0.0320336498322964	-0.0307596003983438	0.0167666679677865	0.00160174696242773	0.0209060545786982	0.00526240391059564	0.00345220318239369	0.0294000527478817	-0.0391818941713147	-0.0317818574310073	-0.0117920888675259	-0.00552199986466764	-0.022170987294881	-0.0100665788990651
0.0524618394813644	0.0535193452150339	-0.0320040617105736	-0.0308232414027442	0.0167970160488207	0.00162141090961229	0.0209202199967468	0.00527475883734331	0.00345244346364659	0.0293479005401314	-0.0391799775092277	-0.0318046170947989	-0.0118008116357996	-0.00554630179882667	-0.0221581406297553	-0.0100777827109734
0.0524546855261547	0.0534993613585068	-0.0319915237789182	-0.0308883087278377	0.0167921643232899	0.00160162821878531	0.0209187880881176	0.00525982647506314	0.00348170050015455	0.0293454628030017	-0.0391484629465297	-0.0317986282242689	-0.0117783048261171	-0.00553821186431788	-0.0221343597706389	-0.0100758171544453
0.0525059464580949	0.0535175193569087	-0.0319408439923339	-0.0309953204983855	0.0168283825312117	0.00161379594967317	0.0209357167405744	0.00526812735416023	0.00349491876303181	0.0292954256290705	-0.0391410784889553	-0.0318223350432319	-0.0117784305546797	-0.00556909359325095	-0.022118995740294	-0.0100937348715943
0.0525459337289254	0.0535301927960149	-0.0319086127768293	-0.0311049558049388	0.0168478061971433	0.00162123908057678	0.0209458867843016	0.00527501169145246	0.00352044445519977	0.0292559748001069	-0.039121967747446	-0.0318454914504876	-0.011770540388887	-0.00558261639864641	-0.0221079986820219	-0.0101003062844642
0.0525479328130702	0.0535227147405105	-0.0319038867798611	-0.0311686484977482	0.0168351648886698	0.00160705550173586	0.0209463435980789	0.00526431498474657	0.00354307419947674	0.029258286808674	-0.0390982427676908	-0.0318414360058529	-0.0117577901156593	-0.00557464939873212	-0.0220886769959244	-0.0100915569734939
0.0525762119607582	0.0535453836003403	-0.0318893316032686	-0.031196226359454	0.0168476190012835	0.00162469521906319	0.0209504381582663	0.00527806549853867	0.00352573343673151	0.0292578663164814	-0.0391140189083241	-0.0318509089545499	-0.0117746838435154	-0.0055833623881176	-0.0220913326625625	-0.0101061484716712
0.0525684768601926	0.0535474832673351	-0.0319031910818149	-0.0311812744393974	0.0168267634267227	0.00161452377835199	0.0209392832407991	0.00526892223807242	0.00352007704840028	0.0292781603034628	-0.0391055266424151	-0.0318355323513487	-0.0117844753045708	-0.00558121801763392	-0.0220703904749919	-0.0101020818511643
0.0525670756852121	0.0535546204587365	-0.0319259605244947	-0.0311357816545107	0.0168138734550921	0.0016166988824843	0.020930930673293	0.00526638112412466	0.00349905104178799	0.0293005637363271	-0.0391171202128673	-0.0318211755464882	-0.011800829796592	-0.00557980287281309	-0.0220658907894362	-0.0101026336598556
0.0525572492995559	0.0535624519512	-0.0319432300410545	-0.0310751553416437	0.0168117807730175	0.00162859839243869	0.0209305590755414	0.00527895118641271	0.00347885344670456	0.0293182970515844	-0.0391476219621446	-0.0318246763884635	-0.0118050235426454	-0.00556908800531483	-0.0221029192480945	-0.0100990266470941
0.0525342242087989	0.053553419052472	-0.0319677303469456	-0.0310181164837618	0.0167930695689403	0.00161750913322081	0.0209158264819773	0.00526643141554968	0.0034697981962321	0.0293559122435346	-0.039151469256159	-0.0318038250048548	-0.0118115977494833	-0.00555731142995494	-0.0221058054170973	-0.010090334612469
0.0525050817249813	0.0535528868015572	-0.0320031760226996	-0.0309052583350549	0.0167690903380919	0.00162526937949888	0.020907515823992	0.00527289526064935	0.00345055753520817	0.0293719202835167	-0.0391698158474047	-0.0317994845754784	-0.0118196401865351	-0.00554865711389865	-0.0221282870810672	-0.0100808979853568
0.0524823919103911	0.0535509394058215	-0.0320310514420034	-0.0308070699156308	0.016763253738821	0.00163170388793395	0.0209089658934135	0.00528357660053093	0.00341130507797659	0.0294204654785055	-0.0392019157464106	-0.0317797954825813	-0.0118457051145381	-0.00554474835258703	-0.022146931229911	-0.0100953847097319
0.0524363864323659	0.0535254975326952	-0.032060091945987	-0.0307308337032299	0.0167471548948771	0.0016121628753439	0.0208998407937396	0.00526553315481939	0.00340937724001732	0.029448176053694	-0.0392016754651577	-0.0317639089802097	-0.0118350712721135	-0.0055220222164121	-0.0221548269836398	-0.0100756984108029
0.0524257777356538	0.0535192474261519	-0.0320610670408388	-0.0306894522423389	0.0167462245035141	0.00161259594039272	0.0208994021407547	0.0052648709843899	0.0034064798951423	0.0294392437378161	-0.0392047516239884	-0.0317654205169285	-0.0118320454047078	-0.00552503132000939	-0.0221596242267936	-0.0100764499882102
0.0524328269170614	0.053525290779059	-0.0320513132983522	-0.0306866051888889	0.0167653212751831	0.00162775880503759	0.0209113687059425	0.00528010090426813	0.00340128032058839	0.0294184873491213	-0.0392161649835008	-0.0317804548590427	-0.0118347192321383	-0.00553496946438783	-0.0221763796532309	-0.0100818283767198
0.0524116793728387	0.0534995834789674	-0.0320437164992054	-0.0307166934308938	0.0167608257805795	0.00161018753992766	0.0209133552172309	0.00527135857821805	0.00343071477406797	0.0294132542469507	-0.0391986663615604	-0.0317788259756656	-0.0118110068252393	-0.00552390814485051	-0.0221725155954082	-0.0100656261559577
0.0524457140947239	0.0535204977268574	-0.0320198518210473	-0.0307563524104777	0.0167818294354474	0.0016157908428658	0.0209217971917149	0.00527389969216581	0.00342250469893273	0.0293804125494257	-0.0391895314829983	-0.0317879748240679	-0.0118304598278355	-0.00555449231618552	-0.0221425935945026	-0.0100811899550188
0.0524554720281627	0.0535125083751986	-0.0320010190793597	-0.0308332074868032	0.0167924814386644	0.00161381411046554	0.020924648436117	0.00527172179406545	0.00346118578969666	0.0293447293863868	-0.0391706987413107	-0.0318050166322311	-0.0117963831964294	-0.00555052348456067	-0.0221437433123581	-0.0100759694257044
0.052484107406778	0.0535241340762835	-0.0319726742734223	-0.0309114134466843	0.0168128913753201	0.00162148355278176	0.0209332566517003	0.00528162641082721	0.00346483191801094	0.029325889659779	-0.0391665161711295	-0.0318128816523113	-0.0118008954548413	-0.00556388703377689	-0.0221338610473408	-0.0100860919719746
0.0525170706419135	0.0535289564651497	-0.0319349501167178	-0.0310348677192471	0.0168313036248152	0.00162257320032396	0.0209447175086698	0.00528323014849187	0.00350204198459291	0.0292740727281955	-0.039135810462184	-0.0318359318887808	-0.0117804268448564	-0.00557851066258677	-0.0221154487978457	-0.0100880198099339
0.0525358209615434	0.053528037249659	-0.0319134952360088	-0.0311185554444558	0.016830853795958	0.0016153731446413	0.0209476874967143	0.00527500191256427	0.00352879422873786	0.0292523440386169	-0.0391170154390652	-0.031846104726476	-0.011763375257805	-0.00557632298559821	-0.022099313632317	-0.010079730106709
0.0525422051785535	0.0535221280072186	-0.0319027747805744	-0.0311936209842409	0.0168238493180393	0.00160687109984411	0.0209451533676867	0.0052684891730236	0.0035543338907461	0.0292612540027504	-0.0391028081114958	-0.0318450849281353	-0.0117381485202191	-0.00556220506500663	-0.0221006407671441	-0.0100790008810462
0.0525761337296526	0.0535507591948818	-0.0318979034972672	-0.0311959916661372	0.016833749743849	0.00162124187454484	0.0209447719910469	0.00527740612207724	0.00352205657476861	0.02926418068429	-0.0391092915143718	-0.031838738429694	-0.0117831216270473	-0.0055866369186803	-0.0220772622394278	-0.0101013540224855
0.0525576264852436	0.0535393151017207	-0.0319208140353339	-0.0311815077357301	0.0168101910051931	0.00160429925224772	0.0209321879589186	0.0052629221916702	0.0035277115661158	0.0292910251293808	-0.0391049776276919	-0.031823472188231	-0.0117740691705429	-0.00556763793589329	-0.0220662875329003	-0.0100865124641672
0.0525628442205899	0.0535528923894933	-0.0319359810909308	-0.0311322347120624	0.0168127935864381	0.00162303979298947	0.0209375845082205	0.00528172978764531	0.00349694299288904	0.0293037306991196	-0.0391293759537489	-0.0318237529820207	-0.0117984227931109	-0.00557538421233109	-0.0220775877367065	-0.0100988184964739
0.0525679767399104	0.0535727994118988	-0.0319409292083596	-0.0310656572472343	0.0168226870273277	0.00164983115268721	0.0209471873764321	0.00530979519677701	0.00345314754359692	0.0293193461865897	-0.0391663541209822	-0.031830444535517	-0.0118278013672294	-0.00558234398676086	-0.02211968445342	-0.0101095557157166
0.0525151553768105	0.0535372559472628	-0.0319815688707315	-0.0310126431003384	0.0167831202486897	0.00161404181886218	0.0209255690485917	0.00527831974963185	0.00347044360285325	0.0293589045833235	-0.0391490357099814	-0.0317948423975518	-0.0118074431189827	-0.00555118984594224	-0.0221060764319988	-0.0100800109004987
0.052502121515825	0.0535518041389351	-0.0320101595458579	-0.0308899124655023	0.0167790047337418	0.00163831301937258	0.0209230628592447	0.00529322556921548	0.00342913478513178	0.0293861038623576	-0.0391887128503576	-0.0317961862961872	-0.0118341338958304	-0.00555094677072129	-0.0221420431827954	-0.010090675476572
0.0524572154642302	0.0535343460295315	-0.0320492317921498	-0.0307764117041423	0.0167471744526535	0.00162029611635758	0.0209040848312181	0.00527885200054669	0.00340588757391424	0.0294365727043537	-0.0391982360904796	-0.0317644482160447	-0.0118493568307885	-0.00553313382737444	-0.0221354731669096	-0.0100781375449166
0.0524471208576406	0.05353417559748	-0.032060779262129	-0.0307067999900043	0.0167506026514593	0.00162750175997636	0.0209028862189217	0.00528185551620787	0.00339109910098899	0.0294417890427159	-0.0392175172640404	-0.0317642833719293	-0.0118569480419991	-0.00553384070129284	-0.0221580847503942	-0.0100787773636016
0.0524502040013914	0.0535390468807872	-0.032053270472976	-0.0306760006831289	0.0167678120977059	0.00164424181958935	0.0209128089964758	0.00529633804963088	0.00338776729408112	0.0294158819739082	-0.0392271075593957	-0.0317825908476223	-0.0118586705233062	-0.00554667199959422	-0.0221860928831807	-0.0100836961443658
0.0524198028349641	0.0535104785574053	-0.0320652538019721	-0.030694264852317	0.0167461057598717	0.00161044318800487	0.0208978305337227	0.00526964727278319	0.00341724645104962	0.0294289996539354	-0.0391960637803154	-0.0317580737779228	-0.0118326782384727	-0.00552463597352934	-0.0221612405373145	-0.0100683432898931
0.0524387235866456	0.0535181116781368	-0.032036677096686	-0.0307234227029589	0.0167710838343005	0.00162694995128512	0.0209104033899788	0.00528161663193901	0.00341895635950045	0.0293949914747466	-0.0392012605609012	-0.0317814425267509	-0.0118318623998001	-0.00553960046644217	-0.0221708182598136	-0.01007575289318
0.0524798019020023	0.0535373746909052	-0.0320050759209783	-0.0307950418831458	0.0168068871379658	0.0016449165628751	0.0209272971178349	0.00529504583940456	0.00342400366279526	0.029357011669965	-0.0391980461006518	-0.0318051172150811	-0.0118394885356115	-0.00556711965481874	-0.0221659050669855	-0.0100965442064755
0.0524564233742861	0.0535046084305177	-0.0320016547070926	-0.0308651802602625	0.0167860567091175	0.00161156915713181	0.0209224928897611	0.00526905215758707	0.00347414002259255	0.0293509110407127	-0.0391599573311159	-0.0317975832802157	-0.0117930402136493	-0.00554268780114506	-0.022146390597092	-0.0100687595911335
0.0524926904766489	0.0535140310877897	-0.0319634430029622	-0.0309544852582497	0.0168093150962073	0.00161079941893213	0.0209314685121439	0.00526942235835461	0.00347877940655105	0.0293244591481339	-0.0391477183540426	-0.0318052373557076	-0.0117976991553842	-0.00556241181864284	-0.0221216346431237	-0.0100783359166486
0.0525290902924943	0.0535245922870448	-0.031926171469083	-0.0310659198802316	0.0168328403072465	0.00161975129258648	0.0209471706126238	0.00527658609245253	0.00350845134731547	0.0292705579163799	-0.0391276353116495	-0.0318330988051711	-0.0117798289356922	-0.00557862800924516	-0.0221127051212138	-0.0100850526158574
0.0525494261889966	0.0535282090786945	-0.0319088977615711	-0.0311558004356385	0.0168353395116734	0.00161780249986678	0.0209487757472725	0.00527524079683313	0.00353263174386403	0.0292531193647527	-0.0391077911535253	-0.0318425801357722	-0.0117666232456712	-0.00557943686299764	-0.0220969960358138	-0.0100824193009638
0.0525462704020763	0.0535221922684839	-0.0319124558798916	-0.0311932214468087	0.0168205608176363	0.00160912583206604	0.0209392497131824	0.00526739114357723	0.00354273054140574	0.0292682249530524	-0.0390959265681716	-0.0318316990271746	-0.0117565915033628	-0.00556982980383394	-0.0220796105695797	-0.0100764108726574
0.0525710221650925	0.0535448876710102	-0.0319065466374513	-0.0311937048032826	0.0168293534351115	0.00162187470830973	0.020942029711399	0.00527846363898678	0.00352532691437922	0.0292654393668997	-0.0391093292329406	-0.0318349539999609	-0.0117802312670924	-0.00558285248894722	-0.0220781493242859	-0.0100926298572278
0.0525673480970976	0.0535478744228631	-0.0319234752899081	-0.0311545305771566	0.0168135423698774	0.00162115107058299	0.0209348464195247	0.00527798587044905	0.00350828650320011	0.0292856369619831	-0.0391167807457484	-0.0318262004980386	-0.0117935836404364	-0.00558120684176169	-0.0220727262322874	-0.0100881678902409
0.0525639911444773	0.0535531452436024	-0.0319364658443887	-0.0311167379682348	0.016817695603394	0.00163098164719124	0.0209425982838986	0.00529110215349223	0.00348995388179467	0.0293026424485615	-0.0391408801172233	-0.0318251318052568	-0.0117998910233249	-0.00557528782043312	-0.0220994631096081	-0.0100982527179423
0.052532363426073	0.0535429528481308	-0.0319660595540475	-0.0310405632231311	0.0167916111176146	0.00161419548710531	0.0209254991993903	0.00527089617650463	0.00347006082922945	0.0293505869404181	-0.0391448363759919	-0.03179504635722	-0.0118164313142218	-0.00556125092491519	-0.0220900306734479	-0.0100839476014909
0.0525256718725767	0.0535542097454321	-0.0319817812123038	-0.0309607982290743	0.0167907757211656	0.00163021330597559	0.0209209310616173	0.00527982849238258	0.00345049467092689	0.0293531043056374	-0.0391697222494748	-0.0318001062333711	-0.0118246204345966	-0.00556530497256577	-0.0221133966283079	-0.01008949921602
0.0524774382050262	0.0535396378050313	-0.0320282490920423	-0.0308454618307009	0.016760602263135	0.00161443437137417	0.0209066049904054	0.0052679834648053	0.00342505978272077	0.0294179928167752	-0.0391863505503655	-0.0317730592255961	-0.0118317045406049	-0.00553973317992487	-0.0221288402867425	-0.0100763549932963
0.0524626902446378	0.0535459228361753	-0.0320467297937548	-0.0307486522345128	0.0167570525267187	0.00162684378049895	0.0209035916958561	0.00527771066459544	0.00339509028435829	0.029435654885847	-0.0392139954673046	-0.0317671765258523	-0.0118513922365179	-0.00553847729128329	-0.0221546970641252	-0.0100834363053365
0.0524536950644785	0.0535439684555195	-0.0320490641540663	-0.0306815844282907	0.0167666539979463	0.00163680287963782	0.0209013243907779	0.00527812556885189	0.00337845080759535	0.0294333205255354	-0.0392258516707542	-0.0317687732785968	-0.01186622122198	-0.00554262214289572	-0.0221685202210868	-0.0100897045726722
0.0524422914838542	0.0535330789650177	-0.0320555727026549	-0.0306770065116294	0.0167642581703375	0.00162814856358153	0.0208973639410572	0.00527246638655262	0.00339275173309466	0.0294206652472216	-0.0392122883528219	-0.0317645306381024	-0.0118574188256167	-0.0055388265372904	-0.0221642775805923	-0.010081103342009
0.0524260892630922	0.0535130322442093	-0.032049244365006	-0.0307056810057975	0.0167625622317269	0.00161248278468642	0.0208996242612152	0.00526683654091794	0.00341953191692017	0.0294124202474857	-0.0391956558609791	-0.0317664724459019	-0.0118299010342242	-0.00553256525487486	-0.0221627995714902	-0.0100702599519801
0.0524587437647574	0.0535280735712437	-0.0320149805377401	-0.0307669038308446	0.0167915510473014	0.00162604889658676	0.0209152690853499	0.00527807807139493	0.00342469377290532	0.0293783547919517	-0.0391956349062186	-0.0317876185931407	-0.0118358703469778	-0.00555659477714834	-0.022155424892804	-0.0100877851166171
0.0524893754335493	0.0535378510624589	-0.0319915461306627	-0.0308345527824226	0.0168137561084337	0.00164286718730535	0.0209277064341553	0.00529214709754551	0.00344178028455737	0.0293321858667953	-0.0391882937551491	-0.0318146544250434	-0.0118250423237732	-0.00556682209722068	-0.022163327631453	-0.0100934303290761
0.0524937577724466	0.0535194122702673	-0.03197364098637	-0.0309464665699263	0.0168109858891053	0.00161702996769904	0.0209240868485375	0.00527708341876667	0.00347490696682417	0.0293383116417601	-0.0391562399566162	-0.0318031418796649	-0.0118010351532442	-0.00555126388609575	-0.0221418909115363	-0.0100818954319531
0.0525267712990071	0.0535219156656463	-0.0319334301980949	-0.031065646071362	0.0168354386975394	0.00161736524386587	0.0209465727034596	0.00527913977925655	0.00350997685387455	0.029278073690453	-0.0391315189272486	-0.0318285558131106	-0.0117776999320328	-0.00557236393286156	-0.022122824873516	-0.010083214184876
0.0525394042255764	0.0535177177286408	-0.0319211548994368	-0.0311470245819717	0.0168370075106034	0.00160456188524507	0.0209501084700356	0.00526897392648147	0.00353119285031472	0.0292605317620077	-0.0391024798202491	-0.0318289092500698	-0.0117695373543545	-0.00557486313728847	-0.022086007359446	-0.0100795219560888
0.0525631264113636	0.0535367236963479	-0.0319070663155098	-0.0311797181991897	0.0168423565624483	0.00161835989649414	0.0209546975625691	0.00527740751906127	0.00352364494560897	0.0292541461480136	-0.0391092677656433	-0.0318386699774766	-0.0117786498811722	-0.00558697079786311	-0.0220797865895673	-0.010090333215485
0.0525505675249478	0.0535280540134673	-0.0319110868355437	-0.0311920982716499	0.0168204099433613	0.00159925194895291	0.020947279577378	0.00526310519657793	0.00353218610595895	0.0292767242038815	-0.0390983126168922	-0.0318240938461237	-0.0117723438952677	-0.00557550155898948	-0.0220622823796907	-0.0100818591103684
0.0525733509374679	0.0535530726004329	-0.0319139408739139	-0.0311737181527875	0.0168313022278311	0.00161935315213837	0.0209601388153599	0.00528068065263994	0.00350472279694352	0.0292767758922906	-0.0391242336555402	-0.03183284874503	-0.0117946886548029	-0.00558852564108678	-0.0220749711856212	-0.010096470166322
0.0525610463021453	0.0535510721193042	-0.031935499131441	-0.0311453649649459	0.0168193999239087	0.00162497461586888	0.0209511645899611	0.00528498336344759	0.00349995069950231	0.0293006140277522	-0.0391364041803961	-0.0318285013307335	-0.0117902965370174	-0.00557213063652881	-0.0220960377047703	-0.0100889711560573
0.0525415653598684	0.0535516183400593	-0.031955672977796	-0.031074433100901	0.016807630333469	0.00162290568252273	0.0209376515634539	0.00527944990971087	0.00347593235310105	0.0293421086443494	-0.039151124201104	-0.0318142087871383	-0.0118046812815584	-0.00556293429066948	-0.0221057956382091	-0.0100900119091585
0.0525139986740349	0.0535435200236464	-0.0319829490909516	-0.0309965666081389	0.0167841093133818	0.00161357802016473	0.0209253064155944	0.00526882584617446	0.00346488360641999	0.0293653027701739	-0.0391516899796355	-0.0317920875450477	-0.0118158194352173	-0.00555578871736392	-0.0220993653207261	-0.0100852579725096
0.0524666604732466	0.0535330174977204	-0.0320329024458411	-0.0308443707861746	0.0167489751650661	0.00160222612794949	0.0209099982646106	0.00526167608191682	0.00342881068483718	0.0294161334310333	-0.039174396558034	-0.0317651285472665	-0.0118358885077701	-0.00553848567318746	-0.0221003683552585	-0.0100759568528482
0.0524892273532423	0.0535704482877789	-0.032038543467348	-0.0307470820244648	0.0167801698184216	0.00164379199073219	0.0209173212548877	0.00529445770912858	0.00337341468017276	0.029414448668295	-0.0392280938301198	-0.0317819454410011	-0.0118783875558838	-0.00555865532859032	-0.0221457954818959	-0.0101047766333552
0.0524261842580061	0.0535230961171503	-0.0320711434866361	-0.030701138013737	0.0167406184066079	0.00160676632604197	0.0208967688258611	0.00526161182065151	0.00340187962673659	0.0294513402225185	-0.0392103353691501	-0.0317549557095713	-0.011843686472617	-0.00551608643127519	-0.0221503217101481	-0.0100605984104393
0.0524439175732634	0.0535368955253834	-0.032064116656973	-0.0306712229977516	0.0167637608440233	0.00162731596110057	0.0209081318939485	0.00527860752834171	0.0033860182700775	0.029426180540166	-0.0392214581559847	-0.0317663914208283	-0.0118561950676078	-0.00554146963107224	-0.022159254026026	-0.0100907201800609
0.052424016138794	0.0535135295705235	-0.0320576653847296	-0.030700892144548	0.0167662111540092	0.00162017737271516	0.0209116774394128	0.0052725194719457	0.00341439660363156	0.0294191090070139	-0.039211609418584	-0.0317753405005146	-0.0118259615392639	-0.00552004269004377	-0.022181345931452	-0.0100687791489099
0.0524231569936165	0.0535052719979312	-0.0320341611284508	-0.0307392575169215	0.0167757902734924	0.00161495963736887	0.0209139698902035	0.00526808404765535	0.00343358697323048	0.0294030059721179	-0.0391992139792995	-0.0317807817533054	-0.0118145719284799	-0.00552557334981243	-0.0221756113120152	-0.0100686548173314
0.0524533486124395	0.0535182304217792	-0.0320094233352749	-0.0308024291346883	0.016798404650945	0.00162364887802587	0.0209217427093378	0.00527362169234415	0.00344393024297717	0.029367863441898	-0.0391862555554516	-0.0317939748704701	-0.0118196066589185	-0.00554871299325979	-0.0221528851758403	-0.0100875029258434
0.0524750451713854	0.0535241019456508	-0.0319917277385864	-0.0308558567888566	0.0168061537213509	0.00162748639315204	0.0209302070355662	0.00527998495459377	0.00345190283082757	0.029336295793807	-0.0391730750111431	-0.0318044648235398	-0.0118160820682147	-0.00555649838525038	-0.0221439514629783	-0.0100895215677645
0.0525207475038764	0.0535369472137925	-0.0319467630136625	-0.0309834251793832	0.0168428930043153	0.00164100221362736	0.0209424488066076	0.00529274081575761	0.00347116304962791	0.0293003919072916	-0.0391711150425512	-0.0318305562942393	-0.0117980735471038	-0.00556754713193144	-0.0221522509450914	-0.0100986033609335
0.0525055441266947	0.0535033036474351	-0.0319365524573985	-0.0310890190111421	0.0168163125892058	0.00159611571980902	0.0209282512579264	0.00525661620576575	0.00352808875180349	0.0292877589807223	-0.0391058297879493	-0.0318146460431392	-0.0117596550893372	-0.00555382735178797	-0.0220923524609032	-0.010070109077705
0.0525594355795605	0.0535383525797251	-0.0318991565919407	-0.0311486967718538	0.0168486793121611	0.00162723074507484	0.0209488386115537	0.00528243386759565	0.00351890358181638	0.0292452697114968	-0.0391201558591611	-0.0318451100738478	-0.011776283390228	-0.00558713005404235	-0.0220910993662297	-0.0101015118816807
0.0525401404361594	0.0535222984392701	-0.0319141602004063	-0.0311837051916069	0.0168179847790879	0.00159588801141238	0.0209303704826975	0.00525033117462172	0.00353686879642234	0.0292775847460431	-0.0390932275950286	-0.0318187182515822	-0.0117642637396471	-0.00556196757772179	-0.0220586949247056	-0.0100767293850159
0.0525781831052224	0.0535566530704979	-0.031895831769953	-0.0311885778718982	0.0168422587735663	0.00163138258160741	0.0209411887270139	0.00528191418953707	0.00351525465953405	0.0292635478505251	-0.0391223966215428	-0.0318405112024261	-0.0117794405741323	-0.00558919200246835	-0.0220855393697964	-0.0101088935452871
0.0525663520474854	0.0535523992541312	-0.0319195539557402	-0.0311664119263186	0.0168229622331813	0.00162277017507197	0.0209314810850002	0.00527584988186954	0.00350858685476623	0.0292928887060748	-0.0391186038099055	-0.0318257660360057	-0.0117844767015549	-0.00557641378956006	-0.0220824394622373	-0.0100996245562583
0.0525440841220718	0.0535460457707698	-0.0319426935991876	-0.0311043914233913	0.0168063940026038	0.00162122231676844	0.0209333977470872	0.00527796770965668	0.00349175040325527	0.0293147878277049	-0.0391308134503142	-0.0318149980831144	-0.0117955911064853	-0.00556564583666871	-0.0220910504717887	-0.0100904659289677
0.0525536632415549	0.053566577245036	-0.0319516440758579	-0.0310390223497477	0.0168206222849336	0.00164235728813496	0.0209394229392019	0.0052944535181765	0.00345076987678049	0.0293311171740135	-0.0391682176976762	-0.0318161030974809	-0.0118312072142908	-0.00557680913604011	-0.0221094780881081	-0.0101065019086304
0.0525014789031719	0.0535432043052559	-0.0319970558356709	-0.0309518435614519	0.0167790773769113	0.00161386579887459	0.0209238731099812	0.00527266755225271	0.00345500134140269	0.0293657693628394	-0.0391570795440173	-0.0317911068622597	-0.0118200914123763	-0.0055499800577736	-0.0221018715100731	-0.0100859089670669
0.052484055718369	0.0535532067108997	-0.0320350426253727	-0.0308139668257793	0.0167677115148558	0.00162154362309499	0.0209105849979025	0.00527437746070354	0.00340353644979434	0.0294127192020678	-0.0391892325284162	-0.0317695039012437	-0.0118599557486124	-0.00554838190804505	-0.0221161430989078	-0.0100955090413104
0.0524573677354893	0.0535429249084502	-0.0320548015674712	-0.0307339699323738	0.0167580779129956	0.00162272826555112	0.0209036336053769	0.0052767020421269	0.00339278526071134	0.0294371720105019	-0.0392119419007828	-0.0317643406482745	-0.0118547924956432	-0.00553582022766116	-0.022149335439424	-0.0100863895295727
0.0524356809554316	0.0535291729976741	-0.0320550306728519	-0.0306995985373376	0.0167569770895811	0.00161883347407978	0.0208996941104167	0.00527110851807696	0.00339803233272222	0.0294392674865445	-0.0392150990846871	-0.0317603676256976	-0.0118473326009312	-0.0055237111701025	-0.022169368190392	-0.0100782590825271
0.0524527339394669	0.0535449519322755	-0.0320467619243874	-0.0306830149399358	0.016783037826632	0.00164587768788668	0.0209181999578416	0.0052935259207816	0.00338104360995216	0.0294103429322354	-0.0392291597289335	-0.0317807761653693	-0.0118638742888122	-0.00554510318653026	-0.0221828700410271	-0.0100981535320763
0.0524142176928184	0.0535095425781062	-0.032058523132923	-0.0306894787850355	0.0167524564492651	0.00160284638885812	0.0209013201998258	0.00526023998233556	0.00341423175951621	0.0294211122821107	-0.0391890201868439	-0.0317548299810088	-0.0118401856306417	-0.00552474493828356	-0.0221516711967196	-0.0100675134813802
0.0524427441066794	0.0535274072098621	-0.0320256157771487	-0.0307168093805682	0.0167796417584588	0.00162263327063718	0.0209093724157658	0.00526963330294291	0.00341752305388725	0.0293862938521855	-0.0392023585903476	-0.0317824958527083	-0.0118378778130266	-0.00554320189126753	-0.0221681835479359	-0.0100787061174162
0.052444882889227	0.0535086024078551	-0.0320013040641015	-0.0308228753929288	0.0167881731399206	0.00161279151815671	0.0209148639599817	0.00526781582672188	0.00346644403757978	0.0293610070442864	-0.0391721236650197	-0.0317921364394887	-0.0117906332101683	-0.00553831384415196	-0.0221682128846005	-0.0100789813232698
0.0524549788928007	0.0535082601467681	-0.031990626915172	-0.0308618191166901	0.0167909824748018	0.0016019662889202	0.0209198414140751	0.00525721411492993	0.00346661586661528	0.0293472537365262	-0.0391517905624855	-0.0317855049563056	-0.0118059511400403	-0.00554913907338847	-0.0221250810027219	-0.0100772001686335
0.0525390507886172	0.0535542446700328	-0.0319318571940788	-0.0309874736390977	0.016855004855842	0.00164464275400552	0.0209484362801535	0.00529575550729102	0.00346586289222394	0.0292722482670543	-0.039164479368416	-0.0318333530562643	-0.0118162036058251	-0.00559314267330083	-0.0221391556168086	-0.0101095808614291
0.0525263382339583	0.0535241871616765	-0.0319218603763712	-0.0311076757328422	0.0168295518068435	0.0016120594985258	0.02094001526043	0.00526954249898106	0.00352407242272167	0.0292670682502768	-0.0391096002478421	-0.0318248538054352	-0.0117695052237219	-0.00556917601530862	-0.022108394028502	-0.0100817697033906
0.0525591212581541	0.0535444085054885	-0.0319031365994378	-0.0311585552881426	0.0168420394470739	0.00162541885678993	0.02094492565929	0.00528106901419985	0.00351986330984393	0.0292513032855157	-0.0391101883781181	-0.0318368860288723	-0.0117816492058813	-0.00558465040739184	-0.0220961522574606	-0.0100969311710514
0.0525627352558357	0.0535450497211575	-0.0318940464243646	-0.0312019693607949	0.0168422112761094	0.0016248530782584	0.0209454774679813	0.00527929624146774	0.00352902054015047	0.0292648638094799	-0.0391143751392514	-0.031840111664994	-0.0117669263912054	-0.00557649900558579	-0.0221061057686634	-0.010093473635581
0.052570260808797	0.0535582973206994	-0.0319099678513369	-0.0311788422902038	0.0168283685613714	0.00161898993629097	0.020937759131224	0.00527354485822258	0.0035085170055648	0.0292809277288231	-0.0391074530833904	-0.031823913635184	-0.0117962365131064	-0.00558533492956578	-0.0220750885322796	-0.0100998285159264
0.0525691390306221	0.0535654009844841	-0.0319311838477771	-0.0311442683324836	0.0168193342656594	0.00162801585009883	0.0209353409518708	0.00527664755974979	0.0034913690266155	0.0293011742183476	-0.0391253610216512	-0.0318196486429451	-0.0118049131809072	-0.00557979588789295	-0.0220828264268132	-0.0100984245469778
0.0525236979341445	0.0535459773185524	-0.0319615375167474	-0.03106603722689	0.0167841749716312	0.00160696050682193	0.020919493565052	0.00526019667583068	0.00348944677659234	0.0293406697508001	-0.039129965481009	-0.0317995320729354	-0.011795726613936	-0.0055513644689458	-0.0220956563281305	-0.0100707977908311
0.0525203270116838	0.0535506530240957	-0.0319767995672583	-0.0310105783579443	0.0167845144387501	0.00161411725599971	0.0209146921309462	0.00526996857910974	0.00346792623763397	0.0293673172211429	-0.0391493402524996	-0.0317904754254789	-0.0118104075190911	-0.00555701526934091	-0.0221044587244938	-0.0100904407832552
0.0524960781629179	0.0535543662076433	-0.0320117772533628	-0.0308875068590053	0.0167637301103747	0.00162205491924941	0.0209090175818226	0.00527359235567956	0.00343605544400876	0.029385044948464	-0.0391648272174391	-0.0317804143465059	-0.0118394396411705	-0.00555327973404881	-0.0221125919655075	-0.0100901027131203
0.0524835514071347	0.053560391399758	-0.0320396149540979	-0.0307757802673614	0.0167624015785636	0.00163668553297943	0.0209056103377772	0.00528540664960821	0.00339098454829866	0.0294216026235047	-0.0392077076421926	-0.0317696952880556	-0.0118696242750733	-0.00554714278321181	-0.0221398932243756	-0.0100971756432564
0.0524462742853194	0.0535405486386178	-0.0320555908634473	-0.0307178836612861	0.0167505160384495	0.00162714692603313	0.0209005867832108	0.00528036074329742	0.00339499109849227	0.0294447646186965	-0.0392171121386721	-0.0317647052611059	-0.0118509773322615	-0.00552369021534208	-0.0221734152531225	-0.0100818144068795
0.0524556298873579	0.0535533240575581	-0.0320534995783567	-0.0306746875181422	0.0167712933819048	0.00164513030143145	0.0209122446149283	0.0052954160401721	0.0033713108222259	0.0294225595575642	-0.0392275378304765	-0.0317680007464291	-0.0118809831522087	-0.00554564940728539	-0.0221758390204119	-0.0101007114098324
0.0524405382688985	0.0535362431338421	-0.0320579294147109	-0.0306716742235928	0.0167686963885959	0.00163555956385249	0.0209067195430958	0.00528559943340414	0.0033832201110685	0.0294218848142785	-0.0392171261085124	-0.0317679378821478	-0.0118643799970305	-0.00553541649927694	-0.0221770055020756	-0.0100869916296889
0.0524333717408325	0.0535225945998841	-0.0320420736459879	-0.0307076297985172	0.0167740468374249	0.0016277001317084	0.0209107512390019	0.00528075748676151	0.00341060937993042	0.0294053752570302	-0.0392063888892697	-0.0317788371515378	-0.0118382200741136	-0.00553361997781635	-0.0221822944836074	-0.0100761426517239
0.0524689152054686	0.0535410613317563	-0.0320107993645429	-0.0307626556024141	0.016799040278678	0.00164044481700001	0.0209233841655712	0.00529256339878599	0.00341233465520556	0.0293732376394555	-0.0392039707099164	-0.0317950156235714	-0.011849727031556	-0.00555920853426559	-0.0221752047896629	-0.0100943998359918
0.052434133097128	0.053498880796001	-0.0320240343912285	-0.030827500807047	0.0167621571063587	0.00159222931024185	0.0209076233917622	0.0052578706974233	0.00347116165264388	0.0293706643948751	-0.0391470883142457	-0.0317759076760301	-0.0118004665807446	-0.00553046698486412	-0.0221325157517214	-0.0100567399405527
0.0524998290650343	0.0535394086996506	-0.031976242170631	-0.0308999386198746	0.0168123633153574	0.00163112553654617	0.0209271183038793	0.0052836240979879	0.00345201039859776	0.0293271720911172	-0.0391706205102051	-0.031810660447706	-0.0118255857505603	-0.00556157642219382	-0.0221480683749102	-0.0100799592120897
0.0525141537392621	0.053524698457831	-0.0319352965687569	-0.0310420985085784	0.0168253915884067	0.00162363490818559	0.0209388054722614	0.00528055911502947	0.0035077752070457	0.0292839410233725	-0.0391290043559974	-0.0318242307505585	-0.0117816897184181	-0.00556654130343096	-0.0221356435989611	-0.0100844547066933
0.0525439402327168	0.053534815416165	-0.0319131990753948	-0.0311159347024184	0.0168353297327852	0.00162302302918112	0.0209450555788047	0.00527927668369134	0.00351185719437684	0.029258094024878	-0.0391110866388484	-0.0318284412604202	-0.0117932092487167	-0.00558510163323303	-0.0220950835646789	-0.0100893357688887
0.0525700875827774	0.0535499880596981	-0.0319036814232089	-0.0311681749201626	0.0168437968529817	0.00163390413777877	0.0209486947221988	0.00529444932722441	0.00351697155290503	0.0292510266826781	-0.0391158964548584	-0.0318411635939674	-0.0117922970181462	-0.00558781038526421	-0.0221004298225558	-0.010099465300079
0.0525505326003471	0.0535312600918126	-0.0319086854199988	-0.0311942119084849	0.0168204644257384	0.00161110815240242	0.0209378792718505	0.00527748714715089	0.00353101124239102	0.0292801985031603	-0.0390973864164813	-0.0318251793027138	-0.0117734293518578	-0.00556905447769815	-0.0220895640807824	-0.010082430476836
0.0525905003134013	0.0535738876624569	-0.0319087496812641	-0.0311647718670692	0.0168399132373826	0.00164685138575451	0.0209441852577549	0.00530104867977484	0.003483538931136	0.0292729369801804	-0.0391271784978722	-0.0318339160408278	-0.0118234721137252	-0.00559746075093279	-0.0220851356414122	-0.010112177854738
0.0525493270031306	0.053545320736059	-0.0319404011483969	-0.0311421756504089	0.0168077029766384	0.00162610756991596	0.0209261460029955	0.00528473050933844	0.00350314001403928	0.0293124087639044	-0.0391212566825756	-0.0318176006643594	-0.0117912869986936	-0.00556071588003229	-0.0221023031781379	-0.0100791433734171
0.0525300220808413	0.0535465570669242	-0.0319686691202127	-0.0310509064928778	0.0167855817345478	0.00161484927563062	0.020913948935443	0.00527215346213024	0.00347230159161109	0.0293518889295326	-0.0391318444245272	-0.0317911962692376	-0.0118178115344419	-0.00555427159270902	-0.0220913885419236	-0.0100812151007313
0.052524508184881	0.0535550353629929	-0.0319780275162193	-0.0309914215159621	0.0167876674317023	0.00163244708343709	0.0209143135482745	0.00528682319141307	0.00345650589320133	0.0293581767546447	-0.0391555302887297	-0.031796374889031	-0.0118236830583135	-0.00555866790144657	-0.0221239033451859	-0.0100878689356588
0.052488524670276	0.0535524453546042	-0.0320200683535717	-0.030869378197268	0.016765072612026	0.00163484151406187	0.0209118800020969	0.00528644600572538	0.00342172937279693	0.0294003349386555	-0.0391810308351852	-0.0317782224785653	-0.0118450485320447	-0.0055465728137282	-0.0221371998391688	-0.010083753420711
0.052459608497871	0.0535475796592331	-0.0320536783923123	-0.0307428603387309	0.0167488969339605	0.00163232275185856	0.0208979171467325	0.00528815172322413	0.0033870688020669	0.0294363729356376	-0.0392051413825323	-0.0317635751010269	-0.0118691814311363	-0.00553773688974821	-0.0221487040026431	-0.0100770409124542
0.0524268212827231	0.0535262365372463	-0.0320696570956298	-0.0306988246081858	0.016737925021401	0.00161692519389691	0.0208913708795751	0.00527293297921812	0.00339344184320471	0.0294577439973049	-0.0392030375245854	-0.0317441262893827	-0.0118566840120177	-0.00551857865078195	-0.0221600782466028	-0.0100724113073839
0.0524544829634706	0.053550523104581	-0.0320588486302017	-0.0306644797558462	0.0167702805684841	0.00164481039208893	0.0209051968305048	0.00529652664247473	0.00337007449136072	0.0294234689941667	-0.0392235662048836	-0.0317664878127262	-0.0118787102591944	-0.00555200428763084	-0.0221758013018431	-0.0100954657348056
0.0524426127901808	0.0535329755881996	-0.0320520550968713	-0.0306977405485798	0.0167709720755782	0.00164188091658126	0.0209081458637888	0.00529978860018117	0.00339609052492267	0.0294151527482453	-0.0392167503198088	-0.0317777544889157	-0.0118479333040635	-0.00553479484138428	-0.0222027365508958	-0.0100778539571588
0.0524051386936174	0.0534951662154694	-0.0320570297569966	-0.0307188531682018	0.0167435562640198	0.00159837184901498	0.0208925764767917	0.00526488495423018	0.00342868914722671	0.0294231644516485	-0.0391721041072433	-0.0317526213492598	-0.0118272481615541	-0.0055148696581864	-0.0221571962685521	-0.0100516255820245
0.0524445797436928	0.053514982433913	-0.0320177228173879	-0.0307793244158416	0.016782349113506	0.00162574295708453	0.0209178688726269	0.00529064673669895	0.00343140628116205	0.0293762383611486	-0.0391857484502493	-0.0317840576808521	-0.0118298060393102	-0.00554749063223489	-0.0221626151695985	-0.0100770492943584
0.0524888306097782	0.053539183785222	-0.0319833290706073	-0.0308479051557666	0.0168203191393994	0.00165754390150832	0.0209430537006919	0.00532021250667721	0.00342903140831368	0.0293214262958081	-0.039191923119655	-0.0318197590046834	-0.0118348854732377	-0.00557016088904869	-0.0221772611501528	-0.0100943774842474
0.0524898881266878	0.0535155649762529	-0.0319651277657006	-0.0309624285094355	0.0168175768597516	0.00162581140930192	0.0209404008280219	0.00529272684591732	0.00347188668735465	0.0293219473708507	-0.0391544546110278	-0.0318100290109252	-0.0118020437757127	-0.00555926860457881	-0.0221472804759181	-0.0100751703508401
0.0525236783763681	0.0535227566500314	-0.0319355619957223	-0.031067017909678	0.016830065896966	0.00162149193468594	0.0209491571239122	0.00528983788294647	0.0035018547887331	0.0292756289684032	-0.0391242629922048	-0.0318276701252365	-0.0117884371512755	-0.00557543450375611	-0.0221150548483497	-0.0100810320958235
0.0525425362637682	0.0535253648192125	-0.0319099315297522	-0.0311467982705591	0.0168365409179379	0.00162709523762408	0.0209511841477375	0.00529021087768207	0.00352368545814579	0.0292549466198619	-0.039110724819985	-0.0318418704678858	-0.0117763071389564	-0.00557991183756731	-0.0221061434872322	-0.010079876790032
0.0525712820041218	0.0535491708240415	-0.0318990671849629	-0.0311611913970043	0.0168463770824822	0.00163601498064577	0.0209532419052114	0.00529595667299112	0.00350285502929747	0.0292493153772432	-0.0391194182515941	-0.0318428748994023	-0.0118006914951732	-0.00559622721403566	-0.0220905182208739	-0.0100942252129883
0.0525666258563549	0.0535484262315543	-0.0319094900827992	-0.0311837512920798	0.0168289133851425	0.00161662903328288	0.0209396674114069	0.00527317326047102	0.0035174660852511	0.0292705425495556	-0.039105813024141	-0.0318301190382384	-0.0117846052240855	-0.0055802303499258	-0.0220834173510572	-0.0100840174506924
0.0525558453306073	0.0535484863018675	-0.0319307088732074	-0.0311558185964309	0.0168090356994016	0.00161174936807148	0.0209281269263478	0.00526956764469357	0.00350849605080438	0.0293016044894283	-0.0391064011544169	-0.0318114846682828	-0.0117942681626103	-0.00557288361092015	-0.0220732542922502	-0.0100880924531034
0.0525378857039375	0.0535462175998053	-0.0319514401161897	-0.0310970893878745	0.0167976921890905	0.00161857782600257	0.0209273781429086	0.00527744663461406	0.00349033525843444	0.0293233192091667	-0.0391283393915998	-0.0318052373557076	-0.0117984814664401	-0.00556167421107581	-0.0220951031224553	-0.0100814875126168
0.0525546159846623	0.0535737884765909	-0.0319608613764776	-0.0310245915047337	0.0168070687458895	0.00163622452825004	0.0209275904844809	0.00529223231357125	0.00344358658490617	0.0293423517195704	-0.0391607605969322	-0.0318030580606232	-0.0118409833085219	-0.00557757747725576	-0.0221077653856892	-0.0101018611276878
0.0524835821407833	0.053530001409203	-0.0320078670950672	-0.0309525071288654	0.0167534022074523	0.00159822656267602	0.020899315527745	0.00525991169108888	0.00347521430331043	0.0293846412200798	-0.0391407557856447	-0.0317750289730762	-0.0118033429708592	-0.00553461742441266	-0.0221059995978772	-0.0100641760865362
0.0524967179816029	0.0535655113462223	-0.0320296893825757	-0.0308118098824394	0.0167646605017377	0.00163487643866258	0.0209026836562376	0.00528451397681403	0.00339907727677551	0.0294151443663412	-0.039197469146248	-0.0317724878591285	-0.0118684158838887	-0.00555415983398674	-0.0221312864057763	-0.0100978671503505
0.0524820580312083	0.053565938823335	-0.0320461598242712	-0.0307366381718681	0.0167681278160963	0.00164737385778115	0.0209005406827379	0.00529383744821995	0.00338068458505685	0.0294310839541058	-0.0392203992420911	-0.0317719039198046	-0.0118714976306555	-0.00554872556611605	-0.0221765682460747	-0.0100977525976601
0.0524440223470655	0.0535404871713206	-0.0320608826389471	-0.0306979626690403	0.016751818027564	0.00162493969126817	0.020892344577443	0.00527924874401077	0.00339332030559424	0.0294487488171457	-0.0392104904343773	-0.0317555578096876	-0.0118581466542955	-0.0055312171652874	-0.022179578746656	-0.0100810935631208
0.0524221818987646	0.0535235417550554	-0.0320740506103993	-0.0306675000353158	0.0167421592799913	0.00161313517622771	0.0208942640334981	0.00527575907790769	0.00339539622386053	0.0294428675143859	-0.0391991608939065	-0.0317485645076411	-0.0118556460528846	-0.00552766603188706	-0.0221603366886481	-0.0100763801390088
0.0524475902442742	0.0535390035742824	-0.032045758889855	-0.0306738535186772	0.0167763295093274	0.00163874468743738	0.0209109104951811	0.00529870873152717	0.00338752282187614	0.0294059591963541	-0.0392196406797636	-0.031775950982535	-0.0118618430740348	-0.0055494645706671	-0.0221843704018736	-0.0100938871428534
0.0524516945833498	0.0535314403027523	-0.032027349434328	-0.030726567314007	0.016785395935672	0.00162688988097189	0.0209124443836444	0.00528466345410507	0.00341163197223925	0.0293872200525963	-0.0392016782591257	-0.0317812343761306	-0.0118460487726091	-0.00554690250195891	-0.022178544978475	-0.0100830549286967
0.0524379845820945	0.0535028663914342	-0.0320126056648917	-0.03081566974931	0.016784314670034	0.00161235286517177	0.0209164369639977	0.00527551320871868	0.00345713174204609	0.0293672292111491	-0.0391679578586469	-0.0317841708365584	-0.0118012642586248	-0.00553955715993729	-0.0221575650723356	-0.0100750390343415
0.0524611563561745	0.053511397772896	-0.0319980840159159	-0.0308633306534088	0.0167918849264842	0.00161386579887459	0.0209241636826591	0.00527769669475516	0.00345810823388197	0.0293468374352857	-0.0391562748812169	-0.0317889163913031	-0.0118138552756733	-0.0055522822874525	-0.0221345274087223	-0.0100778399873185
0.0525042714742448	0.0535202700184608	-0.03195027503151	-0.0309978672002694	0.0168235112479044	0.00161922882055984	0.0209394285271381	0.00527952814081646	0.00348962279657993	0.0293035630610362	-0.039143468728628	-0.0318121412507762	-0.0117928013293804	-0.00556632057995446	-0.0221361381313071	-0.0100804118349149
0.0525212629909829	0.0535155579913328	-0.03193171889266	-0.031091516818585	0.0168216825958112	0.00159963053162462	0.0209395891803013	0.00526060040421491	0.00351729844716769	0.0292814166732331	-0.0391050642407017	-0.0318112876935348	-0.011781241286545	-0.00556946798497057	-0.0220901116985216	-0.0100766301991499
0.0525866376525626	0.0535568598241341	-0.0318929651587266	-0.0311529212515558	0.0168624256350011	0.00164189348943752	0.0209595003936589	0.0052959119695022	0.00350269856708628	0.0292379383393155	-0.0391255202778304	-0.0318498933471612	-0.0118007585504065	-0.0056044079525063	-0.0221071255670042	-0.0101102737655072
0.0525773379298851	0.0535480965433236	-0.0319024883988486	-0.0311985425589731	0.016841994743585	0.00162206609512163	0.020945417397668	0.00528042081361065	0.00352263492615639	0.0292630379513547	-0.0391065673955163	-0.0318359472556051	-0.0117814480401812	-0.00558632678822599	-0.0220981639144616	-0.0100915220488932
0.0525627729744044	0.0535406617943241	-0.0319185956246967	-0.03118925820312	0.0168140410931755	0.00160314254947216	0.0209334228927997	0.00526312894530641	0.0035272254156739	0.029289264929505	-0.0390950031617288	-0.031818906844426	-0.0117770363646193	-0.00557440492652714	-0.0220759155468244	-0.010084539922719
0.0525676163180311	0.0535538199868882	-0.0319288620603218	-0.0311564081236909	0.0168191750094801	0.0016205475734827	0.0209328794660127	0.00527463310878075	0.00350336911941995	0.0293008361482127	-0.0391196641207831	-0.0318168798206007	-0.0117922648875135	-0.00557597653355915	-0.0220885959708507	-0.0100942252129883
0.0525466294269716	0.0535534861077054	-0.031954743983417	-0.0310776168275019	0.0168008256242663	0.00161388815061905	0.0209210120866909	0.00526806309289492	0.00348296337371628	0.0293300959786887	-0.0391270387994693	-0.0317983711792077	-0.0118086026157263	-0.00556640858994825	-0.0220910532657568	-0.0100931285805259
0.0525789081399331	0.0535512313754834	-0.0319004935056559	-0.0311799179679058	0.0168590994160294	0.00164227766004534	0.0209608680410228	0.00530212994541287	0.00350364153130549	0.0292405576843688	-0.0391242420374444	-0.0318485704032863	-0.0117988097576868	-0.00560069337197464	-0.0220878318205871	-0.0100981549290603
0.0525642761292191	0.0535378287107144	-0.0319138291151916	-0.0311908395890402	0.0168339173819324	0.00162147656786162	0.0209446714081969	0.00528396635907487	0.00351554104125989	0.0292637671770176	-0.03910105489654	-0.031828624265328	-0.011790866506501	-0.00558792214398648	-0.0220664551709837	-0.0100858530877057
0.0525611748246759	0.0535434222347644	-0.0319208866785034	-0.0311710974107501	0.0168298773041221	0.00162812062390096	0.0209456157694001	0.00529018573196956	0.00350383431510142	0.0292802683523617	-0.0391161814396002	-0.0318294680436812	-0.0117949289360558	-0.00558252978563664	-0.0220766866820081	-0.0100907201800609
0.0525345622789338	0.0535328805932856	-0.0319523272010478	-0.031113756804318	0.0168069974997041	0.00162258577318022	0.020941243209391	0.00528963532026235	0.00348770473750886	0.0293124185427926	-0.0391240408717443	-0.0318092313330449	-0.0118043306385673	-0.00556785865936979	-0.0220756948233479	-0.0100807876236186
0.0525319736675291	0.0535427419035425	-0.0319674104376031	-0.0310336439612381	0.0168002291120862	0.00162592037405614	0.0209338042694395	0.00528762785421346	0.00345608121005668	0.0293420611468924	-0.0391499423526159	-0.0317988559326656	-0.0118310814857282	-0.00557017904984106	-0.022084877199367	-0.0100844491187571
0.0525073909395803	0.0535343418385794	-0.0319964635144429	-0.0309553192577147	0.0167802284917508	0.00161973313179411	0.0209220067393192	0.00528034537647311	0.00345362670911869	0.0293577115589632	-0.0391528215366985	-0.0317872735380857	-0.0118296020796421	-0.00556179295471823	-0.0220907962206955	-0.0100813156835813
0.0524926667279204	0.0535472220313218	-0.0320268339472215	-0.030829316886284	0.0167781553674525	0.00164103993219613	0.0209198218562987	0.00529595248203903	0.0034052184185646	0.0293966091822516	-0.0391959101120722	-0.0317829317117252	-0.0118616265415104	-0.00555751818359115	-0.0221283192116999	-0.0100942294039404
0.0524835975076076	0.0535565035932068	-0.0320506553188748	-0.0307291084279547	0.0167720589291524	0.00164938272081407	0.0209148430052212	0.00530487641601281	0.00336543790137027	0.0294197711774434	-0.0392173845505577	-0.0317706773678276	-0.0118928239888339	-0.00556169237186818	-0.0221429093128931	-0.0101012199120188
0.0524485904848385	0.0535335888641881	-0.0320648752193004	-0.0306966802377022	0.0167601189066611	0.00163739799483394	0.0209037747007638	0.00529224348944348	0.00338608672229489	0.0294323063151307	-0.0392163158577759	-0.0317651830296437	-0.0118658719759729	-0.00553829428637556	-0.022165980504123	-0.010080906367261
0.0524298206074322	0.053516942402505	-0.0320677753581435	-0.0306848952804381	0.016760504474253	0.0016325309024788	0.020901232189832	0.00528987979246733	0.00339847517665924	0.029426969836142	-0.03920994002267	-0.0317662056219525	-0.0118509354227406	-0.00553097967800256	-0.0221700205819333	-0.010075603415889
0.052436290040468	0.0535182262308271	-0.0320572602593613	-0.0306844831701497	0.0167677562183447	0.00163604990524648	0.0209058017245891	0.00528948723995533	0.00339358992351173	0.0294073547833985	-0.0392024871128782	-0.0317686545349544	-0.0118582123125449	-0.00554160932947509	-0.0221609136430518	-0.0100809357039256
0.0524376870244964	0.0535111966071959	-0.0320384959698911	-0.0307244369133636	0.0167722153913635	0.00162580163041372	0.0209071093016397	0.00528413399715829	0.00341733865199549	0.0293884563834615	-0.039193199963057	-0.0317747900888074	-0.0118394033195857	-0.00554124052569158	-0.022158175554356	-0.0100741966529723
0.0524662944634312	0.053518905165065	-0.0320116543187683	-0.0308039001588702	0.0167937820307949	0.00163415838887195	0.0209204952026004	0.00528913799394822	0.00343816768385979	0.0293533389989542	-0.0391800152277965	-0.0317927189818286	-0.0118283420000484	-0.00555760479660092	-0.0221568148919123	-0.0100832295517003
0.0524574445696109	0.0535025003816188	-0.0320093730438498	-0.0308527149717766	0.0167795677183053	0.00160883525938812	0.0209123158611138	0.00526636296333229	0.00346744986608027	0.0293476407011021	-0.0391512918391874	-0.0317878896080422	-0.0118041783673082	-0.0055430971174654	-0.0221368757388742	-0.0100566966340478
0.0524990341811221	0.0535107858938916	-0.0319597815078237	-0.0309839937518828	0.0168213361437721	0.00161300805068112	0.0209365828706721	0.00527040164415856	0.00348876644537049	0.0293057688988172	-0.0391374183908008	-0.0318093989711283	-0.0117884050206429	-0.00556239365785047	-0.0221252374649331	-0.0100790553634233
0.0525321315267243	0.0535172176083586	-0.0319287405227113	-0.0310804471171435	0.016834339271109	0.00161765162559171	0.0209452274078402	0.0052773698004925	0.00350860920651069	0.0292649043220168	-0.0391148934203259	-0.0318245366900607	-0.0117819062509425	-0.00558251581579636	-0.0220966328199664	-0.010087778131697
0.0525568455711717	0.0535282300334549	-0.0319140400597799	-0.0311399320940592	0.0168371709577347	0.00162162325118461	0.0209468073967764	0.00528145318480768	0.00351823582345078	0.0292481558804996	-0.0391084407510985	-0.0318371947623425	-0.011782472029474	-0.0055875742949634	-0.0220867603338373	-0.0100821077735255
0.0525760946140998	0.0535403935733907	-0.0319040446390563	-0.0311766965227361	0.0168452664801796	0.00162252151191491	0.020945023448172	0.00528507835836152	0.0035129202992225	0.0292564302169001	-0.0391029603827549	-0.0318332790161108	-0.0117919002746821	-0.00559812012739422	-0.0220734568549343	-0.0101032706845725
0.0525890907565165	0.0535547531722192	-0.0319026714037563	-0.0311763067641922	0.0168514453405375	0.00163571882003174	0.0209467543113833	0.00529688985832212	0.0035032294210171	0.0292581387283669	-0.0391169204441512	-0.0318410252925486	-0.0118033569406995	-0.00560452529916469	-0.0220853382040963	-0.0101058760597856
0.0525633499288082	0.0535398752923161	-0.0319334190222226	-0.0311447153673727	0.0168176578848252	0.00161107322780171	0.0209303118093683	0.00527287011493684	0.00350721641343431	0.0292940440118663	-0.0391065408528198	-0.0318149100731206	-0.0117958383726583	-0.00558355098096144	-0.0220688118830397	-0.0100886121311619
0.0525613019502225	0.0535542781976495	-0.0319489227509705	-0.0310890511417748	0.0168190744266301	0.001628024232003	0.0209320412755956	0.00528512725280252	0.00348080503339231	0.0293094974491891	-0.039137579043964	-0.0318153934295945	-0.0118066035315816	-0.00557960869203314	-0.0220975701962495	-0.0100954210313166
0.0525412887570308	0.0535503806122101	-0.0319705899732518	-0.0310291121450498	0.0168042915416409	0.00162122091978441	0.0209155596580278	0.00527293717017021	0.0034623117588236	0.0293478223090258	-0.0391444717631604	-0.0317938547298437	-0.0118179218961801	-0.00557141398372221	-0.0220979138543205	-0.0100905343811851
0.0524957470777031	0.0535338738489299	-0.0320129130013779	-0.0309180798544681	0.0167645836676161	0.00160958683679543	0.0209028303395605	0.00527042259891898	0.00345244346364658	0.0293790588719021	-0.0391484839012902	-0.0317750010333957	-0.0118224034209434	-0.00555403550240821	-0.0220984167685708	-0.0100792132226185
0.0524807029567007	0.0535452271381291	-0.0320415022795203	-0.0307954148778814	0.0167599331077854	0.00162210241670637	0.0208927930093161	0.00527665733863799	0.00340107775790426	0.0294184412486483	-0.0391932111389293	-0.0317623289912735	-0.0118560441933327	-0.00554601262313278	-0.0221248602792454	-0.0100775605905128
0.0524697631747738	0.0535452620627298	-0.0320528667445918	-0.0307258883797691	0.016767768791201	0.0016390799636042	0.0208900339658599	0.00528780108023299	0.00338707578698704	0.0294327365862115	-0.0392160196971619	-0.0317673455609197	-0.0118580432774774	-0.00554749761715503	-0.0221637173899969	-0.0100881427445284
0.0524395883197592	0.0535247431613199	-0.0320656519424202	-0.030686705771739	0.0167556094422173	0.00162421605354143	0.0208842672157904	0.00527416651611525	0.00339476478707966	0.0294379445426696	-0.0392053579150567	-0.0317515652293343	-0.011850510739596	-0.00553654526237193	-0.0221637173899969	-0.0100752457879777
0.0524292450500125	0.05351699269393	-0.0320670321626404	-0.0306729762127073	0.0167634381407128	0.00162379695833289	0.0208914924171856	0.00528076586866568	0.00339763139830606	0.0294224603716982	-0.0392059781759653	-0.0317564546734339	-0.0118460571545133	-0.00553763490991413	-0.022162884787516	-0.0100768048221534
0.0523982850899738	0.0534898101787043	-0.0320727793549334	-0.0306770023206773	0.0167404577534446	0.00158979716104831	0.0208842700097585	0.00525353864995106	0.00342167908137191	0.029425497414976	-0.0391751579143295	-0.0317411241707056	-0.0118274632970945	-0.00552639477642117	-0.0221295611305012	-0.0100538523745659
0.0524549816867687	0.053525093804311	-0.0320136464179929	-0.0307341208066488	0.0168035469491538	0.00163974353101772	0.0209206488708435	0.00529934994719624	0.00341469555821365	0.029364422670236	-0.0392108857808573	-0.0317997625753	-0.0118313622795179	-0.00556263673307142	-0.0221779624361351	-0.0100921059882171
0.0525036330525438	0.0535488229750184	-0.0319864750786394	-0.0308176129540936	0.0168372002943993	0.00166269039066915	0.0209361525995913	0.00531977105972422	0.00341289903675306	0.0293179450116092	-0.0392004782498453	-0.0318189264022024	-0.0118501014232756	-0.00558969072576651	-0.0221715558673806	-0.010104273719105
0.0524636779123459	0.0534971331689814	-0.0319990493318795	-0.0308983600279224	0.0167983180379353	0.00160235045952802	0.0209178786515151	0.00526519787865256	0.00347348204311514	0.0293424746541649	-0.0391393364498718	-0.0317867301112986	-0.0118024600769532	-0.00555069950454826	-0.0221195335791449	-0.0100643437246196
0.0525183377064273	0.0535177736080019	-0.0319361417440941	-0.0310263139860408	0.0168476357650919	0.00162826591023992	0.0209503655150968	0.00529012985260842	0.0035004703775609	0.0292667567228385	-0.0391416289006625	-0.0318321390771436	-0.0117758964256521	-0.00558193746440858	-0.0221385674865326	-0.0100871103733314
0.0525310516580703	0.0535111085972021	-0.0319208573418388	-0.0311277280415866	0.0168476986293731	0.00161395660283644	0.0209477461700435	0.00528002267316254	0.00353104337302367	0.0292510839590232	-0.0391064067423531	-0.0318351607535971	-0.0117562310814835	-0.0055829251321167	-0.0221045523224237	-0.0100798502473355
0.0525595305744744	0.0535326361210806	-0.0319086504953981	-0.0311612305125571	0.016851814144321	0.0016255599521768	0.0209455808447994	0.00528829561257906	0.00351989264650853	0.0292360216772284	-0.0391091979164419	-0.0318449927271894	-0.0117720086191009	-0.00559186303593076	-0.0220908926125935	-0.0100804956539566
0.0525566527873758	0.0535291548368817	-0.0319058509394051	-0.0311959595355045	0.016843370772853	0.00161389792950725	0.0209433289065455	0.00528081336612264	0.00352434623159125	0.0292570826084414	-0.0390979270493003	-0.0318295867873236	-0.0117674879787848	-0.00558796824445942	-0.0220751290448164	-0.0100887378597245
0.0525629853159768	0.0535414329295078	-0.0319191655941803	-0.0311694880851493	0.0168343923565021	0.00161540248130589	0.0209355351326507	0.00527936748765319	0.00350633771048041	0.0292710370819017	-0.0391065478377399	-0.0318239918662896	-0.0117837754155726	-0.00558997291654026	-0.0220610404608894	-0.0100925083196173
0.0525683651014704	0.0535545017150941	-0.0319329859571738	-0.0311342463690634	0.0168338936332039	0.00162800188025854	0.0209316612959398	0.00528921762203784	0.00348827051604038	0.0292841952744657	-0.0391246597356689	-0.0318250717349436	-0.0117961876186654	-0.00558696241595893	-0.0220804934634857	-0.010097499743551
0.0525330940487199	0.0535425882352994	-0.0319681228994576	-0.0310553894146251	0.0168006565891989	0.00160985226376083	0.0209130422928086	0.00526961514215054	0.00347412186180017	0.029328787004654	-0.0391257773228916	-0.0317979814206638	-0.0118037872117802	-0.00556592942442649	-0.0220733856087489	-0.0100813841357987
0.0525328998679399	0.0535496807232118	-0.0319666854028923	-0.031007326179126	0.0168156168911596	0.00163433440885954	0.0209216099958551	0.00529170565059252	0.00345792383199022	0.0293339795942878	-0.0391622036814336	-0.0318095749911159	-0.0118096363839074	-0.00556507307321705	-0.0221229100895417	-0.0100943411626626
0.0524996083415578	0.0535477486943005	-0.0320105269526573	-0.0308870165176113	0.0167900814201035	0.00163575514161648	0.0209149170453748	0.0052935063630052	0.00342530285794173	0.0293684138536053	-0.0391748421959391	-0.0317904740284948	-0.0118366917735865	-0.00555775147992391	-0.0221301841853779	-0.0100878465839144
0.052447729942677	0.0535266262957902	-0.0320550739793568	-0.0307727991034447	0.0167520387510405	0.00161237521691623	0.0208930123358086	0.00527142283948336	0.00340849434611134	0.0294260813542999	-0.0391847216669883	-0.0317546665338774	-0.0118423467649337	-0.0055315999389112	-0.0221265408510316	-0.0100700322435835
