0.0527360381094859	0.0536179485387145	-0.0314629832536558	-0.0313137630076722	0.0167327645623999	0.00134694126658931	0.0209378205985213	0.00502731245336681	0.00356642478751239	0.0293375167578479	-0.0391980726433483	-0.0320271636354522	-0.0120767117904677	-0.00555281872931942	-0.0218988059116967	-0.00977244810282566
0.0527407403577257	0.0536380734906284	-0.0314774140986698	-0.0312408655870993	0.0167343822699049	0.00136901082027087	0.0209455403322626	0.0050503654838044	0.00352434483460722	0.0293446553462333	-0.0392307425118378	-0.0320272446605259	-0.0121039054815657	-0.00556128165856381	-0.0219124544456547	-0.00979320449152047
0.0527292124455228	0.0536404930669657	-0.031498977944133	-0.0311809573240229	0.0167198145204561	0.00136416607966018	0.0209301232165245	0.00504060335941355	0.00350199867808803	0.0293880680219016	-0.0392400128978506	-0.0320074130752579	-0.0121254469752845	-0.00555564343102496	-0.0219063468314823	-0.00979968090947639
0.0527074320675352	0.0536433890148567	-0.0315209371360763	-0.0310957175495586	0.0167133674391648	0.00137975781840179	0.0209331309231378	0.0050505177550635	0.00348924840486031	0.0293919027430597	-0.0392649672235509	-0.0320153130199388	-0.0121269766727956	-0.00554825478249845	-0.0219434605061663	-0.00979311927549473
0.0526721107233597	0.0536388907262851	-0.0315659591373454	-0.0309679829179326	0.0166907195340955	0.00137085623617246	0.0209220835734407	0.00504166087632309	0.00344458403150249	0.0294500116907074	-0.0392850893814968	-0.031986015470894	-0.0121601746012479	-0.00553386584700535	-0.0219426390795576	-0.00978919095640671
0.0526376066148408	0.053624257318587	-0.0315944953300947	-0.0308827934348933	0.0166734262688072	0.00135941912793149	0.020914043930357	0.00503225777682755	0.00343719258900792	0.0294797688474976	-0.0392995886787282	-0.031972217459645	-0.0121508916423788	-0.00551642450141007	-0.0219644250454813	-0.00977713638122516
0.0526476397541332	0.0536374867573365	-0.0315768402459431	-0.0308536272023472	0.0167033524606648	0.00138822773256633	0.0209279439214401	0.00505605959070439	0.00342422578325579	0.029457257846863	-0.0393294534032885	-0.0319976341870587	-0.0121550071573266	-0.00552793844377261	-0.022009377197549	-0.00979231600967837
0.0526321891107785	0.0536265064628728	-0.0315860994560837	-0.0308393947290653	0.0166997705936158	0.00138250009804965	0.020924943199747	0.00504849911314239	0.00342627655580956	0.029455441767626	-0.039318283118997	-0.0319870226963786	-0.0121575161406417	-0.00552479243574052	-0.0219963070149788	-0.0097867113097562
0.0526253941804641	0.0536132071749219	-0.0315720849123102	-0.0308640934066884	0.016704442108207	0.0013801755166263	0.020931425205639	0.00505008608699871	0.00344243686705075	0.0294387897180068	-0.0393105494154155	-0.0319947340482156	-0.0121359020037534	-0.00552146202581668	-0.0220045771604272	-0.00978255388528751
0.0526224563230522	0.0536056648581523	-0.0315630198829496	-0.0308871701858545	0.016697570343771	0.00135678581303785	0.0209230111708356	0.00503076440090112	0.00345530169296881	0.0294274029011909	-0.039280630208478	-0.0319875689171337	-0.0121340342361074	-0.00552585274661812	-0.0219610904446054	-0.00977959088216316
0.0526622997045278	0.0536192225881484	-0.0315305078736553	-0.0309620359569235	0.0167332339490335	0.00138272640946226	0.0209337078775415	0.00505529683742486	0.00347771071376928	0.0293750676885328	-0.0392861161647577	-0.0320256884203182	-0.0121144191833638	-0.00554510737748234	-0.0219809485725699	-0.00979444221936968
0.0526900102797163	0.0536284259189279	-0.0315050995281457	-0.0310524990546702	0.0167543284078632	0.00139045452510769	0.0209412795309758	0.00505772758963437	0.00348973036435012	0.0293547890683757	-0.0392767563717671	-0.0320407590840172	-0.0121095297392642	-0.00554216253515035	-0.0219868773727867	-0.00979306199914956
0.0526947237038283	0.0536079265752943	-0.0314815882869468	-0.0311765763821097	0.0167507046312934	0.00135884636447982	0.0209383710102285	0.00503877051636821	0.00353762735874979	0.0293356755328984	-0.0392272053482777	-0.0320321564563699	-0.0120775024834278	-0.00554419933786384	-0.021939472116765	-0.00978394528137986
0.0527377815455534	0.0536221730184165	-0.0314425314074792	-0.0312791401555109	0.0167757469669875	0.00137523857506974	0.0209541597237181	0.00504959714258875	0.00355558419145157	0.0292914498125255	-0.0392187703587139	-0.0320601101067794	-0.0120682851828081	-0.00556149120616808	-0.021937407374371	-0.00979399518448057
0.0527371487117885	0.0536156393241154	-0.0314451982499895	-0.0313373957864816	0.0167612784034048	0.00135956301728642	0.0209477824916282	0.00503582148308414	0.00357611845968586	0.0292968295980191	-0.0391947045148557	-0.0320540597689521	-0.0120542776239547	-0.00555101522293868	-0.021910949893856	-0.00978258042798405
0.0527490370458707	0.0536249572075852	-0.0314381378927097	-0.0313603538220052	0.0167582581239352	0.0013563415721168	0.0209497242994278	0.00503327059024818	0.00356972306680358	0.0293063933506779	-0.0391995352856261	-0.0320499051384515	-0.0120585496011137	-0.00555211325238505	-0.0219020566935309	-0.00978705357084317
0.0527418090505074	0.0536255299710369	-0.0314515126177982	-0.0313418549595004	0.0167475209046925	0.00134940414943148	0.0209563767373713	0.00503339631881074	0.00356106455979521	0.0293200865881248	-0.0391991636878745	-0.0320432750522524	-0.0120708961459572	-0.00555147343370002	-0.0218870223514166	-0.00978999003127099
0.0527557076446065	0.0536460670332393	-0.0314572165035863	-0.0312983179522536	0.0167594525452796	0.00137291399364638	0.0209696718343701	0.00505648147988098	0.0035237106038583	0.0293228763652296	-0.0392289180506966	-0.0320487330688516	-0.0121001811221458	-0.005567034438793	-0.0218997446849638	-0.0098067356788201
0.0527388767810317	0.0536480339867513	-0.0314919734662144	-0.0312130907506455	0.0167305070362099	0.001361604010952	0.020948460028882	0.0050424222326186	0.00350303524023714	0.0293581250662357	-0.0392345730420438	-0.032023520301106	-0.0121178837037544	-0.00555724437472157	-0.0218934191412829	-0.00979935960314985
0.0527256990306913	0.0536477755447061	-0.0315027148764092	-0.0311696291805362	0.0167272981638966	0.00136950395563292	0.0209422783745561	0.00504509186909698	0.00349622773706647	0.0293832805576361	-0.0392545680744431	-0.0320261927315525	-0.012107703881139	-0.0055451199503386	-0.0219305132581905	-0.00980071328067342
0.052695053392059	0.0536463436360769	-0.0315401777971003	-0.0310509428144625	0.0167060849614245	0.00137835384945319	0.0209360408408691	0.00505074546346014	0.00347045477872548	0.0294089166115423	-0.039275378945515	-0.0320172310790099	-0.0121242008655311	-0.00553566655941803	-0.0219492230652837	-0.00979917240729003
0.0526638657236237	0.0536459790232455	-0.0315747405789483	-0.03094477901322	0.0166905882175968	0.00137716222207692	0.020921751091242	0.0050435859203143	0.00343513203756595	0.0294570552841789	-0.0393015374714479	-0.0319938581392298	-0.0121462019669952	-0.00551899914297451	-0.0219624622829214	-0.00979254092410695
0.0526402133870379	0.0536388222740677	-0.0315908827293971	-0.0308677367410346	0.0166881476864991	0.00137418524911228	0.0209230656532127	0.00504809678174219	0.00341974984642861	0.0294722726312009	-0.0393151091712843	-0.0319838263969214	-0.0121520846667391	-0.00552074676999411	-0.0219778891775476	-0.00979627785638307
0.0526405975576457	0.0536385358923418	-0.0315856929337314	-0.0308497170440515	0.0167026134561137	0.00138880748093814	0.0209277860622449	0.00505742165013214	0.00342022342401426	0.0294566976562676	-0.0393262585008154	-0.031999267261388	-0.0121426256878824	-0.0055219048697537	-0.0220112561410673	-0.00979596074100861
0.0526059872783407	0.0536060266770156	-0.0316036958669061	-0.0308437812589146	0.016681615389182	0.00136228853312594	0.0209188802890635	0.00503651299017823	0.00343972671803554	0.0294689589850854	-0.0393036930178038	-0.0319792722289887	-0.0121240835188727	-0.00550410030831102	-0.0219865895940768	-0.00977478106615318
0.0526073688955449	0.0536009486400722	-0.0315824435488812	-0.0308731779938254	0.0166953798728144	0.00135942331888358	0.0209279062028713	0.00503494417711427	0.00345708983252523	0.0294469830293337	-0.0392991151011425	-0.0319908993270575	-0.0121045075816819	-0.0055070102260423	-0.0219941486746548	-0.00977874151587385
0.052635456656421	0.0536128984414516	-0.0315521653170485	-0.0309281046118563	0.0167174550144321	0.00136721569579431	0.0209351174344262	0.00504007669643482	0.00346622331410328	0.0294195937604718	-0.0392927979393659	-0.032007515055092	-0.0121067064345427	-0.00552628581166694	-0.0219873621262446	-0.00979309971771833
0.0526227552776343	0.0535914798823273	-0.0315405256461234	-0.0309999710582162	0.0167103862752481	0.0013516532937173	0.0209388669395586	0.00502925286418234	0.00350586972083088	0.0293963647100466	-0.0392638580182323	-0.0320118792331969	-0.0120637743213802	-0.00551330503607452	-0.0219758565657862	-0.00977745908453573
0.0526918487106977	0.0536318066202768	-0.031497404940117	-0.0310786226560024	0.0167611959813471	0.00138733086882006	0.0209612452267105	0.00505911898572671	0.00348251633882717	0.0293528053510553	-0.0392825622373894	-0.0320412005309702	-0.0120971636366443	-0.00555060590661835	-0.0219723655026991	-0.00980794267302068
0.0526958273212108	0.0536090078409324	-0.031475164954384	-0.0312151024076465	0.0167551163068552	0.00136392859237535	0.0209540479649959	0.00503835421512773	0.00354912453730399	0.0293191212721612	-0.0392289404024411	-0.0320479060543068	-0.0120452405342746	-0.00553791011576773	-0.0219492761506767	-0.00978498743146508
0.0527241958758767	0.0536158740174322	-0.0314462152543623	-0.0313097578544626	0.016766542239224	0.00136268108563794	0.0209641104409528	0.00503788901944626	0.00357331331575672	0.0292959690558575	-0.0392160616066827	-0.0320605305989719	-0.0120313559100158	-0.00554800891330945	-0.0219350562502511	-0.00979358866212829
0.0527515376472816	0.0536396395097243	-0.0314478636955158	-0.031323275071922	0.0167633068242141	0.0013662629526869	0.0209627078689883	0.00503163611893488	0.0035534258511276	0.0292918842745583	-0.0392107363035663	-0.0320571275458786	-0.0120695047498649	-0.0055651247616261	-0.0218907495048045	-0.00979601941433781
0.0527637766243549	0.0536463576059172	-0.0314345071312198	-0.031363383880363	0.0167709413419296	0.00137311515934648	0.0209681966192361	0.00504438918613066	0.00356164151419896	0.0293033409405757	-0.0392145682307563	-0.0320624123364582	-0.0120580257321031	-0.00556696738355963	-0.021915659127016	-0.0098162351702136
0.0527468256201536	0.0536397331076542	-0.0314543191587113	-0.0313437897823798	0.0167494529336039	0.00135994159995813	0.0209610803825951	0.00503304846978765	0.00355490525721374	0.0293302887624846	-0.0392136154876489	-0.0320480932501666	-0.0120612304134644	-0.00555238007633449	-0.0219006918401351	-0.00980115612461044
0.0527369517370405	0.0536447007828594	-0.0314801968908545	-0.0312896259176285	0.0167324041405206	0.00135970131870524	0.020951206499482	0.00503081888327823	0.00353477192339562	0.0293571834990005	-0.0392243163853069	-0.0320303850806219	-0.0120774968954917	-0.00554513252319485	-0.0218978475806531	-0.00980273751053065
0.052715869851067	0.0536433331354956	-0.0315016140529947	-0.0312097226221529	0.0167192571238288	0.00136047943880909	0.0209459943520718	0.00502911595974755	0.00351060549668735	0.0293930762096436	-0.0392444147945243	-0.0320245331145266	-0.0120862629702703	-0.00553519018786433	-0.0219163366642698	-0.00979965716074791
0.0527145231584636	0.0536541457918758	-0.0315134437137477	-0.0311446622819796	0.0167204808818377	0.00137721530747	0.0209488721391704	0.00503959333996097	0.00348858344046276	0.0293968927700094	-0.0392697002054394	-0.03202342111524	-0.0121050663752933	-0.0055426165549596	-0.0219316084936689	-0.00980978808892228
0.0526673972992477	0.0536395640725868	-0.0315596978549299	-0.0310207972961125	0.0166863413861503	0.00136544990798234	0.0209314517483356	0.00503229828936437	0.00346179766870113	0.0294507744439869	-0.039283231392739	-0.0319968532729868	-0.0121189775422487	-0.00551873092204105	-0.0219410046082443	-0.00979578192705297
0.0526578237677006	0.0536526105064285	-0.0315800225755599	-0.0309193944164389	0.0166927717036333	0.00138558184481643	0.0209312883012042	0.00504930098197472	0.00342613965137478	0.0294726051133996	-0.039323046834534	-0.031998335473041	-0.0121372906058777	-0.00551911788661693	-0.0219821611547066	-0.00980875292375719
0.0526137964190598	0.0536236035300617	-0.0315980771971437	-0.0308716231506018	0.0166747170820495	0.00137072352268976	0.0209237389995145	0.00503544848834854	0.00343676231792716	0.0294948059835799	-0.0393196437814407	-0.0319861258326323	-0.0121185766078325	-0.00549823576935956	-0.021991163319786	-0.00979015068443426
0.0526061591073762	0.0536199224771467	-0.0316062509506942	-0.0308304666041394	0.0166761769303592	0.00137001525178733	0.0209267858216805	0.00503543312152423	0.0034270686457537	0.0294871910236408	-0.0393178710087086	-0.031983704859311	-0.0121295443294399	-0.0055063424676767	-0.0219754877620027	-0.00979908439729624
0.052608845507663	0.0536193231709985	-0.0315944450386697	-0.0308324293666994	0.0166948895314204	0.00138389987604617	0.0209334061289914	0.00505099412661721	0.00343228079316387	0.0294604401764798	-0.039330115573718	-0.0320053818604805	-0.012116687885426	-0.00550935576222608	-0.0220050102254761	-0.0097906535986845
0.0526246160603602	0.0536188440054767	-0.0315729971428808	-0.030885971573558	0.0167106153806287	0.00137991148664492	0.0209425829170743	0.00505165490006267	0.00344541384001539	0.0294449182869397	-0.0393141438553207	-0.0320081409039367	-0.0121112214869227	-0.0055189544394856	-0.0219969733763603	-0.00981015409873773
0.0526307208805646	0.0536089002731622	-0.0315511566945799	-0.0309640434229724	0.016717547215378	0.00137059360317512	0.0209439268157097	0.00504032535959189	0.00347802782914374	0.02942225641203	-0.0392910293575858	-0.0320164753106505	-0.0120879281752322	-0.00552053861937387	-0.0219804079397509	-0.00980071886860953
0.0526612575544426	0.0536251318305888	-0.0315302089190732	-0.0310052334970514	0.0167339799385047	0.00138083489308773	0.0209502565503426	0.00504745975702521	0.00347528275552782	0.0293859613699867	-0.0392812351025623	-0.0320272670122703	-0.012101715010609	-0.00554264030368809	-0.0219580296525991	-0.00981383515165271
0.0526749074853846	0.0536122278891179	-0.0314993481449006	-0.0311230565269955	0.0167411478635547	0.00136077839339118	0.0209518141875344	0.0050284314375736	0.00351595594551634	0.0293731021320048	-0.039256722223815	-0.0320323254914374	-0.0120643275270554	-0.00553209726522532	-0.0219501464717265	-0.00980034168292185
0.0527132113904609	0.0536239779217813	-0.0314620053648359	-0.0312410360191507	0.0167647890242683	0.00136991327195326	0.0209709626476124	0.00503957797313666	0.00354422391733216	0.029320881472037	-0.0392376631707148	-0.0320605403778601	-0.0120458272675666	-0.00554761636079745	-0.0219428667879542	-0.00980998226970223
0.0527201530040983	0.0536159662183781	-0.0314514427685967	-0.0313160359006865	0.0167607335796337	0.00135488312079109	0.0209743726856259	0.00502758765922041	0.00356620825498798	0.029315775495413	-0.0392093756411225	-0.0320593655142922	-0.0120364493137836	-0.00555062127344266	-0.0219089242670148	-0.00980346533920948
0.0527414248798996	0.053632454820866	-0.0314456830034474	-0.031344139028387	0.0167685720570173	0.00136341450225287	0.0209789701600635	0.00503457677031478	0.00355542772924038	0.0293165284698043	-0.0392182786203359	-0.0320631722957697	-0.0120463581214974	-0.00555858547938889	-0.0219009293274199	-0.00981422351321263
0.0527535758469791	0.0536461704100574	-0.031441243388205	-0.0313569773116085	0.016766887294279	0.00136720591690611	0.0209768383624361	0.00503845759194584	0.00355729689387046	0.0293207222158578	-0.0392253948569768	-0.0320676957300539	-0.0120452712679233	-0.00555875032350425	-0.0219139464245971	-0.00981787522946301
0.05276019615429	0.0536577975081262	-0.0314578912468721	-0.0313322744430333	0.0167572355316264	0.00137384857596142	0.0209704052509851	0.00504058519862118	0.00353906206134701	0.0293426981716094	-0.0392343537155513	-0.0320564933151297	-0.0120656965714033	-0.00556008723721948	-0.0219099859748764	-0.00982504594848108
0.0527306862636729	0.0536456772746953	-0.0314905750852019	-0.0312690692976498	0.0167306313677885	0.00136094603147459	0.020955379290775	0.00502906846229058	0.00352805941513889	0.0293753484823225	-0.0392342922482541	-0.0320339459929104	-0.012067199726218	-0.00554247965052481	-0.0219069293738221	-0.00981130521357718
0.052729906746585	0.0536603204612816	-0.0315015917012503	-0.031197406810958	0.0167316176385126	0.00137371167152663	0.0209554044364875	0.00503548620691731	0.00349576393836903	0.0294020392591702	-0.0392627432249776	-0.0320291375738844	-0.0120929908453513	-0.00554710366765901	-0.0219286301237202	-0.00982464641104894
0.0527178018799784	0.053666231100706	-0.0315254088819514	-0.0311146955775852	0.0167220608707739	0.00138650664824326	0.0209535813723304	0.00504550956732149	0.00347469602223587	0.0294091568927952	-0.0392770385625408	-0.0320310053415305	-0.0121093201916599	-0.00554617746724814	-0.0219427689990722	-0.00982912933279626
0.0526690457404012	0.0536482980167327	-0.0315709687220715	-0.0310014015698614	0.0166922143070059	0.00137601669517358	0.0209350671430012	0.00503801474800881	0.00345070561551519	0.0294730535452728	-0.0392991067192384	-0.0320040337708931	-0.0121149374644384	-0.0055151155273754	-0.0219647253970475	-0.00981212664018591
0.0526648198637152	0.0536641440065675	-0.0315824365639611	-0.0309124430239133	0.0167023158985157	0.0013978976560113	0.0209368762373181	0.00505909104604614	0.00341512024135831	0.0294817469768819	-0.0393358990875958	-0.0320060021213892	-0.0121402410361458	-0.00552381175295255	-0.0219955722013798	-0.00982560613907649
0.0526104254965991	0.053625731136737	-0.0316066113725735	-0.0308717754218609	0.0166709438281886	0.001361898774582	0.0209193622485533	0.00502602024314049	0.00343739235772399	0.0295068801165378	-0.0393148786689196	-0.0319805784090553	-0.0121097211260761	-0.0054920177934489	-0.0219875381462321	-0.0097955332638959
0.052628630992458	0.0536421931965283	-0.0315963407459963	-0.0308399353618843	0.0166938431903831	0.00138399347397607	0.020930146965253	0.00503895072730788	0.00341447064378508	0.0294790410188187	-0.0393259539582972	-0.0319945370734676	-0.0121306535347585	-0.00551894046964532	-0.0219891586477052	-0.00981575041675573
0.0526143747704476	0.053620918526759	-0.0315922461858089	-0.0308680943689459	0.0166938920848241	0.00137186066768893	0.0209314699091279	0.00503314346470159	0.00344947766655417	0.029468696352088	-0.0393134998456836	-0.0320007466674741	-0.0120983510730685	-0.00550601697039807	-0.0220019843580704	-0.00980289397274184
0.0526271487924038	0.0536253106445444	-0.0315638929979674	-0.0309091433476381	0.0167059508509577	0.00136979313132681	0.0209432604543281	0.00503241703300679	0.00345894363033099	0.0294439864985927	-0.0393069619604304	-0.0320122242882519	-0.0120921484639822	-0.00551648876267538	-0.0219962064321287	-0.00980974478241739
0.052661374901101	0.0536374979332087	-0.0315351654184062	-0.0309992376416013	0.0167302974886057	0.00138975882706151	0.0209550677633366	0.00504815824903944	0.00348004926503292	0.0294020602139306	-0.039300317904391	-0.0320371408953835	-0.0120795141404288	-0.00553297876214728	-0.0220029063675292	-0.00981700351142925
0.0526554013973953	0.0536235672084769	-0.0315272137853162	-0.0310668572565147	0.0167192054354197	0.00136563570685812	0.0209532963875885	0.00503416046907431	0.00350174722096291	0.0294029039922838	-0.0392675558349557	-0.0320280940268152	-0.0120674721381035	-0.00552013209702159	-0.0219746369987293	-0.00980395568060347
0.0526966878633723	0.0536313037060265	-0.0314884307147182	-0.031180222510424	0.0167455609361006	0.00136630905315984	0.0209655702892626	0.00502913412053992	0.00352546521579804	0.0293605055270202	-0.0392468106221331	-0.0320418599074316	-0.0120562711201633	-0.00554567734696595	-0.0219461357305808	-0.00981512875886307
0.0527171983828781	0.0536330164084454	-0.0314626898870098	-0.0312836524139228	0.0167503134757654	0.00135760584266255	0.0209621867939456	0.00502242021529915	0.00356320893027889	0.0293349043977147	-0.0392202651316244	-0.0320521053882963	-0.0120331454465563	-0.00554628922597042	-0.0219309225745109	-0.00981178437909894
0.0527534375455603	0.0536543469575759	-0.0314381406866778	-0.0313469232175557	0.0167688724085834	0.00137638829292516	0.0209684522673133	0.00503655350271505	0.00356317121171012	0.0293137219288912	-0.039222850949061	-0.0320693539500956	-0.0120382123076275	-0.00556047559877939	-0.0219297532988791	-0.00982923410659839
0.0527249544382041	0.0536294848328215	-0.0314531009886385	-0.0313725900051105	0.0167331696877682	0.00133874097034227	0.0209516591223072	0.00500822685757003	0.00358419721832242	0.0293504388601111	-0.0391939794801449	-0.0320422482689915	-0.0120245176731965	-0.00553748263865502	-0.0218916505595029	-0.0098053023732069
0.0527725510810376	0.0536774167518218	-0.0314381602444542	-0.0313486862113996	0.0167651648129719	0.00138146493288456	0.0209695279450152	0.00504207717756357	0.00353498845592003	0.0293287897986221	-0.0392306936173968	-0.0320615056938238	-0.0120705524878862	-0.00557766129629747	-0.0219019896382975	-0.00984273176628134
0.0527412376840398	0.0536618836864094	-0.0314728264031203	-0.0313090328197518	0.0167314597793174	0.00136056744880288	0.0209545313214697	0.00502540417318394	0.0035395719605174	0.0293604636174993	-0.0392288146738785	-0.0320456569100209	-0.0120535861168606	-0.00554916142513292	-0.0219091184477947	-0.00980692287467991
0.0527387021580281	0.0536719098407817	-0.0314898682112835	-0.031252783257846	0.0167282760527165	0.00136708437929563	0.0209526439960473	0.00502740605129672	0.00351484115226163	0.0293843255016894	-0.0392482704704428	-0.0320363013079824	-0.0120685715645339	-0.00554586314584174	-0.0219261826077023	-0.00981734856648428
0.0527085748004704	0.0536526007275403	-0.0315114124989703	-0.0312099992249905	0.0167151360209448	0.00136051576039383	0.0209462318393566	0.00502106094983946	0.00351325697237336	0.0294211416187753	-0.0392554872899338	-0.0320209205138291	-0.0120586445960277	-0.00553197991856693	-0.0219359475260612	-0.00981412712131466
0.0526769610519065	0.0536516759241135	-0.0315455519946578	-0.031088816448458	0.0166898701678062	0.00136180377966806	0.0209352487509249	0.0050236006668032	0.00348745467736777	0.0294467259842725	-0.0392698901952672	-0.0320099988926946	-0.0120806247427314	-0.0055256404050458	-0.0219426390795576	-0.00981017924445024
0.0526712264324697	0.0536718246247559	-0.0315695926928035	-0.0309737398891139	0.0166910198856616	0.00138378532335583	0.0209331127623454	0.0050377143964427	0.0034368377550647	0.0294794363652988	-0.0393178025564912	-0.0320040435497813	-0.0121139190630816	-0.00552824578025887	-0.0219759110481633	-0.00982170296570098
0.0526312265887829	0.0536542435807578	-0.0316015906119753	-0.0308941131964759	0.0166640511089922	0.00136244918628921	0.0209135424130908	0.00501479128551975	0.00343452295252954	0.0295097327579239	-0.0393179939433031	-0.0319837160351832	-0.0121077849062127	-0.00550212916384687	-0.0219855125193909	-0.00979171949749822
0.0526330398740518	0.0536559004038156	-0.0315947928876928	-0.0308671318469503	0.0166801248072237	0.00137208558211751	0.0209239834717194	0.00502630522788229	0.00343269290345227	0.0294990514180424	-0.0393274682889841	-0.031987289520328	-0.0121090338099341	-0.00551813021890881	-0.0219982949232513	-0.00982104219225552
0.0526154155235488	0.0536379184254013	-0.0316037000578582	-0.0308609739413528	0.0166728940178924	0.00135964683632813	0.0209224076737353	0.00502003556356258	0.00344365643410759	0.0294922453118557	-0.039317152958918	-0.0319823162571867	-0.0120964833054225	-0.00550627261847527	-0.0219955791862999	-0.00980174146091837
0.0526378385141895	0.05364708683158	-0.0315781031195048	-0.0308867189600133	0.016701106110347	0.00137918645193415	0.0209425060829527	0.00504348673444828	0.00344509113670482	0.0294570902087796	-0.0393257318378367	-0.032010855243904	-0.0120995413034608	-0.00552374749168724	-0.0220124952659005	-0.00981619884862886
0.0526150229710368	0.0536195550703472	-0.0315707214558985	-0.0309296287214313	0.0166802128172174	0.00133840010623933	0.0209296147143382	0.00500739425508907	0.00348016661169131	0.0294573863693936	-0.0392826320865908	-0.0319913812865473	-0.012079329738537	-0.00551267779024575	-0.0219656180698416	-0.0097957637662606
0.0526691896297562	0.0536521299439228	-0.0315280435938291	-0.0310003189072393	0.0167315855078799	0.00138134618924215	0.0209600214687015	0.00504151139903205	0.00347854331625024	0.0293912112359656	-0.0393027626264408	-0.032037708070899	-0.0120797907432664	-0.0055483651442367	-0.0219851004091025	-0.00982344919573655
0.0526613581372926	0.0536282275471959	-0.0315236263303311	-0.031086314450063	0.0167180096170914	0.00135109589708994	0.0209466020401242	0.00501506090343724	0.00351154846090656	0.0294053962117906	-0.0392658235747604	-0.0320231654671628	-0.0120568885871039	-0.00552537358109636	-0.0219544198458695	-0.00980168697854126
0.0527125729687599	0.0536480828811923	-0.0314722773883971	-0.0312064033881013	0.016752550047195	0.00137222528052035	0.0209672396851766	0.00503154112402095	0.00353663410310556	0.0293361351406437	-0.0392542160344679	-0.0320571331338147	-0.0120416824159542	-0.00555221104126704	-0.0219578997330844	-0.00981515809552766
0.0527334481010971	0.0536484167603751	-0.0314499046891814	-0.0313092898648131	0.0167592094700586	0.00136934050850159	0.0209709486777721	0.00503129385784791	0.00356472884890185	0.0293152795660829	-0.0392282670561394	-0.0320686233274488	-0.0120268199028754	-0.00555643691795312	-0.021937851615292	-0.00981547241693407
0.0527406509507478	0.0536493611215784	-0.0314473733541218	-0.0313487351058406	0.016747346281689	0.0013602936399333	0.0209661262889059	0.0050232081142912	0.00356810955025071	0.0293206495726883	-0.0392151856976969	-0.0320592970620748	-0.0120290047858959	-0.00555596194338345	-0.021907067675241	-0.00981311989583014
0.0527622832484285	0.053669764073314	-0.0314552453591222	-0.0313499462909932	0.0167422458930011	0.00136243521644893	0.0209564214408602	0.00502163930122725	0.00354519482123194	0.0293425500913024	-0.039219950810218	-0.0320479242150991	-0.012053506488771	-0.00556209051231629	-0.0218878046624726	-0.00982606574682185
0.0527555623582676	0.0536699722239342	-0.0314633520574393	-0.0313342036779766	0.0167378048807746	0.0013680301374829	0.0209558249286801	0.00502960350717348	0.00354799577420899	0.0293569739513962	-0.0392334889824377	-0.0320506888464914	-0.0120417424862674	-0.00555475215521481	-0.0219201853552682	-0.00982335420082262
0.0527295798523223	0.0536600606222523	-0.0314887981215177	-0.0312699745433002	0.0167152645434755	0.0013606666346689	0.0209450416089644	0.00502177061772592	0.00353370323061385	0.0293878095798563	-0.039238952586973	-0.032034024224016	-0.0120494859687371	-0.00554007683799587	-0.0219223632533685	-0.0098102211539711
0.0527557048506385	0.0536904771555039	-0.031493183254383	-0.0312030129078642	0.0167339911143769	0.00138929502836406	0.0209537993018388	0.00504302293575083	0.00348879438505106	0.0293965672727307	-0.0392796369528338	-0.0320394151853818	-0.0120930090061437	-0.00556549496239364	-0.0219401370811626	-0.00983776269409212
0.0526988643644886	0.0536605928731671	-0.0315369479700265	-0.0311235971598145	0.0166919698348009	0.00136783735368697	0.0209285418306043	0.00502438158087511	0.00350271952184671	0.0294302737033693	-0.0392682822666505	-0.0320183374903604	-0.0120719760146112	-0.00552935219160941	-0.0219477590260218	-0.00980892894374477
0.0526636156634826	0.0536571730562655	-0.0315753259152562	-0.0309878773674819	0.0166702439391904	0.00136779265019806	0.0209113756908626	0.00502024650815087	0.00345569145151275	0.0294865553959078	-0.0392966242786198	-0.0319894813882686	-0.012103871953949	-0.00551813161589284	-0.021952184671424	-0.00980919716467824
0.0526440145805794	0.0536574203224385	-0.0315962904545713	-0.0308960997077644	0.0166665796500837	0.00137427605307413	0.0209034198668206	0.00502641698660457	0.00343271525519672	0.0295033653047222	-0.0393192204952801	-0.0319838249999374	-0.012113839434992	-0.00551580563748546	-0.0219738197630727	-0.00980930752641649
0.0526310547597474	0.0536498919755092	-0.0315983649758536	-0.0308611150367397	0.0166696907335151	0.00137394496785938	0.0209048322176733	0.00502592943917864	0.00343649689096175	0.0295002849549395	-0.0393269053044206	-0.03198650301832	-0.012101810005523	-0.00551007939995282	-0.0220022022875789	-0.00980514591099571
0.0526065055594153	0.0536297013653459	-0.0316086090597342	-0.0308477333267311	0.0166607430508128	0.00136151041302209	0.0209057863577648	0.00501825580591032	0.00344773283350263	0.0294992497897744	-0.0393142388502346	-0.0319811008810819	-0.0120877353914363	-0.00550172683244668	-0.0219938050165838	-0.00979453581729959
0.052659266852202	0.0536699233294932	-0.0315737291625117	-0.0308618931568436	0.0167156054075784	0.00140745442374998	0.02093706762413	0.00505514736013381	0.00342206185499571	0.0294485001539886	-0.0393473753113896	-0.0320215910661627	-0.0121180331810454	-0.00553987008435966	-0.022020079492191	-0.00983245555176801
0.0526242165229281	0.0536326825292626	-0.0315800575001606	-0.0309079405443896	0.016682499680072	0.00135720490824639	0.0209226926584771	0.00501267625170067	0.00347071880870686	0.0294581309618808	-0.0393007747181683	-0.0320026842843216	-0.0120808426722399	-0.00550882630527929	-0.0219926566957124	-0.00978703960100289
0.0526873364522858	0.0536657617140724	-0.031529611009909	-0.0310080777565334	0.0167422891995059	0.00140210816587307	0.0209562188781761	0.00505411498893678	0.00347205851639015	0.0293940694652879	-0.0393154612112595	-0.0320482161847611	-0.0120767089964997	-0.00554671390911507	-0.0220132664010842	-0.00983590191136622
0.0526723398287403	0.0536436572357902	-0.0315352646042722	-0.0310663920608332	0.0167158261310549	0.0013661009025396	0.0209472572256335	0.0050210134523825	0.00350051368406578	0.0294022963042314	-0.0392750031568114	-0.0320315850899023	-0.0120631847941202	-0.00552840643342214	-0.0219717578146467	-0.00979741081043015
0.052710613000168	0.0536426583922098	-0.0314847650286275	-0.0312108891038166	0.016745091549467	0.00136845482062755	0.0209601611671044	0.00502835180948398	0.00354788401548672	0.029353822355428	-0.0392513480262575	-0.032046889049934	-0.012028420846572	-0.00554842661153395	-0.0219654699895346	-0.00982082845369917
0.0527244682877622	0.0536363747580498	-0.031457051659471	-0.0313143804746128	0.016749313235201	0.00135935486666618	0.0209654110330833	0.00502233639625745	0.00357868192537808	0.0293318254449159	-0.039225892183291	-0.0320598782074306	-0.012009715230431	-0.00554576954791183	-0.0219462726350156	-0.00980880600915027
0.0527484880311475	0.0536501126989857	-0.0314477393639373	-0.0313535714645471	0.0167513612137867	0.00136298981910822	0.0209611558197326	0.00502118807538605	0.00357324206957126	0.0293217811297513	-0.0392156634662346	-0.0320576961183782	-0.0120252580747316	-0.00556068654336769	-0.0219138039322262	-0.00981589989404677
0.052769821374246	0.0536663945478373	-0.0314386100733113	-0.0313746840841692	0.0167545449403876	0.00136693350502056	0.0209597127352312	0.00502195781358573	0.00356824505770147	0.0293254789464747	-0.0392248849578065	-0.0320629166476925	-0.0120275505255223	-0.00556405187789224	-0.0219165881213949	-0.00982380263269575
0.0527600941744559	0.0536619423597386	-0.0314522488283812	-0.0313664851849061	0.0167382239759831	0.00136167665412147	0.020952779503498	0.00502119366332217	0.00356757031441573	0.0293455689737879	-0.0392209775934789	-0.0320535554577178	-0.0120305051467425	-0.00555634471700725	-0.0219115408181001	-0.00981739187298917
0.0527514384614156	0.0536668988590716	-0.0314787635852413	-0.0313163781617735	0.0167216333936612	0.00136151460397417	0.0209478565317817	0.00501957874978527	0.00354322367676779	0.0293738383425877	-0.0392291415681412	-0.032039032411758	-0.0120523707407559	-0.00555422688922011	-0.0218984035802965	-0.00981766568185874
0.0527646553273088	0.0536916715768482	-0.0314858644550579	-0.031234519088658	0.0167332185822092	0.00138590734209506	0.0209528479557154	0.00504537964780684	0.00350031531233374	0.0293792097461772	-0.0392671549005395	-0.0320460885780857	-0.0120890206167424	-0.00556772035795097	-0.0219289961335356	-0.00983384135992424
0.0527119764565797	0.0536661500756323	-0.0315222265523346	-0.0311500253036648	0.0167084346885603	0.00137529445443087	0.0209501699373329	0.00503727015552165	0.00350007363409682	0.0294076006525875	-0.0392746161922355	-0.0320368531166736	-0.0120757394895839	-0.00554049174225232	-0.0219509860591276	-0.00980603159886976
0.0526645251000852	0.0536537909579326	-0.0315733212431754	-0.0310079785706673	0.0166726062391825	0.00135991785122965	0.0209307253166408	0.00502153592440914	0.00346194295504009	0.0294779429893724	-0.0392904174785814	-0.0319941598877799	-0.0121014873022124	-0.00552544762124987	-0.0219416416329612	-0.00980853359726472
0.0526618875942394	0.0536689230889288	-0.0315808090775679	-0.0309225054998702	0.0166908005591691	0.00139074090683352	0.0209356203486765	0.00504247950896377	0.00343085167850276	0.0294821004138411	-0.0393369761622818	-0.0320107225304213	-0.0121105844622057	-0.00552564878694997	-0.0219972751249105	-0.00981888245494753
0.0525972589221309	0.0536213487978397	-0.0316129830167273	-0.030869720458355	0.016643472137269	0.00133934446744257	0.0209129011974217	0.00499962143595474	0.00345583114991559	0.029523284899984	-0.0393020501645863	-0.0319671464076217	-0.0120906788367842	-0.00549179567298838	-0.021970887493597	-0.0097878009572984
0.0526276642795103	0.0536491390011178	-0.0315978215490665	-0.0308312237694828	0.0166786831197063	0.00137625418245842	0.0209335164907296	0.0050306749939233	0.00342414336119811	0.0294828799309289	-0.0393332238631813	-0.0319918381003246	-0.012119483250467	-0.00552770794140791	-0.0219838892239498	-0.00981776766169282
0.052634082024137	0.0536490300363636	-0.0315869558072931	-0.0308541762170704	0.0166906664487024	0.00138099554625101	0.0209411188778125	0.00503648924144974	0.00343896536174004	0.0294590781170521	-0.0393311200052345	-0.0320052240012853	-0.0121085728052047	-0.00552795101662886	-0.0220030865784689	-0.00981333922232261
0.0526509967067536	0.0536532042246406	-0.0315553783803139	-0.0309168113929703	0.0167159406837452	0.00139196466484245	0.0209512833336035	0.00504417265360626	0.00345646118971243	0.0294286071014234	-0.0393273481483576	-0.0320282965894993	-0.0120879253812641	-0.0055330975057897	-0.0220276343818169	-0.00981613877831564
0.0526535769362541	0.0536366960643764	-0.0315470984559773	-0.0309877013474943	0.0167131564945765	0.00137152259755404	0.0209489461793239	0.0050294079294095	0.00348575175383708	0.0294114507405699	-0.0392895862730844	-0.0320222965430971	-0.0120763150470036	-0.00553541230832485	-0.0219839269425186	-0.00980817177840135
0.052653326876113	0.0536237502133847	-0.0315356362020238	-0.0310398968617495	0.0167056644692319	0.00135582748199433	0.020948360843016	0.0050207536133532	0.00351080386841939	0.0294015670785686	-0.0392701667981049	-0.0320223230857936	-0.0120588848772806	-0.00553280134517567	-0.0219594783250366	-0.00980086694891655
0.0526982510885002	0.0536351691608333	-0.0314829559343107	-0.0311606661310096	0.0167461630362169	0.00137223086845647	0.0209657924097231	0.00503630763352604	0.00353699731895295	0.0293462884205626	-0.0392668168304046	-0.0320577533947233	-0.0120354630430595	-0.00555128903180826	-0.0219704781772766	-0.0098117773941788
0.0527394830721001	0.0536516801150656	-0.0314528104159606	-0.0312850158703346	0.016764529185239	0.0013746378719375	0.0209723121341839	0.00503614418639471	0.00355681633136467	0.0293160842288833	-0.0392384370998665	-0.032070746743172	-0.0120336371849343	-0.00556573524364653	-0.021944624193862	-0.00982068037339215
0.0527328795285975	0.0536344818446913	-0.0314552118315055	-0.0313449730278519	0.0167442463741298	0.00135004117414846	0.0209651945005589	0.00501422969794031	0.00358190756149978	0.02932387520881	-0.0392050086690496	-0.0320569654957313	-0.0120177325217703	-0.00555564203404093	-0.0219066360071762	-0.00980468630325035
0.0527714041571503	0.0536646916243066	-0.0314448056974775	-0.0313623724639264	0.0167610227553276	0.00137475242462783	0.0209733207566524	0.00503670577397415	0.00355576859334333	0.0293156846914512	-0.0392266102330816	-0.0320685758299918	-0.0120452125945941	-0.00557456138873832	-0.0219078974837539	-0.00982331508526982
0.0527411119554772	0.0536416637395816	-0.0314615974454996	-0.0313697541275327	0.0167288977106092	0.00134868470265683	0.0209585853691203	0.00501287322644868	0.00358155691850864	0.0293479103190196	-0.0392092261638315	-0.0320505659118969	-0.0120188654758174	-0.00554653788912748	-0.0219022257285983	-0.00980251119911804
0.0527534640882568	0.0536653035033111	-0.031471731167642	-0.0313168335785667	0.0167299398606944	0.00136063450403625	0.020959158132572	0.00502073265859278	0.00354274590823005	0.0293584296087539	-0.0392294852262122	-0.032045366337343	-0.0120541896139609	-0.00556384652124006	-0.0218900971132633	-0.00981885870621904
0.0527565025285187	0.0536821553216464	-0.0314873340822558	-0.0312505173497519	0.0167311454579109	0.00137835804040528	0.0209581509070874	0.00503224241000323	0.0035116979381976	0.0293764660695453	-0.039260354382289	-0.0320490781239066	-0.0120694572524079	-0.00556154568854519	-0.021921502711207	-0.00982692908295144
0.0527187266834052	0.0536593774970624	-0.0315108271626624	-0.0312140630515293	0.0167164813165642	0.00136452091360341	0.0209485829634765	0.00502410497803747	0.00351855852676135	0.0294181953794593	-0.0392646473142084	-0.0320332768375608	-0.0120526277858171	-0.00553483675090513	-0.0219457110474361	-0.00981255830825071
0.0526920540673499	0.0536603539888983	-0.031549882645146	-0.0310965669158479	0.0166921332819323	0.0013654974054393	0.0209373106993509	0.0050214604872716	0.00348989660544951	0.0294402495663166	-0.0392746008254112	-0.0320161176827392	-0.0120801274164173	-0.00553567075037012	-0.0219324634478943	-0.00981352641818243
0.0526658466469761	0.0536618180281601	-0.0315816332981447	-0.0309785161775072	0.0166787110593869	0.00137263878779277	0.0209308622210756	0.00502645610215736	0.0034491158476908	0.0294888981381235	-0.0393122299872017	-0.0319997673816702	-0.0121019538948779	-0.00552613773135993	-0.0219563015833559	-0.00981780677724562
0.0526620175137541	0.0536700364851995	-0.0315894410418798	-0.0309006720364895	0.0166884941385381	0.00138917209376956	0.0209353702885354	0.00504084364066644	0.0034254830688814	0.0294897852229816	-0.0393425682893477	-0.0320052952474708	-0.0121157072026381	-0.00552788815234758	-0.0219976145920294	-0.00982201589012336
0.0526039337118189	0.0536279118288054	-0.0316162324015775	-0.030872567511805	0.0166577241683274	0.00134979670194348	0.0209174078678975	0.0050037481267748	0.0034557333610336	0.0295135088057529	-0.0393169448082977	-0.0319792023797873	-0.0120837134744183	-0.00549164759268136	-0.0219912806664444	-0.00977817573734233
0.0526312419556072	0.0536491627498463	-0.0315973731171934	-0.0308582232798008	0.0166954930285207	0.00138381046906835	0.0209383682162605	0.0050382983357666	0.00343040324662962	0.0294790368278667	-0.0393365305243767	-0.0320020290988122	-0.0121045955916757	-0.00552538196300053	-0.0220027079957972	-0.00981897325890938
0.0526142825695017	0.053624603770626	-0.031589499715209	-0.0308924605643702	0.0166894636454539	0.00136796867018565	0.0209386867286189	0.00502554107761873	0.00346467405881572	0.0294706381598876	-0.0393200293490326	-0.0320092431243352	-0.0120702577242562	-0.00550762908996691	-0.0220078880125747	-0.00979885110096349
0.0526365421130111	0.0536302336162607	-0.0315669495990216	-0.0309262815476992	0.0167028495464146	0.00136213207091476	0.0209420143445747	0.00501615055097944	0.00346686173580429	0.0294463613714411	-0.0393030895207035	-0.0320049990868567	-0.0120856161666651	-0.00553049771851274	-0.0219761960329051	-0.00980951567703673
0.052666480877725	0.0536394970173534	-0.0315425317151882	-0.030998289089446	0.0167255910494138	0.00137463647495347	0.0209523953328902	0.00503042074283013	0.00348931266612561	0.0293996336526732	-0.0392931779190216	-0.0320333313199379	-0.0120719494719147	-0.00554530714619841	-0.0219762756609947	-0.00981710549126333
0.0527010129259244	0.0536507385478304	-0.0315132746786803	-0.0310816624932483	0.0167535293329989	0.00138408986587404	0.0209694483169256	0.00504150581109593	0.00349308871395453	0.0293783086914788	-0.0392924193566941	-0.0320512811677195	-0.0120737166567107	-0.00555623854622108	-0.0219764111684455	-0.00982671813836314
0.0527034241203575	0.0536268417390396	-0.0314858295304572	-0.0312156863469704	0.0167516042890077	0.00135994718789425	0.0209735135404484	0.00502509683669768	0.00355211687709294	0.0293436383418606	-0.0392466010745288	-0.0320574530431572	-0.0120246573715994	-0.00554888761626334	-0.0219512682499013	-0.00980579969952103
0.0527139909075488	0.053622835188846	-0.0314662549902505	-0.0312948171102783	0.0167462342824023	0.00134241783230517	0.0209758325339356	0.00501022733869878	0.00357544651036817	0.0293251702130044	-0.0392167223801282	-0.0320546646630364	-0.0120167057385094	-0.0055545258438022	-0.0219059668518265	-0.00980249722927776
0.0527548345295888	0.0536523241247027	-0.0314448350341421	-0.0313356244107335	0.0167657766919764	0.00136524594831418	0.020987730646906	0.0050267522627714	0.00356269064920433	0.0293065358430488	-0.0392311322703817	-0.0320772329400161	-0.0120302886142181	-0.00557347313818015	-0.0219060269221398	-0.00982327736670105
0.0527804496287345	0.0536723289359902	-0.0314359166881045	-0.0313668945012265	0.0167741138926582	0.00137496895715224	0.0209881776817951	0.00503088733549563	0.00355643216075684	0.0293100003634394	-0.0392358261367173	-0.0320808986261068	-0.0120396986986338	-0.00558151976618406	-0.0219160405036557	-0.00983056403539348
0.0527345028240386	0.0536431459396357	-0.0314717381525622	-0.0313429474010107	0.0167257083960722	0.00133246432110242	0.0209656555052883	0.00499437296695983	0.00357282437134675	0.0293544216615762	-0.0392097556207783	-0.0320476979036865	-0.0120255193107449	-0.00554919076179752	-0.0218846279207919	-0.00979161891464817
0.0527609295709049	0.0536748476981935	-0.0314735193071984	-0.0313043613051607	0.0167452284539018	0.00136908346344035	0.0209763242723136	0.00502898045229679	0.00353402872789248	0.0293605083209882	-0.0392470089938651	-0.0320554246223479	-0.0120557542360728	-0.00557303308821119	-0.0219039104913366	-0.00983691891573893
0.0527378430128506	0.0536743587537836	-0.0314959353129191	-0.0312400301906503	0.0167328707331861	0.00136805807716346	0.0209674757754774	0.0050275527346197	0.00351731241700797	0.0293934352345389	-0.0392668321972289	-0.0320474422556093	-0.0120611605642629	-0.00555123734339921	-0.0219314897500264	-0.00982477912453164
0.052736092591863	0.0536844771091017	-0.0315110744288354	-0.0311803803696192	0.0167303827046314	0.001379964572038	0.0209647418777337	0.00503418421780279	0.00349260675446472	0.029407085165481	-0.0392847876329467	-0.0320416154352266	-0.0120811276569817	-0.00555759222374466	-0.0219418232408849	-0.00983113400487709
0.0526767640771585	0.0536605314058699	-0.0315606575829575	-0.0310596879344807	0.0166849793267225	0.00136319377877638	0.0209448641919928	0.00502116851760966	0.00348296616768434	0.0294584871928081	-0.0392869850888234	-0.0320145321058669	-0.0120821628221468	-0.00552919014146211	-0.0219482898799527	-0.00981144910293211
0.0526669809980072	0.0536733906438518	-0.0315862880489275	-0.0309428483812926	0.0166872438378327	0.00137945048191553	0.0209425465954896	0.00503474301141417	0.00343728618693783	0.0294850033466522	-0.0393299828602353	-0.0320077972458657	-0.0121133365207418	-0.00553305000833273	-0.0219701205493654	-0.00982322148733991
0.0526360168470164	0.0536595702808583	-0.0316024106416	-0.0308736543653791	0.0166788549487418	0.00137179920039167	0.0209355658662994	0.00502727054384595	0.00343146774845931	0.0295026989433407	-0.0393332979033348	-0.0319950637364464	-0.012113790540551	-0.00552096469950255	-0.0219874501362384	-0.00981661235590129
0.0526127081685016	0.0536411342826348	-0.0316121071077415	-0.0308471633572475	0.0166760428198925	0.00136190156855006	0.0209372017345967	0.00502159739170639	0.00344204431453875	0.0294978304540015	-0.0393279292937135	-0.0319941207722271	-0.0121001294337367	-0.00551425498521388	-0.0219867083377192	-0.00980804744682282
0.0526358282541726	0.0536552913187791	-0.0315887411528815	-0.0308558945074254	0.0167060472428557	0.00138582631702141	0.0209537727591423	0.00504013536976402	0.00343380490273892	0.0294666134489016	-0.0393451988102733	-0.0320166429487339	-0.0121055748774797	-0.00552861877499447	-0.022015511354418	-0.00982113718716946
0.0526499294109558	0.0536577695684456	-0.0315733435949199	-0.030898387967603	0.0167188519984605	0.00139297608127905	0.0209560498431086	0.00504502760783167	0.00344654260311038	0.029445130628512	-0.0393358362233145	-0.0320276204492295	-0.012099207424278	-0.00553530474055466	-0.0220210573810109	-0.00982151996079325
0.0526268945413106	0.0536253916696181	-0.0315703386822747	-0.030953274073097	0.0166958618323042	0.00135778186265014	0.0209412851189119	0.00501233678458176	0.0034896018418195	0.0294433075643548	-0.0392920840805273	-0.0320162112806691	-0.0120689557351417	-0.00551846409809162	-0.0219821555667705	-0.00979097769897911
0.0526628864378198	0.053640752905995	-0.0315328268671425	-0.0310270739453523	0.0167294620921567	0.00138127913400878	0.0209616978495357	0.00503467176522872	0.00349792227869299	0.0293960615645124	-0.0392923020100358	-0.0320401667627891	-0.0120601212081458	-0.00554089966158863	-0.0219864415137698	-0.00982490205912615
0.0526982678523085	0.0536510333114604	-0.0315020275602672	-0.0311215338144045	0.0167481467535373	0.00137805908582319	0.0209680890514659	0.00503033412982036	0.00350438053585655	0.0293794751731426	-0.039278713546391	-0.0320470748488098	-0.012067543384289	-0.0055524345587116	-0.0219653205122436	-0.00982313766829821
0.0527307784646187	0.0536573029757801	-0.0314664994624554	-0.0312416185614906	0.016766396952885	0.001379031386707	0.0209764821315088	0.00503463684062801	0.00354504953489298	0.0293270268047782	-0.0392513661870499	-0.0320687448650592	-0.0120462309959508	-0.00556733199639106	-0.021951987696676	-0.00982292532672588
0.0527576759951026	0.0536647544885879	-0.0314523871298	-0.0313241775236043	0.0167685958057458	0.00138181138492362	0.0209790162605365	0.00503553929231039	0.00356045826872686	0.0293059351399166	-0.0392302801101244	-0.0320777218844261	-0.0120434509977342	-0.00557282214362289	-0.0219259171807369	-0.00982702966580149
0.0527406285990034	0.053648310589589	-0.0314604044211393	-0.0313653871554598	0.0167444629066542	0.00135736556140966	0.0209639805214382	0.00501565322466531	0.00358473924812546	0.0293300820088484	-0.039211855287773	-0.032063923873177	-0.0120176053962237	-0.00555010578633616	-0.0219081405589748	-0.00980780018064978
0.0527565653928	0.0536608722699728	-0.0314526707175578	-0.0313684493444502	0.0167464745636552	0.00136060656435568	0.020968584980796	0.00502146467822369	0.00357213286425267	0.029333792398428	-0.0392180467209872	-0.0320629850999099	-0.0120312399603414	-0.00556170634170846	-0.0219043184106729	-0.00982107711685623
0.0527543874946997	0.0536690655812997	-0.0314676338134866	-0.0313315787449871	0.0167378817148962	0.00136075324767867	0.0209670552832848	0.0050259028964821	0.00354827377403066	0.0293509487592815	-0.0392289417994251	-0.0320492038524692	-0.0120541155738074	-0.00556678996658802	-0.021890380701021	-0.00982562429986886
0.052755236860989	0.0536812919855168	-0.0314853810985841	-0.0312848412473311	0.0167386640259521	0.0013789922711542	0.0209671670420071	0.00503786107976568	0.00352603378829763	0.0293648068408438	-0.0392537522357705	-0.0320544341606717	-0.0120631680303118	-0.00556361601887536	-0.021919639134513	-0.00982522196846866
0.0527481373881563	0.0536874694488906	-0.0315044834581892	-0.0312163918239047	0.0167321009949864	0.00137929122573629	0.0209600675691745	0.00503740007503629	0.00349852717277731	0.0294023885051773	-0.0392730557610757	-0.0320397630344049	-0.0120888865062757	-0.00555831027353529	-0.0219333994271933	-0.00983109209535624
0.0526984857818169	0.0536597225521174	-0.0315364548346644	-0.0311309941902452	0.0166947875515863	0.00135965801220036	0.0209426248265952	0.00501698455044443	0.00350998523577872	0.0294276375945076	-0.039268012648733	-0.0320226499800563	-0.0120698288501595	-0.00553657040808444	-0.0219391298556781	-0.00980624533742611
0.0526816311695136	0.0536692653500158	-0.0315682851157528	-0.031021807315565	0.0166912769307228	0.00137161479849992	0.0209359849615079	0.00502659440357618	0.00346789550398535	0.0294692551456994	-0.0393017428281001	-0.0320068710454549	-0.0120947524422112	-0.00553210145617741	-0.0219624217703845	-0.00982553628987507
0.0526523252385646	0.0536615959076996	-0.0315972334187905	-0.0309194391199278	0.0166790477325377	0.00137270724001017	0.0209306848041039	0.00502797741776435	0.00344276934924952	0.0294945545264548	-0.0393224433374337	-0.0319946921386948	-0.0121072051578409	-0.00552490698843086	-0.0219803283116613	-0.00981541374360487
0.0526304414837589	0.0536511338943105	-0.0316081648188132	-0.0308686350017649	0.0166760288500522	0.00136626854062302	0.0209282247152298	0.00502097992476581	0.00343829760337443	0.0295000293068623	-0.0393264456966753	-0.0319899996693432	-0.0121032279443118	-0.00551697351613325	-0.0219927572785625	-0.00980520039337282
0.0526287692938768	0.0536482547102278	-0.0316023938777916	-0.0308465696390354	0.0166890417562773	0.00138008610964848	0.0209367225690749	0.00503218233969001	0.00343977700946057	0.0294783299539483	-0.0393366786046837	-0.0320047923332205	-0.0121001168608805	-0.00552403247642904	-0.022007214666273	-0.0098113652838904
0.0526066620216265	0.0536278014670672	-0.0315996236584632	-0.030856316396602	0.0166831394987571	0.0013628068142005	0.0209336366313561	0.00501917222743299	0.00345705351094049	0.0294728747313171	-0.0393164069694468	-0.0319970823783675	-0.0120853884582685	-0.00551113691686236	-0.0219980071445414	-0.00979918498014629
0.052642229234991	0.0536507846483033	-0.0315652857910437	-0.0308906430881492	0.0167168738690762	0.00138583469892558	0.0209498695857667	0.00503696980395553	0.00345129234880714	0.0294370504728914	-0.0393300359456284	-0.0320255082093785	-0.0120905461233015	-0.00553589706178273	-0.0220124854870123	-0.00982050295642054
0.0526594652239341	0.0536493792823707	-0.0315489885753678	-0.0309668150392848	0.0167234480759142	0.00138121068179139	0.020947771315756	0.00503256930426589	0.00347440684654198	0.0294119075543472	-0.0393016017327132	-0.0320284334939341	-0.0120841954339082	-0.00554217510800661	-0.0219866887799428	-0.00982126012176396
0.0526639746883779	0.0536408353280527	-0.0315385111951543	-0.0310199954272801	0.0167186592146646	0.00136866576521584	0.0209473857481641	0.00502087375397965	0.00349599304374969	0.0294001002453387	-0.0392773780296597	-0.0320271873841807	-0.012072846335661	-0.00553947613486363	-0.0219695952833707	-0.00981149799737311
0.0527083317252495	0.0536523576523194	-0.0314864204547012	-0.0311553911193181	0.0167571824462333	0.00137969635110454	0.0209651665608783	0.00503369247942477	0.00352553087404738	0.0293519434119097	-0.0392752434380643	-0.0320569263801785	-0.012047220060643	-0.00555064083121906	-0.0219830175059161	-0.00981904171112677
0.0527134768174263	0.0536350615930631	-0.0314682666472514	-0.0312545169150253	0.016749654099304	0.00135967337902467	0.0209621309145845	0.00502140321092644	0.00356813748993128	0.0293278077188501	-0.039231094551813	-0.0320617725177732	-0.0120218019362452	-0.00554790972744343	-0.021948748090714	-0.00980323483684479
0.0527362225113776	0.05364423977813	-0.0314513547586029	-0.0313317282222781	0.0167583181942485	0.0013632636279778	0.0209700797537064	0.00502365235521225	0.00357724861976488	0.029313762441428	-0.0392178707009996	-0.032064463109012	-0.0120210950623268	-0.00555824461528595	-0.0219237001670838	-0.00981833064625629
0.0527571954325969	0.0536595130045131	-0.0314437258288235	-0.0313594150487381	0.0167638237083046	0.00137131724090185	0.020970109090371	0.00502877788961266	0.00356639265687974	0.0293185079961727	-0.0392232728382376	-0.0320684570863494	-0.0120337168130239	-0.00556974877876029	-0.0219154230367152	-0.00982187758870454
0.05274684517793	0.0536558906249274	-0.0314597310748376	-0.0313435914106478	0.0167336698080504	0.0013505734250633	0.020949588791977	0.00500407781500552	0.00356898406225253	0.0293449040093904	-0.0392093938019149	-0.0320464196633005	-0.0120410719339337	-0.00555989305643953	-0.0218818744652718	-0.00981255830825071
0.052757498578131	0.0536715284641419	-0.0314596724015084	-0.0313246455132539	0.016744256153018	0.00137374380215928	0.0209575152793545	0.00502326958158845	0.00355601166856428	0.0293525175723454	-0.0392426392278241	-0.0320565533854429	-0.0120451706850732	-0.00556028141799944	-0.0219232112226738	-0.00982416724552718
0.0527439687878154	0.053676640028702	-0.0314917317879774	-0.0312450579361687	0.0167228585486541	0.00136993702068174	0.0209501098670196	0.00502453664610227	0.00352486870361789	0.0293794220877495	-0.0392476083000133	-0.0320376507945539	-0.0120762689465307	-0.00555939433314137	-0.0219111035620992	-0.00982352602985812
0.0527283574912974	0.0536751773864242	-0.0315086841891628	-0.031192496412098	0.0167185348830861	0.00137370468660649	0.0209546598440003	0.00503787085865388	0.00350773748847693	0.0294080001900196	-0.0392727637914138	-0.032037705276931	-0.0120788938795202	-0.0055498375654027	-0.0219422940245025	-0.00982136768953415
0.0526891902500916	0.0536628098868203	-0.0315411682587765	-0.0311032305296636	0.016694723290321	0.00137414473657545	0.0209485284810994	0.00503962966154571	0.0034989239162414	0.0294283779960427	-0.0392784034159366	-0.0320276763285907	-0.0120784761812957	-0.00553674642807203	-0.021958617782875	-0.00981200929352752
0.0526522288466667	0.0536564033180658	-0.0315825329558591	-0.0309708104136062	0.0166706364917024	0.00136485479278621	0.0209286661621828	0.00503208315382399	0.00345769332962553	0.029486612672253	-0.0393029372494444	-0.0319955931933931	-0.0121089108753396	-0.00552419871752843	-0.0219571341858368	-0.00980706117609873
0.0526274156163532	0.0536541653496522	-0.0316030770029815	-0.0308749018721166	0.0166627211801971	0.00136259447262817	0.0209212649408001	0.00502302790335153	0.00343817746274799	0.0295067264482947	-0.0393219390261995	-0.0319840177837333	-0.0121166473728892	-0.00551970881086097	-0.0219699221776333	-0.00980587932761065
0.0526387730965046	0.0536678921147158	-0.0316000790752565	-0.03082313243799	0.0166810300528741	0.00138065747611612	0.0209276826854268	0.00503682172364851	0.00341913657044012	0.0294859421199193	-0.03933963881384	-0.0319972695742273	-0.0121308155849058	-0.00553499461010034	-0.0219920252589316	-0.0098199804843939
0.0526062792480027	0.0536404721122053	-0.0316015934059433	-0.030831821678647	0.0166738607308401	0.00136933072961339	0.0209249390087949	0.00502804307601369	0.00345182040876989	0.029482930222354	-0.039333352385712	-0.0320039918613722	-0.0120878946476155	-0.00550365187643789	-0.0220241614795222	-0.0097912082013438
0.0526292051528937	0.0536547031885032	-0.0315804779923532	-0.0308677479169068	0.0167002735078661	0.00138579698035681	0.0209382313118257	0.00504155889648901	0.00344781246159225	0.0294564140685098	-0.0393280620071962	-0.0320109055353291	-0.0120984963594075	-0.0055298327541152	-0.0220148924904934	-0.00982358051223523
0.0526182374312863	0.0536343253824801	-0.0315676634578602	-0.0309202675314567	0.0166958324956396	0.00136351927605501	0.0209301022617641	0.00502413152073402	0.0034802741794615	0.0294469439137809	-0.0393017917225411	-0.0320090657073636	-0.0120759588160764	-0.00552157797549105	-0.0219964453163976	-0.00980059593401503
0.0526435605607701	0.0536399566250988	-0.0315392557876415	-0.0309942532025877	0.0167184957675333	0.00137574428328804	0.0209452329957763	0.00503210969652053	0.00349989761410923	0.0294013449581081	-0.039293344160121	-0.0320326705464924	-0.0120603363436861	-0.00553599624764875	-0.0219934962831135	-0.00980698992991328
0.0526486232308892	0.0536322564491339	-0.0315239783703063	-0.0310601126176253	0.0167180152050275	0.0013594833891968	0.020940751471013	0.00502123557284303	0.00351915364195748	0.0294001044362908	-0.0392708024258378	-0.0320268702688063	-0.0120564583160231	-0.00553113474322972	-0.021969613444163	-0.0098006532103602
0.0526882458888883	0.0536382620834723	-0.0314841545466071	-0.0311768180603466	0.0167410305168963	0.00136455025026801	0.020951696840876	0.00502547541936939	0.00354862860797388	0.0293464756164224	-0.0392466695267462	-0.0320463009196581	-0.0120416460943694	-0.00554996189698123	-0.0219492132863955	-0.00980960089306246
0.0527408143978792	0.0536629803188718	-0.0314429407237996	-0.0312846680213115	0.0167725213308658	0.00138750269785556	0.0209680778755936	0.00504252700642073	0.00356125454962308	0.029300115304454	-0.0392434313177683	-0.0320779090802859	-0.012036619745835	-0.00557193645574885	-0.0219535970222768	-0.00982469111453785
0.052757941422068	0.053670451389456	-0.031436676647416	-0.0313427769689592	0.0167725492705463	0.0013884917625477	0.020967949353063	0.00504586300428069	0.0035644564370163	0.0292972822208443	-0.0392275783430133	-0.0320807645156401	-0.0120403245474785	-0.00557568596088123	-0.0219336089747976	-0.00982756890163647
0.0527392511727513	0.053654152776796	-0.0314489966495629	-0.0313633671165546	0.0167397103669894	0.00135647987353562	0.0209520977752921	0.00501838851939303	0.00357965143229382	0.029329129265741	-0.0392061025075439	-0.0320541701306904	-0.0120293987353919	-0.00555418777366731	-0.0219074839764814	-0.00980515429289988
0.0527558208003129	0.0536756174363932	-0.0314503307693101	-0.0313379461981888	0.0167430254100889	0.00136987555338449	0.0209493107921554	0.00502731385035084	0.00356095000710487	0.0293355512013198	-0.0392249380431995	-0.0320564206719602	-0.0120506706111933	-0.00556452964642997	-0.0219086169305285	-0.00982401218030002
0.052743851441157	0.0536744663215537	-0.0314783263292404	-0.0313019263619991	0.0167248422659746	0.00136230948788637	0.020942370575502	0.00501860784588549	0.00354757248804837	0.0293607974966821	-0.0392312300592637	-0.032042126731381	-0.0120557779848013	-0.0055489393046724	-0.0219096562866457	-0.00980683486468612
0.0527296357316835	0.0536756509640099	-0.0314935702189589	-0.0312307137041645	0.0167209307106949	0.00136946204611206	0.0209497242994278	0.00502989547683542	0.0035251536883597	0.0293885583632956	-0.0392564428270093	-0.0320356223737445	-0.0120672444297069	-0.0055508392029511	-0.0219328350456458	-0.00982174347823781
0.0527039200496876	0.0536644415641655	-0.0315194647149104	-0.03117129159153	0.0167034181189141	0.00136147129746929	0.020942471158352	0.00502219530087057	0.00350929512566866	0.0294165315714814	-0.0392603432064167	-0.0320170368982299	-0.0120775150562841	-0.00554184262580784	-0.0219250231109587	-0.00981122698247159
0.0526775394032943	0.0536687498629093	-0.031553959044541	-0.0310421935034923	0.0166833630162016	0.00136926646834808	0.0209320496574998	0.00502290496875703	0.00347779592979502	0.0294434821873584	-0.0392858744865208	-0.0320074088843058	-0.0120954914467623	-0.00553599205669666	-0.021944430013082	-0.00980980205876256
0.0526495997227251	0.0536648830111185	-0.0315871290333127	-0.0309289372143373	0.0166697955073172	0.00136669601773572	0.0209183033346597	0.0050225696925902	0.00344849279281411	0.029488677414647	-0.0393097237978546	-0.0319873817212739	-0.012113395194071	-0.00552640315832533	-0.0219614396906125	-0.00981460768382045
0.0526158835131983	0.0536488917349448	-0.031603343826931	-0.030865400983739	0.0166614485277472	0.00136127711668934	0.0209131526545468	0.00501768723341074	0.00345006998778224	0.0295050291127001	-0.0393211106146706	-0.0319782943401688	-0.0121018267693313	-0.00551295718705144	-0.0219862152023572	-0.0098042909567703
0.0526432378574595	0.0536716639715927	-0.0315906522270324	-0.0308347385812984	0.016695016656967	0.00139278888541924	0.020932505074293	0.00504484041197186	0.00342264020638349	0.029472771354499	-0.0393465510908128	-0.0320015666970988	-0.0121286977571187	-0.00553962700913871	-0.0220068947569304	-0.00982673629915551
0.052587003662378	0.0536217329684476	-0.0316122859216971	-0.0308422906769563	0.0166599719156291	0.0013462776991758	0.0209102678825281	0.00500809693805539	0.0034643290037607	0.0294917284277652	-0.0393038564649351	-0.0319727972080168	-0.0120879030295197	-0.00550102275249633	-0.0219850990121185	-0.0097841534320001
0.052624509889574	0.0536457834454815	-0.0315776630695359	-0.0308608202731097	0.0167025072853276	0.00137781601060223	0.0209368664584299	0.00503840590353678	0.00345199084082137	0.0294486342644553	-0.0393265658373017	-0.0320063918799331	-0.0121037504163385	-0.00553372335463445	-0.0220018851722044	-0.00981571409517099
0.0526424471644994	0.053648409775455	-0.0315535120096519	-0.0309294960079486	0.0167223668102761	0.00138223048013216	0.020958424715957	0.00504916826849202	0.00346123328715364	0.0294220915679147	-0.0393121824897447	-0.0320230104019356	-0.012102107563121	-0.00554855373708054	-0.0219922180427275	-0.00982529181767009
0.0526661637623505	0.0536601905417669	-0.0315335058013804	-0.0309883467541154	0.016738461463268	0.00139318423189929	0.0209694455229575	0.005053192979478	0.00347685855351192	0.0293775906416882	-0.0393034639124231	-0.0320467242058187	-0.0120977699277127	-0.00555733657566745	-0.021991456686432	-0.00981648383337067
0.0526546260712595	0.0536245800218976	-0.031519741317748	-0.0311059434726469	0.0167311929553679	0.0013596747760087	0.0209597406749118	0.00502699254402429	0.00352417300557172	0.0293898128549532	-0.0392621173761329	-0.0320270141581612	-0.0120552834524552	-0.00553688892044293	-0.0219578215019788	-0.00980598270442876
0.0527212719883051	0.0536583688745938	-0.031459800924039	-0.0312193855606777	0.0167797116076602	0.00139317305602706	0.0209888803647614	0.00505374059721716	0.00353283849750024	0.0293101442527943	-0.0392635325209537	-0.0320738703994597	-0.0120581291089212	-0.00557668201049352	-0.0219592589985441	-0.00982746971577045
0.0527336981612382	0.0536566687450312	-0.0314555107860876	-0.0312947123364761	0.0167657627221361	0.0013717810395993	0.0209768984327493	0.00503518725233522	0.00355275250482589	0.0293040855330629	-0.0392218926180175	-0.0320633217730608	-0.0120554259448261	-0.00557657164875527	-0.0219091254327149	-0.00982027385103987
0.0527550161375125	0.0536690460235233	-0.0314462627518192	-0.0313386167505225	0.01677273087847	0.00137680459416563	0.0209790609640254	0.00503857912955631	0.00355706080356965	0.0293034093927931	-0.0392286037292902	-0.0320713963407453	-0.0120508270734044	-0.00557847713497009	-0.0219128861137195	-0.00982463802914477
0.0527504479997394	0.0536648802171505	-0.031444192421489	-0.0313664977577624	0.0167618371970161	0.00136975541275804	0.0209764150762755	0.00503287105281604	0.00357122342765014	0.0293159850430173	-0.0392231135820584	-0.0320668226150361	-0.0120370891324686	-0.00556804725221363	-0.0219179459898705	-0.00981970667552432
0.0527266825074473	0.0536531846668642	-0.0314719812277831	-0.0313316122726038	0.016730360352887	0.00134780041176681	0.0209582822235861	0.00501514053152687	0.00356375235706596	0.029353820958444	-0.0392146478588459	-0.0320393355572922	-0.0120424144355851	-0.00555575938069932	-0.0218852509756685	-0.00980802230111031
0.0527343784924601	0.0536720341723602	-0.0314882463128264	-0.0312710097084653	0.016730166172107	0.00136345361780567	0.0209577304148949	0.0050290055980093	0.00353237749277085	0.0293617181091569	-0.0392415300225055	-0.0320351711479033	-0.0120678213841106	-0.00556270378830478	-0.0218969116013541	-0.00981747010409476
