0.0525745886653171	0.0535280246768027	-0.0322040581350396	-0.031046304827488	0.016878718659725	0.00179245344310444	0.0208298141753452	0.00536884431467585	0.00345875364050312	0.0293697004758955	-0.0390872778400514	-0.0316555016226174	-0.0116867884024129	-0.00554955816859701	-0.0222792577480385	-0.0102921513071241
0.0525205044286554	0.0534926712019946	-0.0322428761302383	-0.0309857022633496	0.0168331057342119	0.00175678704387391	0.0208060612559094	0.00533925758993716	0.00346399093362581	0.0294362039005701	-0.0390760055759258	-0.0316185919076016	-0.0116764549115544	-0.00550936274714622	-0.0222810612544192	-0.0102585272985431
0.0525168108028842	0.0535073954136545	-0.0322640935236625	-0.0308923222629514	0.0168306414543857	0.00176909726713267	0.0208067709237958	0.00534908676956138	0.00343070359819574	0.0294388134667353	-0.0390976700042391	-0.0316134118908241	-0.0117037072759816	-0.0055249922044566	-0.0222789434266321	-0.010274179107598
0.0524919458841617	0.05351051487899	-0.0322964909802664	-0.0307738007409931	0.0168187852509362	0.00178323614248468	0.0208014861332162	0.00535982817975619	0.00339303112990035	0.0294815625749901	-0.0391366165219684	-0.0316066937946312	-0.011719877366111	-0.00551125566050478	-0.0223203486362515	-0.0102753064737089
0.0524495110973133	0.0534937175430319	-0.0323336284036789	-0.0306726702732051	0.0167925331270734	0.00176161082972417	0.0207865439920478	0.00534063920714131	0.00338079354981107	0.0295251149490613	-0.0391446519741001	-0.0315793464352902	-0.0117248059257634	-0.00549175376346752	-0.0223219244342356	-0.0102616830854634
0.0524641095804107	0.0535120264157088	-0.0323267859759076	-0.0306208337838452	0.0168151558864302	0.00178818984784959	0.0207947722279754	0.00536581006536604	0.00335574003824473	0.0295094044666772	-0.0391736840961795	-0.0315920394321727	-0.0117454337919276	-0.00551139815287568	-0.0223566786028956	-0.010278354692859
0.0524257092834365	0.0534797952002043	-0.0323510823221305	-0.0306015889318691	0.0167888255314619	0.00176085366438075	0.0207809141464131	0.00534180429182104	0.00338350090485822	0.0295179428330592	-0.039145923229566	-0.0315749626994089	-0.0117276641550856	-0.00548817469038661	-0.0223385960416312	-0.010251353785557
0.0524536657278139	0.0534915913333406	-0.0323233046917086	-0.0306179112932576	0.0168216993596195	0.00178606084419022	0.0207989911197413	0.00536359165472885	0.00338262359888835	0.0294800063347824	-0.0391653301316893	-0.0316052996045708	-0.0117250098854315	-0.00550852036577706	-0.0223665636618809	-0.0102662903387893
0.0524237632846848	0.0534550727738527	-0.0323142256925077	-0.0306640858063502	0.0168068619922533	0.00175490670337161	0.0207990400141823	0.00533896422329119	0.003423106799049	0.0294809940024905	-0.0391341229054776	-0.0315999980501828	-0.0116898016969623	-0.00548547152629155	-0.0223511367672547	-0.0102438673481485
0.0524682069345661	0.0534799586473356	-0.032287484624235	-0.0307182804047502	0.0168410238396852	0.00177398112329616	0.0208171756608398	0.00535642931761495	0.00341200636395888	0.0294308897733259	-0.0391282360147817	-0.0316182733952431	-0.0117097757746012	-0.00552422106927288	-0.0223241274780485	-0.01026927289969
0.0524775066572436	0.0534743944599503	-0.0322671878432855	-0.030803595616352	0.0168522905158747	0.00177545773541423	0.0208285540957515	0.00535906822044471	0.0034372652321774	0.0294125627398566	-0.0391194056787378	-0.0316358628211454	-0.0116828405255485	-0.00551496605008436	-0.0223311892323124	-0.0102620518892469
0.0524846284818206	0.0534591198365831	-0.0322371554806418	-0.0309232975898144	0.0168612228317526	0.00175785853062374	0.0208322784551714	0.00534560408837844	0.00347572420248082	0.0293910743315308	-0.0390851041329031	-0.031637659342606	-0.0116525175902268	-0.00551598026048902	-0.0223068565645047	-0.0102489397971558
0.052511500866592	0.0534656744856446	-0.0322067962237354	-0.0310228243199377	0.0168748182803176	0.0017605910313834	0.0208416047205454	0.00534797896122682	0.0034956004912377	0.0293511150003809	-0.0390634397045898	-0.0316542611008002	-0.0116348094206821	-0.00553045860295995	-0.0222836275140795	-0.0102526669505438
0.0525517381975637	0.0534889915460636	-0.0321808193057262	-0.0311028170223912	0.0168985823756257	0.00177867778359983	0.0208513766238244	0.00535786262322815	0.00350128202528143	0.0293230454002971	-0.0390696492985963	-0.0316761392676698	-0.011618063773133	-0.00554511715637054	-0.0222898818115749	-0.0102690689400219
0.0525374400660324	0.0534745816558101	-0.0321934857599122	-0.0311318002500296	0.01687071673521	0.00175161680598459	0.0208317811288573	0.00533111457003528	0.00351326954522962	0.0293543895309436	-0.0390417920400849	-0.031652730006305	-0.011604511631073	-0.00552854752880902	-0.022255766064616	-0.0102562767572733
0.0525708447481209	0.0535028007331849	-0.0321742520838084	-0.0311386063562162	0.0168967453416282	0.0017839933078281	0.0208432140461462	0.00535975833055476	0.00349890854941708	0.0293392238723306	-0.0390702122831598	-0.0316772610458447	-0.0116240805833436	-0.0055470883008347	-0.0222845215838577	-0.0102794666921457
0.0525399155217308	0.0534886800186253	-0.0322111939294569	-0.0310947019421699	0.0168547072982439	0.00175453929657212	0.020819839709382	0.00533245008676649	0.00349332620123937	0.0293906831760029	-0.0390497548490471	-0.0316344965707656	-0.0116522158416767	-0.00552479802367664	-0.0222434781931017	-0.0102635019586685
0.0525305752865166	0.0534969753097862	-0.0322328276241216	-0.0310226371240779	0.0168434671647509	0.00176504741043417	0.0208189260818274	0.00534260057271725	0.00346771389606165	0.0294135741562932	-0.0390775799769259	-0.0316289952476615	-0.0116684851176721	-0.0055191849418503	-0.0222609321115532	-0.0102682377345249
0.0525350889419125	0.0535106755321533	-0.0322397580618868	-0.0309589584011088	0.0168510206573928	0.00178040166189094	0.0208328051181501	0.00536307337365429	0.00343002745792597	0.0294306047885841	-0.0391103490312814	-0.0316310083016465	-0.0116983707969929	-0.0055296022517505	-0.0222839111018373	-0.01028173958516
0.052507423070213	0.0535048249630421	-0.0322785103988362	-0.0308545701665664	0.0168264393264281	0.00178194952019447	0.0208212772059473	0.00536450947323554	0.00341635377825544	0.0294506375395522	-0.0391200441004389	-0.03162096678045	-0.0117071717963722	-0.00552306995443344	-0.0222925109355165	-0.0102765707442547
0.0524664495286583	0.0534976696108484	-0.0323232837369482	-0.0307326218427863	0.0167975804303682	0.00177412361566706	0.0207982074117014	0.00535762234197525	0.00338302453330451	0.0295072740660338	-0.0391443208888854	-0.0315946392194497	-0.0117235807707704	-0.00549604948935502	-0.0223083834680478	-0.0102590721223142
0.0524547889029728	0.0534999341219585	-0.0323317927666655	-0.0306638161884327	0.0168097467642721	0.00179064853973967	0.0208045622920468	0.00537378963813658	0.00336387607322646	0.0295202003592492	-0.0391743770002576	-0.0315927993914842	-0.0117283570591637	-0.00550116105391515	-0.0223484755126805	-0.0102767677190027
0.05243157801334	0.0534794054416603	-0.0323414137956695	-0.0306333381878839	0.0168022938544802	0.00177573014729978	0.020801132696257	0.00536217930387608	0.00337084003860832	0.0295271419728866	-0.0391673683313868	-0.0315898363883598	-0.0117164533582572	-0.0054876927308968	-0.0223545426143161	-0.0102596560616381
0.0524364171660146	0.0534772932018093	-0.0323372228435842	-0.0306196253926605	0.01681102221069	0.00178242449476415	0.0208104421978226	0.00536777841586213	0.00336640321733394	0.0295095623258725	-0.0391698829026381	-0.0315961507561685	-0.0117178503422857	-0.00549735986037372	-0.022357191296034	-0.0102660598364246
0.0524335477608201	0.0534717862907691	-0.0323283128794507	-0.0306312790334259	0.016809695075863	0.0017720001999438	0.0208073939786725	0.00536008103386534	0.0033814822629371	0.0294952711792613	-0.0391554520576241	-0.031598729588685	-0.0117124496020317	-0.00549864229171184	-0.0223421122504309	-0.0102642800787723
0.0524478430983833	0.0534747492938935	-0.0322980807480908	-0.0306895821618536	0.0168337357740087	0.00177950060719259	0.0208178895196783	0.0053626417055895	0.00340192433022551	0.0294637230889467	-0.0391548806911565	-0.0316204876149282	-0.0116897947120422	-0.00550399413752486	-0.0223580364713712	-0.0102671508809508
0.0524441592515003	0.0534600683887384	-0.0322888229349342	-0.0307539733466772	0.0168277049939579	0.00176211514095844	0.020820821789154	0.00534755846903425	0.00342908589069079	0.0294416214046325	-0.0391177279009197	-0.0316126156099278	-0.0116761112534834	-0.00550854970244165	-0.0223177097334218	-0.0102576248468607
0.0524830037893955	0.0534816126764253	-0.032252481792418	-0.0308289662432928	0.0168646943370634	0.00178303357980055	0.0208361075883934	0.00536226312291779	0.00342919485544501	0.0294086497875929	-0.0391259337851028	-0.0316389711106087	-0.0116757340677958	-0.00552538335998456	-0.0223278155158836	-0.0102732738619475
0.0524919416932096	0.0534670365450724	-0.0322171017749133	-0.030962699524337	0.0168774767409237	0.00177060321591535	0.0208438608497513	0.00535644887539135	0.00347910350684565	0.0293688385367499	-0.0390867316192963	-0.0316531896140503	-0.0116399293671464	-0.00552674961036439	-0.022305645379352	-0.0102632630743996
0.0525307485125361	0.053477277834985	-0.0321911919121375	-0.0310514764623614	0.0168885897488701	0.00177489894180285	0.0208539903809417	0.00535893410997797	0.00348854013395788	0.0293388019831541	-0.0390694271781358	-0.0316648530337039	-0.0116446860977633	-0.00554514090509903	-0.0222722476821837	-0.010272758374841
0.0525526643979745	0.0534889566214629	-0.0321814800791717	-0.0311060705981935	0.0168912384305881	0.00178056510902227	0.020852191065513	0.00536290154461879	0.00349568151631135	0.0293323311531342	-0.0390677619731739	-0.0316773588347267	-0.0116418586020897	-0.00554311807222582	-0.0222716777127001	-0.0102672039663439
0.0525373925685755	0.053469817940273	-0.0321870065479882	-0.031135893413233	0.0168660424266508	0.00175496677368483	0.0208387073756704	0.00534166179945013	0.00351107628030494	0.0293715752284616	-0.0390491485579787	-0.0316531351316732	-0.0116278943497413	-0.0055286397297549	-0.022249040983503	-0.0102604816791989
0.0525628148839253	0.0534947932207338	-0.0321875569596955	-0.0311125945136064	0.0168728904423583	0.00177149309474147	0.0208413532634203	0.00535351660591562	0.00348390494095146	0.0293889285640631	-0.0390703519815626	-0.0316623803719736	-0.0116566303112066	-0.00554986550508327	-0.022251692459189	-0.0102786229137925
0.0525546271605345	0.0534950097532582	-0.0322122626222387	-0.0310805043934887	0.0168569019601526	0.00177063674353203	0.0208306621446505	0.00535071565293856	0.00347826531642858	0.0294053501113176	-0.0390763045305079	-0.0316475681503198	-0.0116593418572059	-0.005532572239795	-0.0222606177901468	-0.0102729972591099
0.0525117006353081	0.0534739432341091	-0.032238492394357	-0.0310130133011059	0.0168322591618906	0.00175247595116209	0.0208206373872623	0.00533443240710287	0.003478678823701	0.0294343067962595	-0.0390821495116829	-0.0316256522648814	-0.0116435279980037	-0.00550334733391968	-0.022277415126105	-0.0102548364667399
0.0525392309995569	0.0535075756245942	-0.0322456072340139	-0.030946009756149	0.0168595660086949	0.00178613069339164	0.020830688687347	0.00536118046029573	0.00342795573061177	0.029424710912968	-0.0391182322121539	-0.0316332364911719	-0.0116856680212221	-0.00553531731341092	-0.0222897602739644	-0.0102832078153739
0.0524710344302397	0.0534791651604074	-0.032295095393222	-0.0308386557245142	0.0168107707535649	0.00176554333976428	0.0208105260168643	0.00534718687128268	0.00343099417087366	0.029479739510833	-0.0391189265132161	-0.0316120260826678	-0.0116698890866207	-0.00549602434364251	-0.0223090735781579	-0.0102552695317888
0.0524555977567253	0.0534851861615701	-0.0323293745873123	-0.0307082025619689	0.0167941941410833	0.00176637873621329	0.020802755991698	0.00534701643923121	0.00338104640392022	0.0295192434251897	-0.0391481542130595	-0.031585083848695	-0.0117109855627698	-0.00549822878443942	-0.0223057124345854	-0.0102656770628008
0.0524521276483986	0.0534872145823794	-0.0323434394225108	-0.030638940093838	0.0167962672653815	0.00177493386640356	0.0207970060054369	0.00535563862465484	0.00336635571987697	0.0295259657123346	-0.0391717408913959	-0.0315843741808086	-0.0117190377787099	-0.0054955968665298	-0.0223352223252025	-0.0102671578658709
0.0524241991437017	0.0534700149150211	-0.0323434058948941	-0.0306169795049107	0.0167902658219952	0.00176591493751585	0.020796816015609	0.0053471337858896	0.00338308600060177	0.0295238087689947	-0.0391649347852093	-0.0315820160717685	-0.0116982618322387	-0.00548563916437497	-0.0223504773907933	-0.0102595247451394
0.0524257553839094	0.0534762873733088	-0.0323309643551367	-0.0306113775989565	0.0168103293066119	0.00177967523019614	0.0208067094564986	0.00535284745056599	0.00337702029595021	0.0295031920787027	-0.0391723192427837	-0.0315971789364134	-0.0117025841008227	-0.00549507998243928	-0.0223622204385365	-0.010260091920655
0.0524439664677044	0.0534812438726418	-0.0323141614312424	-0.0306500964082892	0.0168295238671629	0.0017852352266294	0.0208148846070331	0.00535963679294429	0.00338204385051654	0.029479448938155	-0.0391652840312164	-0.0316063934430651	-0.0117018520811918	-0.00550657436702542	-0.0223571074769923	-0.0102745143837648
0.0524522994774341	0.0534730812949635	-0.0322940714039292	-0.0307251801088667	0.0168361357925696	0.00177515039892797	0.0208184790469383	0.00535339646528917	0.00341147690701209	0.0294602669504603	-0.0391439646579581	-0.0316174617475226	-0.0116825890684234	-0.00550765144171136	-0.0223418454264814	-0.0102675224787024
0.0524615782453511	0.0534685913882961	-0.0322782212231423	-0.0307879186615847	0.0168447216564085	0.00177124163761635	0.0208274448904329	0.00535004649758893	0.00343427848032456	0.0294304301655805	-0.0391211854363901	-0.0316283219013598	-0.0116661800940251	-0.00551359421176841	-0.0223289903794516	-0.010263921053877
0.0524825483726023	0.0534668074396917	-0.0322499867789432	-0.0308817694456004	0.0168577122108891	0.00176375799417591	0.020830980657009	0.00534294283380423	0.00345234288079654	0.0294174703447485	-0.0391055350243193	-0.0316276024545851	-0.0116586210134472	-0.0055187532737855	-0.0223083778801117	-0.0102639168629249
0.0525145379098699	0.0534718407731462	-0.032208251881093	-0.0309975919944158	0.0168807163468857	0.00176941717647519	0.0208466981243131	0.00534746207713629	0.00348884747044414	0.0293587341512721	-0.0390833579028676	-0.0316552250197798	-0.0116338510896386	-0.00553419413825203	-0.022295923767498	-0.0102698582359979
0.0525505018666985	0.0534900350931329	-0.0321837096656811	-0.0310803605041338	0.0168934791929697	0.001780011903347	0.0208547000488281	0.00535776623133018	0.00349439070306905	0.0293333649213153	-0.0390725173068067	-0.0316698877641425	-0.0116390813978411	-0.00555187436811619	-0.0222786235172896	-0.0102781954366798
0.0525607110259785	0.0534929352319759	-0.0321764732884137	-0.0311293387641715	0.0168925795352554	0.0017787993212103	0.0208512299405014	0.00535633013174893	0.00350281172279259	0.0293389919729819	-0.0390652585777949	-0.0316730225963023	-0.0116325155729074	-0.00554680611006094	-0.0222748293086683	-0.010276144664126
0.0525426759621711	0.0534777611914588	-0.0321874004974843	-0.0311432611069991	0.0168717281516466	0.00175231529799882	0.0208445495628774	0.00533863034410838	0.00351910893846857	0.0293632017061951	-0.0390484919754853	-0.0316560548282927	-0.0116218062933452	-0.00553301228976396	-0.0222575933197252	-0.010262350843829
0.0525386330903927	0.0534821449273401	-0.0322052120438471	-0.0311037851323229	0.0168567552768296	0.00174746776342008	0.020839769083532	0.0053334028298739	0.00350129739210574	0.0293838575120398	-0.0390558652571875	-0.0316402717027392	-0.011640891889142	-0.00553432824871877	-0.0222374516040029	-0.0102655219975736
0.0525520106094492	0.0535043066819676	-0.0322102970657107	-0.0310477157813568	0.0168692163743635	0.00177707264895113	0.0208464410792519	0.00535612337811272	0.00347281009379746	0.0293851203856016	-0.0390909016166212	-0.0316547668090185	-0.01165954441989	-0.00554518002065182	-0.0222725103151811	-0.010282185223065
0.0525309720299807	0.0535026694166862	-0.0322428691453182	-0.0309804649702269	0.0168430592454146	0.00176010208697344	0.0208295152207631	0.00534183502546966	0.00345315732248513	0.0294357862023456	-0.0390934105999363	-0.0316260057018406	-0.0116788172115466	-0.00552976290491378	-0.0222640445919686	-0.0102817214243676
0.052485822903165	0.0534781956534917	-0.032274674280694	-0.0309082897903967	0.0168079013483705	0.00174009867266997	0.0208148091698955	0.00532437971003409	0.00346142886491762	0.0294622967682537	-0.0390920010430516	-0.0316066253424138	-0.0116624543376213	-0.00550830383325265	-0.0222671724392083	-0.0102554120241597
0.052501091938596	0.0535163752269894	-0.0322932904898573	-0.0307729024802628	0.0168206446366781	0.00178241331889192	0.0208165553999311	0.00535775365847392	0.00338454165795942	0.0294840478095767	-0.0391516774067792	-0.0316112940630369	-0.0117192026228252	-0.00552696474590478	-0.0223034688782357	-0.0102846229601947
0.0524587353828532	0.053495833973835	-0.0323250523187282	-0.0306941125810579	0.0168023162062247	0.00177112568794199	0.0208074135364489	0.00534644367577954	0.00338603922483793	0.0295207717257168	-0.0391619592092287	-0.0315951337517957	-0.0117041375470623	-0.00549951680371365	-0.0223418021199765	-0.010266965082075
0.0524479506661535	0.0534958227979628	-0.0323328642534154	-0.0306418206749047	0.0168070883036659	0.00177196387835906	0.0208051895378756	0.00534949468889769	0.00337136530460302	0.0295263708377029	-0.0391695476264712	-0.031593133270667	-0.011710943653249	-0.00550104789820884	-0.0223543749762326	-0.0102715136620717
0.0524341163333197	0.0534860341308754	-0.0323400824698904	-0.030617388821231	0.0168032228488592	0.00176742787121867	0.0208018381731913	0.00534073420205524	0.0033766417132785	0.0295204937258951	-0.0391598455723936	-0.0315898238155036	-0.0117080141777413	-0.00550214173670312	-0.0223463716547336	-0.0102668407504965
0.05242185779847	0.0534743120378926	-0.0323300786672626	-0.0306255793385898	0.0168064093694281	0.00176364064751752	0.0208053599699271	0.00533889158012171	0.00338850071069607	0.0295062905892778	-0.0391578213425364	-0.0315916440856927	-0.011694299985534	-0.00549718942832225	-0.0223490636429565	-0.0102595862124367
0.0524375487230776	0.0534844373781308	-0.0322991438529365	-0.030664516077431	0.0168337902563858	0.00177416831915597	0.0208225708131577	0.00535297317912855	0.00339397688808762	0.0294744840569179	-0.0391609729385046	-0.0316111124551132	-0.011689784933154	-0.00551668014948727	-0.0223567079395602	-0.0102750312678553
0.0524571386301087	0.0534788815726497	-0.0322844266261967	-0.030738647034901	0.0168454229423908	0.00177225584802101	0.0208294202258492	0.00534694798701382	0.00341569021084192	0.0294453248092919	-0.0391357280401263	-0.0316186352141065	-0.0116790910204161	-0.00552272769334646	-0.0223373415499737	-0.0102744850471002
0.0524836869145855	0.0534853356388611	-0.0322669755017132	-0.0307891675653061	0.0168526593196582	0.00177667590548705	0.0208315604053808	0.00535098806482411	0.0034230383468316	0.0294296730002371	-0.0391264576541135	-0.0316342870231613	-0.0116792083670745	-0.0055312716476645	-0.0223268418180158	-0.0102794080188165
0.0525157560799427	0.0534780433822326	-0.0322288937170975	-0.0309312631927446	0.0168764806913114	0.0017708365122481	0.0208419483786164	0.00534738384603069	0.00346109777970287	0.0294134400458264	-0.0391062125615731	-0.0316506093845498	-0.0116475638848619	-0.00553532290134703	-0.0223249922111621	-0.0102801288625752
0.0525360584488283	0.0534743176258287	-0.0322075855197114	-0.0310301179735503	0.0168778287808989	0.00175499611034943	0.0208437882065819	0.00533498561277814	0.00348823978239176	0.0293761866727396	-0.039067179430834	-0.0316523234839527	-0.0116367610073699	-0.00554197673627457	-0.0222753867052956	-0.0102750703834081
0.0525492278172645	0.0534782333720605	-0.0321946620204642	-0.0310907540653055	0.0168747484311162	0.00174675250759751	0.0208433453626448	0.00532792665248235	0.00350554422355225	0.0293601423111728	-0.0390480868501171	-0.0316554261854799	-0.0116327558541603	-0.00554675581863592	-0.0222447382726953	-0.0102727416110327
0.0525744643337386	0.0534971219931092	-0.0321730911900808	-0.0311369090206217	0.0169001637615459	0.00177411243979483	0.020857785986547	0.00535510777072403	0.00350049412628938	0.029349794850474	-0.0390730299999452	-0.0316773965532954	-0.0116284852739853	-0.00555511397407818	-0.0222790691551947	-0.0102859500950217
0.0525644046517497	0.0534938348896903	-0.0321856766191932	-0.0311386985571621	0.0168840467568096	0.00175770486238061	0.02084703340048	0.0053395048561102	0.00350397960144038	0.0293607681600175	-0.0390537194897198	-0.0316590471680817	-0.0116309677146039	-0.00554867806865908	-0.0222551094821226	-0.0102793800791359
0.0525530094530296	0.0534940625980869	-0.0322008939662151	-0.0311005622901693	0.0168685611888541	0.00175717261146576	0.0208466799635208	0.00533962080578456	0.00349081861490829	0.0293761056476659	-0.0390632147901612	-0.03164610131709	-0.0116408876981899	-0.00554478467417177	-0.0222492491341232	-0.0102803370131954
0.052546401718575	0.0535006200411165	-0.0322179176135859	-0.0310394665906688	0.0168637415939559	0.00176851332780878	0.020843156769801	0.00534740759475918	0.00346878817677953	0.0293896815384545	-0.0390893355975253	-0.0316447518305185	-0.011648992999523	-0.00553800371369764	-0.02227402883682	-0.0102758135789113
0.05252593310859	0.0534955741348057	-0.0322398390869604	-0.0309767196560466	0.0168500902660299	0.00176469676744303	0.0208353392471777	0.00534151232215909	0.00344890071215042	0.0294287132722096	-0.0391032551463849	-0.0316274906958629	-0.0116634266385051	-0.00552771632331208	-0.0222809969931539	-0.0102713152903396
0.0525066812716939	0.0534987858010871	-0.0322666905169714	-0.0308802788636421	0.0168367616414144	0.00177054593957018	0.0208265703784311	0.00534324877330646	0.00342942535780971	0.029447146476465	-0.0391186177797458	-0.0316248154714484	-0.011676040007298	-0.00552428113958611	-0.0222917104636682	-0.0102767313974179
0.0524843770246955	0.0535051811939694	-0.0323060938484781	-0.0307520441117339	0.016820738234608	0.00177477321324029	0.0208173419019391	0.00534595612835361	0.00338311533726637	0.029501732230393	-0.0391497956692929	-0.0316046514039816	-0.0117134763852926	-0.00551969623800471	-0.0223081809053637	-0.0102792767023178
0.0524475623045936	0.0534890194857442	-0.0323343254987091	-0.0306724509467126	0.0168013355234367	0.00176247835680584	0.0208029906850148	0.00533786339987676	0.0033753802367008	0.0295356607814921	-0.0391590953919703	-0.0315829492570995	-0.011713053099132	-0.00550065394871282	-0.0223225768257769	-0.0102671858055515
0.0524326313392975	0.0534802128984288	-0.0323362701004768	-0.0306270322019794	0.0168007990815698	0.00176171839749436	0.0207996379233465	0.00533806456557686	0.00337491085006724	0.0295295587552558	-0.039164280996684	-0.0315834409954776	-0.0117083368810519	-0.00550067630045727	-0.0223322774828705	-0.0102652188520394
0.0524392600285125	0.0534846287649427	-0.0323348046642309	-0.0306105016899707	0.0168146697359883	0.00177453851992351	0.0208057078189502	0.00534885067926057	0.00336964841123204	0.0295090300749576	-0.0391699234151749	-0.031595341902416	-0.011713152284998	-0.00550911268700512	-0.0223429490438639	-0.010270548346108
0.0524342336799781	0.0534728968930718	-0.0323261070416697	-0.0306366504370153	0.0168220709573711	0.00176705347949904	0.0208068952553743	0.00534567952551598	0.00339032656882126	0.0294924925780287	-0.0391605105367912	-0.0316037657161076	-0.0116870650052506	-0.00550318668075641	-0.0223501882150994	-0.0102641753049702
0.0524423948606723	0.0534723855969173	-0.0322999303549445	-0.030685821480849	0.0168350824666122	0.00176891146825689	0.0208180962733145	0.00534624111309542	0.00340771901997555	0.0294694730752078	-0.0391516788037633	-0.0316178668728908	-0.0116810048885351	-0.00550964354093594	-0.0223496713310088	-0.0102646866011246
0.0524568536453669	0.053470259387226	-0.0322834152097601	-0.0307580427611521	0.0168477084082613	0.00176931100568902	0.0208331362033649	0.00535066396452951	0.0034258658425052	0.0294327910685886	-0.0391317214899327	-0.0316283973384973	-0.0116713964323874	-0.0055197940268867	-0.0223287752439112	-0.0102650470230039
0.0524817269459935	0.0534791288388227	-0.0322612464702125	-0.0308191789731895	0.0168641998047173	0.00177183256186039	0.0208402398671496	0.00535175500905574	0.00342787330855409	0.0294150842960279	-0.0391230532040361	-0.0316347270731303	-0.0116822412194003	-0.00552882832259873	-0.0223112333154658	-0.010271332054148
0.0525097266968759	0.0534780713219132	-0.0322239260418923	-0.0309477531922165	0.0168808895729053	0.0017663493995487	0.020847474847433	0.0053464953641886	0.00347151928055516	0.0293721172582647	-0.0390928406304527	-0.0316502685204468	-0.0116527662533839	-0.00553905005473495	-0.0222958175967118	-0.0102702214518453
0.0525185402691114	0.0534670365450724	-0.0322029307689286	-0.0310582979353723	0.0168784155141909	0.00175372764885159	0.020849538192843	0.00533765105830444	0.00351412869040712	0.0293493701673293	-0.0390646033922855	-0.0316602080618093	-0.0116135766604336	-0.00553148818018891	-0.0222814160883625	-0.0102558869987293
0.0525382489197849	0.0534786762159975	-0.0321883853712243	-0.0311046610413088	0.0168836402344573	0.00175966762494059	0.0208556346311432	0.0053455579879055	0.00350971980881331	0.0293406026955667	-0.0390607868319198	-0.0316662486207484	-0.0116204442339175	-0.00554660354737682	-0.0222585781934653	-0.0102660402786482
0.052584301895267	0.0535112287378286	-0.0321699368001445	-0.0311352745493084	0.0169083919974735	0.00178725805950261	0.020864315489896	0.00536445359387441	0.00348511892007219	0.0293313798070109	-0.0390819008485259	-0.0316830040471857	-0.0116323940352969	-0.00556760580526064	-0.022277121759459	-0.0102892106557442
0.0525400244864851	0.0534771213727738	-0.0322054076216111	-0.0311199175038835	0.0168536986757754	0.00173819737740724	0.0208345443632656	0.00532688170842906	0.0035063321225443	0.0293797950824851	-0.0390466283987914	-0.0316420989578484	-0.011617573431739	-0.00553662489046156	-0.0222329533154313	-0.0102553910693992
0.0525806976764736	0.0535161181819282	-0.0322049452198977	-0.0310749080754707	0.0168772504295111	0.00178595607038809	0.0208469425965181	0.00536268221812632	0.00346408034060363	0.0293733284434174	-0.0390927917360117	-0.0316594285447214	-0.011664161452104	-0.00555878245413691	-0.0222681195943796	-0.0102839188802444
0.0525396361249252	0.0534922674736103	-0.0322397706347431	-0.0310098658960898	0.0168439449332887	0.0017619265481146	0.0208323231586603	0.00534113373948738	0.00346314017035248	0.0294188575498888	-0.0390906026620391	-0.031637413473417	-0.011665682767711	-0.00552076353380245	-0.0222773075583348	-0.0102518231721906
0.052520286499147	0.0534863959497387	-0.0322595896471548	-0.0309484363174065	0.0168325301767922	0.00175598796900963	0.0208243952742988	0.00533541867782696	0.00344843970742103	0.0294502016805353	-0.0390994246161788	-0.0316154123719528	-0.0116766728410629	-0.00552167297040498	-0.0222693210006441	-0.0102631261699648
0.0524972334687094	0.0534957305970169	-0.0322876718200948	-0.0308257559739954	0.0168190436929814	0.00177008353785676	0.0208207659097929	0.00534808373502895	0.00341675890362369	0.0294684546738511	-0.0391255174838623	-0.0316142361114009	-0.0116971107173992	-0.0055219048697537	-0.0222943186328493	-0.0102696389095055
0.0524856622500017	0.0535096850704771	-0.03231227410582	-0.03071414672901	0.0168175307592786	0.00178602731657354	0.0208131956533427	0.00535481859503014	0.00337530340257924	0.0295015645923095	-0.0391610944761151	-0.0316044167106648	-0.0117247081368814	-0.00552111557377762	-0.0223260734768001	-0.0102799584305237
0.0524302913910498	0.0534775153222698	-0.0323503894180524	-0.0306421349963111	0.0167810694761359	0.00174894018458607	0.0207900560098953	0.00532235827414492	0.00338770303281582	0.0295456366444393	-0.0391497900813568	-0.0315697994464397	-0.0117063182391308	-0.00549014164389868	-0.0223209381635115	-0.0102540583466361
0.0524409084696661	0.0534910604794098	-0.0323343632172779	-0.0306079815307834	0.0168085397700715	0.00177822096982252	0.0208024835798125	0.00534795102154625	0.00337031337562959	0.029514254795224	-0.0391737735031573	-0.0315925982257841	-0.0117153036404018	-0.00550936414413025	-0.0223509342045706	-0.0102694139950769
0.0524391273150298	0.0534888099381399	-0.0323337974387464	-0.0306089580226193	0.0168159675341508	0.00178158071641096	0.0208087714049246	0.0053537024047914	0.00337078974718329	0.029500850733471	-0.0391719560269363	-0.0315974862728997	-0.0117178447543496	-0.00550886542083209	-0.0223547046644634	-0.0102659871932551
0.0524173720827546	0.0534665406157423	-0.0323329774091217	-0.030634423644474	0.0168054105258477	0.00176255239695935	0.0207978120652213	0.00533648457664068	0.00340037647192198	0.0294980944839829	-0.039146906706322	-0.0315938052199847	-0.0116927954337353	-0.00549327088812242	-0.0223463744487017	-0.010244089468609
0.0524539367427155	0.0534812899731147	-0.0322918753450364	-0.0307017498927414	0.0168453726509658	0.00178539308582462	0.0208210774372312	0.00536632136152045	0.00340435228846696	0.0294561821691611	-0.0391522292154705	-0.0316247875317678	-0.0116948098847043	-0.00552297915047158	-0.0223521439927392	-0.0102733506960691
0.0524473038625483	0.053459949645096	-0.0322864829866866	-0.0307726216864731	0.0168413549248999	0.00176604206306244	0.0208210383216784	0.00534793146376985	0.00343763962389703	0.0294365182219765	-0.0391144715311493	-0.0316235078943977	-0.0116695915290226	-0.00551441284440909	-0.0223225893986332	-0.010254100256157
0.0524883346804481	0.0534755665295501	-0.0322477543984657	-0.030860247509658	0.0168719474781391	0.00177651804629183	0.0208295697031402	0.00535657460395391	0.0034439805344022	0.0294097561989434	-0.0391156631585256	-0.0316390940452032	-0.0116699561418541	-0.00553118363767071	-0.0223207411887635	-0.0102676076947281
0.0524995384923564	0.0534612222975459	-0.0322207255514831	-0.0309790414435019	0.0168708578305969	0.0017596927706531	0.0208311846166771	0.0053419397992718	0.00349588687296353	0.029369238074182	-0.0390733680700801	-0.0316476938788824	-0.011633919541856	-0.00553166978811261	-0.0222876550190336	-0.0102554874612972
0.0525464729647604	0.0534834804440713	-0.0321834470326837	-0.0310741299553668	0.016902526061538	0.00178718122538104	0.0208514311062015	0.00536567316093125	0.00350109063846953	0.0293272573071429	-0.0390771050023562	-0.0316803316167392	-0.0116313756339402	-0.00555199171477458	-0.0222927777594659	-0.0102739541931694
0.052531134080128	0.0534690579809616	-0.0321988976760385	-0.031103393976795	0.0168664224063065	0.00174689779393647	0.0208413225297716	0.00533209525282326	0.00351588190536283	0.0293547667166313	-0.0390404537293856	-0.0316485530240599	-0.0116336834515552	-0.00554115670664987	-0.0222360099164855	-0.010255430184952
0.0525676708004082	0.0534998055994279	-0.0321779177698991	-0.0311158969838496	0.0168959853823167	0.00177366680188975	0.0208627494708001	0.00535975833055476	0.00349412527610365	0.0293396262037308	-0.0390707263732822	-0.0316722095515978	-0.0116499191999339	-0.00556463442023211	-0.0222598229062346	-0.0102822606602026
0.0525405371796235	0.0534855912869383	-0.03220643719884	-0.0310958460720892	0.0168688070580431	0.00175073530906264	0.0208481775303993	0.00533868203251743	0.00349694299288904	0.0293739822319427	-0.0390580291854476	-0.0316477106426907	-0.0116450898261475	-0.00554489643289405	-0.0222390343869071	-0.0102664118763997
0.0525271456907267	0.0534805146469789	-0.0322281882401631	-0.0310540064004369	0.0168540968162235	0.00175124660521705	0.0208433691113733	0.00534493772699686	0.00348797714939441	0.029398544005131	-0.0390740358284457	-0.0316409408580888	-0.0116423433555476	-0.00553218108426703	-0.0222558233409611	-0.0102603126441315
0.052518617103233	0.0534854194579028	-0.0322503960952635	-0.0309632261873157	0.0168392203333044	0.00175297746842831	0.0208300572505662	0.00534356169772883	0.00345611334068934	0.029430650889057	-0.0390963107387794	-0.0316263800935602	-0.0116685745246499	-0.00552805858439906	-0.0222644413354327	-0.0102592299815094
0.0525464240703194	0.0535198201896036	-0.0322522945965582	-0.0309071442634933	0.0168602323700765	0.00178921104317439	0.0208390887523101	0.00536685361243529	0.00341885437966637	0.0294256231435386	-0.0391286746677667	-0.0316375769205483	-0.0117029724623826	-0.0055519288504933	-0.0222913290870284	-0.0102941867128535
0.0525057257346184	0.0535137670578083	-0.0322952057549603	-0.0307907992426514	0.016832274528715	0.00178809764690371	0.0208185069866189	0.00536444381498621	0.00339212588424991	0.0294781539339607	-0.0391464177619121	-0.0316189313747205	-0.0117183909751047	-0.00553035522614184	-0.0223143471928653	-0.010278648059505
0.0524514305533684	0.0534890655862171	-0.032330881933079	-0.0306953600877953	0.0168053602344227	0.00177003464341577	0.0208034167651435	0.00534693960510964	0.00338260124714389	0.0295289119516506	-0.0391566129513518	-0.0315914191712641	-0.0117082237253456	-0.00550241833954076	-0.0223308232224969	-0.0102620211555983
0.0524293037233417	0.0534840154889542	-0.032346593812447	-0.0306221343759757	0.016802478256372	0.00176292818566301	0.0207981431504361	0.0053392743537455	0.00336907983873246	0.0295367811626829	-0.0391613724759367	-0.0315780961345847	-0.0117214545610791	-0.00550407097164642	-0.0223270220289555	-0.0102612597993028
0.0524274750712484	0.0534826562234946	-0.0323357490254341	-0.0306117142721074	0.0168229119417562	0.00177562816746571	0.0208217284317885	0.00535818812050678	0.00337368848904234	0.0295132042632346	-0.0391792496805489	-0.0315998848944765	-0.0117072570123979	-0.0055116887255536	-0.0223584890941965	-0.0102714480038223
0.0524129967287775	0.0534640428082994	-0.0323369727834431	-0.0306250750273556	0.0168211070383915	0.00176309442676239	0.020831814656474	0.00535164464731749	0.00338956381554172	0.0295018775167319	-0.0391642013685943	-0.0315996334373514	-0.0116929910114993	-0.00550517877998099	-0.0223556001312256	-0.0102564890988456
0.0524198768751176	0.053455679064921	-0.0323162569072851	-0.0306628089629482	0.0168321669609448	0.00176047508170904	0.0208360796487128	0.00534752773538563	0.00340451294163024	0.0294787169185241	-0.0391534767222079	-0.0316086677330634	-0.0116810817226567	-0.00550860278783474	-0.0223504187174641	-0.0102537216734852
0.0524419170921346	0.0534586308921732	-0.0323005198822045	-0.030720922101548	0.0168380021632316	0.0017530556995339	0.02083102955145	0.00533811904795397	0.00341823830970982	0.0294575288617645	-0.0391295366069122	-0.0316088227982906	-0.0116815050088173	-0.00552123012646796	-0.022312173485717	-0.010261811607994
0.0524852040392404	0.0534818683245025	-0.0322624855950458	-0.0307925231209425	0.0168741589038561	0.00178894421922495	0.0208490590273212	0.00536694441639714	0.00342426489880859	0.0294065361507578	-0.039141257302911	-0.0316487513957919	-0.0116763948412412	-0.00553862816555836	-0.0223392274784121	-0.0102777120802059
0.0524817129761533	0.0534543714878704	-0.0322372323147633	-0.030911840923797	0.0168761440181606	0.00176372726052728	0.0208495465747472	0.00534818711184706	0.00346668431883267	0.0293979488899349	-0.0391029953073556	-0.0316436817407527	-0.0116428267120214	-0.00552620478659329	-0.0223138400876629	-0.010259700765127
0.0525091120239034	0.0534582341487091	-0.0322095426943353	-0.0310118244676977	0.0168841864552124	0.00175574349680465	0.0208514422820738	0.00534523249062687	0.00349260815144874	0.0293599690851532	-0.0390723776084039	-0.0316472398590731	-0.0116361924348703	-0.00554388920740953	-0.0222642234059243	-0.0102712384562181
0.0525425628064648	0.0534738929426841	-0.0321846749816447	-0.0310906688492797	0.0169002252288431	0.00177278809893585	0.0208591215032782	0.0053579632060782	0.00350569649481135	0.0293290915471723	-0.0390686322942236	-0.0316722388882624	-0.0116278873648211	-0.00555310790501332	-0.022269709362204	-0.0102744221828189
0.0525426801531232	0.0534728703503752	-0.0321917996001899	-0.0311185805901683	0.0168827294008707	0.00175372764885159	0.0208442184776626	0.00534185318626203	0.00350950187930487	0.0293509347894412	-0.0390536063340135	-0.0316541283873175	-0.0116281499978185	-0.00554507804081775	-0.0222454297797894	-0.0102617431557766
0.0525537624274209	0.0534878194764637	-0.0321879592910956	-0.0311247762143345	0.0168925823292234	0.00176355822545984	0.0208496234088687	0.00534985091982495	0.00350339566211649	0.0293510647089558	-0.0390636911617149	-0.0316601675492725	-0.0116365360929413	-0.00555185481033979	-0.0222531900260675	-0.0102734820125678
0.05255872451469	0.0535012081713925	-0.0322029126081362	-0.0310908686179958	0.0168831498930633	0.00176570399292755	0.0208415097256314	0.00535188492857038	0.00347914401938248	0.0293731705842221	-0.0390746882199869	-0.0316529479358134	-0.0116550880408392	-0.00555509581328581	-0.0222442493282854	-0.0102786452655369
0.0525485265312823	0.0535063658364255	-0.032221112516059	-0.031039822821596	0.0168789868806585	0.00178100934994332	0.0208428452423626	0.00536113296283876	0.00346219580914924	0.0293912252058059	-0.0390956373924777	-0.0316523723783937	-0.0116615756346674	-0.00554587013076188	-0.0222755920619478	-0.0102803048825627
0.0525131395288574	0.0534918330115775	-0.03224865405618	-0.0309710283431147	0.016853434645794	0.00176077683025918	0.0208334756704838	0.00534452142575638	0.0034472159494121	0.029437377367154	-0.0390974744264751	-0.0316244368887766	-0.0116724204216803	-0.00552736707730497	-0.0222719976220426	-0.0102683955937201
0.0525081969993647	0.0535062694445276	-0.0322699804143584	-0.0308759468161698	0.0168468604389561	0.00177718021672132	0.0208330258416266	0.00535708031217221	0.00342065928303114	0.0294396097476315	-0.039123829927156	-0.0316251325868228	-0.0116902152042347	-0.00553606469986614	-0.0222873113609626	-0.0102804012744607
0.052463095370006	0.0534876099288595	-0.0323117069303044	-0.0307606746790617	0.0168170921062937	0.00176439920984497	0.0208150368782922	0.00534409813959576	0.00339815526731673	0.0295043892940151	-0.0391425117945685	-0.0315977251571685	-0.0116984141034978	-0.00551015483709035	-0.0223069543533867	-0.0102657343391459
0.0524627572998711	0.0535026275071654	-0.0323279594424915	-0.0306572335996906	0.0168226996001839	0.00178377537831967	0.0208131341860454	0.00535714876438961	0.00336028861824138	0.0295112708373393	-0.039172823554018	-0.0315946657621462	-0.0117279882553802	-0.00552023826780775	-0.022334852124435	-0.0102779411855866
0.0524175997911513	0.053467997670084	-0.0323432326688746	-0.0306190638050811	0.0167994915045192	0.00175576165759702	0.0207973915730288	0.00533668993329286	0.00338312511615457	0.0295300840212505	-0.039158883050398	-0.031577819531747	-0.0117012178504429	-0.00549483131928221	-0.0223390165338238	-0.0102540765074285
0.0524482999121606	0.0534927075235793	-0.0323324479521749	-0.030607764998259	0.0168315550819403	0.00178648413035084	0.0208112384787188	0.0053592987228094	0.00336060573361584	0.029497461650218	-0.0391786755201132	-0.0315975002427399	-0.0117246983579932	-0.00551985409719993	-0.022350024767968	-0.010276685296945
0.0524273675034782	0.0534697634578959	-0.0323275640960114	-0.0306439636484043	0.0168288840484779	0.00177576646888452	0.0208114508202911	0.00535195617475583	0.0033980113779618	0.0294871463201518	-0.0391591512713315	-0.0316020711744811	-0.0116921877456829	-0.00550486725254264	-0.0223631564178355	-0.0102573845656079
0.0524128318846621	0.0534496175512216	-0.0323168869470819	-0.030672960845883	0.0168129179180167	0.00174600931209437	0.0208071970039245	0.00532646820115664	0.00342256896019804	0.0294818419717958	-0.0391275081861029	-0.0315889353336615	-0.0116843716200437	-0.00549953217053797	-0.0223239360912366	-0.0102453216085221
0.0524728030120198	0.0534882204108799	-0.0322694327966193	-0.0307500953190142	0.0168712350162846	0.00179480456722433	0.0208326123343542	0.00536699331083814	0.00342295033683781	0.0294178726761487	-0.0391490091672849	-0.031637169001212	-0.0116921709818746	-0.005538758085073	-0.0223495721451428	-0.0102812841683667
0.0524506412573923	0.0534543239904134	-0.032271925016126	-0.0308187934055976	0.0168461004796446	0.0017558343007665	0.0208199277193758	0.00533580145145076	0.00345745025440457	0.0294314290091609	-0.0391038251158685	-0.0316152307640291	-0.0116703892069029	-0.00551391412111093	-0.0223082772972616	-0.0102491535357122
0.0525022598172438	0.0534684363230689	-0.0322271684418223	-0.0309300296558475	0.0168784965392645	0.00176406812463023	0.0208369904822994	0.00534711981604932	0.00347185315973796	0.0293767873758718	-0.0390905397977578	-0.0316372388504134	-0.0116664469179746	-0.00554405824247697	-0.0222856265982242	-0.010264903133649
0.0525607794781958	0.0534920425591818	-0.0321823951037103	-0.0310479993691146	0.0169163184848509	0.00179013305263317	0.0208610437533014	0.00537010020331743	0.00348555757305712	0.0293238612389697	-0.0390906264107676	-0.0316797714261438	-0.011646685181908	-0.00556537901271928	-0.0223035946067982	-0.0102833852323455
0.0525563161142249	0.0534751069218048	-0.0321871043368702	-0.0311097055506355	0.016894621925905	0.00176624602273059	0.0208498301625049	0.00534505088270317	0.00350941386931108	0.0293334347705167	-0.0390570024021867	-0.0316646546619719	-0.011618358536763	-0.00555310092009317	-0.0222698141360061	-0.0102702801251745
0.0525740787661468	0.0534860746434122	-0.0321894135514693	-0.0311170886112259	0.0168870376996145	0.00176255099997532	0.0208423353431923	0.00534137821169236	0.00349288894523846	0.0293444695473575	-0.0390566294074511	-0.0316535304781533	-0.0116332294317459	-0.00556119923650614	-0.0222403391699897	-0.010279384270088
0.0525748834289471	0.0534978093092512	-0.0321923639817374	-0.0311038563785084	0.0168849366356357	0.0017698153169233	0.0208434305786706	0.00534611678151688	0.0034833671021005	0.0293687658935804	-0.0390697945849353	-0.0316596772078785	-0.0116445394144403	-0.00556428377724097	-0.0222548454521412	-0.0102797642497437
0.0525274879518137	0.0534718044515615	-0.032233188046001	-0.0310689750843018	0.0168440455161387	0.00173334984282849	0.020823080712328	0.00531763088019262	0.00349328149775046	0.0294295752113551	-0.0390523476514039	-0.0316223148700374	-0.0116482595829081	-0.00552971540745681	-0.0222313858993513	-0.0102540695225083
0.052549741907387	0.0535116045265322	-0.0322314753435821	-0.0309900371047899	0.0168655171606561	0.00177513922305575	0.0208399702492321	0.00535202183300517	0.00344606623155668	0.0294144346984547	-0.0390979312402524	-0.031632605054391	-0.0116974641543584	-0.00555393072860608	-0.0222630219996598	-0.0102880302042401
0.0525398191298329	0.0535097060252376	-0.0322473213334169	-0.0309460474747178	0.0168598859180374	0.00177623585551808	0.0208391446316713	0.00535577832305769	0.00343661284063611	0.0294249414153327	-0.0391167723638442	-0.0316306590556394	-0.011693417091628	-0.00554112178204916	-0.0222871157831986	-0.0102796692548298
0.052495443932169	0.0535008030460242	-0.0322950716444935	-0.0308268973099467	0.0168239596797776	0.00176639410303761	0.0208241843297105	0.00534412607927633	0.00341995380609677	0.029454751657516	-0.0391187463022764	-0.0316079790199374	-0.0117033482510863	-0.00552550489759504	-0.0222826077157387	-0.0102694614925339
0.0524750577442417	0.0535013380909071	-0.0323219174865684	-0.0307116531125192	0.0168117989338099	0.00177432757533521	0.0208113977348981	0.00534551049044853	0.00338349671390613	0.0294974197406971	-0.0391523870746657	-0.0315908813324131	-0.0117203816773452	-0.00551797375669763	-0.0223118675462148	-0.0102732850378197
0.0524646432283095	0.0535024570751139	-0.0323387693049037	-0.0306417578106234	0.0168158907000292	0.00178221913811196	0.0208082922394028	0.00535633013174893	0.00336311331994692	0.0295091334517757	-0.0391727704686249	-0.0315867448627049	-0.0117286504258097	-0.00551732415912439	-0.0223444326409021	-0.010271629611746
0.0524356390459107	0.0534834664742311	-0.0323398785102223	-0.0306247844546776	0.01681357450051	0.00178034997348189	0.0208065124817505	0.00535394687699638	0.00338140542881554	0.0295060572929451	-0.0391714880372868	-0.0315883011029126	-0.0117057538575833	-0.00550609520150366	-0.0223619480266509	-0.0102627028838042
0.0523992504059375	0.053456264401229	-0.0323606209290768	-0.0305993928729764	0.0167851654333073	0.00174174851080757	0.0207922744205325	0.00532162625451401	0.00339258130104319	0.0295191330634514	-0.0391390333043377	-0.0315593779455874	-0.0117010376395032	-0.0054923712304081	-0.0223132435754828	-0.0102429662934502
0.0524348483529506	0.0534792112608804	-0.0323146964761253	-0.0306341135140197	0.016841014060797	0.00178572836199145	0.0208229102802766	0.00536111340506237	0.00338955543363755	0.0294665533785884	-0.0391737315936365	-0.0316087389792489	-0.0116917700474584	-0.00551855350506943	-0.022370248905748	-0.0102690815128781
0.0524424116244807	0.0534760680468164	-0.0323017017306926	-0.0306873022839191	0.016842832934002	0.00176997876405463	0.0208229857174141	0.00534804601646018	0.0034027289930259	0.0294542459492977	-0.0391441742055624	-0.0316049531525318	-0.0116999424040249	-0.00552549651569086	-0.0223328013518812	-0.0102629264012487
0.0524734470216569	0.0534863163216491	-0.0322754719585743	-0.0307638458328063	0.0168663581450412	0.00179055354482574	0.0208337033788804	0.00536495511114062	0.0034239072708973	0.0294064243920355	-0.0391370328232089	-0.0316306464827831	-0.011683748565167	-0.00554057276732597	-0.0223398756790013	-0.0102744710772599
0.052453327657679	0.053453814091243	-0.0322645447495037	-0.0308596705552543	0.0168548218509342	0.00175767133476392	0.0208289843668323	0.00533864431394867	0.00346782565478392	0.0294217995982527	-0.0391000434801034	-0.0316236531807367	-0.011650760184319	-0.0055145804824925	-0.0223183537430589	-0.0102452824929693
0.0525167479386029	0.053484198493862	-0.0322169495036542	-0.0309602003199101	0.0168929623088792	0.00177801980412242	0.0208513444931918	0.00535445537918274	0.00347234908906806	0.0293510870607003	-0.0390885910050381	-0.0316506010026456	-0.0116665991892337	-0.00555878385112094	-0.0222879022852066	-0.0102715374108001
0.0525121714189257	0.0534665909071673	-0.0322000683486543	-0.0310662537594144	0.0168850553792781	0.00175956285113845	0.0208491596101713	0.00534122873440131	0.00352090266596111	0.0293373910292853	-0.0390577400097537	-0.0316575021037462	-0.0116228959408874	-0.00554094157110949	-0.0222741950779194	-0.0102524657848437
0.0525514671826622	0.0534966106969548	-0.0321791010153712	-0.0311082289385174	0.0169108953928525	0.0017885097571921	0.020861320356139	0.00536664406483103	0.00350143569352456	0.0293218803156174	-0.0390705014588537	-0.0316766114482714	-0.0116470344279151	-0.00556751639828282	-0.022271623230323	-0.0102781465422388
0.0525639827625731	0.0535032924715629	-0.0321788788949107	-0.0311266928764216	0.0169041437690429	0.0017847979706285	0.0208567592032861	0.00536143471138891	0.00349676278194937	0.0293312219478156	-0.0390663230796246	-0.0316671580573509	-0.0116598210227276	-0.00556729427782229	-0.0222587947259897	-0.0102774326834002
0.0525510774241182	0.0534970926564446	-0.0321908678118429	-0.0311188781477664	0.0168879750758976	0.00177826287934338	0.0208472736817329	0.00535628542826002	0.00349731319365659	0.0293590191360139	-0.0390692371883079	-0.0316559011600496	-0.0116518051283723	-0.00555485273806486	-0.022266715625431	-0.0102660416756322
0.0525403569686838	0.053497503369749	-0.0322229118314876	-0.0310582965383883	0.0168661681552134	0.00177078342685502	0.0208336251477748	0.00534905184496067	0.00347771909567345	0.0293842849891525	-0.0390719110157384	-0.031631864652856	-0.011670393397855	-0.00554947993749141	-0.0222483341095846	-0.0102663015146615
0.0525314511955024	0.0535088259252996	-0.0322397524739507	-0.0309718497697234	0.0168551166145643	0.00177620512186946	0.0208285415228953	0.00535677576965401	0.00344572397046971	0.0294138018646898	-0.0390969547484165	-0.0316254594810855	-0.0116948336334328	-0.0055483944809013	-0.0222655323799589	-0.0102736650174755
0.0525144792365407	0.0535060920275559	-0.0322638769911381	-0.0309052709079112	0.0168419668039044	0.00177568404682684	0.0208199291163598	0.00535553943878882	0.00343547988658904	0.0294315198131227	-0.0391088305096424	-0.0316179115763797	-0.0116990427463106	-0.0055416735907404	-0.0222771175685069	-0.010266966479059
0.0524836352261764	0.0535070992530405	-0.0323023652981061	-0.0307849277187798	0.0168188564971216	0.00177716065894492	0.0208117721266177	0.00535875948697442	0.00340394297214663	0.0294766270304176	-0.0391308455809469	-0.0316016604611767	-0.0117199178786478	-0.00552951284477268	-0.0222972774450216	-0.0102713460239882
0.0524697883204863	0.0535141065249272	-0.0323309643551367	-0.0306770693759107	0.0168141961584027	0.00178492789014314	0.0208053683518312	0.00536270456987078	0.00336839252259046	0.0295045778868589	-0.0391604281147335	-0.0315912333723883	-0.0117435995518982	-0.00552469604384256	-0.0223216520223501	-0.0102744193888509
0.0524297242155342	0.0534912085597168	-0.0323491013987781	-0.0306278382617638	0.0167987636758403	0.00177112708492602	0.0207965072821387	0.00535297178214452	0.00337864219440725	0.0295223153930682	-0.0391620695709669	-0.0315806707761491	-0.011723805685199	-0.00549866604044032	-0.0223431194759154	-0.0102559889785634
0.0524117827496568	0.0534899861986919	-0.0323522460098262	-0.0305960470962283	0.0167964460793371	0.00176652961048837	0.0207973636333482	0.00535224115949764	0.00338019144969481	0.0295120405755389	-0.0391588439348452	-0.0315801497011065	-0.0117218988020001	-0.00550136361659927	-0.0223423301799393	-0.0102537021157088
0.0524348721016791	0.0535048501087547	-0.0323353257392735	-0.0305980364014848	0.0168238046145504	0.00178843432005457	0.0208092547613984	0.0053689155608613	0.0033687920600226	0.0294819327757576	-0.0391752948187643	-0.0315984781315599	-0.0117333875986502	-0.00551906619820788	-0.0223564117789461	-0.010264855636192
0.0523997239835231	0.0534672209469641	-0.0323324088366221	-0.0306427957697565	0.0168067837611477	0.00175851651010114	0.0207989170795878	0.00534136703582013	0.00341388670446118	0.0294878001086772	-0.0391385150232631	-0.0315908003073395	-0.0116909304600573	-0.00549656916741361	-0.0223446435854904	-0.0102375529803399
0.0524258140572386	0.0534624879650757	-0.0323018484140156	-0.0307146286884998	0.0168323150412518	0.00176549584230731	0.0208130713217641	0.00534823460930402	0.0034328465716954	0.0294568261787982	-0.0391319603742016	-0.0316082737835674	-0.0116806207179273	-0.00551167335872928	-0.0223417322707751	-0.0102463539797192
0.0524600373719677	0.0534724596370709	-0.0322781304191804	-0.0307682700812245	0.0168503556929953	0.00177797090968143	0.0208230206420148	0.00536003912434448	0.00343515159534235	0.0294213567543157	-0.0391246262080522	-0.0316265994200527	-0.011688508089752	-0.00552939549811429	-0.0223274467121001	-0.0102574152992565
0.05246869029104	0.0534487025266829	-0.0322543453691119	-0.0308863292014693	0.0168518784055863	0.00175054811320282	0.0208228893255161	0.00533858424363545	0.00347384525896254	0.0294158163156588	-0.0390962143468814	-0.031622930939994	-0.011652183711044	-0.00550619159340162	-0.0223094060603566	-0.010243353258026
0.0525333035963242	0.0534843032676641	-0.0322051994709908	-0.0309971547384149	0.0168984762048395	0.00178371251403838	0.0208458613308801	0.00536486430717877	0.00348689308978833	0.0293381160639961	-0.0390921295655822	-0.0316683552726633	-0.0116547150461036	-0.00554446336784522	-0.0223120715058829	-0.0102614414072265
0.0525371075838336	0.0534752550021118	-0.0321928794688439	-0.0310879433334402	0.0168873268753084	0.00177021625133946	0.0208447926380983	0.00535503373057052	0.00351528399619865	0.0293307888827668	-0.0390550885340677	-0.0316599691775404	-0.0116385281921659	-0.00554519678446016	-0.0222791655470926	-0.0102570339226167
0.0525412454505259	0.0534856290055071	-0.0321967211749221	-0.0311041679059467	0.0168789030616168	0.00176324530103747	0.0208386039988523	0.00534656521339002	0.0035087377290413	0.0293397994297504	-0.039045630952195	-0.0316472258892329	-0.0116547527646724	-0.00555129601672841	-0.0222449422323635	-0.0102579922536602
0.0525628931150309	0.0535082601467681	-0.0321815778680537	-0.0311126503929675	0.0168937334440629	0.00178424476495323	0.0208486734597294	0.00536465895052659	0.0034999646693426	0.0293354743671983	-0.0390629423782757	-0.0316639785217021	-0.0116637269900712	-0.00556634991661906	-0.0222704343969148	-0.010276242453008
0.0525529410008122	0.0535054158872862	-0.0322039128487006	-0.0310807376898214	0.0168792886292086	0.00177710897053587	0.0208407106507672	0.00535533268515261	0.00348748680800042	0.029362804962731	-0.0390662336726467	-0.0316474438187413	-0.0116800717032041	-0.00556130401030827	-0.0222503457665856	-0.010271040084486
0.0525138114781751	0.0534854194579028	-0.0322384379119799	-0.0310181891269313	0.0168419695978724	0.00175232926783911	0.0208210718492951	0.00533754907847036	0.00348362833811382	0.0294026218015101	-0.0390647500756085	-0.0316198757359237	-0.0116680604345274	-0.00553237247107893	-0.0222459117392792	-0.0102508033738498
0.0525604511869492	0.0535351660591562	-0.0322224647965985	-0.0309599265110405	0.0168876705333794	0.00181526339832108	0.0208461644764143	0.00538924028149131	0.00342774059507139	0.0293956396753358	-0.0391362169845363	-0.0316541269903334	-0.0117107830000857	-0.00556767425747803	-0.0223129306510604	-0.0102932130149857
0.0524796580126474	0.0534816643648344	-0.0322846166160246	-0.0308821340584319	0.0168174944376939	0.00176048765456529	0.0208099630323008	0.00534398638087349	0.003451531233076	0.0294537178893349	-0.0390926450526887	-0.0316026425409487	-0.0116888475568709	-0.00551905083138356	-0.0222811380885408	-0.010247428260437
0.0524577030116562	0.0534882078380236	-0.0323216366927787	-0.0307356686649524	0.0167984004599929	0.00176466184284232	0.0208023802029944	0.00534719944413893	0.0033955568770238	0.029502126179889	-0.0391319450073773	-0.0315793799629068	-0.0117303156307716	-0.00551664243091851	-0.022284831714312	-0.0102558157525439
0.0524512964429017	0.0534978051182991	-0.0323342346947473	-0.0306452027732376	0.0168097188245915	0.00178782663200219	0.0208035061721213	0.0053619152738947	0.0033701960289712	0.0295127516404094	-0.0391698004805804	-0.0315856747729391	-0.0117381080076823	-0.00552061265952738	-0.0223345783155654	-0.0102668044289117
0.0524182982831655	0.0534822413192381	-0.0323462892699288	-0.0305916326266983	0.0167992065197774	0.00177257575736353	0.0207954749109417	0.00535193941094749	0.00337615695982062	0.0295191372544035	-0.0391659182619653	-0.0315793338624339	-0.0117331976088223	-0.00550740976347443	-0.0223397485534547	-0.01025150046888
0.0524283900957871	0.0534928919254711	-0.0323436629399553	-0.0305848265205117	0.0168194460243816	0.00178693675317606	0.0208020351479393	0.00536355114219202	0.00336680275476607	0.0294999706335331	-0.0391745795629417	-0.0315863858378095	-0.0117411436539762	-0.00552110020695331	-0.02234148081365	-0.0102668449414486
0.0524135094219159	0.0534736303096867	-0.0323294863460346	-0.0306238470783945	0.01682407842342	0.00178334371025487	0.0208037618201985	0.00535993574752638	0.00340163236056356	0.0294867886922406	-0.0391647392074453	-0.0315988525232795	-0.0117042800394332	-0.00550587308104313	-0.0223688561126716	-0.0102507460975046
0.0524388325513998	0.0534864141105311	-0.032307024239841	-0.0306504694030248	0.0168391868056878	0.00178741033076171	0.0208086331035057	0.00536507525176707	0.00339510425419858	0.0294596969809767	-0.0391553081682692	-0.03160761580409	-0.0117208664308031	-0.00552717569049307	-0.0223482939047568	-0.0102635997475505
0.0524331538113241	0.0534613117045238	-0.0322966097239089	-0.0307322334812264	0.0168323010714115	0.00176427487826644	0.0208040719506528	0.00534710305224097	0.00343991810484744	0.0294419706506396	-0.0391189432770244	-0.031609382988886	-0.0116819757924349	-0.00551613532571617	-0.0223223449264282	-0.0102464797082817
0.0524687447734171	0.0534760708407844	-0.0322691324450532	-0.0307897598865342	0.0168559338502209	0.001784577247152	0.0208181158310909	0.00536277861002429	0.00343988038627868	0.0294084723706212	-0.0391210597078275	-0.0316310124925986	-0.0116873779296729	-0.00553175221017029	-0.0223267859386547	-0.0102576932990781
0.0525080321552494	0.0534793272105547	-0.0322206808479942	-0.0309272748033434	0.0168918014151515	0.00179107461986835	0.0208374878086135	0.00537090766008588	0.0034725963552411	0.0293619290537452	-0.0391042581809173	-0.0316570145563203	-0.0116647649492043	-0.00554704778829786	-0.0223268152753193	-0.0102652998771131
0.0525088424059859	0.0534600655947704	-0.0322076665447851	-0.0310302660538573	0.0168842968169507	0.00176472750109166	0.0208395944605284	0.00535321066641339	0.00351024228083995	0.0293424439205162	-0.0390608902087379	-0.0316527844886821	-0.011642854651702	-0.00554239303751505	-0.022276093579214	-0.0102504750826031
0.0525370992019295	0.0534709103817833	-0.0321909656007249	-0.0310786980931399	0.0168872290864264	0.00176801739847867	0.0208441137038605	0.00535006326139727	0.00351409097183835	0.0293255501926601	-0.0390553204334164	-0.0316591281931553	-0.0116474325683633	-0.00555575518974724	-0.0222523965391393	-0.0102573775806877
0.0525613899602163	0.0534879144713777	-0.0321897194909715	-0.0310985520301523	0.0168852118414893	0.00177140927569977	0.0208376037582879	0.00535209168220659	0.00350355771226379	0.0293344182472728	-0.0390584329138318	-0.0316556469089564	-0.0116593069326051	-0.00555989585040759	-0.0222459201211834	-0.0102661227007059
0.052551803855813	0.0534836927856437	-0.0321943658598502	-0.0310925366169258	0.0168680037922268	0.00176598059576518	0.0208241508020938	0.00534315377839252	0.0035124341487806	0.0293529729891387	-0.0390542726953951	-0.0316503691032969	-0.0116515704350555	-0.00554523031207685	-0.022254098065686	-0.010259749659568
0.052550771484616	0.0534958702954197	-0.0322142631033675	-0.0310516371155247	0.0168607352843267	0.00177116200952673	0.0208148482854483	0.00534028856415016	0.00348305976561424	0.0293761475571868	-0.0390623235143511	-0.0316368281371091	-0.0116745298675632	-0.00554659795944071	-0.0222437310472108	-0.0102629725017217
0.0525387364672108	0.0535033259991796	-0.032232109574331	-0.0309843457918579	0.0168567915984144	0.00178083053598768	0.0208167607565833	0.00535415921856871	0.00346282165799399	0.0293949802988744	-0.0390862496598065	-0.0316352285903965	-0.011686006091357	-0.00554370201154972	-0.0222700935328118	-0.0102706712807025
0.0525390857132179	0.0535128171086689	-0.0322426903313625	-0.0309393601121736	0.016864136940436	0.00179568606414629	0.0208220050346261	0.00536865711881603	0.00343818165370007	0.0294161837224583	-0.0391152259025247	-0.0316367345391792	-0.0117046781798814	-0.00554357628298716	-0.0223005449906641	-0.0102739430172972
0.0524728519064608	0.0534795521249833	-0.0322959824780801	-0.0308353406814147	0.0168121411948968	0.00176351631593899	0.0207996477022347	0.00534357287360106	0.00344246760069938	0.0294631838531117	-0.0391012169466873	-0.0315973787051295	-0.0116993193491482	-0.00551170828333	-0.0222882124156609	-0.0102477747124761
0.0524719522487464	0.053502166502436	-0.0323157023046258	-0.0307123669713577	0.0168201375314757	0.00179044458007152	0.020799709169532	0.00536386266963037	0.00338678381732509	0.029491229704467	-0.0391550678870163	-0.0315971831273655	-0.0117377922892919	-0.00551710064167984	-0.0223232878906474	-0.0102677851116997
0.0524220254365534	0.0534728256468863	-0.0323521510149122	-0.0306289879796193	0.0167842252630562	0.00175906971577641	0.0207819018141212	0.00533747224434879	0.00338761781679008	0.0295312016084733	-0.0391433038845127	-0.0315619497931838	-0.0117358407026041	-0.00549315493844806	-0.0223167765480908	-0.0102441746846348
0.0524251183591924	0.0534789360550268	-0.032342173754981	-0.0305960778298769	0.01680640657546	0.00177921701943481	0.0207941813037314	0.00535442324855009	0.00338011601255727	0.0295090147081333	-0.039166049578464	-0.0315801804347551	-0.0117306467159863	-0.00550246723398175	-0.0223544308555938	-0.0102553868784472
0.0524254117258384	0.0534775306890942	-0.0323516704524065	-0.0305690070733734	0.0168062529072169	0.00177188844122153	0.020791367777898	0.00534597708311404	0.00336659600112986	0.0295018649438757	-0.039154021545979	-0.0315737850418729	-0.0117448149280029	-0.00551328268433007	-0.0223237167647441	-0.0102565910786797
0.0524439455129439	0.0534832122231379	-0.0323275263774426	-0.0306072020136955	0.0168362978427169	0.00178997519343796	0.0208040007044674	0.00536021933528415	0.00338146410214473	0.0294638264657648	-0.039165461448188	-0.0316058332524697	-0.0117107019750121	-0.00552369440629415	-0.0223574637079196	-0.0102650581988762
0.0524680406934667	0.0534912588511418	-0.0322938422985485	-0.0306780793953633	0.0168620917558183	0.0018011063621767	0.0208157353703064	0.00537421152731318	0.00339956901515353	0.0294315952502603	-0.0391607675818524	-0.0316299731364814	-0.01169950375104	-0.00553786541227882	-0.0223703830162147	-0.0102731942338579
0.052445276838723	0.0534613871416613	-0.0322934050425476	-0.0307502406053532	0.0168392608458413	0.00176942416139533	0.0208082154052812	0.00535144767256947	0.00344772724556652	0.0294217060003228	-0.0391142633805291	-0.0316179576768527	-0.0116771841372173	-0.00552039612700297	-0.0223268739486484	-0.0102441243932097
0.0524653193685793	0.0534668563341327	-0.0322644441666537	-0.0308126983642815	0.0168535589773725	0.00176818783053015	0.0208151598128867	0.00535123952194923	0.00345339760373802	0.0294074162506957	-0.0391032509554328	-0.0316180093652617	-0.011691406831611	-0.00553193661206206	-0.0223015340553563	-0.0102578553492254
0.05252622787222	0.0534922702675784	-0.0322118505119503	-0.0309365046768194	0.0168949097046148	0.00178937728427378	0.0208356563625522	0.00536789157156844	0.00347785041217213	0.0293412103836191	-0.0390957407692958	-0.0316548450401241	-0.0116798733314721	-0.00556220087405454	-0.0223089101310265	-0.0102754685238562
0.0525385758140476	0.0534746221683469	-0.0321973791543995	-0.0310612399837363	0.0168927290125464	0.00177219857167584	0.0208443162665446	0.00536231341434281	0.00351921091830264	0.0293392755607397	-0.039064282085959	-0.0316649158979852	-0.0116411950346762	-0.00555237867935046	-0.0222980597560775	-0.0102637911343624
0.0525567324154654	0.0534807088277589	-0.0321944664427002	-0.031107076426694	0.0168894726427761	0.001772697294974	0.0208469160538216	0.0053648461463864	0.00351635687993251	0.0293367120950475	-0.039053680374167	-0.0316675464189108	-0.011647468889948	-0.00555842901717771	-0.0222716330092112	-0.0102641417773535
0.0525434331275145	0.0534692423828533	-0.0321965451549345	-0.0311179170227548	0.0168683278925214	0.00175128432378582	0.0208338626350597	0.00534376845136504	0.00352259301663554	0.029355979298768	-0.0390405375484273	-0.0316453958401556	-0.0116418809538342	-0.00554488386003779	-0.0222495271339449	-0.0102518036144142
0.0525926544627731	0.0535169661512335	-0.0321849194538497	-0.0310913827081183	0.0169031323526063	0.00179380013570787	0.0208485952286238	0.0053723814782359	0.00347675238272576	0.0293344350110811	-0.0390798738247006	-0.0316649731743304	-0.0116853075993428	-0.00557883336589735	-0.0222626671657166	-0.0102907599110317
0.0525754813381113	0.0535123323552111	-0.032219884567098	-0.0310540622797981	0.0168813994720756	0.00178141028435949	0.0208339925545743	0.00535923166757603	0.00347115746169179	0.0293587914276172	-0.0390718118298724	-0.031645467086341	-0.0116897625814095	-0.00555941668488583	-0.022255029854033	-0.0102783616777792
